670800,'101_merged_15726436',713,,212981,18,,,0,791,,212982,12,,,0,52,,212980,18,,,0
670800,'1_merged_15726439',532,,213024,17,,,0,20,,213020,18,,,0,58,,212994,18,,,0,18,,212999,17,,,0,16,,213022,17,,,0,56,,212989,17,,,0,23,,213021,18,,,0,12,,213028,18,,,0,15,,213023,17,,,0,55,,213001,18,,,0,17,,212984,18,,,0,18,,213000,18,,,0,18,,212986,18,,,0,69,,212991,18,,,0,29,,212992,18,,,0,70,,213004,18,,,0,30,,212987,18,,,0,70,,213005,18,,,0,30,,213010,18,,,0,70,,213006,18,,,0,30,,212993,18,,,0,70,,213007,18,,,0,32,,213017,18,,,0,70,,213008,18,,,0,30,,212995,17,,,0,59,,212997,18,,,0,19,,213002,18,,,0,80,,212983,18,,,0,20,,212998,18,,,0,20,,213011,18,,,0,57,,213025,18,,,0,16,,213012,18,,,0,16,,213013,18,,,0,13,,213003,18,,,0,55,,213026,18,,,0,16,,213014,18,,,0,16,,213015,18,,,0,55,,213027,18,,,0,15,,212996,18,,,0,15,,213019,18,,,0,19,,213029,18,,,0,60,,213018,18,,,0,20,,213009,18,,,0,19,,213030,18,,,0,60,,212988,18,,,0,99,,212990,18,,,0,99,,213016,18,,,0,104,,212985,18,,,0
670800,'201_merged_15726444',713,,213031,18,,,0,843,,213032,17,,,0
670800,'2_merged_15726441',551,,213067,17,,,0,56,,213066,17,,,0,17,,213055,17,,,0,20,,213068,17,,,0,60,,213054,18,,,0,20,,213039,17,,,0,20,,213069,18,,,0,61,,213053,18,,,0,31,,213038,18,,,0,70,,213052,18,,,0,30,,213033,18,,,0,70,,213051,18,,,0,30,,213059,18,,,0,70,,213050,18,,,0,30,,213037,18,,,0,70,,213049,18,,,0,31,,213035,18,,,0,70,,213048,18,,,0,31,,213034,18,,,0,70,,213047,18,,,0,29,,213060,18,,,0,69,,213046,18,,,0,31,,213070,18,,,0,71,,213045,18,,,0,30,,213063,18,,,0,70,,213044,17,,,0,30,,213036,18,,,0,69,,213043,18,,,0,29,,213065,18,,,0,69,,213042,18,,,0,28,,213064,18,,,0,70,,213041,18,,,0,30,,213062,18,,,0,73,,213040,18,,,0,32,,213061,18,,,0,96,,213058,18,,,0,98,,213057,18,,,0,100,,213056,18,,,0
670800,'3_merged_15726440',632,,213071,17,,,0,21,,213102,17,,,0,60,,213101,18,,,0,20,,213100,18,,,0,70,,213079,18,,,0,31,,213099,18,,,0,70,,213089,18,,,0,30,,213098,18,,,0,71,,213088,18,,,0,30,,213097,18,,,0,70,,213084,18,,,0,30,,213096,18,,,0,70,,213083,18,,,0,23,,213095,17,,,0,20,,213105,18,,,0,60,,213082,18,,,0,21,,213106,17,,,0,20,,213094,18,,,0,60,,213081,18,,,0,20,,213093,18,,,0,20,,213107,18,,,0,60,,213085,18,,,0,20,,213076,18,,,0,20,,213108,18,,,0,60,,213080,18,,,0,20,,213075,18,,,0,20,,213109,18,,,0,60,,213086,18,,,0,20,,213103,18,,,0,21,,213110,18,,,0,60,,213092,18,,,0,21,,213074,18,,,0,21,,213104,18,,,0,61,,213087,18,,,0,30,,213073,18,,,0,69,,213077,18,,,0,29,,213072,18,,,0,73,,213091,18,,,0,90,,213078,18,,,0,99,,213090,18,,,0,99,,213111,18,,,0
670901,'101_merged_15726436',646,,213293,25,,,0
670901,'1_merged_15726439',521,,213316,25,,,0,22,,213306,25,,,0,61,,213318,25,,,0,20,,213307,25,,,0,84,,213314,25,,,0,19,,213319,25,,,0,20,,213323,25,,,0,57,,213295,25,,,0,15,,213298,25,,,0,21,,213320,25,,,0,60,,213297,25,,,0,30,,213321,25,,,0,29,,213296,25,,,0,100,,213310,25,,,0,100,,213311,25,,,0,142,,213313,25,,,0,101,,213322,25,,,0,39,,213312,25,,,0,70,,213317,25,,,0,31,,213308,25,,,0,69,,213300,25,,,0,24,,213294,25,,,0,69,,213301,25,,,0,30,,213302,25,,,0,67,,213303,25,,,0,31,,213304,25,,,0,75,,213299,25,,,0,32,,213315,25,,,0,105,,213305,25,,,0,106,,213309,25,,,0
670901,'201_merged_15726444',646,,213324,25,,,0
670901,'2_merged_15726441',822,,213337,25,,,0,99,,213335,25,,,0,100,,213334,25,,,0,101,,213332,25,,,0,102,,213331,25,,,0,101,,213330,25,,,0,101,,213329,25,,,0,100,,213333,25,,,0,100,,213326,25,,,0,99,,213328,25,,,0,100,,213336,25,,,0,98,,213327,25,,,0,99,,213325,25,,,0,103,,213338,25,,,0
670901,'3_merged_15726440',1143,,213340,25,,,0,105,,213345,25,,,0,105,,213346,25,,,0,102,,213342,25,,,0,100,,213341,25,,,0,100,,213343,25,,,0,99,,213339,25,,,0,99,,213349,25,,,0,100,,213344,25,,,0,95,,213348,25,,,0,95,,213347,25,,,0
