672400,'1_merged_15727750',431,,215490,7,,,0,27,,215493,7,,,0,60,,215520,7,,,0,23,,215483,7,,,0,59,,215495,7,,,0,15,,215484,7,,,0,13,,215522,7,,,0,15,,215506,7,,,0,13,,215527,7,,,0,57,,215528,7,,,0,15,,215529,7,,,0,14,,215530,7,,,0,15,,215494,7,,,0,51,,215531,7,,,0,17,,215488,7,,,0,16,,215532,7,,,0,15,,215504,7,,,0,55,,215533,7,,,0,14,,215516,7,,,0,17,,215507,7,,,0,16,,215534,7,,,0,55,,215535,7,,,0,18,,215508,7,,,0,20,,215502,7,,,0,59,,215518,7,,,0,20,,215509,7,,,0,20,,215519,7,,,0,60,,215489,7,,,0,21,,215510,7,,,0,20,,215487,7,,,0,59,,215499,7,,,0,20,,215511,7,,,0,23,,215503,7,,,0,59,,215523,7,,,0,16,,215492,7,,,0,15,,215513,7,,,0,13,,215498,7,,,0,55,,215524,7,,,0,15,,215500,7,,,0,17,,215505,7,,,0,13,,215491,7,,,0,56,,215536,7,,,0,15,,215537,7,,,0,15,,215538,7,,,0,15,,215539,7,,,0,55,,215540,7,,,0,15,,215541,7,,,0,15,,215542,7,,,0,13,,215543,7,,,0,58,,215544,7,,,0,16,,215545,7,,,0,15,,215546,7,,,0,58,,215547,7,,,0,21,,215496,7,,,0,19,,215548,7,,,0,64,,215497,7,,,0,27,,215521,7,,,0,72,,215485,7,,,0,27,,215512,7,,,0,70,,215514,7,,,0,32,,215486,7,,,0,70,,215501,7,,,0,32,,215525,7,,,0,68,,215515,7,,,0,30,,215526,7,,,0,70,,215517,7,,,0
672400,'2_merged_15727752',422,,215586,7,,,0,34,,215590,7,,,0,76,,215591,7,,,0,68,,215592,7,,,0,31,,215593,7,,,0,69,,215594,7,,,0,31,,215595,7,,,0,27,,215596,7,,,0,69,,215597,7,,,0,21,,215598,7,,,0,52,,215610,7,,,0,16,,215611,7,,,0,14,,215612,7,,,0,15,,215613,7,,,0,14,,215614,7,,,0,55,,215550,7,,,0,16,,215551,7,,,0,15,,215552,7,,,0,55,,215553,7,,,0,15,,215554,7,,,0,14,,215555,7,,,0,15,,215556,7,,,0,12,,215557,7,,,0,55,,215558,7,,,0,14,,215559,7,,,0,15,,215560,7,,,0,15,,215561,7,,,0,55,,215562,7,,,0,14,,215563,7,,,0,15,,215564,7,,,0,14,,215565,7,,,0,56,,215566,7,,,0,14,,215567,7,,,0,15,,215568,7,,,0,15,,215569,7,,,0,52,,215570,7,,,0,18,,215571,7,,,0,13,,215572,7,,,0,14,,215549,7,,,0,58,,215573,7,,,0,17,,215574,7,,,0,15,,215575,7,,,0,19,,215576,7,,,0,55,,215577,7,,,0,17,,215578,7,,,0,15,,215579,7,,,0,59,,215599,7,,,0,24,,215600,7,,,0,19,,215601,7,,,0,62,,215602,7,,,0,20,,215603,7,,,0,20,,215604,7,,,0,66,,215606,7,,,0,33,,215608,7,,,0,70,,215609,7,,,0,29,,215582,7,,,0,70,,215583,7,,,0,36,,215584,7,,,0,66,,215605,7,,,0,27,,215587,7,,,0,70,,215581,7,,,0,37,,215588,7,,,0,69,,215580,7,,,0
672400,'3_merged_15727751',454,,215639,7,,,0,70,,215643,7,,,0,31,,215644,7,,,0,70,,215645,7,,,0,30,,215646,7,,,0,66,,215647,7,,,0,19,,215648,7,,,0,62,,215649,7,,,0,20,,215650,7,,,0,21,,215651,7,,,0,60,,215652,7,,,0,20,,215653,7,,,0,16,,215654,7,,,0,20,,215655,7,,,0,60,,215656,7,,,0,18,,215657,7,,,0,20,,215658,7,,,0,59,,215659,7,,,0,21,,215660,7,,,0,18,,215661,7,,,0,59,,215662,7,,,0,22,,215663,7,,,0,19,,215664,7,,,0,62,,215665,7,,,0,19,,215666,7,,,0,19,,215667,7,,,0,55,,215626,7,,,0,15,,215668,7,,,0,12,,215669,7,,,0,17,,215670,7,,,0,56,,215627,7,,,0,15,,215671,7,,,0,15,,215672,7,,,0,17,,215673,7,,,0,55,,215628,7,,,0,16,,215674,7,,,0,15,,215675,7,,,0,16,,215615,7,,,0,58,,215629,7,,,0,15,,215616,7,,,0,15,,215617,7,,,0,12,,215618,7,,,0,59,,215630,7,,,0,19,,215624,7,,,0,19,,215625,7,,,0,56,,215623,7,,,0,21,,215631,7,,,0,20,,215619,7,,,0,58,,215620,7,,,0,28,,215621,7,,,0,70,,215622,7,,,0,28,,215635,7,,,0,70,,215636,7,,,0,30,,215637,7,,,0,71,,215632,7,,,0,32,,215640,7,,,0,71,,215634,7,,,0,32,,215641,7,,,0,70,,215633,7,,,0
672501,'101_merged_15727747',1455,,215965,2,,,0
672501,'1_merged_15727750',447,,215967,2,,,0,77,,215968,2,,,0,25,,215966,2,,,0,73,,215969,7,,,0,30,,215970,7,,,0,70,,215971,7,,,0,31,,215972,7,,,0,70,,215973,7,,,0,30,,215974,7,,,0,70,,215975,7,,,0,28,,215976,7,,,0,70,,215977,7,,,0,30,,215978,7,,,0,70,,215979,7,,,0,30,,215980,7,,,0,70,,215981,7,,,0,31,,215982,7,,,0,70,,215983,7,,,0,30,,215984,7,,,0,71,,215985,7,,,0,29,,215986,7,,,0,70,,215987,7,,,0,30,,215988,7,,,0,70,,215989,7,,,0,30,,215990,7,,,0,70,,215991,7,,,0,30,,215992,7,,,0,70,,215993,7,,,0,31,,215994,7,,,0,71,,215995,7,,,0,30,,215996,7,,,0,70,,215997,7,,,0,31,,215998,7,,,0,70,,215999,7,,,0,30,,216000,7,,,0,70,,216001,7,,,0,100,,216002,7,,,0,100,,216003,7,,,0
672501,'2_merged_15727752',513,,216039,2,,,0,27,,216037,2,,,0,72,,216005,7,,,0,32,,216023,7,,,0,72,,216024,7,,,0,30,,216025,7,,,0,70,,216026,7,,,0,30,,216007,7,,,0,71,,216027,7,,,0,32,,216028,7,,,0,71,,216029,7,,,0,32,,216008,7,,,0,70,,216033,7,,,0,31,,216034,7,,,0,70,,216035,7,,,0,29,,216022,7,,,0,70,,216012,7,,,0,30,,216021,7,,,0,70,,216038,7,,,0,30,,216015,7,,,0,70,,216020,7,,,0,30,,216032,7,,,0,70,,216031,7,,,0,29,,216013,7,,,0,70,,216018,7,,,0,30,,216016,7,,,0,70,,216017,7,,,0,29,,216030,7,,,0,71,,216009,7,,,0,31,,216006,7,,,0,71,,216010,7,,,0,30,,216040,7,,,0,70,,216011,7,,,0,100,,216036,7,,,0,102,,216014,7,,,0,98,,216019,7,,,0
672501,'3_merged_15727751',628,,216058,2,,,0,96,,216047,7,,,0,31,,216044,7,,,0,70,,216046,7,,,0,30,,216059,7,,,0,70,,216073,7,,,0,29,,216072,7,,,0,71,,216071,7,,,0,30,,216069,7,,,0,70,,216053,7,,,0,30,,216057,7,,,0,70,,216048,7,,,0,30,,216049,7,,,0,73,,216050,7,,,0,27,,216045,7,,,0,71,,216051,7,,,0,30,,216052,7,,,0,70,,216075,7,,,0,30,,216060,7,,,0,70,,216061,7,,,0,30,,216056,7,,,0,70,,216054,7,,,0,30,,216068,7,,,0,70,,216074,7,,,0,31,,216041,7,,,0,70,,216042,7,,,0,30,,216043,7,,,0,71,,216062,7,,,0,30,,216063,7,,,0,70,,216064,7,,,0,31,,216065,7,,,0,89,,216066,7,,,0,95,,216067,7,,,0,100,,216070,7,,,0
682801,'1101_merged_15727765',2037,,223545,7,,,0
682801,'1201_merged_15727743',2037,,223548,7,,,0,108,,223547,7,,,0,106,,223546,7,,,0
682801,'1_merged_15727750',847,,223564,7,,,0,80,,223565,7,,,0,80,,223562,7,,,0,39,,223563,7,,,0,80,,223561,7,,,0,80,,223549,7,,,0,40,,223566,7,,,0,80,,223560,7,,,0,80,,223559,7,,,0,40,,223558,7,,,0,80,,223557,7,,,0,82,,223556,7,,,0,39,,223555,7,,,0,79,,223554,7,,,0,79,,223553,7,,,0,40,,223552,7,,,0,80,,223551,7,,,0,82,,223550,7,,,0
682801,'2_merged_15727752',916,,223578,7,,,0,40,,223577,7,,,0,80,,223576,7,,,0,80,,223575,7,,,0,40,,223574,7,,,0,80,,223573,7,,,0,80,,223572,7,,,0,40,,223571,7,,,0,80,,223570,7,,,0,80,,223569,7,,,0,40,,223568,7,,,0,80,,223567,7,,,0,80,,223586,7,,,0,40,,223585,7,,,0,80,,223584,7,,,0,71,,223583,7,,,0,109,,223582,7,,,0,107,,223581,7,,,0,107,,223580,7,,,0,104,,223579,7,,,0
682801,'3_merged_15727751',1114,,223587,7,,,0,40,,223599,7,,,0,81,,223598,7,,,0,80,,223597,7,,,0,40,,223596,7,,,0,78,,223595,7,,,0,82,,223594,7,,,0,40,,223593,7,,,0,80,,223592,7,,,0,80,,223591,7,,,0,41,,223590,7,,,0,80,,223589,7,,,0,80,,223588,7,,,0
