662201,'101_merged_15726436',1606,,190703,21,,,0
662201,'152201_merged_15726445',2046,,190704,21,,,0,56,,190705,21,,,0,18,,190706,21,,,0,20,,190707,21,,,0,60,,190708,21,,,0,21,,190709,21,,,0,19,,190710,21,,,0,62,,190711,21,,,0,21,,190712,21,,,0,23,,190713,21,,,0,71,,190714,21,,,0,30,,190715,21,,,0,70,,190716,21,,,0
662201,'152301_merged_15726453',2046,,190717,21,,,0,56,,190718,21,,,0,18,,190719,21,,,0,20,,190720,21,,,0,60,,190721,21,,,0,21,,190722,21,,,0,19,,190723,21,,,0,62,,190724,21,,,0,21,,190725,21,,,0,23,,190726,21,,,0,71,,190727,21,,,0,30,,190728,21,,,0,70,,190729,21,,,0
662201,'1_merged_15726439',506,,190730,24,0,29 15,0,16,,190731,26,,,0,17,,190732,26,,,0,17,,190733,26,,,0,59,,190734,26,,,0,13,,190735,21,,,0,12,,190736,26,,,0,12,,190737,21,,,0,52,,190738,21,,,0,14,,190739,21,,,0,12,,190740,21,,,0,10,,190741,26,,,0,12,,190742,21,,,0,53,,190743,21,,,0,12,,190744,21,,,0,12,,190745,21,,,0,10,,190746,21,,,0,10,,190747,21,,,0,10,,190748,21,,,0,50,,190749,21,,,0,11,,190750,21,,,0,10,,190807,21,,,0,10,,190751,21,,,0,12,,190752,21,,,0,52,,190753,21,,,0,11,,190754,21,,,0,12,,190809,21,,,0,12,,190755,21,,,0,12,,190756,21,,,0,52,,190757,21,,,0,12,,190758,21,,,0,12,,190810,21,,,0,12,,190759,21,,,0,12,,190760,21,,,0,52,,190761,21,,,0,13,,190762,21,,,0,12,,190811,21,,,0,12,,190763,21,,,0,12,,190764,21,,,0,52,,190765,21,,,0,12,,190766,21,,,0,12,,190812,21,,,0,12,,190767,21,,,0,12,,190768,21,,,0,52,,190769,21,,,0,12,,190770,21,,,0,12,,190771,21,,,0,12,,190772,21,,,0,13,,190773,21,,,0,52,,190774,21,,,0,12,,190775,21,,,0,10,,190776,21,,,0,8,,190777,21,,,0,8,,190778,21,,,0,8,,190779,21,,,0,7,,190780,21,,,0,55,,190781,21,,,0,8,,190782,21,,,0,7,,190783,21,,,0,8,,190784,21,,,0,7,,190785,21,,,0,8,,190786,21,,,0,7,,190787,21,,,0,48,,190808,21,,,0,7,,190788,21,,,0,8,,190789,21,,,0,8,,190790,21,,,0,8,,190791,21,,,0,8,,190792,21,,,0,8,,190793,21,,,0,48,,190794,21,,,0,9,,190795,21,,,0,10,,190796,21,,,0,10,,190797,21,,,0,10,,190798,21,,,0,12,,190799,21,,,0,52,,190800,21,,,0,13,,190801,21,,,0,15,,190802,21,,,0,15,,190803,21,,,0,55,,190804,21,,,0,15,,190805,21,,,0,15,,190806,21,,,0
662201,'201_merged_15726444',1606,,190813,21,,,0
662201,'2_merged_15726441',526,,190875,26,,,0,20,,190823,26,,,0,60,,190885,26,,,0,20,,190883,21,,,0,19,,190819,26,,,0,56,,190816,21,,,0,15,,190878,26,,,0,16,,190824,21,,,0,15,,190882,21,,,0,55,,190821,26,,,0,16,,190814,21,,,0,15,,190879,21,,,0,15,,190877,21,,,0,55,,190892,21,,,0,15,,190820,21,,,0,15,,190888,21,,,0,17,,190815,21,,,0,55,,190825,21,,,0,13,,190832,21,,,0,12,,190898,21,,,0,12,,190833,21,,,0,12,,190834,21,,,0,52,,190835,21,,,0,12,,190844,21,,,0,12,,190899,21,,,0,12,,190837,21,,,0,12,,190881,21,,,0,52,,190838,21,,,0,12,,190839,21,,,0,12,,190900,21,,,0,12,,190840,21,,,0,12,,190841,21,,,0,52,,190842,21,,,0,12,,190843,21,,,0,12,,190845,21,,,0,12,,190846,21,,,0,12,,190847,21,,,0,51,,190848,21,,,0,10,,190849,21,,,0,9,,190850,21,,,0,9,,190851,21,,,0,9,,190893,21,,,0,10,,190852,21,,,0,50,,190853,21,,,0,10,,190854,21,,,0,10,,190855,21,,,0,10,,190856,21,,,0,10,,190896,21,,,0,10,,190857,21,,,0,50,,190858,21,,,0,10,,190859,21,,,0,10,,190860,21,,,0,10,,190861,21,,,0,10,,190894,21,,,0,10,,190862,21,,,0,50,,190863,21,,,0,10,,190864,21,,,0,10,,190865,21,,,0,11,,190866,21,,,0,10,,190895,21,,,0,10,,190867,21,,,0,50,,190868,21,,,0,11,,190869,21,,,0,10,,190870,21,,,0,10,,190871,21,,,0,10,,190872,21,,,0,12,,190897,21,,,0,52,,190873,21,,,0,11,,190826,21,,,0,16,,190827,21,,,0,15,,190836,21,,,0,55,,190828,21,,,0,15,,190829,21,,,0,15,,190830,21,,,0,15,,190831,21,,,0,55,,190891,21,,,0,17,,190822,21,,,0,19,,190818,21,,,0,60,,190876,21,,,0,20,,190886,21,,,0,19,,190890,21,,,0,65,,190874,21,,,0,24,,190887,21,,,0,25,,190817,21,,,0,65,,190880,21,,,0,30,,190884,21,,,0,70,,190889,21,,,0
662201,'3_merged_15726440',615,,190901,26,,,0,21,,190902,26,,,0,19,,190903,26,,,0,61,,190904,26,,,0,21,,190905,26,,,0,22,,190906,26,,,0,57,,190907,21,,,0,16,,190908,26,,,0,15,,190909,21,,,0,55,,190910,21,,,0,16,,190911,21,,,0,15,,190912,21,,,0,15,,190913,21,,,0,55,,190914,21,,,0,15,,190915,21,,,0,15,,190916,21,,,0,14,,190917,21,,,0,53,,190918,21,,,0,13,,190919,21,,,0,12,,190920,21,,,0,12,,190921,21,,,0,12,,190922,21,,,0,52,,190923,21,,,0,14,,190924,21,,,0,12,,190925,21,,,0,12,,190926,21,,,0,12,,190927,21,,,0,52,,190928,21,,,0,12,,190929,21,,,0,12,,190930,21,,,0,12,,190931,21,,,0,10,,190932,21,,,0,52,,190933,21,,,0,12,,190934,21,,,0,12,,190935,21,,,0,12,,190936,21,,,0,12,,190937,21,,,0,52,,190938,21,,,0,12,,190939,21,,,0,12,,190940,21,,,0,12,,190941,21,,,0,13,,190942,21,,,0,52,,190943,21,,,0,12,,190944,21,,,0,12,,190945,21,,,0,12,,190946,21,,,0,12,,190947,21,,,0,53,,190948,21,,,0,14,,190949,21,,,0,14,,190950,21,,,0,14,,190951,21,,,0,55,,190952,21,,,0,15,,190953,21,,,0,15,,190954,21,,,0,15,,190955,21,,,0,55,,190956,21,,,0,14,,190957,21,,,0,15,,190958,21,,,0,15,,190959,21,,,0,57,,190960,21,,,0,20,,190961,21,,,0,20,,190962,21,,,0,60,,190963,21,,,0,20,,190964,21,,,0,20,,190965,21,,,0,60,,190966,21,,,0,20,,190967,21,,,0,20,,190968,21,,,0,60,,190969,21,,,0,19,,190970,21,,,0,27,,190971,21,,,0,72,,190972,21,,,0,30,,190973,21,,,0,70,,190974,26,,,0
683801,'1_merged_15726439',2519,,223898,30,,,0,29,,223894,30,,,0,70,,223893,30,,,0,30,,223892,30,,,0,73,,223895,30,,,0,27,,223896,30,,,0,69,,223897,30,,,0,40,,223890,30,,,0,70,,223891,30,,,0
683801,'2_merged_15726441',2549,,223900,30,,,0,77,,223902,30,,,0,21,,223901,30,,,0,60,,223903,30,,,0,22,,223904,30,,,0,21,,223905,30,,,0,60,,223906,30,,,0,27,,223907,30,,,0,70,,223908,30,,,0,29,,223899,30,,,0
683801,'3_merged_15726440',2546,,223910,30,,,0,70,,223909,30,,,0,31,,223911,30,,,0,76,,223912,30,,,0,20,,223913,30,,,0,74,,223914,30,,,0,30,,223915,30,,,0,80,,223916,30,,,0
1671801,'1_merged_15726439',538,,226597,6,,,0,14,,226598,6,,,0,53,,226599,6,,,0,13,,226623,6,,,0,13,,226600,6,,,0,13,,226601,6,,,0,13,,226602,6,,,0,55,,226603,6,,,0,14,,226619,6,,,0,15,,226604,6,,,0,14,,226605,6,,,0,55,,226606,6,,,0,15,,226607,6,,,0,15,,226608,6,,,0,14,,226609,6,,,0,54,,226610,6,,,0,14,,226611,6,,,0,15,,226612,6,,,0,14,,226613,6,,,0,55,,226614,6,,,0,15,,226615,6,,,0,15,,226590,6,,,0,15,,226591,6,,,0,55,,226592,6,,,0,15,,226593,6,,,0,15,,226594,6,,,0,15,,226595,6,,,0,55,,226596,6,,,0,15,,226557,6,,,0,16,,226558,6,,,0,15,,226559,6,,,0,56,,226560,6,,,0,15,,226561,6,,,0,15,,226562,6,,,0,15,,226563,6,,,0,55,,226564,6,,,0,15,,226565,6,,,0,15,,226566,6,,,0,15,,226567,6,,,0,53,,226568,6,,,0,12,,226569,6,,,0,12,,226570,6,,,0,11,,226571,6,,,0,10,,226572,6,,,0,50,,226573,6,,,0,10,,226574,6,,,0,11,,226575,6,,,0,12,,226576,6,,,0,12,,226577,6,,,0,12,,226578,6,,,0,52,,226579,6,,,0,12,,226580,6,,,0,12,,226581,6,,,0,12,,226582,6,,,0,54,,226583,6,,,0,15,,226584,6,,,0,15,,226585,6,,,0,15,,226586,6,,,0,55,,226587,6,,,0
1671801,'2_merged_15726441',538,,226672,6,,,0,17,,226673,6,,,0,55,,226685,6,,,0,14,,226686,6,,,0,17,,226687,6,,,0,15,,226688,6,,,0,52,,226689,6,,,0,15,,226690,6,,,0,15,,226691,6,,,0,15,,226641,6,,,0,55,,226692,6,,,0,15,,226693,6,,,0,16,,226694,6,,,0,16,,226695,6,,,0,55,,226696,6,,,0,15,,226697,6,,,0,16,,226698,6,,,0,15,,226699,6,,,0,56,,226700,6,,,0,12,,226684,6,,,0,12,,226635,6,,,0,12,,226636,6,,,0,52,,226637,6,,,0,12,,226638,6,,,0,11,,226634,6,,,0,12,,226639,6,,,0,12,,226640,6,,,0,12,,226642,6,,,0,52,,226643,6,,,0,11,,226666,6,,,0,10,,226644,6,,,0,10,,226645,6,,,0,10,,226646,6,,,0,50,,226647,6,,,0,10,,226648,6,,,0,10,,226667,6,,,0,10,,226658,6,,,0,10,,226659,6,,,0,10,,226660,6,,,0,50,,226661,6,,,0,10,,226662,6,,,0,10,,226668,6,,,0,10,,226663,6,,,0,10,,226664,6,,,0,9,,226665,6,,,0,50,,226649,6,,,0,10,,226631,6,,,0,10,,226669,6,,,0,10,,226650,6,,,0,10,,226651,6,,,0,11,,226652,6,,,0,50,,226653,6,,,0,10,,226654,6,,,0,10,,226670,6,,,0,10,,226655,6,,,0,10,,226656,6,,,0,10,,226657,6,,,0,50,,226674,6,,,0,10,,226675,6,,,0,10,,226671,6,,,0,12,,226676,6,,,0,12,,226677,6,,,0,12,,226678,6,,,0,52,,226679,6,,,0,13,,226680,6,,,0,12,,226681,6,,,0,13,,226682,6,,,0,53,,226683,6,,,0
1671801,'3_merged_15726440',610,,226782,6,,,0,22,,226783,6,,,0,22,,226784,6,,,0,62,,226785,6,,,0,16,,226795,6,,,0,15,,226786,6,,,0,56,,226787,6,,,0,16,,226788,6,,,0,15,,226789,6,,,0,15,,226790,6,,,0,54,,226791,6,,,0,15,,226792,6,,,0,15,,226793,6,,,0,15,,226794,6,,,0,54,,226717,6,,,0,15,,226719,6,,,0,15,,226720,6,,,0,15,,226721,6,,,0,55,,226722,6,,,0,15,,226723,6,,,0,15,,226773,6,,,0,15,,226724,6,,,0,55,,226725,6,,,0,13,,226726,6,,,0,12,,226774,6,,,0,12,,226727,6,,,0,11,,226731,6,,,0,51,,226732,6,,,0,12,,226733,6,,,0,12,,226775,6,,,0,12,,226734,6,,,0,12,,226735,6,,,0,52,,226736,6,,,0,12,,226737,6,,,0,12,,226776,6,,,0,12,,226738,6,,,0,12,,226718,6,,,0,52,,226739,6,,,0,12,,226740,6,,,0,12,,226777,6,,,0,12,,226741,6,,,0,12,,226742,6,,,0,52,,226743,6,,,0,13,,226744,6,,,0,13,,226778,6,,,0,12,,226745,6,,,0,13,,226746,6,,,0,52,,226747,6,,,0,12,,226748,6,,,0,13,,226779,6,,,0,13,,226749,6,,,0,13,,226780,6,,,0,55,,226750,6,,,0,16,,226751,6,,,0,15,,226752,6,,,0,15,,226753,6,,,0
