674900,'101_merged_15727747',721,,219156,12,0,62 63 64,0
674900,'1_merged_15727750',534,,219221,12,0,62 63 129,0,11,,219222,12,0,62 63 129,0,59,,219223,12,0,62 63 129,0,17,,219224,12,0,62 63 129,0,15,,219225,12,0,62 63 129,0,16,,219226,12,0,62 63 129,0,56,,219227,12,0,62 63 129,0,32,,219228,12,0,62 63 129,0,13,,219229,12,0,58 59,0,55,,219230,12,0,58 59,0,14,,219167,12,0,62 63 129,0,15,,219212,12,0,58 59,0,22,,219213,12,0,62 63 129,0,51,,219214,12,0,58 59,0,14,,219215,12,0,62 63 129,0,8,,219216,12,0,60 61 8,0,9,,219217,12,0,58 59,0,9,,219218,12,0,62 63 129,0,55,,219219,12,0,58 59,0,15,,219220,12,0,62 63 129,0,15,,219168,12,0,58 59,0,15,,219193,12,0,62 63 129,0,55,,219194,12,0,58 59,0,17,,219195,12,0,62 63 129,0,15,,219196,12,0,58 59,0,15,,219197,12,0,62 63 129,0,55,,219198,12,0,58 59,0,15,,219199,12,0,62 63 129,0,12,,219200,12,0,58 59,0,17,,219201,12,0,62 63 129,0,55,,219202,12,0,58 59,0,15,,219203,12,0,62 63 129,0,17,,219204,12,0,58 59,0,13,,219205,12,0,62 63 129,0,57,,219206,12,0,60 61 8,0,36,,219207,12,0,62 63 129,0,58,,219208,12,0,62 63 129,0,15,,219209,12,0,62 63 129,0,15,,219210,12,0,62 63 129,0,17,,219211,12,0,62 63 129,0,54,,219159,12,0,62 63 129,0,14,,219165,12,0,62 63 129,0,23,,219187,12,0,62 63 129,0,7,,219169,12,0,62 63 129,0,63,,219158,12,0,62 63 129,0,7,,219188,12,0,62 63 129,0,23,,219189,12,0,62 63 129,0,4,,219190,12,0,62 63 129,0,15,,219191,12,0,62 63 129,0,61,,219192,12,0,62 63 129,0,9,,219166,12,0,62 63 129,0,17,,219160,12,0,62 63 129,0,10,,219170,12,0,62 63 129,0,55,,219171,12,0,62 63 129,0,15,,219182,12,0,62 63 129,0,16,,219183,12,0,62 63 129,0,12,,219184,12,0,62 63 129,0,53,,219185,12,0,60 61 8,0,17,,219186,12,0,62 63 129,0,15,,219164,12,0,62 63 129,0,14,,219161,12,0,62 63 129,0,56,,219174,12,0,60 61 8,0,14,,219175,12,0,62 63 129,0,30,,219176,12,0,62 63 129,0,70,,219177,12,0,62 63 129,0,30,,219162,12,0,62 63 129,0,69,,219179,12,0,62 63 129,0,30,,219173,12,0,62 63 129,0,68,,219178,12,0,62 63 129,0,30,,219163,12,0,62 63 129,0,70,,219181,12,0,58 59,0,29,,219172,12,0,58 59,0,70,,219180,12,0,58 59,0
674900,'201_merged_15727755',720,,219231,12,0,62 63 129,0
674900,'2_merged_15727752',620,,219234,12,0,62 63 129,0,31,,219235,12,0,62 63 129,0,66,,219236,12,0,62 63 129,0,15,,219237,12,0,62 63 129,0,15,,219238,12,0,58 59,0,55,,219239,12,0,62 63 129,0,10,,219240,12,0,58 59,0,15,,219241,12,0,62 63 129,0,15,,219242,12,0,58 59,0,16,,219243,12,0,62 63 129,0,57,,219244,12,0,58 59,0,14,,219245,12,0,62 63 129,0,15,,219246,12,0,58 59,0,57,,219247,12,0,62 63 129,0,15,,219248,12,0,58 59,0,15,,219249,12,0,62 63 129,0,15,,219250,12,0,58 59,0,55,,219251,12,0,62 63 129,0,15,,219252,12,0,58 59,0,16,,219253,12,0,62 63 129,0,16,,219254,12,0,58 59,0,55,,219255,12,0,62 63 129,0,17,,219256,12,0,58 59,0,15,,219257,12,0,62 63 129,0,12,,219258,12,0,58 59,0,55,,219259,12,0,62 63 129,0,15,,219260,12,0,58 59,0,17,,219261,12,0,62 63 129,0,15,,219262,12,0,58 59,0,55,,219263,12,0,62 63 129,0,15,,219264,12,0,58 59,0,15,,219265,12,0,62 63 129,0,15,,219266,12,0,58 59,0,57,,219267,12,0,62 63 129,0,14,,219268,12,0,58 59,0,16,,219269,12,0,62 63 129,0,15,,219270,12,0,58 59,0,55,,219271,12,0,62 63 129,0,11,,219272,12,0,58 59,0,15,,219273,12,0,62 63 129,0,15,,219274,12,0,58 59,0,55,,219275,12,0,62 63 129,0,15,,219276,12,0,58 59,0,15,,219277,12,0,62 63 129,0,15,,219278,12,0,58 59,0,55,,219279,12,0,62 63 129,0,15,,219280,12,0,58 59,0,14,,219281,12,0,62 63 129,0,15,,219282,12,0,62 63 129,0,55,,219283,12,0,62 63 129,0,20,,219284,12,0,62 63 129,0,20,,219285,12,0,62 63 129,0,18,,219286,12,0,62 63 129,0,61,,219287,12,0,62 63 129,0,20,,219288,12,0,62 63 129,0,19,,219289,12,0,62 63 129,0,66,,219290,12,0,62 63 129,0,30,,219291,12,0,62 63 129,0,68,,219292,12,0,62 63 129,0,30,,219293,12,0,62 63 129,0,68,,219294,12,0,62 63 129,0,30,,219295,12,0,62 63 129,0,70,,219296,12,0,62 63 129,0,30,,219297,12,0,62 63 129,0,69,,219298,12,0,58 59,0,35,,219232,12,0,58 59,0,65,,219233,12,0,58 59,0
674900,'3_merged_15727751',626,,219328,12,0,62 63 129,0,32,,219327,12,0,62 63 129,0,63,,219333,12,0,62 63 129,0,30,,219332,12,0,62 63 129,0,55,,219344,12,0,58 59,0,15,,219343,12,0,62 63 129,0,15,,219342,12,0,58 59,0,14,,219341,12,0,62 63 129,0,58,,219340,12,0,58 59,0,16,,219339,12,0,62 63 129,0,15,,219363,12,0,58 59,0,16,,219362,12,0,62 63 129,0,55,,219338,12,0,58 59,0,16,,219337,12,0,62 63 129,0,15,,219336,12,0,58 59,0,15,,219335,12,0,62 63 129,0,50,,219334,12,0,58 59,0,14,,219331,12,0,62 63 129,0,16,,219330,12,0,58 59,0,15,,219329,12,0,62 63 129,0,53,,219355,12,0,58 59,0,17,,219303,12,0,62 63 129,0,15,,219302,12,0,58 59,0,15,,219301,12,0,62 63 129,0,54,,219300,12,0,58 59,0,18,,219299,12,0,62 63 129,0,15,,219361,12,0,58 59,0,9,,219360,12,0,62 63 129,0,61,,219359,12,0,58 59,0,15,,219358,12,0,62 63 129,0,15,,219357,12,0,58 59,0,15,,219356,12,0,62 63 129,0,55,,219354,12,0,58 59,0,15,,219353,12,0,62 63 129,0,14,,219352,12,0,58 59,0,16,,219351,12,0,62 63 129,0,5,,219350,12,0,58 59,0,63,,219349,12,0,62 63 129,0,15,,219348,12,0,58 59,0,15,,219347,12,0,62 63 129,0,53,,219346,12,0,58 59,0,16,,219345,12,0,62 63 129,0,15,,219316,12,0,58 59,0,15,,219326,12,0,62 63 129,0,55,,219325,12,0,58 59,0,20,,219324,12,0,62 63 129,0,15,,219323,12,0,58 59,0,15,,219322,12,0,62 63 129,0,55,,219321,12,0,58 59,0,15,,219320,12,0,62 63 129,0,15,,219319,12,0,58 59,0,13,,219318,12,0,62 63 129,0,55,,219317,12,0,58 59,0,15,,219315,12,0,62 63 129,0,15,,219314,12,0,58 59,0,11,,219313,12,0,62 63 129,0,60,,219312,12,0,62 63 129,0,19,,219311,12,0,62 63 129,0,31,,219310,12,0,62 63 129,0,71,,219309,12,0,62 63 129,0,70,,219308,12,0,62 63 129,0,29,,219307,12,0,62 63 129,0,30,,219306,12,0,62 63 129,0,71,,219305,12,0,62 63 129,0,101,,219304,12,0,58 59,0
674900,'701_merged_15727744',1429,,219364,12,0,62 63 121 122 123,0
674900,'801_merged_15727766',1424,,219365,12,0,62 63 129,0
722400,'1_merged_15727750',545,,224208,18,,,0,61,,224206,18,,,0,23,,224183,18,,,0,7,,224181,18,,,0,65,,224209,18,,,0,7,,224213,18,,,0,23,,224207,18,,,0,21,,224204,18,,,0,51,,224210,18,,,0,26,,224203,18,,,0,18,,224202,18,,,0,63,,224214,18,,,0,17,,224199,18,,,0,77,,224198,18,,,0,21,,224196,18,,,0,30,,224195,18,,,0,70,,224194,18,,,0,31,,224193,18,,,0,71,,224192,18,,,0,30,,224191,18,,,0,71,,224197,18,,,0,31,,224190,18,,,0,72,,224205,18,,,0,70,,224201,18,,,0,31,,224211,18,,,0,22,,224200,18,,,0,60,,224189,18,,,0,26,,224212,18,,,0,16,,224188,18,,,0,60,,224180,18,,,0,15,,224178,18,,,0,16,,224215,18,,,0,54,,224187,18,,,0,21,,224186,18,,,0,32,,224185,18,,,0,60,,224184,18,,,0,18,,224179,18,,,0,26,,224182,18,,,0,72,,224219,18,,,0
3454101,'1_merged_15727750',518,,235694,8,,,0,30,,235695,8,,,0,70,,235696,8,,,0,30,,235697,8,,,0,70,,235698,8,,,0,30,,235699,8,,,0,70,,235700,8,,,0,40,,235701,8,,,0,80,,235702,8,,,0,81,,235703,8,,,0,40,,235704,8,,,0,80,,235705,8,,,0,81,,235706,8,,,0,80,,235707,8,,,0,40,,235708,8,,,0,80,,235709,8,,,0,82,,235710,8,,,0,28,,235711,8,,,0,70,,235712,8,,,0,40,,235713,8,,,0,70,,235714,8,,,0,30,,235715,8,,,0,80,,235716,8,,,0,90,,235717,8,,,0,40,,235718,8,,,0,80,,235719,8,,,0,80,,235720,8,,,0,40,,235721,8,,,0
3454101,'2_merged_15727752',838,,235722,8,,,0,85,,235723,8,,,0,85,,235724,8,,,0,45,,235725,8,,,0,87,,235726,8,,,0,85,,235727,8,,,0,85,,235728,8,,,0,45,,235729,8,,,0,85,,235730,8,,,0,85,,235731,8,,,0,85,,235732,8,,,0,45,,235733,8,,,0,83,,235734,8,,,0,85,,235735,8,,,0,85,,235736,8,,,0,45,,235737,8,,,0,85,,235738,8,,,0,85,,235739,8,,,0,85,,235740,8,,,0
3454101,'3_merged_15727751',838,,235741,8,,,0,85,,235742,8,,,0,85,,235743,8,,,0,45,,235744,8,,,0,86,,235745,8,,,0,86,,235746,8,,,0,85,,235747,8,,,0,45,,235748,8,,,0,85,,235749,8,,,0,85,,235750,8,,,0,85,,235751,8,,,0,44,,235752,8,,,0,85,,235753,8,,,0,84,,235754,8,,,0,85,,235755,8,,,0,45,,235756,8,,,0,85,,235757,8,,,0,85,,235758,8,,,0,85,,235759,8,,,0
