661201,'1_merged_15727750',554,,185348,15,,,0,59,,185349,15,,,0,10,,185450,15,,,0,10,,185350,15,,,0,12,,185451,15,,,0,10,,185351,15,,,0,50,,185352,15,,,0,10,,185452,15,,,0,8,,185353,15,0,13 14,0,3,,185354,15,,,0,9,,185453,15,0,13 14,0,2,,185355,15,,,0,9,,185454,15,0,13 14,0,2,,185356,15,,,0,9,,185357,15,0,13 14,0,2,,185455,15,,,0,51,,185358,15,0,13 14,0,1,,185359,15,,,0,6,,185456,15,,,0,6,,185360,15,,,0,10,,185361,15,0,13 14,0,4,,185457,15,,,0,6,,185362,15,,,0,3,,185363,15,,,0,8,,185458,15,0,13 14,0,5,,185364,15,,,0,46,,185365,15,,,0,6,,185366,15,,,0,10,,185367,15,0,13 14,0,9,,185368,15,,,0,11,,185369,15,0,13 14,0,9,,185370,15,,,0,52,,185371,15,0,13 14,0,10,,185372,15,,,0,10,,185373,15,0,13 14,0,11,,185374,15,,,0,13,,185375,15,0,13 14,0,10,,185376,15,,,0,53,,185377,15,0,13 14,0,10,,185378,15,,,0,14,,185379,15,0,13 14,0,10,,185380,15,,,0,14,,185381,15,0,13 14,0,51,,185382,15,,,0,15,,185383,15,0,13 14,0,10,,185384,15,,,0,14,,185385,15,0,13 14,0,10,,185386,15,,,0,54,,185387,15,0,13 14,0,9,,185388,15,,,0,15,,185389,15,0,13 14,0,9,,185390,15,,,0,14,,185391,15,0,13 14,0,48,,185392,15,,,0,16,,185393,15,0,13 14,0,7,,185394,15,,,0,15,,185395,15,0,13 14,0,8,,185396,15,,,0,54,,185397,15,0,13 14,0,5,,185398,15,,,0,12,,185399,15,0,13 14,0,2,,185459,15,,,0,9,,185400,15,0,13 14,0,2,,185460,15,,,0,9,,185401,15,0,13 14,0,2,,185402,15,,,0,9,,185461,15,0,13 14,0,2,,185403,15,,,0,49,,185404,15,0,13 14,0,2,,185462,15,,,0,7,,185405,15,0,13 14,0,4,,185463,15,,,0,5,,185406,15,,,0,6,,185407,15,,,0,7,,185464,15,0,13 14,0,4,,185408,15,,,0,7,,185409,15,0,13 14,0,4,,185465,15,,,0,49,,185410,15,0,13 14,0,3,,185411,15,,,0,8,,185466,15,0,13 14,0,3,,185412,15,,,0,6,,185413,15,,,0,6,,185414,15,,,0,8,,185467,15,,,0,6,,185415,15,,,0,6,,185468,15,,,0,5,,185416,15,,,0,6,,185417,15,,,0,44,,185469,15,,,0,6,,185418,15,,,0,6,,185419,15,,,0,8,,185420,15,,,0,9,,185421,15,,,0,8,,185470,15,,,0,8,,185422,15,,,0,8,,185423,15,,,0,49,,185424,15,,,0,9,,185425,15,,,0,11,,185426,15,,,0,12,,185427,15,,,0,10,,185428,15,,,0,12,,185429,15,,,0,52,,185430,15,,,0,15,,185431,15,,,0,15,,185432,15,,,0,15,,185433,15,,,0,55,,185434,15,,,0,15,,185435,15,,,0,16,,185436,15,,,0,15,,185437,15,,,0,55,,185438,15,,,0,14,,185439,15,,,0,15,,185440,15,,,0,15,,185441,15,,,0,55,,185442,15,,,0,13,,185443,15,,,0,18,,185444,15,,,0,58,,185445,15,,,0,17,,185446,15,,,0,29,,185447,15,,,0,69,,185448,15,,,0,30,,185449,15,,,0
661201,'2_merged_15727752',617,,185471,15,,,0,21,,185472,15,,,0,19,,185473,15,,,0,60,,185474,15,,,0,22,,185475,15,,,0,20,,185476,15,,,0,59,,185477,15,,,0,16,,185478,15,,,0,16,,185479,15,,,0,54,,185480,15,0,13 14,0,11,,185481,15,,,0,14,,185482,15,0,13 14,0,10,,185483,15,,,0,15,,185484,15,0,13 14,0,49,,185485,15,,,0,13,,185486,15,0,13 14,0,10,,185487,15,,,0,14,,185488,15,0,13 14,0,12,,185489,15,,,0,53,,185490,15,0,13 14,0,10,,185491,15,,,0,14,,185492,15,0,13 14,0,10,,185493,15,,,0,14,,185494,15,0,13 14,0,51,,185495,15,,,0,13,,185496,15,0,13 14,0,11,,185497,15,,,0,15,,185498,15,0,13 14,0,9,,185499,15,,,0,56,,185500,15,0,13 14,0,8,,185501,15,,,0,16,,185502,15,0,13 14,0,8,,185503,15,,,0,15,,185504,15,0,13 14,0,47,,185505,15,,,0,13,,185506,15,0,13 14,0,7,,185507,15,,,0,13,,185508,15,0,13 14,0,7,,185509,15,,,0,13,,185510,15,0,13 14,0,47,,185511,15,,,0,13,,185512,15,0,13 14,0,7,,185513,15,,,0,13,,185514,15,0,13 14,0,7,,185515,15,,,0,15,,185516,15,0,13 14,0,45,,185517,15,,,0,15,,185518,15,0,13 14,0,6,,185519,15,,,0,12,,185520,15,0,13 14,0,8,,185521,15,,,0,12,,185522,15,0,13 14,0,48,,185523,15,,,0,12,,185524,15,0,13 14,0,8,,185525,15,,,0,12,,185526,15,0,13 14,0,8,,185527,15,,,0,12,,185528,15,0,13 14,0,47,,185529,15,,,0,10,,185530,15,,,0,9,,185531,15,,,0,10,,185532,15,,,0,10,,185533,15,,,0,10,,185534,15,,,0,50,,185535,15,,,0,10,,185536,15,,,0,10,,185537,15,,,0,12,,185538,15,,,0,12,,185539,15,,,0,11,,185540,15,,,0,54,,185541,15,,,0,15,,185564,15,,,0,15,,185542,15,,,0,16,,185543,15,,,0,55,,185544,15,,,0,15,,185545,15,,,0,15,,185546,15,,,0,15,,185547,15,,,0,55,,185548,15,,,0,13,,185549,15,,,0,15,,185550,15,,,0,15,,185551,15,,,0,55,,185552,15,,,0,13,,185553,15,,,0,15,,185554,15,,,0,15,,185555,15,,,0,55,,185556,15,,,0,14,,185557,15,,,0,15,,185558,15,,,0,13,,185559,15,,,0,53,,185560,15,,,0,13,,185561,15,,,0,15,,185562,15,,,0,15,,185563,15,,,0
661201,'3_merged_15727751',658,,185565,15,,,0,59,,185566,15,,,0,20,,185567,15,,,0,19,,185568,15,,,0,50,,185569,15,,,0,13,,185570,15,,,0,13,,185571,15,,,0,13,,185572,15,,,0,12,,185573,15,,,0,54,,185574,15,0,13 14,0,11,,185575,15,,,0,15,,185576,15,0,13 14,0,11,,185577,15,,,0,53,,185578,15,0,13 14,0,11,,185579,15,,,0,13,,185580,15,0,13 14,0,11,,185581,15,,,0,15,,185582,15,0,13 14,0,49,,185583,15,,,0,15,,185584,15,0,13 14,0,9,,185585,15,,,0,15,,185586,15,0,13 14,0,10,,185587,15,,,0,55,,185588,15,0,13 14,0,9,,185589,15,,,0,15,,185590,15,0,13 14,0,9,,185591,15,,,0,15,,185592,15,0,13 14,0,50,,185593,15,,,0,14,,185594,15,0,13 14,0,8,,185595,15,,,0,12,,185596,15,0,13 14,0,8,,185597,15,,,0,12,,185598,15,0,13 14,0,48,,185599,15,,,0,12,,185600,15,0,13 14,0,8,,185601,15,,,0,12,,185602,15,0,13 14,0,8,,185603,15,,,0,12,,185604,15,0,13 14,0,48,,185605,15,,,0,12,,185606,15,0,13 14,0,8,,185607,15,,,0,12,,185608,15,0,13 14,0,8,,185609,15,,,0,12,,185610,15,0,13 14,0,48,,185611,15,,,0,12,,185612,15,0,13 14,0,8,,185613,15,,,0,12,,185614,15,0,13 14,0,8,,185615,15,,,0,12,,185616,15,0,13 14,0,48,,185617,15,,,0,12,,185618,15,0,13 14,0,8,,185619,15,,,0,12,,185620,15,0,13 14,0,8,,185621,15,,,0,12,,185622,15,0,13 14,0,48,,185623,15,,,0,10,,185624,15,,,0,9,,185625,15,,,0,10,,185626,15,,,0,10,,185627,15,,,0,10,,185628,15,,,0,50,,185629,15,,,0,10,,185630,15,,,0,15,,185631,15,,,0,15,,185632,15,,,0,14,,185633,15,,,0,55,,185634,15,,,0,14,,185635,15,,,0,15,,185636,15,,,0,15,,185637,15,,,0,55,,185638,15,,,0,14,,185639,15,,,0,15,,185640,15,,,0,15,,185641,15,,,0,55,,185642,15,,,0,14,,185643,15,,,0,15,,185644,15,,,0,15,,185645,15,,,0,55,,185646,15,,,0,15,,185647,15,,,0,15,,185648,15,,,0,15,,185649,15,,,0,55,,185650,15,,,0,15,,185651,15,,,0,15,,185652,15,,,0,16,,185653,15,,,0,55,,185654,15,,,0,15,,185655,15,,,0,15,,185656,15,,,0,17,,185657,15,,,0
683601,'1_merged_15727750',2626,,223809,17,,,0,30,,223810,17,,,0,70,,223811,17,,,0
683601,'2_merged_15727752',2622,,223812,17,,,0,36,,223813,17,,,0,70,,223814,17,,,0
683601,'3_merged_15727751',2625,,223815,17,,,0,30,,223816,17,,,0,70,,223817,17,,,0
1671801,'152201_merged_15727756',2123,,226522,16,,,0,15,,226523,16,,,0,16,,226524,16,,,0,55,,226525,16,,,0,13,,226526,16,,,0,15,,226527,16,,,0,20,,226528,16,,,0,61,,226529,16,,,0,18,,226530,16,,,0,20,,226531,16,,,0,70,,226532,16,,,0,15,,226534,16,,,0,15,,226533,16,,,0,55,,226535,16,,,0,15,,226536,16,,,0,30,,226521,16,,,0,45,,226520,16,,,0
1671801,'152301_merged_15727764',2123,,226545,16,,,0,15,,226546,16,,,0,16,,226547,16,,,0,55,,226548,16,,,0,13,,226549,16,,,0,15,,226550,16,,,0,20,,226551,16,,,0,61,,226552,16,,,0,18,,226553,16,,,0,20,,226542,16,,,0,70,,226537,16,,,0,15,,226544,16,,,0,15,,226538,16,,,0,55,,226543,16,,,0,15,,226539,16,,,0,30,,226540,16,,,0,45,,226541,16,,,0
1671801,'1_merged_15727750',346,,226620,16,,,0,70,,226621,16,,,0,39,,226622,16,,,0,67,,226554,16,,,0,30,,226555,16,,,0,61,,226597,37,,,0,15,,226598,37,,,0,13,,226599,37,,,0,13,,226623,37,,,0,54,,226600,37,,,0,14,,226601,37,,,0,16,,226602,37,,,0,15,,226603,37,,,0,55,,226619,37,,,0,18,,226604,37,,,0,15,,226605,37,,,0,16,,226606,37,,,0,55,,226607,37,,,0,15,,226608,37,,,0,14,,226609,37,,,0,14,,226610,37,,,0,54,,226611,37,,,0,17,,226612,37,,,0,14,,226613,37,,,0,15,,226614,37,,,0,55,,226615,37,,,0,15,,226590,37,,,0,15,,226591,37,,,0,16,,226592,37,,,0,55,,226593,37,,,0,15,,226594,37,,,0,15,,226595,37,,,0,14,,226596,37,,,0,55,,226557,37,,,0,16,,226558,37,,,0,15,,226559,37,,,0,16,,226560,37,,,0,55,,226561,37,,,0,15,,226562,37,,,0,17,,226563,37,,,0,15,,226564,37,,,0,56,,226565,37,,,0,15,,226566,37,,,0,15,,226567,37,,,0,13,,226568,37,,,0,52,,226569,37,,,0,12,,226570,37,,,0,11,,226571,37,,,0,10,,226572,37,,,0,11,,226573,37,,,0,50,,226574,37,,,0,11,,226575,37,,,0,12,,226576,37,,,0,12,,226577,37,,,0,12,,226578,37,,,0,51,,226579,37,,,0,12,,226580,37,,,0,11,,226581,37,,,0,11,,226582,37,,,0,14,,226583,37,,,0,55,,226584,37,,,0,13,,226585,37,,,0,15,,226586,37,,,0,13,,226587,37,,,0,9,,226589,16,,,0,55,,226556,16,,,0,15,,226588,16,,,0,13,,226616,16,,,0,15,,226617,16,,,0,54,,226618,16,,,0
1671801,'2_merged_15727752',347,,226716,16,,,0,70,,226714,16,,,0,39,,226715,16,,,0,78,,226630,16,,,0,76,,226672,38,,,0,18,,226673,38,,,0,15,,226685,38,,,0,14,,226686,38,,,0,59,,226687,38,,,0,16,,226688,38,,,0,12,,226689,38,,,0,57,,226690,38,,,0,15,,226691,38,,,0,16,,226641,38,,,0,16,,226692,38,,,0,55,,226693,38,,,0,17,,226694,38,,,0,16,,226695,38,,,0,15,,226696,38,,,0,58,,226697,38,,,0,16,,226698,38,,,0,17,,226699,38,,,0,16,,226700,38,,,0,53,,226684,38,,,0,12,,226635,38,,,0,12,,226636,38,,,0,14,,226637,38,,,0,52,,226638,38,,,0,11,,226634,38,,,0,12,,226639,38,,,0,12,,226640,38,,,0,11,,226642,38,,,0,12,,226643,38,,,0,53,,226666,38,,,0,10,,226644,38,,,0,10,,226645,38,,,0,10,,226646,38,,,0,10,,226647,38,,,0,50,,226648,38,,,0,11,,226667,38,,,0,10,,226658,38,,,0,10,,226659,38,,,0,10,,226660,38,,,0,10,,226661,38,,,0,50,,226662,38,,,0,10,,226668,38,,,0,10,,226663,38,,,0,10,,226664,38,,,0,10,,226665,38,,,0,10,,226649,38,,,0,49,,226631,38,,,0,10,,226669,38,,,0,10,,226650,38,,,0,10,,226651,38,,,0,11,,226652,38,,,0,10,,226653,38,,,0,50,,226654,38,,,0,10,,226670,38,,,0,10,,226655,38,,,0,9,,226656,38,,,0,10,,226657,38,,,0,10,,226674,38,,,0,50,,226675,38,,,0,9,,226671,38,,,0,12,,226676,38,,,0,12,,226677,38,,,0,12,,226678,38,,,0,12,,226679,38,,,0,51,,226680,38,,,0,12,,226681,38,,,0,13,,226682,38,,,0,13,,226683,38,,,0,10,,226701,16,,,0,55,,226702,16,,,0,15,,226703,16,,,0,15,,226704,16,,,0,14,,226705,16,,,0,55,,226706,16,,,0,13,,226707,16,,,0,14,,226708,16,,,0,15,,226709,16,,,0,55,,226710,16,,,0,15,,226711,16,,,0,19,,226712,16,,,0,60,,226713,16,,,0,20,,226624,16,,,0,20,,226625,16,,,0,61,,226626,16,,,0,22,,226627,16,,,0,30,,226628,16,,,0,70,,226629,16,,,0,29,,226632,16,,,0,51,,226633,16,,,0
1671801,'3_merged_15727751',343,,226798,16,,,0,70,,226796,16,,,0,38,,226797,16,,,0,75,,226768,16,,,0,28,,226781,16,,,0,89,,226782,38,,,0,62,,226783,38,,,0,23,,226784,38,,,0,22,,226785,38,,,0,57,,226795,38,,,0,15,,226786,38,,,0,16,,226787,38,,,0,17,,226788,38,,,0,56,,226789,38,,,0,15,,226790,38,,,0,16,,226791,38,,,0,15,,226792,38,,,0,55,,226793,38,,,0,15,,226794,38,,,0,20,,226717,38,,,0,55,,226719,38,,,0,15,,226720,38,,,0,15,,226721,38,,,0,16,,226722,38,,,0,55,,226723,38,,,0,15,,226773,38,,,0,15,,226724,38,,,0,15,,226725,38,,,0,53,,226726,38,,,0,12,,226774,38,,,0,12,,226727,38,,,0,11,,226731,38,,,0,12,,226732,38,,,0,52,,226733,38,,,0,12,,226775,38,,,0,12,,226734,38,,,0,12,,226735,38,,,0,12,,226736,38,,,0,52,,226737,38,,,0,12,,226776,38,,,0,12,,226738,38,,,0,12,,226718,38,,,0,12,,226739,38,,,0,52,,226740,38,,,0,12,,226777,38,,,0,12,,226741,38,,,0,11,,226742,38,,,0,12,,226743,38,,,0,12,,226744,38,,,0,54,,226778,38,,,0,12,,226745,38,,,0,13,,226746,38,,,0,13,,226747,38,,,0,52,,226748,38,,,0,13,,226779,38,,,0,13,,226749,38,,,0,13,,226780,38,,,0,15,,226750,38,,,0,54,,226751,38,,,0,15,,226752,38,,,0,15,,226753,38,,,0,14,,226754,16,,,0,55,,226755,16,,,0,16,,226756,16,,,0,15,,226757,16,,,0,15,,226771,16,,,0,55,,226758,16,,,0,14,,226770,16,,,0,16,,226759,16,,,0,15,,226760,16,,,0,55,,226761,16,,,0,14,,226769,16,,,0,17,,226762,16,,,0,60,,226763,16,,,0,20,,226728,16,,,0,19,,226729,16,,,0,61,,226730,16,,,0,24,,226764,16,,,0,30,,226765,16,,,0,70,,226766,16,,,0,30,,226767,16,,,0,48,,226772,16,,,0
