670400,'1_merged_15727750',546,,211046,10,,,0,55,,211045,10,0,84,0,14,,211044,10,,,0,14,,211101,10,,,0,15,,211043,10,0,84,0,15,,211112,10,,,0,54,,211104,10,0,84,0,15,,211098,10,,,0,15,,211042,10,0,84,0,15,,211041,10,,,0,54,,211083,10,0,84,0,14,,211082,10,,,0,14,,211081,10,0,84,0,14,,211080,10,,,0,54,,211079,10,0,84,0,14,,211067,10,,,0,14,,211078,10,0,84,0,14,,211060,10,,,0,55,,211059,10,0,84,0,15,,211058,10,,,0,15,,211057,10,0,84,0,15,,211056,10,,,0,55,,211055,10,0,84,0,15,,211054,10,,,0,14,,211077,10,0,84,0,14,,211076,10,,,0,54,,211075,10,0,84,0,15,,211074,10,,,0,15,,211073,10,0,84,0,15,,211072,10,,,0,55,,211071,10,0,84,0,13,,211040,10,,,0,16,,211039,10,0,84,0,16,,211038,10,,,0,55,,211037,10,0,84,0,15,,211036,10,,,0,15,,211109,10,0,84,0,15,,211108,10,,,0,56,,211070,10,0,84,0,15,,211107,10,,,0,14,,211097,10,,,0,16,,211106,10,,,0,55,,211110,10,,,0,15,,211105,10,,,0,15,,211049,10,,,0,15,,211103,10,,,0,55,,211111,10,,,0,16,,211069,10,,,0,16,,211053,10,,,0,12,,211099,10,,,0,12,,211052,10,,,0,52,,211051,10,,,0,12,,211047,10,,,0,12,,211102,10,0,84,0,12,,211100,10,,,0,12,,211096,10,0,84,0,52,,211095,10,,,0,12,,211094,10,0,84,0,12,,211093,10,,,0,12,,211092,10,0,84,0,53,,211091,10,,,0,15,,211090,10,0,84,0,15,,211048,10,,,0,15,,211089,10,0,84,0,55,,211088,10,,,0,15,,211087,10,0,84,0,15,,211050,10,,,0,21,,211086,10,0,84,0,70,,211085,10,,,0,30,,211084,10,0,84,0,70,,211066,10,,,0,30,,211065,10,0,84,0,70,,211064,10,,,0,30,,211063,10,0,84,0,67,,211062,10,,,0,28,,211068,10,0,84,0,74,,211061,10,,,0
670400,'2_merged_15727752',614,,211159,10,,,0,30,,211133,10,,,0,62,,211143,10,0,84,0,17,,211134,10,,,0,16,,211144,10,0,84,0,16,,211135,10,,,0,58,,211145,10,0,84,0,18,,211137,10,,,0,15,,211146,10,0,84,0,55,,211138,10,,,0,15,,211148,10,0,84,0,12,,211139,10,,,0,13,,211149,10,0,84,0,14,,211140,10,,,0,54,,211142,10,0,84,0,15,,211136,10,,,0,15,,211131,10,0,84,0,14,,211132,10,,,0,54,,211160,10,0,84,0,14,,211161,10,,,0,14,,211162,10,0,84,0,14,,211141,10,,,0,54,,211163,10,0,84,0,14,,211164,10,,,0,14,,211165,10,0,84,0,15,,211166,10,,,0,55,,211167,10,0,84,0,15,,211168,10,,,0,16,,211169,10,0,84,0,16,,211170,10,,,0,56,,211171,10,0,84,0,15,,211172,10,,,0,16,,211173,10,0,84,0,16,,211174,10,,,0,55,,211175,10,0,84,0,16,,211176,10,,,0,15,,211177,10,0,84,0,15,,211147,10,,,0,56,,211178,10,0,84,0,15,,211179,10,,,0,15,,211180,10,0,84,0,15,,211181,10,,,0,56,,211150,10,0,84,0,16,,211156,10,,,0,16,,211151,10,0,84,0,16,,211182,10,,,0,56,,211152,10,0,84,0,16,,211113,10,,,0,14,,211153,10,0,84,0,14,,211114,10,,,0,54,,211115,10,0,84,0,14,,211154,10,,,0,13,,211116,10,0,84,0,13,,211117,10,,,0,57,,211118,10,0,84,0,16,,211155,10,0,84,0,15,,211119,10,0,84,0,15,,211120,10,,,0,55,,211121,10,0,84,0,18,,211157,10,0,84,0,20,,211122,10,,,0,60,,211123,10,0,84,0,23,,211124,10,0,84,0,29,,211125,10,,,0,69,,211126,10,0,84,0,29,,211127,10,,,0,73,,211128,10,0,84,0,80,,211129,10,,,0,41,,211158,10,0,84,0,74,,211130,10,,,0
670400,'3_merged_15727751',609,,211205,10,,,0,36,,211204,10,0,84,0,70,,211185,10,,,0,20,,211203,10,,,0,15,,211202,10,0,84,0,55,,211241,10,,,0,15,,211201,10,0,84,0,15,,211200,10,,,0,15,,211199,10,0,84,0,56,,211213,10,,,0,16,,211198,10,0,84,0,14,,211211,10,,,0,15,,211197,10,0,84,0,55,,211223,10,,,0,15,,211221,10,0,84,0,16,,211243,10,,,0,15,,211192,10,0,84,0,55,,211216,10,,,0,15,,211220,10,0,84,0,15,,211235,10,,,0,15,,211236,10,0,84,0,55,,211209,10,,,0,15,,211219,10,0,84,0,15,,211227,10,,,0,15,,211226,10,0,84,0,55,,211230,10,,,0,15,,211187,10,0,84,0,15,,211214,10,,,0,15,,211207,10,0,84,0,55,,211242,10,,,0,15,,211186,10,0,84,0,15,,211231,10,,,0,14,,211206,10,0,84,0,54,,211184,10,,,0,15,,211191,10,0,84,0,15,,211234,10,,,0,15,,211212,10,0,84,0,55,,211240,10,,,0,16,,211190,10,0,84,0,16,,211183,10,,,0,16,,211188,10,0,84,0,54,,211215,10,,,0,15,,211196,10,0,84,0,14,,211245,10,,,0,15,,211237,10,0,84,0,55,,211208,10,,,0,15,,211195,10,0,84,0,15,,211244,10,,,0,15,,211239,10,0,84,0,55,,211228,10,,,0,16,,211194,10,0,84,0,16,,211217,10,,,0,16,,211225,10,0,84,0,57,,211229,10,,,0,15,,211193,10,0,84,0,16,,211233,10,0,84,0,16,,211246,10,0,84,0,66,,211210,10,,,0,30,,211238,10,0,84,0,70,,211218,10,,,0,30,,211224,10,0,84,0,70,,211222,10,,,0,30,,211247,10,0,84,0,70,,211248,10,0,84,0,30,,211189,10,,,0,72,,211232,10,,,0
673701,'101_merged_15727747',644,,217484,5,,,0,10,,217485,5,,,0,103,,217486,5,,,0,683,,217483,5,,,0
673701,'1_merged_15727750',512,,217524,5,,,0,10,,217525,5,,,0,10,,217488,5,,,0,11,,217522,5,,,0,10,,217523,5,,,0,50,,217487,5,,,0,10,,217526,5,,,0,10,,217489,5,,,0,10,,217543,5,,,0,71,,217527,5,,,0,9,,217544,5,,,0,9,,217545,5,,,0,9,,217528,5,,,0,10,,217529,5,,,0,9,,217530,5,,,0,52,,217505,5,,,0,10,,217547,5,,,0,15,,217506,5,,,0,15,,217507,5,,,0,15,,217546,5,,,0,55,,217508,5,,,0,24,,217509,5,,,0,69,,217510,5,,,0,30,,217511,5,,,0,70,,217512,5,,,0,30,,217513,5,,,0,21,,217514,5,,,0,60,,217515,5,,,0,18,,217516,5,,,0,18,,217517,5,,,0,59,,217518,5,,,0,16,,217519,5,,,0,16,,217520,5,,,0,15,,217521,5,,,0,55,,217502,5,,,0,15,,217503,5,,,0,16,,217504,5,,,0,12,,217491,5,,,0,52,,217533,5,,,0,12,,217534,5,,,0,15,,217535,5,,,0,15,,217490,5,,,0,55,,217536,5,,,0,15,,217537,5,,,0,15,,217538,5,,,0,17,,217539,5,,,0,57,,217540,5,,,0,14,,217548,5,,,0,14,,217541,5,,,0,17,,217492,5,,,0,58,,217532,5,,,0,16,,217493,5,,,0,26,,217494,5,,,0,69,,217531,5,,,0,30,,217495,5,,,0,70,,217496,5,,,0,29,,217497,5,,,0,73,,217498,5,,,0,27,,217542,5,,,0,73,,217499,5,,,0,101,,217500,5,,,0,116,,217501,5,,,0
673701,'201_merged_15727755',644,,217549,5,,,0,10,,217550,5,,,0
673701,'2_merged_15727752',606,,217551,5,,,0,20,,217552,5,,,0,20,,217553,5,,,0,60,,217554,5,,,0,20,,217555,5,,,0,21,,217556,5,,,0,60,,217557,5,,,0,20,,217558,5,,,0,20,,217559,5,,,0,60,,217560,5,,,0,21,,217561,5,,,0,20,,217562,5,,,0,60,,217563,5,,,0,20,,217564,5,,,0,20,,217565,5,,,0,60,,217566,5,,,0,20,,217567,5,,,0,20,,217568,5,,,0,60,,217569,5,,,0,21,,217570,5,,,0,20,,217571,5,,,0,60,,217572,5,,,0,20,,217573,5,,,0,20,,217574,5,,,0,60,,217575,5,,,0,20,,217576,5,,,0,20,,217577,5,,,0,55,,217578,5,,,0,15,,217597,5,,,0,15,,217579,5,,,0,15,,217580,5,,,0,55,,217581,5,,,0,15,,217598,5,,,0,15,,217582,5,,,0,15,,217596,5,,,0,71,,217583,5,,,0,30,,217584,5,,,0,70,,217585,5,,,0,30,,217586,5,,,0,70,,217587,5,,,0,29,,217588,5,,,0,70,,217589,5,,,0,30,,217590,5,,,0,71,,217591,5,,,0,31,,217592,5,,,0,70,,217593,5,,,0,98,,217594,5,,,0,123,,217595,5,,,0
673701,'3_merged_15727751',552,,217611,5,,,0,70,,217610,5,,,0,30,,217609,5,,,0,70,,217608,5,,,0,30,,217604,5,,,0,70,,217606,5,,,0,31,,217603,5,,,0,70,,217607,5,,,0,30,,217622,5,,,0,71,,217613,5,,,0,30,,217616,5,,,0,70,,217612,5,,,0,30,,217624,5,,,0,61,,217602,5,,,0,20,,217635,5,,,0,20,,217614,5,,,0,70,,217601,5,,,0,30,,217605,5,,,0,70,,217600,5,,,0,30,,217626,5,,,0,60,,217599,5,,,0,20,,217632,5,,,0,20,,217621,5,,,0,60,,217630,5,,,0,20,,217629,5,,,0,20,,217631,5,,,0,70,,217618,5,,,0,30,,217628,5,,,0,59,,217619,5,,,0,20,,217633,5,,,0,20,,217625,5,,,0,70,,217634,5,,,0,30,,217620,5,,,0,72,,217617,5,,,0,107,,217627,5,,,0,105,,217623,5,,,0,110,,217615,5,,,0
3780800,'1_merged_15727750',446,,237539,11,,,0,13,,237541,11,,,0,53,,237540,11,,,0,15,,237436,11,,,0,13,,237437,11,,,0,13,,237438,12,,,0,52,,237439,11,,,0,15,,237440,12,,,0,13,,237453,12,,,0,11,,237454,12,,,0,9,,237532,11,,,0,49,,237447,12,,,0,9,,237448,12,,,0,8,,237533,11,,,0,8,,237441,12,,,0,10,,237455,12,,,0,7,,237456,12,,,0,8,,237442,11,,,0,7,,237542,12,,,0,47,,237457,12,,,0,8,,237443,12,,,0,8,,237458,11,,,0,7,,237543,12,,,0,8,,237435,12,,,0,11,,237431,12,,,0,7,,237449,12,,,0,48,,237459,12,,,0,9,,237544,12,,,0,13,,237433,12,,,0,6,,237506,12,,,0,11,,237507,12,,,0,11,,237508,12,,,0,51,,237509,12,,,0,12,,237510,12,,,0,12,,237511,12,,,0,12,,237512,12,,,0,12,,237513,12,,,0,52,,237514,12,,,0,11,,237515,12,,,0,11,,237516,12,,,0,12,,237517,12,,,0,12,,237518,12,,,0,52,,237519,12,,,0,12,,237520,12,,,0,12,,237521,12,,,0,13,,237522,12,,,0,12,,237523,12,,,0,52,,237524,12,,,0,12,,237525,12,,,0,11,,237526,12,,,0,12,,237527,12,,,0,12,,237528,12,,,0,53,,237529,12,,,0,12,,237530,12,,,0,12,,237531,12,,,0,14,,237461,12,,,0,10,,237462,12,,,0,51,,237463,12,,,0,10,,237464,12,,,0,10,,237465,12,,,0,10,,237466,12,,,0,10,,237467,12,,,0,9,,237468,12,,,0,8,,237469,12,,,0,49,,237470,12,,,0,9,,237471,12,,,0,10,,237460,12,,,0,10,,237472,12,,,0,10,,237473,12,,,0,10,,237474,12,,,0,50,,237534,12,,,0,10,,237475,12,,,0,11,,237476,12,,,0,7,,237477,12,,,0,9,,237478,12,,,0,7,,237479,12,,,0,49,,237480,12,,,0,10,,237481,12,,,0,10,,237482,12,,,0,10,,237483,12,,,0,9,,237484,12,,,0,9,,237485,12,,,0,9,,237486,12,,,0,48,,237487,12,,,0,8,,237488,12,,,0,10,,237536,12,,,0,9,,237538,12,,,0,10,,237489,12,,,0,10,,237490,12,,,0,7,,237537,12,,,0,53,,237452,12,,,0,6,,237535,12,,,0,10,,237451,12,,,0,11,,237450,12,,,0,14,,237434,12,,,0,49,,237491,12,,,0,18,,237492,12,,,0,14,,237493,12,,,0,16,,237494,12,,,0,54,,237495,12,,,0,15,,237496,12,,,0,14,,237497,12,,,0,15,,237498,12,,,0,53,,237499,12,,,0,15,,237500,12,,,0,16,,237501,12,,,0,14,,237502,12,,,0,54,,237503,12,,,0,15,,237504,12,,,0,13,,237505,12,,,0,16,,237444,12,,,0,14,,237445,12,,,0,55,,237446,12,,,0,17,,237432,12,,,0
3780800,'2_merged_15727752',442,,237637,11,,,0,15,,237638,11,,,0,55,,237639,11,,,0,15,,237556,11,,,0,15,,237561,11,,,0,15,,237545,12,,,0,56,,237546,12,,,0,17,,237547,12,,,0,15,,237548,12,,,0,56,,237549,12,,,0,15,,237555,12,,,0,15,,237577,12,,,0,15,,237578,12,,,0,55,,237579,12,,,0,14,,237580,12,,,0,16,,237581,12,,,0,15,,237582,12,,,0,57,,237583,12,,,0,15,,237584,12,,,0,14,,237585,12,,,0,15,,237586,12,,,0,61,,237587,12,,,0,15,,237588,12,,,0,16,,237589,12,,,0,15,,237590,12,,,0,55,,237591,12,,,0,17,,237592,12,,,0,15,,237593,12,,,0,11,,237594,11,,,0,50,,237595,12,,,0,11,,237596,11,,,0,12,,237632,12,,,0,13,,237557,12,,,0,12,,237558,11,,,0,52,,237559,12,,,0,11,,237565,12,,,0,12,,237560,12,,,0,13,,237597,12,,,0,12,,237598,12,,,0,52,,237599,12,,,0,12,,237600,12,,,0,12,,237601,12,,,0,12,,237602,12,,,0,12,,237603,12,,,0,52,,237604,12,,,0,12,,237605,12,,,0,13,,237606,12,,,0,12,,237607,12,,,0,12,,237608,12,,,0,51,,237609,12,,,0,11,,237610,12,,,0,10,,237633,12,,,0,10,,237611,11,,,0,10,,237612,12,,,0,10,,237613,12,,,0,52,,237614,12,,,0,10,,237615,12,,,0,9,,237616,12,,,0,10,,237634,12,,,0,10,,237617,12,,,0,10,,237618,12,,,0,50,,237619,12,,,0,10,,237620,12,,,0,11,,237621,12,,,0,10,,237635,12,,,0,10,,237622,12,,,0,10,,237623,12,,,0,47,,237624,12,,,0,10,,237625,12,,,0,9,,237626,12,,,0,11,,237636,12,,,0,10,,237627,12,,,0,12,,237628,12,,,0,54,,237629,12,,,0,13,,237630,12,,,0,12,,237631,12,,,0,14,,237562,12,,,0,57,,237563,12,,,0,15,,237564,12,,,0,19,,237550,12,,,0,13,,237567,12,,,0,54,,237568,12,,,0,17,,237569,12,,,0,12,,237570,12,,,0,18,,237571,12,,,0,53,,237572,12,,,0,14,,237573,12,,,0,14,,237574,12,,,0,15,,237575,12,,,0,58,,237576,12,,,0,10,,237551,12,,,0,15,,237566,12,,,0,16,,237552,12,,,0,53,,237553,12,,,0,15,,237554,12,,,0
3780800,'3_merged_15727751',452,,237730,11,,,0,57,,237731,11,,,0,15,,237658,11,,,0,15,,237663,11,,,0,15,,237640,12,,,0,56,,237641,11,,,0,15,,237642,12,,,0,15,,237643,12,,,0,16,,237644,12,,,0,55,,237653,12,,,0,14,,237670,12,,,0,15,,237671,12,,,0,16,,237672,12,,,0,55,,237673,12,,,0,15,,237674,12,,,0,15,,237675,12,,,0,15,,237676,12,,,0,56,,237677,12,,,0,18,,237678,12,,,0,15,,237679,12,,,0,55,,237680,12,,,0,15,,237681,12,,,0,16,,237654,12,,,0,15,,237664,12,,,0,56,,237655,12,,,0,15,,237659,12,,,0,13,,237656,12,,,0,14,,237660,12,,,0,58,,237661,12,,,0,15,,237657,12,,,0,14,,237662,12,,,0,15,,237689,12,,,0,54,,237690,12,,,0,12,,237691,12,,,0,14,,237692,12,,,0,10,,237693,11,,,0,12,,237694,12,,,0,52,,237695,12,,,0,12,,237696,12,,,0,12,,237697,12,,,0,13,,237698,12,,,0,12,,237699,12,,,0,52,,237700,12,,,0,12,,237701,12,,,0,12,,237702,12,,,0,10,,237703,12,,,0,13,,237704,12,,,0,11,,237705,12,,,0,53,,237706,12,,,0,12,,237707,12,,,0,12,,237708,12,,,0,10,,237709,12,,,0,10,,237710,12,,,0,51,,237711,12,,,0,10,,237712,12,,,0,10,,237713,12,,,0,11,,237714,12,,,0,10,,237727,12,,,0,10,,237715,12,,,0,50,,237716,12,,,0,10,,237717,12,,,0,10,,237718,12,,,0,10,,237719,12,,,0,10,,237728,12,,,0,10,,237720,12,,,0,50,,237721,12,,,0,10,,237722,12,,,0,12,,237723,12,,,0,8,,237724,12,,,0,12,,237729,12,,,0,50,,237725,12,,,0,15,,237726,12,,,0,16,,237665,12,,,0,12,,237666,12,,,0,14,,237667,12,,,0,56,,237668,12,,,0,13,,237682,12,,,0,15,,237683,12,,,0,15,,237684,12,,,0,55,,237685,12,,,0,13,,237686,12,,,0,15,,237687,12,,,0,15,,237688,12,,,0,55,,237645,12,,,0,14,,237646,12,,,0,15,,237647,12,,,0,17,,237648,12,,,0,51,,237649,12,,,0,16,,237669,12,,,0,15,,237650,12,,,0,15,,237651,12,,,0,65,,237652,12,,,0
