668700,'101_merged_15726436',832,,207972,3,,,0,689,,207974,3,,,0,30,,207975,3,,,0,50,,207976,3,,,0
668700,'1_merged_15726439',535,,207978,11,,,0,71,,207979,3,,,0,15,,207980,3,,,0,9,,207981,39,,,0,11,,207982,3,,,0,10,,207983,3,,,0,49,,207984,39,,,0,11,,207985,3,,,0,10,,207986,3,,,0,9,,207987,39,,,0,11,,207988,3,,,0,4,,207989,39,,,0,11,,207990,3,,,0,44,,207991,39,,,0,6,,207992,3,,,0,5,,207993,3,,,0,4,,207994,39,,,0,15,,207995,39,,,0,6,,207996,3,,,0,9,,207997,39,,,0,11,,207998,3,0,46 47,0,44,,207999,39,,,0,11,,208000,3,,,0,4,,208001,39,,,0,11,,208002,3,,,0,4,,208003,39,,,0,11,,208004,3,,,0,18,,208005,3,,,0,41,,208006,39,,,0,1,,208007,3,0,46 47,0,10,,208008,3,,,0,15,,208009,3,,,0,4,,208010,39,,,0,11,,208011,3,,,0,15,,208012,3,,,0,44,,208013,39,,,0,11,,208014,3,,,0,15,,208015,3,,,0,4,,208016,39,,,0,11,,208017,3,,,0,15,,208018,3,,,0,44,,208019,39,,,0,11,,208020,3,,,0,15,,208021,3,,,0,4,,208022,39,,,0,11,,208023,3,,,0,15,,208024,3,,,0,44,,208025,39,,,0,11,,208026,3,,,0,15,,208027,3,,,0,4,,208028,39,,,0,11,,208029,3,,,0,15,,208030,3,,,0,44,,208031,39,,,0,11,,208032,3,,,0,15,,208033,3,,,0,4,,208034,39,,,0,11,,208035,3,,,0,10,,208036,3,,,0,49,,208037,39,,,0,1,,208038,3,,,0,10,,208039,3,,,0,19,,208040,39,,,0,1,,208041,3,,,0,10,,208042,3,,,0,59,,208043,39,,,0,11,,208044,3,,,0,10,,208045,3,,,0,9,,208046,39,,,0,1,,208047,3,,,0,10,,208048,3,,,0,10,,208049,3,,,0,49,,208050,39,,,0,1,,208051,3,,,0,10,,208052,3,,,0,4,,208053,39,,,0,6,,208054,3,,,0,5,,208055,3,,,0,4,,208056,39,,,0,1,,208057,3,,,0,10,,208058,3,,,0,3,,208059,3,,,0,1,,208060,39,,,0,55,,208061,39,,,0,1,,208062,3,,,0,10,,208063,3,,,0,4,,208064,39,,,0,6,,208065,3,,,0,9,,208066,39,,,0,1,,208067,3,,,0,10,,208068,3,,,0,4,,208069,39,,,0,1,,208070,3,0,46 47,0,54,,208071,39,,,0,1,,208072,3,,,0,14,,208073,39,,,0,6,,208074,3,,,0,9,,208075,39,,,0,11,,208076,3,,,0,59,,208077,39,,,0,1,,208078,3,,,0,20,,208079,3,,,0,9,,208080,39,,,0,21,,208081,3,,,0,49,,208082,39,,,0,21,,208083,3,,,0,8,,208084,39,,,0,30,,208085,39,,,0,75,,208086,39,,,0,70,,208087,39,,,0,31,,208088,39,,,0,70,,208089,39,,,0,30,,208090,39,,,0
668700,'201_merged_15726444',832,,208091,3,,,0,689,,208092,3,,,0,30,,208093,3,,,0,50,,208094,3,,,0
668700,'2_merged_15726441',534,,208096,11,,,0,69,,208097,3,,,0,31,,208098,11,,,0,66,,208099,39,,,0,14,,208100,3,,,0,16,,208101,39,,,0,14,,208102,3,,,0,56,,208103,39,,,0,14,,208104,3,,,0,16,,208105,39,,,0,15,,208106,39,,,0,5,,208107,3,,,0,50,,208108,39,,,0,20,,208109,3,,,0,10,,208110,39,,,0,5,,208111,3,,,0,12,,208112,3,,,0,12,,208113,3,,,0,41,,208114,39,,,0,11,,208115,3,,,0,12,,208116,3,,,0,7,,208117,39,,,0,5,,208118,3,,,0,12,,208119,3,,,0,12,,208120,3,,,0,41,,208121,39,,,0,11,,208122,3,,,0,12,,208123,3,,,0,7,,208124,39,,,0,5,,208125,3,,,0,15,,208126,3,,,0,50,,208127,39,,,0,5,,208128,3,,,0,15,,208129,3,,,0,10,,208130,39,,,0,5,,208131,3,,,0,19,,208132,3,,,0,46,,208133,39,,,0,5,,208134,3,,,0,15,,208135,3,,,0,10,,208136,39,,,0,5,,208137,3,,,0,11,,208138,3,,,0,12,,208139,3,,,0,42,,208140,39,,,0,10,,208141,3,,,0,14,,208142,3,,,0,6,,208143,39,,,0,6,,208144,3,,,0,12,,208145,3,,,0,52,,208147,3,,,0,12,,208148,3,,,0,12,,208149,3,,,0,6,,208150,39,,,0,6,,208151,3,,,0,10,,208152,3,,,0,12,,208153,3,,,0,42,,208154,39,,,0,1,,208155,3,,,0,9,,208156,39,,,0,3,,208157,3,,,0,12,,208158,3,,,0,5,,208159,39,,,0,7,,208160,3,,,0,12,,208161,3,,,0,51,,208162,39,,,0,1,,208163,3,,,0,9,,208164,39,,,0,3,,208165,3,,,0,12,,208166,3,,,0,5,,208167,39,,,0,7,,208168,3,,,0,12,,208169,3,,,0,51,,208170,39,,,0,1,,208171,3,,,0,12,,208172,3,,,0,2,,208173,39,,,0,10,,208174,3,,,0,5,,208175,39,,,0,7,,208176,3,,,0,12,,208177,3,,,0,51,,208178,39,,,0,1,,208179,3,,,0,18,,208180,3,,,0,11,,208181,39,,,0,2,,208182,3,,,0,20,,208183,3,,,0,48,,208184,39,,,0,12,,208185,3,,,0,18,,208186,39,,,0,2,,208187,3,,,0,68,,208188,39,,,0,2,,208189,3,,,0,28,,208190,39,,,0,16,,208191,3,,,0,13,,208192,39,,,0,57,,208193,3,,,0,18,,208194,39,,,0,71,,208195,39,,,0,11,,208196,3,,,0,18,,208197,39,,,0,70,,208198,39,,,0,31,,208199,39,,,0
668700,'3_merged_15726440',625,,208200,3,,,0,31,,208201,3,,,0,74,,208202,39,,,0,70,,208203,39,,,0,15,,208204,3,,,0,15,,208205,39,,,0,1,,208206,3,,,0,14,,208207,39,,,0,55,,208208,39,,,0,13,,208209,3,,,0,17,,208210,39,,,0,15,,208211,39,,,0,3,,208212,3,,,0,52,,208213,39,,,0,30,,208215,39,,,0,3,,208216,3,,,0,15,,208217,3,,,0,52,,208218,39,,,0,3,,208219,3,,,0,15,,208220,3,,,0,12,,208221,39,,,0,3,,208222,3,,,0,15,,208223,3,,,0,52,,208224,39,,,0,3,,208225,3,,,0,15,,208226,3,,,0,12,,208227,39,,,0,4,,208228,3,,,0,15,,208229,3,,,0,51,,208230,39,,,0,4,,208231,3,,,0,15,,208232,3,,,0,11,,208233,39,,,0,4,,208234,3,,,0,15,,208235,3,,,0,51,,208236,39,,,0,4,,208237,3,,,0,14,,208238,3,,,0,12,,208239,39,,,0,3,,208240,3,,,0,15,,208241,3,,,0,52,,208242,39,,,0,1,,208243,3,,,0,12,,208244,3,,,0,12,,208245,3,,,0,5,,208246,39,,,0,7,,208247,3,,,0,12,,208248,3,,,0,51,,208249,39,,,0,1,,208250,3,,,0,12,,208251,3,,,0,12,,208252,3,,,0,5,,208253,39,,,0,7,,208254,3,,,0,12,,208255,3,,,0,51,,208256,39,,,0,1,,208257,3,,,0,12,,208258,3,,,0,12,,208259,3,,,0,5,,208260,39,,,0,7,,208261,3,,,0,12,,208262,3,,,0,51,,208263,39,,,0,1,,208264,3,,,0,12,,208265,3,,,0,12,,208266,3,,,0,5,,208267,39,,,0,7,,208268,3,,,0,12,,208269,3,,,0,51,,208270,39,,,0,1,,208271,3,,,0,15,,208272,3,,,0,14,,208273,39,,,0,15,,208274,3,,,0,55,,208275,39,,,0,15,,208276,3,,,0,15,,208277,39,,,0,15,,208278,3,,,0,55,,208279,39,,,0,15,,208280,39,,,0,15,,208281,39,,,0,70,,208282,39,,,0,35,,208283,39,,,0,70,,208284,39,,,0,30,,208285,39,,,0,66,,208286,3,0,46 47,0,10,,208287,3,,,0,24,,208288,39,,,0,1,,208289,3,0,46 47,0,105,,208290,3,0,46 47,0
669000,'101_merged_15726436',1519,,208839,27,0,46 47 48,0
669000,'1_merged_15726439',650,,208840,27,,,0,71,,208841,27,,,0,31,,208842,27,,,0,66,,208843,27,,,0,94,,208844,27,0,46 47 48,0,43,,208845,27,0,46 47 48,0,99,,208846,27,0,46 47 48,0,101,,208847,27,0,46 47 48,0,98,,208848,27,0,46 47 48,0,100,,208849,27,,,0,99,,208850,27,,,0,70,,208851,27,,,0,30,,208852,27,,,0,69,,208853,27,,,0,36,,208854,27,0,46 47 48,0,70,,208855,27,0,46 47 48,0,29,,208856,27,0,46 47 48,0,70,,208857,27,0,46 47 48,0,30,,208858,27,0,46 47 48,0,70,,208859,27,0,46 47 48,0,30,,208860,27,0,46 47 48,0,98,,208861,27,0,46 47 48,0,99,,208862,27,0,46 47 48,0,149,,208863,27,0,46 47 48,0
669000,'2_merged_15726441',753,,208864,27,0,46 47 48,0,100,,208865,27,0,46 47 48,0,100,,208866,27,0,46 47 48,0,100,,208867,27,0,46 47 48,0,100,,208868,27,0,46 47 48,0,100,,208869,27,0,46 47 48,0,100,,208870,27,0,46 47 48,0,100,,208871,27,0,46 47 48,0,100,,208872,27,0,46 47 48,0,100,,208873,27,0,46 47 48,0,100,,208874,27,0,46 47 48,0,100,,208875,27,0,46 47 48,0,100,,208876,27,0,46 47 48,0,100,,208877,27,0,46 47 48,0,100,,208878,27,0,46 47 48,0,149,,208879,27,0,46 47 48,0
669000,'3_merged_15726440',853,,208880,27,0,46 47 48,0,100,,208881,27,0,46 47 48,0,100,,208882,27,0,46 47 48,0,100,,208883,27,0,46 47 48,0,100,,208884,27,0,46 47 48,0,100,,208885,27,0,46 47 48,0,100,,208886,27,0,46 47 48,0,100,,208887,27,0,46 47 48,0,100,,208888,27,0,46 47 48,0,100,,208889,27,0,46 47 48,0,100,,208890,27,0,46 47 48,0,100,,208891,27,0,46 47 48,0,100,,208892,27,0,46 47 48,0,100,,208893,27,0,46 47 48,0,149,,208894,27,0,46 47 48,0
669200,'1_merged_15726439',546,,209056,3,,,0,70,,209057,3,,,0,30,,209058,3,,,0,60,,209059,3,,,0,20,,209060,3,,,0,20,,209061,3,,,0,60,,209062,3,,,0,20,,209063,3,,,0,20,,209064,3,,,0,60,,209065,3,,,0,20,,209066,3,,,0,20,,209067,3,,,0,60,,209068,3,,,0,20,,209069,3,,,0,20,,209070,3,,,0,60,,209071,3,,,0,20,,209072,3,,,0,20,,209073,3,,,0,60,,209074,3,,,0,20,,209075,3,,,0,20,,209076,3,,,0,60,,209077,3,,,0,20,,209078,3,,,0,20,,209079,3,,,0,60,,209080,3,,,0,20,,209081,3,,,0,20,,209082,3,,,0,60,,209083,3,,,0,20,,209084,3,,,0,20,,209085,3,,,0,60,,209086,3,,,0,20,,209087,3,,,0,20,,209088,3,,,0,60,,209089,3,,,0,20,,209090,3,,,0,20,,209091,3,,,0,60,,209092,3,,,0,25,,209093,3,,,0,70,,209094,3,,,0,30,,209095,3,,,0,70,,209096,3,,,0,20,,209097,3,,,0,30,,209098,3,,,0,80,,209099,3,,,0
669200,'2_merged_15726441',541,,209106,3,,,0,60,,209107,3,,,0,30,,209108,3,,,0,70,,209109,3,,,0,30,,209110,3,,,0,70,,209111,3,,,0,30,,209112,3,,,0,70,,209113,3,,,0,30,,209114,3,,,0,70,,209115,3,,,0,30,,209116,3,,,0,70,,209117,3,,,0,20,,209118,3,,,0,20,,209119,3,,,0,60,,209120,3,,,0,20,,209121,3,,,0,20,,209122,3,,,0,60,,209123,3,,,0,20,,209124,3,,,0,20,,209125,3,,,0,60,,209126,3,,,0,20,,209127,3,,,0,20,,209128,3,,,0,60,,209129,3,,,0,20,,209130,3,,,0,20,,209131,3,,,0,60,,209132,3,,,0,20,,209133,3,,,0,20,,209134,3,,,0,60,,209135,3,,,0,20,,209136,3,,,0,20,,209137,3,,,0,60,,209138,3,,,0,30,,209139,3,,,0,70,,209140,3,,,0,30,,209141,3,,,0,70,,209142,3,,,0,30,,209143,3,,,0
669200,'3_merged_15726440',631,,209151,3,,,0,70,,209152,3,,,0,30,,209153,3,,,0,70,,209154,3,,,0,30,,209155,3,,,0,70,,209156,3,,,0,30,,209157,3,,,0,70,,209158,3,,,0,30,,209159,3,,,0,70,,209160,3,,,0,20,,209161,3,,,0,20,,209162,3,,,0,60,,209163,3,,,0,20,,209164,3,,,0,20,,209165,3,,,0,60,,209166,3,,,0,20,,209167,3,,,0,20,,209168,3,,,0,60,,209169,3,,,0,20,,209170,3,,,0,20,,209171,3,,,0,60,,209172,3,,,0,20,,209173,3,,,0,20,,209174,3,,,0,60,,209175,3,,,0,20,,209176,3,,,0,20,,209177,3,,,0,60,,209178,3,,,0,20,,209179,3,,,0,20,,209180,3,,,0,60,,209181,3,,,0,30,,209182,3,,,0,70,,209183,3,,,0,30,,209184,3,,,0,70,,209185,3,,,0,30,,209186,3,,,0
