674900,'101_merged_15727747',744,,219156,41,0,62 63 64,0,68,,219157,22,0,62 63 129,0,4,,219156,61,0,62 63 64,0
674900,'1_merged_15727750',556,,219221,41,0,62 63 129,0,51,,219222,41,0,62 63 129,0,19,,219223,41,0,62 63 129,0,17,,219224,41,0,62 63 129,0,15,,219225,41,0,62 63 129,0,59,,219226,41,0,62 63 129,0,15,,219227,41,0,62 63 129,0,75,,219228,41,0,62 63 129,0,41,,219167,41,0,62 63 129,0,77,,219213,41,0,62 63 129,0,24,,219215,41,0,62 63 129,0,64,,219218,41,0,62 63 129,0,33,,219220,41,0,62 63 129,0,71,,219193,41,0,62 63 129,0,30,,219195,41,0,62 63 129,0,72,,219197,41,0,62 63 129,0,30,,219199,41,0,62 63 129,0,69,,219201,41,0,62 63 129,0,31,,219203,41,0,62 63 129,0,70,,219205,41,0,62 63 129,0,101,,219207,41,0,62 63 129,0,16,,219208,41,0,62 63 129,0,15,,219209,41,0,62 63 129,0,53,,219210,41,0,62 63 129,0,17,,219211,41,0,62 63 129,0,14,,219159,41,0,62 63 129,0,14,,219165,41,0,62 63 129,0,63,,219187,41,0,62 63 129,0,8,,219169,41,0,62 63 129,0,21,,219158,41,0,62 63 129,0,7,,219188,41,0,62 63 129,0,60,,219189,41,0,62 63 129,0,3,,219190,41,0,62 63 129,0,15,,219191,41,0,62 63 129,0,21,,219192,41,0,62 63 129,0,9,,219166,41,0,62 63 129,0,55,,219160,41,0,62 63 129,0,10,,219170,41,0,62 63 129,0,15,,219171,41,0,62 63 129,0,14,,219182,41,0,62 63 129,0,56,,219183,41,0,62 63 129,0,12,,219184,41,0,62 63 129,0,28,,219186,41,0,62 63 129,0,55,,219164,41,0,62 63 129,0,13,,219161,41,0,62 63 129,0,31,,219175,41,0,62 63 129,0,70,,219176,41,0,62 63 129,0,30,,219177,41,0,62 63 129,0,70,,219162,41,0,62 63 129,0,28,,219179,41,0,62 63 129,0,70,,219173,41,0,62 63 129,0,25,,219178,41,0,62 63 129,0,70,,219163,41,0,62 63 129,0
674900,'201_merged_15727755',744,,219231,41,0,62 63 129,0
674900,'2_merged_15727752',641,,219234,41,0,62 63 129,0,71,,219235,41,0,62 63 129,0,26,,219236,41,0,62 63 129,0,15,,219237,41,0,62 63 129,0,70,,219239,41,0,62 63 129,0,26,,219241,41,0,62 63 129,0,73,,219243,41,0,62 63 129,0,31,,219245,41,0,62 63 129,0,74,,219247,41,0,62 63 129,0,29,,219249,41,0,62 63 129,0,70,,219251,41,0,62 63 129,0,32,,219253,41,0,62 63 129,0,72,,219255,41,0,62 63 129,0,72,,219257,41,0,62 63 129,0,27,,219259,41,0,62 63 129,0,72,,219261,41,0,62 63 129,0,30,,219263,41,0,62 63 129,0,70,,219265,41,0,62 63 129,0,32,,219267,41,0,62 63 129,0,71,,219269,41,0,62 63 129,0,30,,219271,41,0,62 63 129,0,66,,219273,41,0,62 63 129,0,29,,219275,41,0,62 63 129,0,29,,219277,41,0,62 63 129,0,70,,219279,41,0,62 63 129,0,27,,219281,41,0,62 63 129,0,55,,219282,41,0,62 63 129,0,15,,219283,41,0,62 63 129,0,20,,219284,41,0,62 63 129,0,60,,219285,41,0,62 63 129,0,18,,219286,41,0,62 63 129,0,21,,219287,41,0,62 63 129,0,60,,219288,41,0,62 63 129,0,19,,219289,41,0,62 63 129,0,25,,219290,41,0,62 63 129,0,70,,219291,41,0,62 63 129,0,26,,219292,41,0,62 63 129,0,70,,219293,41,0,62 63 129,0,28,,219294,41,0,62 63 129,0,70,,219295,41,0,62 63 129,0,29,,219296,41,0,62 63 129,0,70,,219297,41,0,62 63 129,0
674900,'3_merged_15727751',646,,219328,41,0,62 63 129,0,72,,219327,41,0,62 63 129,0,23,,219333,41,0,62 63 129,0,70,,219332,41,0,62 63 129,0,31,,219343,41,0,62 63 129,0,69,,219341,41,0,62 63 129,0,37,,219339,41,0,62 63 129,0,72,,219362,41,0,62 63 129,0,31,,219337,41,0,62 63 129,0,70,,219335,41,0,62 63 129,0,24,,219331,41,0,62 63 129,0,71,,219329,41,0,62 63 129,0,30,,219303,41,0,62 63 129,0,70,,219301,41,0,62 63 129,0,32,,219299,41,0,62 63 129,0,64,,219360,41,0,62 63 129,0,35,,219358,41,0,62 63 129,0,70,,219356,41,0,62 63 129,0,33,,219353,41,0,62 63 129,0,70,,219351,41,0,62 63 129,0,26,,219349,41,0,62 63 129,0,70,,219347,41,0,62 63 129,0,28,,219345,41,0,62 63 129,0,70,,219326,41,0,62 63 129,0,34,,219324,41,0,62 63 129,0,70,,219322,41,0,62 63 129,0,29,,219320,41,0,62 63 129,0,68,,219318,41,0,62 63 129,0,30,,219315,41,0,62 63 129,0,66,,219313,41,0,62 63 129,0,20,,219312,41,0,62 63 129,0,19,,219311,41,0,62 63 129,0,71,,219310,41,0,62 63 129,0,31,,219309,41,0,62 63 129,0,70,,219308,41,0,62 63 129,0,28,,219307,41,0,62 63 129,0,69,,219306,41,0,62 63 129,0,30,,219305,41,0,62 63 129,0
674900,'701_merged_15727744',1505,,219364,41,0,62 63 121 122 123,0
674900,'801_merged_15727766',1500,,219365,41,0,62 63 129,0
680500,'1_merged_15727750',658,,220926,7,,,0,200,,220925,7,,,0,200,,220924,7,,,0,201,,220923,7,,,0,270,,220922,7,,,0,175,,220921,7,,,0,196,,220927,7,,,0
680500,'2_merged_15727752',858,,220930,7,,,0,200,,220931,7,,,0,200,,220932,7,,,0,200,,220933,7,,,0,198,,220928,7,,,0,202,,220929,7,,,0
3404200,'101_merged_15727747',803,,235081,9,,,0,699,,235083,9,,,0,8,,235082,9,,,0,92,,235084,9,,,0
3404200,'1_merged_15727750',509,,235107,9,,,0,30,,235097,9,,,0,63,,235096,9,,,0,5,,235106,9,,,0,23,,235088,9,,,0,7,,235087,9,,,0,63,,235105,9,,,0,5,,235108,9,,,0,33,,235095,9,,,0,70,,235104,9,,,0,29,,235094,9,,,0,70,,235103,9,,,0,100,,235102,9,,,0,100,,235101,9,,,0,102,,235100,9,,,0,98,,235099,9,,,0,95,,235098,9,,,0,36,,235109,9,,,0,85,,235093,9,,,0,24,,235110,9,,,0,70,,235092,9,,,0,112,,235091,17,,,0,78,,235086,9,,,0,20,,235111,9,,,0,20,,235085,9,,,0,105,,235090,9,,,0,97,,235089,9,,,0
3404200,'201_merged_15727755',1602,,235112,9,,,0
3404200,'2_merged_15727752',811,,235118,9,,,0,100,,235119,9,,,0,101,,235117,9,,,0,100,,235120,9,,,0,100,,235116,9,,,0,100,,235121,9,,,0,100,,235115,9,,,0,100,,235122,9,,,0,101,,235114,9,,,0,99,,235123,9,,,0,100,,235113,9,,,0
3404200,'3_merged_15727751',806,,235129,9,,,0,100,,235130,9,,,0,100,,235128,9,,,0,100,,235131,9,,,0,100,,235127,9,,,0,101,,235132,9,,,0,100,,235126,9,,,0,100,,235133,9,,,0,100,,235125,9,,,0,100,,235134,9,,,0,100,,235124,9,,,0
