2263800,'101_merged_15726436',726,,227870,7,,,0,826,,227869,7,,,0
2263800,'1_merged_15726439',507,,227903,7,,,0,30,,227904,7,,,0,71,,227905,7,,,0,11,,227906,7,,,0,14,,227907,7,,,0,17,,227908,7,,,0,53,,227909,7,,,0,16,,227910,7,,,0,10,,227911,7,,,0,20,,227912,7,,,0,63,,227913,7,,,0,18,,227914,7,,,0,25,,227880,7,,,0,65,,227881,7,,,0,30,,227882,7,,,0,70,,227883,7,,,0,30,,227884,7,,,0,70,,227885,7,,,0,30,,227886,7,,,0,70,,227887,7,,,0,30,,227888,7,,,0,71,,227889,7,,,0,33,,227890,7,,,0,67,,227891,7,,,0,28,,227892,7,,,0,72,,227893,7,,,0,16,,227894,7,,,0,65,,227923,7,,,0,19,,227895,7,,,0,12,,227896,7,,,0,15,,227871,7,,,0,54,,227901,7,,,0,15,,227902,7,,,0,17,,227872,7,,,0,20,,227900,7,,,0,63,,227922,7,,,0,18,,227874,7,,,0,24,,227921,7,,,0,66,,227915,7,,,0,22,,227873,7,,,0,74,,227897,7,,,0,26,,227898,7,,,0,71,,227899,7,,,0,32,,227875,7,,,0,68,,227919,7,,,0,28,,227920,7,,,0,71,,227876,7,,,0,32,,227918,7,,,0,69,,227877,7,,,0,30,,227917,7,,,0,70,,227878,7,,,0,30,,227916,7,,,0,70,,227879,7,,,0
2263800,'201_merged_15726444',1552,,227924,7,,,0
2263800,'2_merged_15726441',603,,227925,7,,,0,20,,227926,7,,,0,31,,227927,7,,,0,70,,227928,7,,,0,30,,227929,7,,,0,70,,227930,7,,,0,30,,227931,7,,,0,71,,227932,7,,,0,30,,227933,7,,,0,70,,227934,7,,,0,30,,227935,7,,,0,70,,227936,7,,,0,30,,227937,7,,,0,70,,227938,7,,,0,31,,227939,7,,,0,70,,227940,7,,,0,30,,227941,7,,,0,70,,227942,7,,,0,30,,227943,7,,,0,70,,227944,7,,,0,30,,227945,7,,,0,70,,227946,7,,,0,30,,227947,7,,,0,70,,227948,7,,,0,30,,227949,7,,,0,65,,227950,7,,,0,29,,227951,7,,,0,70,,227952,7,,,0,30,,227953,7,,,0,70,,227954,7,,,0,29,,227955,7,,,0,70,,227956,7,,,0,30,,227957,7,,,0,70,,227958,7,,,0,30,,227959,7,,,0,70,,227960,7,,,0,30,,227961,7,,,0,89,,227962,7,,,0,67,,227963,7,,,0,43,,227964,7,,,0,70,,227965,7,,,0
2263800,'3_merged_15726440',633,,227978,7,,,0,70,,227969,7,,,0,30,,227979,7,,,0,71,,227980,7,,,0,30,,227981,7,,,0,70,,227982,7,,,0,30,,227983,7,,,0,70,,227985,7,,,0,31,,227986,7,,,0,70,,227984,7,,,0,30,,227987,7,,,0,70,,227988,7,,,0,30,,227989,7,,,0,70,,227990,7,,,0,30,,227991,7,,,0,70,,227992,7,,,0,30,,227993,7,,,0,70,,227994,7,,,0,30,,227995,7,,,0,70,,227996,7,,,0,30,,227997,7,,,0,70,,227998,7,,,0,30,,227999,7,,,0,70,,228000,7,,,0,30,,228001,7,,,0,70,,228002,7,,,0,30,,228003,7,,,0,69,,227966,7,,,0,30,,227967,7,,,0,72,,227968,7,,,0,31,,227970,7,,,0,77,,227971,7,,,0,31,,227972,7,,,0,69,,227973,7,,,0,25,,227974,7,,,0,69,,227975,7,,,0,30,,227976,7,,,0,70,,227977,7,,,0
3004601,'101_merged_15726436',1549,,230944,7,,,0,77,,230943,7,,,0
3004601,'1_merged_15726439',445,,230961,7,,,0,62,,230962,7,,,0,20,,230963,7,,,0,18,,230964,7,,,0,55,,230965,7,,,0,14,,230947,7,,,0,16,,230966,7,,,0,12,,230967,7,,,0,16,,230968,7,,,0,52,,230969,7,,,0,18,,230948,7,,,0,10,,230998,7,,,0,14,,230977,7,,,0,53,,230978,7,,,0,23,,230979,7,,,0,19,,230980,7,,,0,69,,230981,7,,,0,30,,230982,7,,,0,70,,230983,7,,,0,30,,230984,7,,,0,71,,230985,7,,,0,29,,230986,7,,,0,72,,230987,7,,,0,30,,230988,7,,,0,70,,230989,7,,,0,30,,230990,7,,,0,71,,230991,7,,,0,31,,230992,7,,,0,59,,230945,7,,,0,20,,230996,7,,,0,81,,230997,7,,,0,33,,230970,7,,,0,12,,230971,7,,,0,53,,230972,7,,,0,15,,230973,7,,,0,15,,230974,7,,,0,15,,230975,7,,,0,61,,230976,7,,,0,21,,230946,7,,,0,65,,230994,7,,,0,17,,230995,7,,,0,30,,230949,7,,,0,69,,230950,7,,,0,30,,230993,7,,,0,70,,230951,7,,,0,30,,230952,7,,,0,70,,230960,7,,,0,30,,230953,7,,,0,70,,230954,7,,,0,30,,230959,7,,,0,70,,230955,7,,,0,30,,230956,7,,,0,70,,230958,7,,,0,30,,230957,7,,,0
3004601,'201_merged_15726444',1549,,231000,7,,,0,77,,230999,7,,,0
3004601,'2_merged_15726441',525,,231038,7,,,0,30,,231013,7,,,0,70,,231039,7,,,0,30,,231040,7,,,0,70,,231041,7,,,0,30,,231001,7,,,0,70,,231002,7,,,0,31,,231003,7,,,0,70,,231004,7,,,0,30,,231005,7,,,0,70,,231006,7,,,0,31,,231007,7,,,0,70,,231008,7,,,0,30,,231009,7,,,0,70,,231010,7,,,0,30,,231011,7,,,0,70,,231012,7,,,0,30,,231014,7,,,0,70,,231015,7,,,0,30,,231016,7,,,0,71,,231017,7,,,0,30,,231018,7,,,0,70,,231019,7,,,0,30,,231020,7,,,0,69,,231021,7,,,0,30,,231022,7,,,0,70,,231023,7,,,0,30,,231024,7,,,0,70,,231025,7,,,0,29,,231026,7,,,0,70,,231027,7,,,0,32,,231028,7,,,0,69,,231029,7,,,0,29,,231030,7,,,0,71,,231031,7,,,0,29,,231032,7,,,0,70,,231033,7,,,0,30,,231034,7,,,0,70,,231035,7,,,0,30,,231036,7,,,0,69,,231037,7,,,0
3004601,'3_merged_15726440',525,,231043,7,,,0,30,,231044,7,,,0,70,,231045,7,,,0,30,,231046,7,,,0,70,,231047,7,,,0,30,,231048,7,,,0,70,,231049,7,,,0,30,,231050,7,,,0,70,,231051,7,,,0,30,,231052,7,,,0,70,,231053,7,,,0,31,,231054,7,,,0,70,,231055,7,,,0,30,,231042,7,,,0,70,,231056,7,,,0,30,,231057,7,,,0,70,,231058,7,,,0,30,,231059,7,,,0,70,,231060,7,,,0,30,,231061,7,,,0,71,,231062,7,,,0,30,,231063,7,,,0,73,,231064,7,,,0,27,,231065,7,,,0,72,,231066,7,,,0,27,,231067,7,,,0,70,,231068,7,,,0,30,,231069,7,,,0,70,,231070,7,,,0,30,,231071,7,,,0,70,,231072,7,,,0,30,,231073,7,,,0,69,,231074,7,,,0,30,,231075,7,,,0,70,,231076,7,,,0,30,,231077,7,,,0,70,,231078,7,,,0,30,,231079,7,,,0,70,,231080,7,,,0,30,,231081,7,,,0
3004900,'101_merged_15726436',1558,,231533,7,,,0,60,,231532,7,,,0
3004900,'1_merged_15726439',539,,231578,7,,,0,15,,231579,7,,,0,54,,231580,7,,,0,16,,231571,7,,,0,14,,231572,7,,,0,17,,231534,7,,,0,50,,231535,7,,,0,20,,231536,7,,,0,5,,231537,7,,,0,21,,231538,7,,,0,55,,231539,7,,,0,10,,231581,7,,,0,12,,231540,7,,,0,9,,231541,7,,,0,65,,231542,7,,,0,34,,231543,7,,,0,65,,231544,7,,,0,30,,231545,7,,,0,70,,231546,7,,,0,30,,231547,7,,,0,70,,231548,7,,,0,31,,231549,7,,,0,70,,231550,7,,,0,30,,231551,7,,,0,70,,231552,7,,,0,30,,231553,7,,,0,25,,231577,7,,,0,50,,231582,7,,,0,15,,231554,7,,,0,12,,231555,7,,,0,11,,231556,7,,,0,67,,231557,7,,,0,25,,231558,7,,,0,13,,231559,7,,,0,57,,231560,7,,,0,12,,231561,7,,,0,14,,231562,7,,,0,19,,231563,7,,,0,60,,231564,7,,,0,15,,231565,7,,,0,17,,231583,7,,,0,58,,231566,7,,,0,34,,231567,7,,,0,70,,231568,7,,,0,30,,231569,7,,,0,70,,231570,7,,,0,32,,231573,7,,,0,69,,231574,7,,,0,32,,231575,7,,,0,70,,231576,7,,,0
3004900,'201_merged_15726444',1558,,231585,7,,,0,60,,231584,7,,,0
3004900,'2_merged_15726441',541,,231598,7,,,0,68,,231600,7,,,0,30,,231601,7,,,0,70,,231602,7,,,0,30,,231603,7,,,0,71,,231604,7,,,0,30,,231605,7,,,0,70,,231606,7,,,0,31,,231586,7,,,0,65,,231591,7,,,0,35,,231599,7,,,0,66,,231616,7,,,0,30,,231607,7,,,0,70,,231608,7,,,0,30,,231609,7,,,0,70,,231610,7,,,0,30,,231611,7,,,0,70,,231612,7,,,0,30,,231613,7,,,0,70,,231614,7,,,0,29,,231615,7,,,0,71,,231617,7,,,0,20,,231622,7,,,0,20,,231587,7,,,0,60,,231588,7,,,0,20,,231623,7,,,0,20,,231589,7,,,0,60,,231590,7,,,0,20,,231624,7,,,0,20,,231592,7,,,0,62,,231593,7,,,0,19,,231625,7,,,0,18,,231594,7,,,0,60,,231595,7,,,0,30,,231596,7,,,0,70,,231597,7,,,0,30,,231618,7,,,0,70,,231619,7,,,0,30,,231620,7,,,0,69,,231621,7,,,0
3004900,'3_merged_15726440',639,,231628,7,,,0,70,,231629,7,,,0,30,,231630,7,,,0,70,,231631,7,,,0,30,,231626,7,,,0,71,,231627,7,,,0,30,,231632,7,,,0,70,,231633,7,,,0,30,,231634,7,,,0,70,,231635,7,,,0,31,,231636,7,,,0,65,,231637,7,,,0,30,,231638,7,,,0,70,,231639,7,,,0,30,,231640,7,,,0,70,,231641,7,,,0,30,,231642,7,,,0,71,,231643,7,,,0,30,,231644,7,,,0,70,,231645,7,,,0,30,,231646,7,,,0,70,,231647,7,,,0,30,,231648,7,,,0,70,,231649,7,,,0,25,,231650,7,,,0,75,,231651,7,,,0,30,,231652,7,,,0,69,,231653,7,,,0,30,,231654,7,,,0,69,,231655,7,,,0,30,,231656,7,,,0,65,,231657,7,,,0,32,,231658,7,,,0,72,,231659,7,,,0
3058400,'1_merged_15726439',531,,232736,8,,,0,28,,232737,8,,,0,70,,232725,8,,,0,25,,232757,8,,,0,57,,232758,8,,,0,19,,232738,8,,,0,17,,232739,8,,,0,58,,232759,8,,,0,19,,232740,8,,,0,35,,232741,8,,,0,65,,232742,8,,,0,27,,232743,8,,,0,70,,232744,8,,,0,27,,232745,8,,,0,75,,232746,8,,,0,27,,232747,8,,,0,64,,232748,8,,,0,33,,232749,8,,,0,73,,232750,8,,,0,30,,232751,8,,,0,75,,232752,8,,,0,27,,232753,8,,,0,74,,232754,8,,,0,31,,232755,8,,,0,77,,232756,8,,,0,70,,232726,8,,,0,32,,232735,8,,,0,79,,232727,8,,,0,24,,232734,8,,,0,63,,232728,8,,,0,35,,232733,8,,,0,65,,232729,8,,,0,32,,232732,8,,,0,70,,232730,8,,,0,33,,232731,8,,,0,98,,232760,8,,,0
3058400,'2_merged_15726441',558,,232761,8,,,0,68,,232762,8,,,0,75,,232763,8,,,0,30,,232764,8,,,0,70,,232765,8,,,0,30,,232766,8,,,0,70,,232767,8,,,0,31,,232768,8,,,0,71,,232769,8,,,0,30,,232770,8,,,0,70,,232771,8,,,0,30,,232772,8,,,0,70,,232773,8,,,0,30,,232774,8,,,0,71,,232775,8,,,0,30,,232776,8,,,0,70,,232777,8,,,0,31,,232778,8,,,0,70,,232779,8,,,0,29,,232780,8,,,0,70,,232781,8,,,0,30,,232782,8,,,0,70,,232783,8,,,0,30,,232784,8,,,0,69,,232785,8,,,0,30,,232786,8,,,0,70,,232787,8,,,0,30,,232788,8,,,0,70,,232789,8,,,0,30,,232792,8,,,0,73,,232790,8,,,0,32,,232791,8,,,0,101,,232793,8,,,0,100,,232794,8,,,0
3058400,'3_merged_15726440',738,,232796,8,,,0,72,,232797,8,,,0,29,,232798,8,,,0,70,,232799,8,,,0,30,,232800,8,,,0,70,,232801,8,,,0,30,,232802,8,,,0,72,,232803,8,,,0,31,,232804,8,,,0,71,,232805,8,,,0,30,,232806,8,,,0,70,,232807,8,,,0,30,,232808,8,,,0,70,,232809,8,,,0,28,,232810,8,,,0,70,,232811,8,,,0,31,,232812,8,,,0,70,,232813,8,,,0,30,,232814,8,,,0,71,,232815,8,,,0,30,,232816,8,,,0,70,,232795,8,,,0,29,,232817,8,,,0,70,,232818,8,,,0,28,,232819,8,,,0,70,,232820,8,,,0,31,,232821,8,,,0,71,,232822,8,,,0,28,,232823,8,,,0,101,,232824,8,,,0,100,,232825,8,,,0
