670501,'1_merged_15726439',518,,211792,48,0,76 77 89,0,24,,211785,48,0,76 77 89,0,15,,211769,48,0,76 77 57,0,47,,211793,48,0,76 77 89,0,13,,211875,48,0,76 77 57,0,10,,211772,48,0,76 77 57,0,8,,211791,48,0,76 77 89,0,10,,211794,48,0,76 77 89,0,12,,211771,48,0,76 77 57,0,50,,211876,48,0,76 77 57,0,9,,211879,48,0,76 77 57,0,6,,211822,54,0,76 77 89,0,14,,211774,54,0,76 77 57,0,9,,211783,54,0,76 77 57,0,9,,211795,54,0,76 77 57,0,49,,211878,54,0,76 77 57,0,10,,211796,54,0,76 77 57,0,10,,211828,54,0,76 77 57,0,10,,211829,54,0,76 77 57,0,10,,211797,54,0,76 77 57,0,10,,211831,54,0,76 77 57,0,50,,211798,54,0,76 77 57,0,10,,211830,54,0,76 77 57,0,10,,211799,54,0,76 77 57,0,9,,211800,54,0,76 77 57,0,10,,211832,54,0,76 77 57,0,10,,211838,54,0,76 77 57,0,50,,211801,54,0,76 77 57,0,10,,211839,48,0,76 77 57,0,10,,211840,48,0,76 77 57,0,10,,211841,48,0,76 77 57,0,10,,211842,48,0,76 77 57,0,10,,211843,48,0,76 77 57,0,50,,211844,48,0,76 77 57,0,10,,211845,48,0,76 77 57,0,10,,211846,48,0,76 77 57,0,11,,211847,48,0,76 77 57,0,10,,211848,48,0,76 77 57,0,10,,211849,48,0,76 77 57,0,50,,211850,48,0,76 77 57,0,10,,211851,48,0,76 77 57,0,10,,211852,48,0,76 77 57,0,10,,211853,48,0,76 77 57,0,10,,211854,48,0,76 77 57,0,10,,211855,48,0,76 77 57,0,51,,211856,48,0,76 77 57,0,10,,211857,48,0,76 77 57,0,10,,211858,48,0,76 77 57,0,11,,211859,48,0,76 77 57,0,10,,211860,48,0,76 77 57,0,10,,211861,48,0,76 77 57,0,51,,211862,48,0,76 77 57,0,10,,211863,48,0,76 77 57,0,10,,211864,48,0,76 77 57,0,11,,211865,48,0,76 77 57,0,10,,211866,48,0,76 77 57,0,10,,211867,48,0,76 77 57,0,51,,211868,48,0,76 77 57,0,10,,211869,48,0,76 77 57,0,10,,211870,48,0,76 77 57,0,11,,211871,48,0,76 77 57,0,10,,211823,48,0,76 77 57,0,10,,211802,48,0,76 77 57,0,50,,211833,48,0,76 77 57,0,10,,211803,48,0,76 77 57,0,10,,211804,54,0,76 77 57,0,11,,211805,54,0,76 77 57,0,10,,211824,54,0,76 77 57,0,50,,211806,54,0,76 77 57,0,10,,211834,54,0,76 77 57,0,10,,211807,54,0,76 77 57,0,9,,211808,54,0,76 77 57,0,7,,211880,54,0,76 77 57,0,7,,211825,54,0,76 77 57,0,7,,211809,54,0,76 77 57,0,7,,211881,54,0,76 77 57,0,47,,211810,54,0,76 77 57,0,5,,211835,54,0,76 77 57,0,9,,211811,54,0,76 77 57,0,6,,211882,54,0,76 77 57,0,7,,211812,54,0,76 77 57,0,4,,211883,54,0,76 77 57,0,6,,211813,54,0,76 77 57,0,6,,211826,54,0,76 77 57,0,7,,211884,54,0,76 77 57,0,49,,211814,54,0,76 77 57,0,7,,211815,54,0,76 77 57,0,8,,211885,54,0,76 77 57,0,10,,211816,54,0,76 77 57,0,8,,211817,54,0,76 77 57,0,9,,211818,54,0,76 77 57,0,7,,211886,54,0,76 77 57,0,48,,211776,54,0,76 77 57,0,9,,211872,48,0,76 77 57,0,9,,211820,48,0,76 77 57,0,11,,211781,48,0,76 77 57,0,12,,211777,48,0,76 77 57,0,11,,211782,48,0,76 77 57,0,50,,211821,48,0,76 77 89,0,12,,211778,48,0,76 77 57,0,13,,211784,48,0,76 77 89,0,12,,211873,48,0,76 77 57,0,12,,211779,48,0,76 77 89,0,52,,211827,48,0,76 77 57,0,11,,211773,48,0,76 77 89,0,13,,211874,48,0,76 77 57,0,15,,211780,48,0,76 77 57,0,13,,211770,48,0,76 77 89,0,55,,211877,48,0,76 77 89,0,15,,211768,48,0,76 77 57,0,15,,211836,48,0,76 77 57,0,19,,211819,48,0,76 77 89,0,60,,211837,48,0,76 77 89,0,20,,211775,48,0,76 77 57,0,20,,211786,48,0,76 77 57,0,60,,211787,48,0,76 77 89,0,30,,211788,48,0,76 77 57,0,89,,211789,48,0,76 77 57,0
670501,'2_merged_15726441',550,,211889,29,0,76 77 57,0,50,,211937,29,0,76 77 89,0,16,,211901,29,0,76 77 57,0,13,,211927,48,0,76 77 57,0,10,,211939,29,0,76 77 57,0,10,,211947,29,0,76 77 57,0,7,,211888,48,0,76 77 89,0,50,,211936,48,0,76 77 89,0,13,,211925,48,0,76 77 57,0,11,,211902,48,0,76 77 57,0,11,,211941,48,0,76 77 57,0,8,,211924,48,0,76 77 89,0,55,,211948,48,0,76 77 57,0,11,,211900,48,0,76 77 57,0,11,,211942,48,0,76 77 57,0,7,,211923,48,0,76 77 89,0,15,,211904,48,0,76 77 57,0,52,,211926,48,0,76 77 57,0,12,,211903,48,0,76 77 57,0,12,,211943,48,0,76 77 57,0,13,,211928,48,0,76 77 57,0,12,,211908,48,0,76 77 57,0,52,,211930,48,0,76 77 57,0,12,,211891,48,0,76 77 57,0,12,,211944,48,0,76 77 57,0,12,,211897,48,0,76 77 57,0,12,,211887,48,0,76 77 57,0,52,,211921,48,0,76 77 57,0,12,,211909,48,0,76 77 57,0,12,,211945,48,0,76 77 57,0,12,,211931,48,0,76 77 57,0,12,,211896,48,0,76 77 57,0,52,,211954,48,0,76 77 57,0,11,,211955,48,0,76 77 57,0,10,,211956,48,0,76 77 57,0,10,,211957,48,0,76 77 57,0,10,,211958,48,0,76 77 57,0,10,,211959,48,0,76 77 57,0,50,,211960,48,0,76 77 57,0,10,,211961,48,0,76 77 57,0,9,,211962,48,0,76 77 57,0,9,,211963,48,0,76 77 57,0,9,,211964,48,0,76 77 57,0,10,,211965,48,0,76 77 57,0,10,,211966,48,0,76 77 57,0,50,,211967,48,0,76 77 57,0,10,,211968,48,0,76 77 57,0,10,,211969,48,0,76 77 57,0,10,,211970,48,0,76 77 57,0,10,,211971,48,0,76 77 57,0,10,,211972,48,0,76 77 57,0,50,,211973,48,0,76 77 57,0,10,,211974,48,0,76 77 57,0,10,,211975,48,0,76 77 57,0,10,,211976,48,0,76 77 57,0,10,,211977,48,0,76 77 57,0,10,,211978,48,0,76 77 57,0,50,,211979,48,0,76 77 57,0,10,,211980,48,0,76 77 57,0,10,,211981,48,0,76 77 57,0,10,,211982,48,0,76 77 57,0,10,,211983,48,0,76 77 57,0,51,,211984,48,0,76 77 57,0,10,,211985,48,0,76 77 57,0,10,,211986,48,0,76 77 57,0,10,,211987,48,0,76 77 57,0,9,,211988,48,0,76 77 57,0,10,,211989,48,0,76 77 57,0,10,,211990,48,0,76 77 57,0,49,,211915,48,0,76 77 57,0,10,,211905,48,0,76 77 57,0,10,,211991,48,0,76 77 57,0,10,,211949,48,0,76 77 57,0,10,,211932,48,0,76 77 57,0,11,,211919,48,0,76 77 57,0,48,,211992,48,0,76 77 57,0,10,,211899,48,0,76 77 57,0,10,,211933,48,0,76 77 57,0,10,,211907,48,0,76 77 57,0,9,,211950,48,0,76 77 89,0,11,,211934,48,0,76 77 57,0,50,,211922,48,0,76 77 57,0,10,,211993,48,0,76 77 57,0,10,,211898,48,0,76 77 57,0,9,,211951,48,0,76 77 57,0,9,,211911,48,0,76 77 89,0,12,,211918,48,0,76 77 57,0,52,,211910,48,0,76 77 57,0,13,,211892,48,0,76 77 57,0,12,,211952,48,0,76 77 89,0,11,,211890,48,0,76 77 57,0,12,,211935,48,0,76 77 57,0,52,,211913,48,0,76 77 57,0,13,,211929,48,0,76 77 57,0,12,,211912,48,0,76 77 57,0,13,,211953,48,0,76 77 57,0,53,,211994,48,0,76 77 57,0,13,,211895,48,0,76 77 57,0,13,,211914,48,0,76 77 89,0,13,,211916,48,0,76 77 57,0,20,,211938,48,0,76 77 57,0,62,,211917,48,0,76 77 57,0,21,,211920,48,0,76 77 57,0,63,,211940,48,0,76 77 57,0,22,,211906,48,0,76 77 89,0,107,,211894,48,0,76 77 57,0
670501,'3_merged_15726440',548,,212033,48,0,76 77 57,0,62,,212011,48,0,76 77 57,0,16,,212034,48,0,76 77 57,0,16,,212073,48,0,76 77 57,0,15,,212003,48,0,76 77 57,0,55,,212009,48,0,76 77 57,0,15,,212035,48,0,76 77 57,0,15,,212013,48,0,76 77 57,0,15,,212001,48,0,76 77 57,0,52,,212008,48,0,76 77 57,0,11,,212002,55,0,76 77 57,0,9,,212007,48,0,76 77 89,0,16,,212006,48,0,76 77 57,0,13,,212081,48,0,76 77 57,0,53,,212005,48,0,76 77 57,0,10,,211999,48,0,76 77 89,0,19,,211998,48,0,76 77 57,0,15,,212012,48,0,76 77 57,0,55,,212023,48,0,76 77 57,0,15,,212022,48,0,76 77 57,0,16,,212021,48,0,76 77 57,0,15,,212020,48,0,76 77 57,0,56,,212032,48,0,76 77 57,0,16,,212031,48,0,76 77 57,0,15,,212030,48,0,76 77 57,0,15,,212029,48,0,76 77 57,0,55,,212028,48,0,76 77 57,0,15,,212027,48,0,76 77 57,0,15,,212026,48,0,76 77 57,0,12,,212025,48,0,76 77 57,0,52,,212074,48,0,76 77 57,0,12,,212024,48,0,76 77 57,0,12,,212016,48,0,76 77 57,0,13,,212015,48,0,76 77 57,0,13,,212068,48,0,76 77 57,0,52,,212014,48,0,76 77 57,0,12,,212036,48,0,76 77 57,0,12,,212037,48,0,76 77 57,0,12,,212038,48,0,76 77 57,0,12,,212069,48,0,76 77 57,0,52,,212039,48,0,76 77 57,0,12,,212040,48,0,76 77 57,0,12,,212041,48,0,76 77 57,0,10,,212042,48,0,76 77 57,0,10,,212070,48,0,76 77 57,0,50,,212043,48,0,76 77 57,0,10,,212044,48,0,76 77 57,0,10,,212082,48,0,76 77 57,0,10,,212045,48,0,76 77 57,0,10,,212046,48,0,76 77 57,0,10,,212071,48,0,76 77 57,0,50,,212083,48,0,76 77 57,0,10,,212047,48,0,76 77 57,0,10,,212048,48,0,76 77 57,0,10,,212049,48,0,76 77 57,0,12,,212050,48,0,76 77 57,0,11,,212075,48,0,76 77 57,0,52,,212051,48,0,76 77 57,0,12,,212052,48,0,76 77 57,0,11,,212053,48,0,76 77 57,0,12,,212054,48,0,76 77 57,0,12,,212076,48,0,76 77 57,0,52,,212055,48,0,76 77 57,0,12,,212056,48,0,76 77 57,0,12,,212057,48,0,76 77 57,0,12,,212077,48,0,76 77 57,0,8,,212058,48,0,76 77 89,0,54,,212059,48,0,76 77 57,0,11,,212060,48,0,76 77 57,0,10,,212061,48,0,76 77 57,0,10,,212084,48,0,76 77 57,0,6,,212062,48,0,76 77 89,0,15,,212063,48,0,76 77 57,0,50,,212064,48,0,76 77 57,0,11,,212079,48,0,76 77 57,0,12,,212065,48,0,76 77 57,0,15,,212066,48,0,76 77 57,0,55,,212067,48,0,76 77 57,0,11,,212019,48,0,76 77 89,0,18,,212004,48,0,76 77 57,0,15,,212018,48,0,76 77 57,0,13,,212072,48,0,76 77 89,0,58,,212017,48,0,76 77 57,0,15,,212078,48,0,76 77 57,0,16,,211997,48,0,76 77 57,0,59,,212080,48,0,76 77 89,0,24,,211996,48,0,76 77 57,0,24,,211995,48,0,76 77 57,0,76,,212000,48,0,76 77 57,0
671401,'1_merged_15726439',636,,214251,37,,,0,12,,214291,37,,,0,52,,214281,37,,,0,12,,214283,37,,,0,15,,214284,37,,,0,15,,214282,37,,,0,59,,214250,37,,,0,15,,214256,37,,,0,16,,214279,37,,,0,15,,214257,37,,,0,72,,214259,37,,,0,82,,214261,37,,,0,638,,214293,37,,,0,15,,214285,37,,,0,56,,214276,37,,,0,16,,214249,37,,,0,15,,214272,37,,,0,15,,214286,37,,,0,55,,214277,37,,,0,12,,214295,37,,,0,6,,214270,37,,,0,10,,214296,37,,,0,10,,214288,37,,,0,7,,214287,37,,,0,52,,214278,37,,,0,13,,214274,37,,,0,13,,214294,37,,,0,15,,214289,37,,,0,55,,214275,37,,,0,18,,214273,37,,,0,20,,214247,37,,,0,59,,214292,37,,,0,20,,214244,37,,,0,22,,214246,37,,,0,60,,214245,37,,,0
671501,'1_merged_15726439',550,,214515,17,,,0,62,,214516,17,,,0,17,,214517,17,,,0,10,,214518,17,,,0,10,,214519,17,,,0,53,,214520,17,,,0,10,,214521,17,,,0,11,,214522,17,,,0,10,,214523,17,,,0,12,,214524,17,,,0,10,,214525,17,,,0,50,,214526,17,,,0,14,,214527,17,,,0,12,,214528,17,,,0,12,,214529,17,,,0,13,,214530,17,,,0,51,,214531,17,,,0,12,,214532,17,,,0,13,,214533,17,,,0,15,,214534,17,,,0,55,,214535,17,,,0,16,,214536,17,,,0,15,,214537,17,,,0,17,,214538,17,,,0,55,,214539,17,,,0,15,,214540,17,,,0,15,,214541,17,,,0,18,,214542,17,,,0,56,,214543,17,,,0,14,,214544,17,,,0,14,,214545,17,,,0,15,,214546,17,,,0,55,,214547,17,,,0,16,,214548,17,,,0,15,,214549,17,,,0,15,,214550,17,,,0,55,,214551,17,,,0,16,,214552,17,,,0,10,,214553,17,,,0,12,,214554,17,,,0,10,,214555,17,,,0,52,,214556,17,,,0,14,,214557,17,,,0,12,,214558,17,,,0,12,,214559,17,,,0,56,,214560,17,,,0,14,,214561,17,,,0,12,,214562,17,,,0,12,,214563,17,,,0,12,,214564,17,,,0,50,,214565,17,,,0,10,,214566,17,,,0,9,,214567,17,,,0,10,,214568,17,,,0,10,,214569,17,,,0,12,,214570,17,,,0,52,,214571,17,,,0,12,,214572,17,,,0,10,,214573,17,,,0,12,,214574,17,,,0,11,,214575,17,,,0,8,,214576,17,,,0,52,,214577,17,,,0,10,,214578,17,,,0,12,,214579,17,,,0,12,,214580,17,,,0,13,,214581,17,,,0,55,,214582,17,,,0,14,,214583,17,,,0,15,,214584,17,,,0,15,,214585,17,,,0,55,,214586,17,,,0,15,,214587,17,,,0,15,,214588,17,,,0,61,,214589,17,,,0,30,,214590,17,,,0,68,,214591,17,,,0,30,,214592,17,,,0,70,,214593,17,,,0,30,,214594,17,,,0,27,,214595,17,,,0,83,,214596,17,,,0,100,,214597,17,,,0
671501,'2_merged_15726441',559,,214643,17,,,0,60,,214642,17,,,0,20,,214641,17,,,0,20,,214640,17,,,0,61,,214622,17,,,0,20,,214639,17,,,0,15,,214621,17,,,0,55,,214638,17,,,0,15,,214620,17,,,0,17,,214637,17,,,0,15,,214619,17,,,0,54,,214636,17,,,0,15,,214618,17,,,0,18,,214635,17,,,0,15,,214617,17,,,0,56,,214664,17,,,0,15,,214616,17,,,0,19,,214663,17,,,0,56,,214615,17,,,0,16,,214662,17,,,0,15,,214614,17,,,0,16,,214665,17,,,0,55,,214613,17,,,0,15,,214661,17,,,0,15,,214612,17,,,0,17,,214660,17,,,0,55,,214611,17,,,0,15,,214659,17,,,0,15,,214610,17,,,0,15,,214658,17,,,0,55,,214609,17,,,0,15,,214657,17,,,0,15,,214608,17,,,0,15,,214656,17,,,0,55,,214607,17,,,0,16,,214634,17,,,0,15,,214606,17,,,0,15,,214633,17,,,0,57,,214644,17,,,0,16,,214632,17,,,0,15,,214605,17,,,0,16,,214631,17,,,0,54,,214604,17,,,0,15,,214630,17,,,0,14,,214603,17,,,0,15,,214629,17,,,0,55,,214602,17,,,0,15,,214628,17,,,0,15,,214601,17,,,0,13,,214627,17,,,0,55,,214600,17,,,0,14,,214626,17,,,0,15,,214599,17,,,0,12,,214625,17,,,0,55,,214598,17,,,0,13,,214646,17,,,0,15,,214655,17,,,0,15,,214624,17,,,0,55,,214654,17,,,0,15,,214653,17,,,0,15,,214666,17,,,0,15,,214623,17,,,0,55,,214652,17,,,0,21,,214667,17,,,0,20,,214651,17,,,0,64,,214645,17,,,0,40,,214650,17,,,0,70,,214668,17,,,0,28,,214649,17,,,0,93,,214648,17,,,0,90,,214647,17,,,0
671501,'3_merged_15726440',559,,214714,17,,,0,59,,214713,17,,,0,20,,214712,17,,,0,20,,214711,17,,,0,60,,214693,17,,,0,20,,214710,17,,,0,18,,214692,17,,,0,55,,214709,17,,,0,15,,214691,17,,,0,15,,214708,17,,,0,16,,214690,17,,,0,55,,214707,17,,,0,15,,214689,17,,,0,16,,214706,17,,,0,15,,214688,17,,,0,56,,214735,17,,,0,15,,214687,17,,,0,15,,214734,17,,,0,15,,214686,17,,,0,55,,214733,17,,,0,16,,214685,17,,,0,16,,214736,17,,,0,55,,214684,17,,,0,15,,214732,17,,,0,15,,214683,17,,,0,16,,214731,17,,,0,55,,214682,17,,,0,15,,214730,17,,,0,15,,214681,17,,,0,16,,214729,17,,,0,55,,214680,17,,,0,15,,214728,17,,,0,15,,214679,17,,,0,17,,214727,17,,,0,55,,214678,17,,,0,16,,214705,17,,,0,15,,214677,17,,,0,15,,214704,17,,,0,55,,214715,17,,,0,15,,214703,17,,,0,15,,214676,17,,,0,15,,214702,17,,,0,55,,214675,17,,,0,14,,214701,17,,,0,15,,214674,17,,,0,15,,214700,17,,,0,54,,214673,17,,,0,14,,214699,17,,,0,15,,214672,17,,,0,15,,214698,17,,,0,55,,214671,17,,,0,13,,214697,17,,,0,15,,214670,17,,,0,15,,214696,17,,,0,55,,214669,17,,,0,15,,214717,17,,,0,15,,214726,17,,,0,13,,214695,17,,,0,15,,214725,17,,,0,55,,214724,17,,,0,17,,214737,17,,,0,14,,214694,17,,,0,55,,214723,17,,,0,22,,214738,17,,,0,20,,214722,17,,,0,65,,214716,17,,,0,44,,214721,17,,,0,70,,214739,17,,,0,25,,214720,17,,,0,95,,214719,17,,,0,90,,214718,17,,,0
675401,'101_merged_15726436',746,,219580,13,0,32,0
732101,'1_merged_15726439',615,,224410,44,0,76 77 89,0,31,,224406,44,0,76 77 89,0,76,,224381,44,0,76 77 89,0,36,,224382,44,0,76 77 89,0,73,,224394,44,0,76 77 89,0,71,,224405,44,0,76 77 89,0,32,,224395,44,0,76 77 89,0,71,,224389,44,0,76 77 89,0,31,,224396,44,0,76 77 89,0,70,,224384,44,0,76 77 89,0,30,,224397,44,0,76 77 89,0,70,,224390,44,0,76 77 89,0,30,,224398,44,0,76 77 89,0,69,,224385,44,0,76 77 89,0,28,,224399,44,0,76 77 89,0,71,,224391,44,0,76 77 89,0,31,,224400,44,0,76 77 89,0,71,,224386,44,0,76 77 89,0,31,,224401,44,0,76 77 89,0,74,,224392,44,0,76 77 89,0,32,,224402,44,0,76 77 89,0,70,,224387,44,0,76 77 89,0,28,,224403,44,0,76 77 89,0,72,,224393,44,0,76 77 89,0,31,,224404,44,0,76 77 89,0,72,,224388,44,0,76 77 89,0,27,,224407,44,0,76 77 89,0,11,,224411,44,0,76 77 89,0,93,,224408,44,0,76 77 89,0,70,,224412,44,0,76 77 89,0,27,,224409,44,0,76 77 89,0,97,,224383,44,0,76 77 89,0,99,,224380,44,0,76 77 89,0,107,,224413,44,0,76 77 89,0
732101,'2_merged_15726441',620,,224452,44,0,76 77 89,0,31,,224436,44,0,76 77 89,0,71,,224435,44,0,76 77 89,0,29,,224434,44,0,76 77 89,0,60,,224433,44,0,76 77 89,0,20,,224453,44,0,76 77 89,0,20,,224432,44,0,76 77 89,0,68,,224431,44,0,76 77 89,0,29,,224441,44,0,76 77 89,0,70,,224430,44,0,76 77 89,0,32,,224440,44,0,76 77 89,0,61,,224451,44,0,76 77 89,0,20,,224417,44,0,76 77 89,0,20,,224439,44,0,76 77 89,0,60,,224429,44,0,76 77 89,0,20,,224444,44,0,76 77 89,0,20,,224438,44,0,76 77 89,0,59,,224428,44,0,76 77 89,0,20,,224445,44,0,76 77 89,0,21,,224437,44,0,76 77 89,0,60,,224427,44,0,76 77 89,0,20,,224446,44,0,76 77 89,0,21,,224416,44,0,76 77 89,0,60,,224426,44,0,76 77 89,0,20,,224447,44,0,76 77 89,0,20,,224415,44,0,76 77 89,0,60,,224423,44,0,76 77 89,0,20,,224448,44,0,76 77 89,0,20,,224414,44,0,76 77 89,0,60,,224422,44,0,76 77 89,0,21,,224449,44,0,76 77 89,0,20,,224443,44,0,76 77 89,0,60,,224421,44,0,76 77 89,0,20,,224450,44,0,76 77 89,0,70,,224442,44,0,76 77 89,0,28,,224420,44,0,76 77 89,0,71,,224454,44,0,76 77 89,0,31,,224419,44,0,76 77 89,0,72,,224455,44,0,76 77 89,0,30,,224418,44,0,76 77 89,0,109,,224424,44,0,76 77 89,0,99,,224425,44,0,76 77 89,0,99,,224456,44,0,76 77 89,0
732101,'3_merged_15726440',729,,224483,44,0,76 77 89,0,29,,224482,44,0,76 77 89,0,70,,224481,44,0,76 77 89,0,30,,224480,44,0,76 77 89,0,71,,224479,44,0,76 77 89,0,71,,224478,44,0,76 77 89,0,30,,224477,44,0,76 77 89,0,29,,224461,44,0,76 77 89,0,70,,224476,44,0,76 77 89,0,20,,224460,44,0,76 77 89,0,60,,224475,44,0,76 77 89,0,20,,224484,44,0,76 77 89,0,21,,224459,44,0,76 77 89,0,60,,224474,44,0,76 77 89,0,20,,224485,44,0,76 77 89,0,20,,224458,44,0,76 77 89,0,60,,224473,44,0,76 77 89,0,22,,224486,44,0,76 77 89,0,21,,224457,44,0,76 77 89,0,60,,224472,44,0,76 77 89,0,20,,224487,44,0,76 77 89,0,20,,224465,44,0,76 77 89,0,60,,224471,44,0,76 77 89,0,20,,224488,44,0,76 77 89,0,21,,224464,44,0,76 77 89,0,60,,224470,44,0,76 77 89,0,19,,224489,44,0,76 77 89,0,20,,224463,44,0,76 77 89,0,61,,224469,44,0,76 77 89,0,21,,224490,44,0,76 77 89,0,20,,224462,44,0,76 77 89,0,60,,224491,44,0,76 77 89,0,20,,224468,44,0,76 77 89,0,66,,224492,44,0,76 77 89,0,32,,224467,44,0,76 77 89,0,73,,224493,44,0,76 77 89,0,32,,224466,44,0,76 77 89,0,101,,224494,44,0,76 77 89,0,103,,224495,44,0,76 77 89,0,101,,224496,44,0,76 77 89,0
1870501,'1_merged_15726439',903,,227517,51,,,0,20,,227493,51,,,0,19,,227494,51,,,0,80,,227495,51,,,0,20,,227496,51,,,0,60,,227526,51,,,0,20,,227497,51,,,0,25,,227498,51,,,0,72,,227511,51,,,0,31,,227499,51,,,0,70,,227487,51,,,0,30,,227500,51,,,0,71,,227501,51,,,0,89,,227523,51,,,0,17,,227503,51,,,0,23,,227504,51,,,0,56,,227519,51,,,0,17,,227505,51,,,0
