661301,'1_merged_15726439',531,,185926,8,,,0,20,,185925,8,,,0,59,,185924,8,,,0,21,,185910,8,,,0,15,,185909,8,,,0,55,,185908,8,,,0,14,,185969,8,,,0,15,,185901,8,,,0,16,,185900,8,,,0,55,,185899,8,,,0,15,,185898,8,,,0,15,,185897,8,,,0,15,,185964,8,,,0,55,,185947,8,,,0,14,,185951,8,,,0,15,,185950,8,,,0,14,,185949,8,,,0,15,,185948,8,,,0,54,,185946,8,,,0,15,,185944,8,,,0,15,,185963,8,,,0,15,,185962,8,,,0,55,,185961,8,,,0,16,,185960,8,,,0,16,,185959,8,,,0,55,,185958,8,,,0,15,,185907,8,,,0,15,,185906,8,,,0,15,,185922,8,,,0,14,,185921,8,,,0,56,,185920,8,,,0,15,,185919,8,,,0,15,,185896,8,,,0,55,,185978,8,,,0,15,,185977,8,,,0,14,,185976,8,,,0,13,,185975,8,,,0,13,,185974,8,,,0,52,,185980,8,,,0,12,,185972,8,,,0,12,,185973,8,,,0,12,,185971,8,,,0,12,,185970,8,,,0,52,,185968,8,,,0,12,,185967,8,,,0,13,,185966,8,,,0,13,,185965,8,,,0,12,,185945,8,,,0,52,,185918,8,,,0,12,,185917,8,,,0,12,,185916,8,,,0,12,,185915,8,,,0,12,,185914,8,,,0,52,,185913,8,,,0,12,,185912,8,,,0,13,,185911,8,,,0,12,,185957,8,,,0,12,,185956,8,,,0,55,,185955,8,,,0,14,,185954,8,,,0,15,,185953,8,,,0,15,,185952,8,,,0,55,,185943,8,,,0,16,,185942,8,,,0,15,,185904,8,,,0,15,,185979,8,,,0,55,,185903,8,,,0,15,,185902,8,,,0,15,,185905,8,,,0,15,,185941,8,,,0,55,,185940,8,,,0,14,,185939,8,,,0,16,,185938,8,,,0,16,,185937,8,,,0,56,,185936,8,,,0,14,,185935,8,,,0,15,,185934,8,,,0,14,,185933,8,,,0,54,,185932,8,,,0,14,,185930,8,,,0,21,,185931,8,,,0,63,,185929,8,,,0,20,,185928,8,,,0,20,,185927,8,,,0,60,,185923,8,,,0
661301,'2_merged_15726441',539,,186030,8,,,0,20,,186029,8,,,0,62,,186028,8,,,0,20,,186027,8,,,0,60,,186026,8,,,0,15,,186025,8,,,0,15,,186024,8,,,0,16,,186037,8,,,0,56,,186036,8,,,0,15,,186023,8,,,0,15,,186011,8,,,0,15,,186010,8,,,0,55,,186009,8,,,0,16,,186008,8,,,0,16,,185995,8,,,0,16,,185994,8,,,0,56,,185983,8,,,0,15,,185982,8,,,0,15,,185981,8,,,0,15,,186057,8,,,0,55,,186056,8,,,0,16,,186055,8,,,0,16,,186035,8,,,0,15,,186034,8,,,0,56,,186033,8,,,0,15,,186015,8,,,0,16,,186031,8,,,0,15,,186022,8,,,0,56,,186021,8,,,0,15,,186020,8,,,0,15,,186019,8,,,0,15,,186007,8,,,0,56,,186006,8,,,0,15,,186005,8,,,0,15,,185993,8,,,0,15,,185992,8,,,0,54,,185991,8,,,0,15,,185990,8,,,0,15,,185989,8,,,0,15,,185988,8,,,0,55,,185987,8,,,0,13,,185986,8,,,0,12,,185985,8,,,0,12,,185984,8,,,0,51,,186018,8,,,0,12,,186058,8,,,0,12,,186017,8,,,0,12,,186016,8,,,0,12,,186014,8,,,0,52,,186013,8,,,0,12,,186012,8,,,0,14,,186059,8,,,0,15,,186032,8,,,0,15,,186004,8,,,0,55,,186003,8,,,0,15,,186002,8,,,0,15,,186001,8,,,0,15,,186000,8,,,0,53,,185999,8,,,0,14,,185998,8,,,0,15,,185997,8,,,0,15,,185996,8,,,0,53,,186054,8,,,0,15,,186053,8,,,0,15,,186052,8,,,0,15,,186051,8,,,0,55,,186050,8,,,0,15,,186049,8,,,0,15,,186048,8,,,0,15,,186047,8,,,0,53,,186046,8,,,0,14,,186045,8,,,0,14,,186044,8,,,0,14,,186043,8,,,0,54,,186042,8,,,0,14,,186041,8,,,0,28,,186039,8,,,0,69,,186038,8,,,0,30,,186040,8,,,0
661301,'3_merged_15726440',537,,186060,8,,,0,20,,186061,8,,,0,60,,186062,8,,,0,20,,186063,8,,,0,20,,186064,8,,,0,62,,186065,8,,,0,20,,186066,8,,,0,62,,186067,8,,,0,20,,186068,8,,,0,20,,186069,8,,,0,18,,186070,8,,,0,59,,186071,8,,,0,19,,186072,8,,,0,16,,186073,8,,,0,55,,186074,8,,,0,15,,186075,8,,,0,15,,186076,8,,,0,15,,186077,8,,,0,56,,186078,8,,,0,15,,186079,8,,,0,16,,186080,8,,,0,16,,186081,8,,,0,56,,186082,8,,,0,15,,186083,8,,,0,16,,186084,8,,,0,14,,186085,8,,,0,55,,186086,8,,,0,15,,186087,8,,,0,15,,186088,8,,,0,14,,186089,8,,,0,54,,186090,8,,,0,15,,186091,8,,,0,15,,186092,8,,,0,15,,186093,8,,,0,54,,186094,8,,,0,15,,186095,8,,,0,15,,186096,8,,,0,15,,186097,8,,,0,55,,186098,8,,,0,14,,186099,8,,,0,16,,186100,8,,,0,15,,186101,8,,,0,56,,186102,8,,,0,15,,186103,8,,,0,15,,186104,8,,,0,15,,186105,8,,,0,54,,186106,8,,,0,14,,186107,8,,,0,14,,186108,8,,,0,15,,186109,8,,,0,54,,186110,8,,,0,16,,186111,8,,,0,15,,186112,8,,,0,15,,186113,8,,,0,55,,186114,8,,,0,15,,186115,8,,,0,15,,186116,8,,,0,15,,186117,8,,,0,56,,186118,8,,,0,15,,186119,8,,,0,15,,186120,8,,,0,15,,186121,8,,,0,55,,186122,8,,,0,15,,186123,8,,,0,16,,186124,8,,,0,15,,186125,8,,,0,55,,186126,8,,,0,14,,186127,8,,,0,15,,186128,8,,,0,15,,186129,8,,,0,56,,186130,8,,,0,30,,186131,8,,,0,72,,186132,8,,,0,30,,186133,8,,,0
661800,'1_merged_15726439',530,,188406,8,,,0,21,,188341,8,,,0,61,,188403,8,,,0,22,,188404,8,,,0,15,,188357,8,,,0,56,,188358,8,,,0,15,,188359,8,,,0,16,,188360,8,,,0,17,,188408,8,,,0,55,,188383,8,,,0,17,,188352,8,,,0,17,,188370,8,,,0,15,,188384,8,,,0,55,,188353,8,,,0,15,,188385,8,,,0,14,,188355,8,,,0,15,,188354,8,,,0,54,,188413,8,,,0,15,,188343,8,,,0,15,,188410,8,,,0,15,,188348,8,,,0,55,,188362,8,,,0,16,,188363,8,,,0,16,,188338,8,,,0,15,,188394,8,,,0,55,,188356,8,,,0,15,,188368,8,,,0,16,,188369,8,,,0,15,,188364,8,,,0,56,,188381,8,,,0,15,,188349,8,,,0,15,,188351,8,,,0,15,,188392,8,,,0,55,,188389,8,,,0,15,,188376,8,,,0,15,,188372,8,,,0,15,,188373,8,,,0,55,,188407,8,,,0,15,,188399,8,,,0,15,,188340,8,,,0,15,,188400,8,,,0,55,,188386,8,,,0,15,,188387,8,,,0,15,,188388,8,,,0,56,,188377,8,,,0,16,,188361,8,,,0,15,,188339,8,,,0,15,,188378,8,,,0,54,,188414,8,,,0,15,,188367,8,,,0,14,,188398,8,,,0,14,,188382,8,,,0,15,,188346,8,,,0,55,,188409,8,,,0,14,,188401,8,,,0,14,,188390,8,,,0,15,,188415,8,,,0,54,,188333,8,,,0,15,,188334,8,,,0,15,,188411,8,,,0,15,,188335,8,,,0,54,,188412,8,,,0,15,,188336,8,,,0,15,,188337,8,,,0,15,,188391,8,,,0,55,,188365,8,,,0,15,,188366,8,,,0,13,,188393,8,,,0,15,,188396,8,,,0,53,,188397,8,,,0,15,,188345,8,,,0,15,,188395,8,,,0,15,,188402,8,,,0,55,,188344,8,,,0,22,,188375,8,,,0,28,,188342,8,,,0,85,,188347,8,,,0,67,,188374,8,,,0
661800,'2_merged_15726441',543,,188474,8,,,0,60,,188424,8,,,0,21,,188478,8,,,0,20,,188495,8,,,0,61,,188449,8,,,0,20,,188450,8,,,0,15,,188425,8,,,0,15,,188496,8,,,0,55,,188497,8,,,0,15,,188448,8,,,0,15,,188479,8,,,0,15,,188426,8,,,0,55,,188436,8,,,0,17,,188438,8,,,0,15,,188439,8,,,0,17,,188440,8,,,0,55,,188441,8,,,0,15,,188442,8,,,0,15,,188443,8,,,0,57,,188480,8,,,0,15,,188481,8,,,0,15,,188482,8,,,0,15,,188483,8,,,0,12,,188501,8,,,0,52,,188502,8,,,0,13,,188484,8,,,0,12,,188485,8,,,0,12,,188486,8,,,0,12,,188487,8,,,0,52,,188503,8,,,0,12,,188488,8,,,0,13,,188489,8,,,0,12,,188490,8,,,0,52,,188491,8,,,0,12,,188504,8,,,0,12,,188492,8,,,0,13,,188493,8,,,0,12,,188494,8,,,0,52,,188460,8,,,0,12,,188505,8,,,0,12,,188461,8,,,0,12,,188462,8,,,0,12,,188463,8,,,0,52,,188473,8,,,0,12,,188506,8,,,0,12,,188464,8,,,0,12,,188465,8,,,0,10,,188466,8,,,0,12,,188467,8,,,0,52,,188507,8,,,0,12,,188468,8,,,0,12,,188458,8,,,0,12,,188459,8,,,0,12,,188499,8,,,0,52,,188508,8,,,0,12,,188437,8,,,0,15,,188469,8,,,0,15,,188470,8,,,0,54,,188418,8,,,0,15,,188419,8,,,0,14,,188420,8,,,0,16,,188421,8,,,0,56,,188422,8,,,0,16,,188455,8,,,0,15,,188453,8,,,0,15,,188433,8,,,0,55,,188475,8,,,0,15,,188477,8,,,0,14,,188431,8,,,0,15,,188476,8,,,0,56,,188429,8,,,0,15,,188457,8,,,0,14,,188452,8,,,0,14,,188454,8,,,0,54,,188434,8,,,0,15,,188451,8,,,0,15,,188428,8,,,0,15,,188427,8,,,0,55,,188432,8,,,0,16,,188456,8,,,0,32,,188435,8,,,0,69,,188430,8,,,0,30,,188423,8,,,0
661800,'3_merged_15726440',539,,188572,8,,,0,20,,188578,8,,,0,60,,188574,8,,,0,19,,188556,8,,,0,18,,188520,8,,,0,59,,188530,8,,,0,21,,188519,8,,,0,20,,188550,8,,,0,61,,188568,8,,,0,20,,188529,8,,,0,19,,188536,8,,,0,63,,188525,8,,,0,22,,188562,8,,,0,17,,188523,8,,,0,54,,188569,8,,,0,17,,188584,8,,,0,14,,188516,8,,,0,14,,188526,8,,,0,56,,188588,8,,,0,15,,188532,8,,,0,15,,188538,8,,,0,12,,188548,8,,,0,52,,188589,8,,,0,12,,188545,8,,,0,10,,188551,8,,,0,12,,188586,8,,,0,12,,188555,8,,,0,53,,188590,8,,,0,12,,188554,8,,,0,13,,188553,8,,,0,13,,188552,8,,,0,13,,188531,8,,,0,51,,188591,8,,,0,12,,188579,8,,,0,12,,188542,8,,,0,12,,188563,8,,,0,12,,188585,8,,,0,52,,188592,8,,,0,12,,188535,8,,,0,12,,188540,8,,,0,12,,188549,8,,,0,12,,188539,8,,,0,52,,188593,8,,,0,12,,188559,8,,,0,10,,188543,8,,,0,12,,188524,8,,,0,12,,188575,8,,,0,52,,188594,8,,,0,13,,188533,8,,,0,12,,188518,8,,,0,12,,188567,8,,,0,12,,188580,8,,,0,51,,188595,8,,,0,13,,188537,8,,,0,12,,188573,8,,,0,12,,188515,8,,,0,12,,188527,8,,,0,55,,188582,8,,,0,15,,188522,8,,,0,14,,188558,8,,,0,14,,188560,8,,,0,55,,188557,8,,,0,15,,188541,8,,,0,15,,188544,8,,,0,15,,188528,8,,,0,55,,188517,8,,,0,15,,188521,8,,,0,12,,188546,8,,,0,16,,188565,8,,,0,54,,188587,8,,,0,15,,188514,8,,,0,15,,188513,8,,,0,15,,188571,8,,,0,55,,188570,8,,,0,15,,188577,8,,,0,17,,188576,8,,,0,19,,188511,8,,,0,67,,188534,8,,,0,32,,188547,8,,,0,79,,188566,8,,,0,70,,188581,8,,,0
662400,'152201_merged_15726445',2413,,191428,17,,,0,29,,191429,17,,,0,75,,191430,17,,,0,36,,191431,17,,,0
662400,'152301_merged_15726453',2413,,191432,17,,,0,29,,191433,17,,,0,75,,191434,17,,,0,36,,191435,17,,,0
662400,'1_merged_15726439',616,,191443,17,,,0,15,,191445,17,,,0,15,,191446,17,,,0,12,,191447,17,,,0,52,,191449,17,,,0,12,,191450,17,,,0,12,,191451,17,,,0,12,,191452,17,,,0,11,,191453,17,,,0,52,,191454,17,,,0,12,,191455,17,,,0,12,,191456,17,,,0,12,,191457,17,,,0,12,,191458,17,,,0,52,,191459,17,,,0,12,,191460,17,,,0,12,,191461,17,,,0,12,,191462,17,,,0,12,,191463,17,,,0,52,,191464,17,,,0,12,,191465,17,,,0,12,,191467,17,,,0,12,,191468,17,,,0,12,,191469,17,,,0,52,,191470,17,,,0,12,,191471,17,,,0,12,,191472,17,,,0,12,,191473,17,,,0,12,,191474,17,,,0,52,,191475,17,,,0,12,,191476,17,,,0,12,,191477,17,,,0,12,,191478,17,,,0,12,,191479,17,,,0,52,,191480,17,,,0,12,,191481,17,,,0,12,,191482,17,,,0,12,,191484,17,,,0,12,,191485,17,,,0,52,,191486,17,,,0,12,,191487,17,,,0,11,,191488,17,,,0,12,,191490,17,,,0,12,,191491,17,,,0,52,,191492,17,,,0,12,,191493,17,,,0,12,,191494,17,,,0,12,,191496,17,,,0,12,,191497,17,,,0,51,,191498,17,,,0,12,,191499,17,,,0,11,,191500,17,,,0,11,,191501,17,,,0,11,,191502,17,,,0,51,,191503,17,,,0,10,,191504,17,,,0,10,,191505,17,,,0,10,,191506,17,,,0,10,,191507,17,,,0,10,,191508,17,,,0,51,,191509,17,,,0,11,,191510,17,,,0,13,,191512,17,,,0,12,,191513,17,,,0,12,,191514,17,,,0,52,,191515,17,,,0,12,,191516,17,,,0,13,,191517,17,,,0,12,,191519,17,,,0,12,,191520,17,,,0,52,,191521,17,,,0,12,,191522,17,,,0,12,,191523,17,,,0,12,,191524,17,,,0,12,,191525,17,,,0,55,,191526,17,,,0,16,,191527,17,,,0,15,,191530,17,,,0,13,,191531,17,,,0,53,,191532,17,,,0,15,,191533,17,,,0,19,,191534,17,,,0,16,,191535,17,,,0,60,,191536,17,,,0,20,,191537,17,,,0,21,,191538,17,,,0
662400,'2_merged_15726441',550,,191543,10,,,0,70,,191545,10,,,0,29,,191546,17,,,0,60,,191548,17,,,0,20,,191550,17,,,0,15,,191551,17,,,0,12,,191602,17,,,0,52,,191603,17,,,0,12,,191604,17,,,0,12,,191605,17,,,0,11,,191606,17,,,0,12,,191607,17,,,0,52,,191608,17,,,0,12,,191609,17,,,0,12,,191610,17,,,0,12,,191611,17,,,0,12,,191612,17,,,0,52,,191613,17,,,0,12,,191614,17,,,0,12,,191615,17,,,0,12,,191616,17,,,0,11,,191617,17,,,0,52,,191618,17,,,0,12,,191619,17,,,0,12,,191620,17,,,0,12,,191621,17,,,0,12,,191622,17,,,0,52,,191623,17,,,0,12,,191624,17,,,0,12,,191625,17,,,0,12,,191626,17,,,0,12,,191627,17,,,0,52,,191628,17,,,0,12,,191629,17,,,0,12,,191630,17,,,0,12,,191631,17,,,0,12,,191632,17,,,0,52,,191633,17,,,0,12,,191634,17,,,0,11,,191635,17,,,0,12,,191636,17,,,0,12,,191554,17,,,0,52,,191555,17,,,0,12,,191556,17,,,0,12,,191557,17,,,0,12,,191558,17,,,0,12,,191559,17,,,0,52,,191560,17,,,0,12,,191561,17,,,0,12,,191562,17,,,0,12,,191563,17,,,0,12,,191564,17,,,0,52,,191565,17,,,0,13,,191566,17,,,0,12,,191567,17,,,0,13,,191568,17,,,0,12,,191569,17,,,0,52,,191570,17,,,0,12,,191571,17,,,0,12,,191572,17,,,0,12,,191573,17,,,0,12,,191574,17,,,0,52,,191575,17,,,0,12,,191576,17,,,0,13,,191577,17,,,0,13,,191578,17,,,0,55,,191580,17,,,0,16,,191581,17,,,0,17,,191583,17,,,0,17,,191584,17,,,0,57,,191585,17,,,0,15,,191587,17,,,0,16,,191588,17,,,0,14,,191589,17,,,0,55,,191590,17,,,0,15,,191591,17,,,0,17,,191592,17,,,0,19,,191593,17,,,0,60,,191594,17,,,0,21,,191595,17,,,0,16,,191596,17,,,0,60,,191597,17,,,0,20,,191598,17,,,0,21,,191599,17,,,0,60,,191600,17,,,0,28,,191601,17,,,0
662400,'3_merged_15726440',601,,191647,10,,,0,18,,191648,10,,,0,18,,191649,17,,,0,18,,191651,17,,,0,58,,191652,17,,,0,18,,191653,17,,,0,15,,191654,17,,,0,55,,191655,17,,,0,12,,191716,17,,,0,12,,191717,17,,,0,12,,191718,17,,,0,12,,191719,17,,,0,52,,191720,17,,,0,12,,191721,17,,,0,11,,191722,17,,,0,12,,191723,17,,,0,12,,191724,17,,,0,52,,191725,17,,,0,12,,191726,17,,,0,12,,191727,17,,,0,12,,191728,17,,,0,12,,191729,17,,,0,52,,191730,17,,,0,12,,191731,17,,,0,12,,191732,17,,,0,12,,191733,17,,,0,12,,191734,17,,,0,52,,191735,17,,,0,12,,191736,17,,,0,12,,191737,17,,,0,12,,191738,17,,,0,12,,191739,17,,,0,52,,191740,17,,,0,12,,191741,17,,,0,12,,191742,17,,,0,12,,191743,17,,,0,12,,191744,17,,,0,52,,191745,17,,,0,12,,191746,17,,,0,11,,191747,17,,,0,12,,191660,17,,,0,10,,191661,17,,,0,10,,191662,17,,,0,50,,191663,17,,,0,10,,191664,17,,,0,10,,191665,17,,,0,10,,191666,17,,,0,10,,191667,17,,,0,10,,191668,17,,,0,49,,191669,17,,,0,10,,191670,17,,,0,10,,191671,17,,,0,10,,191672,17,,,0,10,,191673,17,,,0,10,,191674,17,,,0,50,,191675,17,,,0,11,,191676,17,,,0,10,,191677,17,,,0,10,,191678,17,,,0,9,,191679,17,,,0,10,,191680,17,,,0,50,,191681,17,,,0,10,,191682,17,,,0,9,,191683,17,,,0,12,,191685,17,,,0,15,,191686,17,,,0,55,,191688,17,,,0,15,,191689,17,,,0,14,,191691,17,,,0,15,,191692,17,,,0,55,,191694,17,,,0,15,,191695,17,,,0,15,,191698,17,,,0,16,,191699,17,,,0,56,,191700,17,,,0,15,,191701,17,,,0,6,,191702,17,,,0,15,,191703,17,,,0,13,,191704,17,,,0,55,,191705,17,,,0,15,,191706,17,,,0,15,,191707,17,,,0,18,,191708,17,,,0,59,,191709,17,,,0,21,,191710,17,,,0,20,,191711,17,,,0,63,,191712,17,,,0,30,,191713,17,,,0,74,,191714,17,,,0,25,,191715,17,,,0
683400,'1201_merged_15726432',2605,,223705,11,,,0,22,,223708,11,,,0,25,,223706,11,0,6 7 8,0,104,,223707,11,,,0
683400,'1_merged_15726439',2550,,223715,11,,,0,67,,223713,11,,,0,21,,223710,11,0,6 7 8,0,68,,223714,11,,,0,16,,223712,11,,,0,18,,223711,11,,,0,71,,223709,11,,,0,25,,223716,11,,,0
683400,'2_merged_15726441',445,,223726,11,,,0,14,,223725,11,,,0,71,,223729,11,,,0,20,,223724,11,,,0,69,,223723,11,,,0,1904,,223730,11,,,0,19,,223731,11,,,0,60,,223728,11,,,0,20,,223732,11,,,0,15,,223721,11,,,0,15,,223718,11,,,0,55,,223720,11,,,0,20,,223719,11,,,0,20,,223722,11,0,6 7 8,0,60,,223717,11,0,6 7 8,0,25,,223727,11,,,0
683400,'3_merged_15726440',446,,223742,11,,,0,72,,223743,11,,,0,15,,223744,11,,,0,15,,223750,11,,,0,54,,223749,11,,,0,17,,223745,11,,,0,23,,223733,11,,,0,58,,223751,11,,,0,18,,223746,11,,,0,1736,,223748,11,,,0,66,,223747,11,,,0,22,,223737,11,,,0,78,,223734,11,,,0,20,,223739,11,0,6 7 8,0,60,,223735,11,,,0,22,,223736,11,,,0,20,,223738,11,0,6 7 8,0,60,,223740,11,0,6 7 8,0,21,,223741,11,,,0
684000,'1_merged_15726439',2621,,223918,11,,,0,20,,223917,11,,,0,59,,223919,11,,,0,21,,223920,11,,,0,30,,223921,11,,,0,70,,223922,11,,,0,30,,223923,11,,,0,70,,223924,11,,,0
684000,'2_merged_15726441',2625,,223926,11,,,0,20,,223925,11,,,0,60,,223928,11,,,0,20,,223927,11,,,0,30,,223929,11,,,0,70,,223930,11,,,0,30,,223931,11,,,0,70,,223932,11,,,0
684000,'3_merged_15726440',2622,,223935,11,,,0,30,,223934,11,,,0,70,,223933,11,,,0
