661400,'152201_merged_15726445',2117,,186136,28,0,10,0,20,,186137,28,0,10,0,20,,186141,28,0,10,0,59,,186138,28,0,10,0,20,,186142,28,0,10,0,20,,186143,28,0,10,0,61,,186139,28,0,10,0,20,,186135,28,0,10,0,18,,186140,28,0,10,0,68,,186134,28,0,10,0
661400,'152301_merged_15726453',2117,,186144,28,0,10,0,20,,186145,28,0,10,0,20,,186146,28,0,10,0,59,,186147,28,0,10,0,20,,186148,28,0,10,0,20,,186149,28,0,10,0,61,,186150,28,0,10,0,20,,186151,28,0,10,0,18,,186152,28,0,10,0,68,,186153,28,0,10,0
661400,'1_merged_15726439',513,,186176,1,,,0,14,,186177,1,,,0,22,,186180,1,,,0,55,,186215,23,,,0,19,,186178,1,,,0,4,,186164,23,,,0,16,,186216,23,,,0,15,,186162,23,,,0,56,,186187,23,,,0,14,,186188,23,,,0,14,,186189,27,,,0,15,,186190,27,,,0,56,,186197,27,,,0,15,,186203,27,,,0,15,,186217,27,,,0,15,,186191,27,,,0,54,,186157,27,,,0,15,,186158,27,,,0,15,,186199,27,,,0,15,,186200,27,,,0,55,,186201,27,,,0,15,,186202,27,,,0,15,,186218,27,,,0,15,,186219,27,,,0,55,,186214,27,,,0,15,,186194,27,,,0,15,,186159,27,,,0,15,,186186,27,,,0,54,,186161,27,,,0,14,,186195,27,,,0,14,,186198,27,,,0,15,,186154,27,,,0,54,,186155,27,,,0,14,,186181,27,,,0,12,,186224,27,,,0,13,,186179,27,,,0,12,,186182,27,,,0,52,,186183,27,,,0,12,,186192,27,,,0,12,,186212,27,,,0,11,,186213,27,,,0,12,,186193,27,,,0,52,,186165,27,,,0,12,,186166,27,,,0,12,,186167,27,,,0,12,,186209,27,,,0,12,,186168,27,,,0,52,,186169,27,,,0,10,,186170,27,,,0,11,,186172,27,,,0,10,,186207,27,,,0,10,,186221,27,,,0,50,,186196,27,,,0,10,,186220,27,,,0,10,,186206,27,,,0,10,,186208,27,,,0,10,,186175,27,,,0,8,,186222,27,,,0,8,,186210,27,,,0,49,,186223,27,,,0,7,,186211,27,,,0,9,,186174,27,,,0,12,,186184,27,,,0,12,,186173,27,,,0,12,,186160,27,,,0,55,,186205,27,,,0,20,,186163,27,,,0,21,,186204,27,,,0,65,,186171,28,0,10,0,20,,186185,28,0,10,0,18,,186156,28,0,10,0
661400,'2_merged_15726441',2113,,186272,28,0,10,0,21,,186280,28,0,10,0,21,,186240,28,0,10,0,60,,186265,28,0,10,0,20,,186244,28,0,10,0,20,,186273,28,0,10,0,61,,186243,28,0,10,0,20,,186286,28,0,10,0,19,,186263,28,0,10,0,68,,186259,28,0,10,0
661400,'3_merged_15726440',2050,,186357,28,0,10,0,60,,186358,28,0,10,0,20,,186359,28,0,10,0,24,,186360,28,0,10,0,66,,186361,28,0,10,0,20,,186362,28,0,10,0,19,,186363,28,0,10,0,58,,186364,28,0,10,0,23,,186365,28,0,10,0,19,,186366,28,0,10,0,64,,186367,28,0,10,0
661700,'152201_merged_15726445',2108,,187889,32,,,0,20,,187890,32,,,0,20,,187891,32,,,0,60,,187892,32,,,0,20,,187893,32,,,0,20,,187894,32,,,0,60,,187895,32,,,0,21,,187896,32,,,0,20,,187897,32,,,0,63,2,187898,32,,,0,23,2,187899,32,,,0,77,2,187900,32,,,0
661700,'152301_merged_15726453',2108,,187901,32,,,0,20,,187902,32,,,0,20,,187903,32,,,0,60,,187904,32,,,0,20,,187905,32,,,0,20,,187906,32,,,0,60,,187907,32,,,0,21,,187908,32,,,0,20,,187909,32,,,0,63,2,187910,32,,,0,23,2,187911,32,,,0,77,2,187912,32,,,0
661700,'1_merged_15726439',548,,187913,32,,,0,68,,187914,32,,,0,19,,187915,32,,,0,15,,187916,32,,,0,52,,187917,32,,,0,12,,187918,32,,,0,13,,187919,32,,,0,12,,187920,32,,,0,12,,187921,32,,,0,50,,187922,32,,,0,10,,187923,32,,,0,10,,187924,32,,,0,12,,187925,32,,,0,12,,187926,32,,,0,12,,187927,32,,,0,52,,187928,32,,,0,15,,187929,32,,,0,15,,187930,32,,,0,14,,187931,32,,,0,54,,187932,32,,,0,15,,187933,32,,,0,15,,187934,32,,,0,15,,187935,32,,,0,55,,187936,32,,,0,16,,187937,32,,,0,15,,187938,32,,,0,15,,187939,32,,,0,55,,187940,32,,,0,16,,187941,32,,,0,15,,187942,32,,,0,16,,187943,32,,,0,55,,187944,32,,,0,16,,187945,32,,,0,15,,187946,32,,,0,15,,187947,32,,,0,55,,187948,32,,,0,15,,187949,32,,,0,15,,187950,32,,,0,12,,187951,32,,,0,52,,187952,32,,,0,12,,187953,32,,,0,12,,187954,32,,,0,12,,187955,32,,,0,12,,187956,32,,,0,52,,187957,32,,,0,12,,187958,32,,,0,13,,187959,32,,,0,12,,187960,32,,,0,12,,187961,32,,,0,52,,187962,32,,,0,12,,187963,32,,,0,15,,187964,32,,,0,14,,187965,32,,,0,60,,187966,32,,,0,20,,187967,32,,,0,19,,187968,32,,,0,60,,187969,32,,,0,21,,187970,32,,,0,19,,187971,32,,,0,61,,187972,32,,,0,21,,187973,32,,,0,20,,187974,32,,,0
661700,'2_merged_15726441',2104,,188035,32,,,0,19,,188036,32,,,0,21,,188037,32,,,0,60,,188038,32,,,0,21,,188039,32,,,0,20,,188040,32,,,0,61,,188041,32,,,0,19,,188042,32,,,0,20,,188043,32,,,0,58,2,188044,32,,,0,35,2,188045,32,,,0,72,2,188046,32,,,0
661700,'3_merged_15726440',2109,,188096,32,,,0,20,,188097,32,,,0,20,,188098,32,,,0,61,,188099,32,,,0,20,,188100,32,,,0,20,,188101,32,,,0,60,,188102,32,,,0,20,,188103,32,,,0,20,,188104,32,,,0,59,2,188105,32,,,0,33,2,188106,32,,,0,68,2,188107,32,,,0
662000,'152201_merged_15726445',2112,,189517,34,,,0,15,,189508,34,,,0,15,,189518,34,,,0,15,,189507,34,,,0,60,,189509,34,,,0,20,,189511,34,,,0,20,,189516,34,,,0,60,,189510,34,,,0,20,,189515,34,,,0,22,,189513,34,,,0,70,,189512,34,,,0,30,,189514,34,,,0,70,,189506,34,,,0
662000,'152301_merged_15726453',2112,,189521,34,,,0,15,,189522,34,,,0,15,,189523,34,,,0,15,,189524,34,,,0,60,,189525,34,,,0,20,,189527,34,,,0,20,,189529,34,,,0,60,,189526,34,,,0,20,,189528,34,,,0,22,,189530,34,,,0,70,,189531,34,,,0,30,,189519,34,,,0,70,,189520,34,,,0
662000,'1_merged_15726439',435,,189548,34,,,0,20,,189549,34,,,0,60,,189551,34,,,0,2,,189555,29,,,0,16,,189554,29,,,0,2,,189552,34,,,0,12,,189610,29,,,0,5,,189550,34,,,0,53,,189553,34,,,0,15,,189561,34,,,0,12,,189578,34,,,0,12,,189579,34,,,0,12,,189580,34,,,0,52,,189581,34,,,0,12,,189582,34,,,0,12,,189592,34,,,0,3,,189613,29,,,0,9,,189593,34,,,0,10,,189605,34,,,0,50,,189541,34,,,0,10,,189543,34,,,0,10,,189544,34,,,0,3,,189611,29,,,0,6,,189588,34,,,0,10,,189589,34,,,0,10,,189590,34,,,0,50,,189591,34,,,0,12,,189583,34,,,0,14,,189584,34,,,0,15,,189594,34,,,0,15,,189545,34,,,0,55,,189562,34,,,0,15,,189563,34,,,0,15,,189564,34,,,0,15,,189565,34,,,0,55,,189542,34,,,0,15,,189566,34,,,0,15,,189567,34,,,0,15,,189568,34,,,0,55,,189569,34,,,0,15,,189570,34,,,0,15,,189571,34,,,0,15,,189572,34,,,0,55,,189573,34,,,0,15,,189574,34,,,0,15,,189575,34,,,0,15,,189576,34,,,0,55,,189577,34,,,0,15,,189585,34,,,0,15,,189586,34,,,0,14,,189587,34,,,0,54,,189595,34,,,0,15,,189596,34,,,0,15,,189597,34,,,0,12,,189598,34,,,0,52,,189599,34,,,0,13,,189600,34,,,0,13,,189601,34,,,0,12,,189602,34,,,0,13,,189603,34,,,0,52,,189604,34,,,0,12,,189536,34,,,0,12,,189537,34,,,0,13,,189538,34,,,0,12,,189539,34,,,0,53,,189540,34,,,0,14,,189535,34,,,0,14,,189560,34,,,0,15,,189547,34,,,0,55,,189534,34,,,0,15,,189532,34,,,0,16,,189546,34,,,0,15,,189606,34,,,0,55,,189608,34,,,0,15,,189609,34,,,0,15,,189533,34,,,0,15,,189607,34,,,0
662000,'2_merged_15726441',2059,,189676,34,,,0,56,,189677,34,,,0,20,,189678,34,,,0,20,,189679,34,,,0,60,,189680,34,,,0,20,,189681,34,,,0,20,,189682,34,,,0,62,,189683,34,,,0,20,,189684,34,,,0,65,,189685,34,,,0,30,,189686,34,,,0,70,,189687,34,,,0,30,,189688,34,,,0
662000,'3_merged_15726440',2106,,189748,34,,,0,20,,189749,34,,,0,20,,189750,34,,,0,60,,189751,34,,,0,20,,189752,34,,,0,20,,189753,34,,,0,60,,189754,34,,,0,20,,189755,34,,,0,20,,189756,34,,,0,56,,189757,34,,,0,30,,189758,34,,,0,70,,189759,34,,,0,30,,189760,34,,,0
662200,'101_merged_15726436',1547,,190428,34,4,,0
662200,'152201_merged_15726445',2107,,190429,34,0,24 14 8,0,18,,190430,34,0,24 14 8,0,23,,190431,34,0,24 14 8,0,57,,190432,34,0,24 14 8,0,21,,190433,34,0,24 14 8,0,25,,190434,34,0,24 14 8,0,59,,190435,34,0,24 14 8,0,16,,190436,34,0,24 14 8,0,21,,190437,34,0,24 14 8,0,72,,190438,34,0,24 14 8,0,29,,190439,34,,,0,73,,190440,34,,,0
662200,'152301_merged_15726453',2107,,190441,34,0,24 14 8,0,18,,190442,34,0,24 14 8,0,23,,190443,34,0,24 14 8,0,57,,190444,34,0,24 14 8,0,21,,190445,34,0,24 14 8,0,25,,190446,34,0,24 14 8,0,59,,190447,34,0,24 14 8,0,16,,190448,34,0,24 14 8,0,21,,190449,34,0,24 14 8,0,72,,190450,34,0,24 14 8,0,29,,190451,34,,,0,73,,190452,34,,,0
662200,'1_merged_15726439',550,,190454,34,0,24 14 8,0,53,,190455,7,0,24 14 8,0,16,,190456,34,0,24 14 8,0,11,,190457,7,0,24 14 8,0,13,,190458,34,0,24 14 8,0,12,,190459,34,0,24 14 8,0,52,,190460,34,0,24 14 8,0,10,,190461,34,0,24 14 8,0,10,,190462,34,0,24 14 8,0,8,,190463,34,0,24 14 8,0,7,,190464,34,0,24 14 8,0,8,,190465,34,0,24 14 8,0,7,,190466,34,0,24 14 8,0,47,,190467,34,0,24 14 8,0,6,,190468,34,0,24 14 8,0,6,,190533,34,0,24 14 8,0,6,,190469,34,0,24 14 8,0,8,,190470,34,0,24 14 8,0,6,,190471,34,0,24 14 8,0,7,,190472,34,0,24 14 8,0,7,,190473,34,0,24 14 8,0,7,,190474,34,0,24 14 8,0,48,,190475,34,0,24 14 8,0,7,,190476,34,0,24 14 8,0,8,,190477,34,0,24 14 8,0,9,,190478,34,0,24 14 8,0,10,,190479,34,0,24 14 8,0,11,,190480,34,0,24 14 8,0,52,,190481,34,0,24 14 8,0,12,,190537,34,0,24 14 8,0,12,,190482,34,0,24 14 8,0,9,,190483,34,0,24 14 8,0,11,,190484,34,0,24 14 8,0,11,,190485,34,0,24 14 8,0,51,,190538,34,0,24 14 8,0,12,,190486,34,0,24 14 8,0,12,,190487,34,0,24 14 8,0,12,,190488,34,0,24 14 8,0,11,,190489,34,0,24 14 8,0,52,,190539,34,0,24 14 8,0,12,,190490,34,0,24 14 8,0,13,,190491,34,0,24 14 8,0,12,,190492,34,0,24 14 8,0,12,,190493,34,0,24 14 8,0,52,,190540,34,0,24 14 8,0,12,,190494,34,0,24 14 8,0,12,,190495,34,0,24 14 8,0,12,,190496,34,0,24 14 8,0,10,,190541,34,0,24 14 8,0,52,,190497,34,0,24 14 8,0,12,,190498,34,0,24 14 8,0,13,,190499,34,0,24 14 8,0,13,,190500,34,0,24 14 8,0,13,,190529,34,0,24 14 8,0,49,,190530,34,0,24 14 8,0,8,,190534,34,0,24 14 8,0,8,,190531,34,0,24 14 8,0,8,,190532,34,0,24 14 8,0,8,,190501,34,0,24 14 8,0,8,,190535,34,0,24 14 8,0,8,,190536,34,0,24 14 8,0,48,,190502,34,0,24 14 8,0,8,,190503,34,0,24 14 8,0,8,,190504,34,0,24 14 8,0,8,,190505,34,0,24 14 8,0,8,,190506,34,0,24 14 8,0,8,,190507,34,0,24 14 8,0,8,,190508,34,0,24 14 8,0,8,,190509,34,0,24 14 8,0,50,,190510,34,0,24 14 8,0,9,,190511,34,0,24 14 8,0,10,,190512,34,0,24 14 8,0,9,,190513,34,0,24 14 8,0,10,,190514,34,0,24 14 8,0,10,,190515,34,0,24 14 8,0,50,,190516,34,0,24 14 8,0,10,,190517,34,0,24 14 8,0,10,,190518,34,0,24 14 8,0,10,,190519,34,0,24 14 8,0,12,,190520,34,0,24 14 8,0,52,,190521,34,0,24 14 8,0,12,,190522,34,0,24 14 8,0,12,,190542,34,0,24 14 8,0,14,,190523,34,0,24 14 8,0,13,,190524,34,0,24 14 8,0,55,,190525,34,0,24 14 8,0,15,,190526,34,0,24 14 8,0,16,,190527,34,0,24 14 8,0,15,,190528,34,0,24 14 8,0
662200,'2_merged_15726441',2056,,190564,34,0,24 14 8,0,55,,190606,34,0,24 14 8,0,15,,190549,34,0,24 14 8,0,16,,190543,34,0,24 14 8,0,17,,190545,34,0,24 14 8,0,62,,190554,34,0,24 14 8,0,26,,190611,34,0,24 14 8,0,62,,190552,34,0,24 14 8,0,22,,190609,34,0,24 14 8,0,20,,190608,34,0,24 14 8,0,65,,190548,34,0,24 14 8,0,30,,190610,34,,,0,70,,190612,34,,,0
662200,'3_merged_15726440',2113,,190691,34,0,24 14 8,0,16,,190692,34,0,24 14 8,0,18,,190693,34,0,24 14 8,0,58,,190694,34,0,24 14 8,0,19,,190695,34,0,24 14 8,0,20,,190696,34,0,24 14 8,0,60,,190697,34,0,24 14 8,0,20,,190698,34,0,24 14 8,0,26,,190699,34,0,24 14 8,0,67,,190700,34,,,0,30,,190701,34,,,0,69,,190702,34,,,0
662301,'152201_merged_15726445',2058,,191195,4,,,0,60,,191196,4,,,0,20,,191197,4,,,0,20,,191198,4,,,0,60,,191199,4,,,0,20,,191200,4,,,0,20,,191201,4,,,0,64,,191202,4,,,0,20,,191203,4,,,0,62,2,191204,4,,,0,25,2,191205,4,,,0,73,2,191206,4,,,0,26,,191207,4,,,0
662301,'152301_merged_15726453',2058,,191208,4,,,0,60,,191209,4,,,0,20,,191210,4,,,0,20,,191211,4,,,0,60,,191212,4,,,0,20,,191213,4,,,0,20,,191214,4,,,0,64,,191215,4,,,0,20,,191216,4,,,0,62,2,191217,4,,,0,25,2,191218,4,,,0,73,2,191219,4,,,0,26,,191220,4,,,0
662301,'1_merged_15726439',543,,191221,4,,,0,15,,191222,4,,,0,54,,191223,4,,,0,15,,191224,4,,,0,14,,191225,4,,,0,15,,191226,4,,,0,54,,191227,4,,,0,15,,191228,4,,,0,14,,191229,4,,,0,15,,191230,4,,,0,55,,191231,4,,,0,15,,191232,4,,,0,14,,191233,4,,,0,15,,191234,4,,,0,55,,191235,4,,,0,15,,191236,4,,,0,15,,191237,4,,,0,15,,191238,4,,,0,55,,191239,4,,,0,15,,191240,4,,,0,15,,191241,4,,,0,15,,191242,4,,,0,55,,191243,4,,,0,15,,191244,4,,,0,15,,191245,4,,,0,15,,191246,4,,,0,55,,191247,4,,,0,16,,191248,4,,,0,14,,191249,4,,,0,15,,191250,4,,,0,55,,191251,4,,,0,15,,191252,4,,,0,15,,191253,4,,,0,15,,191254,4,,,0,55,,191255,4,,,0,15,,191256,4,,,0,15,,191257,4,,,0,15,,191258,4,,,0,55,,191259,4,,,0,15,,191260,4,,,0,15,,191261,4,,,0,15,,191262,4,,,0,55,,191263,4,,,0,16,,191264,4,,,0,15,,191265,4,,,0,15,,191266,4,,,0,54,,191267,4,,,0,15,,191268,4,,,0,13,,191269,4,,,0,15,,191270,4,,,0,54,,191271,4,,,0,15,,191272,4,,,0,14,,191273,4,,,0,15,,191274,4,,,0,54,,191275,4,,,0,15,,191276,4,,,0,15,,191277,4,,,0,15,,191278,4,,,0,54,,191279,4,,,0,16,,191280,4,,,0,20,,191281,4,,,0
662301,'2_merged_15726441',2055,,191342,4,,,0,59,,191343,4,,,0,20,,191344,4,,,0,20,,191345,4,,,0,58,,191346,4,,,0,20,,191347,4,,,0,20,,191348,4,,,0,60,,191349,4,,,0,20,,191350,4,,,0,72,2,191351,4,,,0,30,2,191352,4,,,0,70,2,191353,4,,,0,30,,191354,4,,,0
662301,'3_merged_15726440',2106,,191414,4,,,0,15,,191415,4,,,0,15,,191416,4,,,0,15,,191417,4,,,0,59,,191418,4,,,0,20,,191419,4,,,0,20,,191420,4,,,0,60,,191421,4,,,0,20,,191422,4,,,0,20,,191423,4,,,0,63,2,191424,4,,,0,28,2,191425,4,,,0,70,2,191426,4,,,0,29,,191427,4,,,0
662501,'152201_merged_15726445',2119,,192352,3,,,0,11,,192353,3,,,0,14,,192354,3,,,0,14,,192355,3,,,0,54,,192356,3,,,0,14,,192357,3,,,0,13,,192358,3,,,0,15,,192359,3,,,0,55,,192360,3,,,0,15,,192361,3,,,0,13,,192362,3,,,0,13,,192363,3,,,0,59,4,192364,3,,,0,9,,192365,3,0,22 14,0,21,4,192366,3,,,0,16,,192367,3,0,22 14,0,60,,192368,3,0,22 14,0,25,4,192369,3,,,0,15,,192370,3,0,22 14,0
662501,'152301_merged_15726453',2119,,192371,3,,,0,11,,192372,3,,,0,14,,192373,3,,,0,14,,192374,3,,,0,54,,192375,3,,,0,14,,192376,3,,,0,13,,192377,3,,,0,15,,192378,3,,,0,55,,192379,3,,,0,15,,192380,3,,,0,13,,192381,3,,,0,13,,192382,3,,,0,59,4,192383,3,,,0,9,,192384,3,0,22 14,0,21,4,192385,3,,,0,16,,192386,3,0,22 14,0,60,,192387,3,0,22 14,0,25,4,192388,3,,,0,15,,192389,3,0,22 14,0
662501,'1_merged_15726439',522,,192394,3,,,0,17,,192395,3,,,0,62,,192397,3,,,0,19,,192399,3,,,0,14,,192401,3,,,0,12,,192402,3,,,0,54,,192403,3,,,0,12,,192405,3,,,0,12,,192406,3,,,0,12,,192408,3,,,0,12,,192409,3,,,0,54,,192411,3,,,0,11,,192412,3,,,0,10,,192413,3,,,0,10,,192414,3,,,0,10,,192415,3,,,0,12,,192416,3,,,0,56,,192417,3,,,0,10,,192418,3,,,0,10,,192419,3,,,0,13,,192420,3,,,0,10,,192421,3,,,0,52,,192422,3,,,0,12,,192423,3,,,0,12,,192424,3,,,0,10,,192425,3,,,0,12,,192426,3,,,0,52,,192427,3,,,0,12,,192428,3,,,0,12,,192429,3,,,0,12,,192430,3,,,0,12,,192431,3,,,0,53,,192433,3,,,0,13,,192434,3,,,0,12,,192435,3,,,0,12,,192436,3,,,0,12,,192437,3,,,0,52,,192438,3,,,0,13,,192439,3,,,0,12,,192440,3,,,0,12,,192441,3,,,0,12,,192442,3,,,0,52,,192443,3,,,0,12,,192444,3,,,0,12,,192445,3,,,0,12,,192446,3,,,0,12,,192447,3,,,0,52,,192448,3,,,0,12,,192449,3,,,0,12,,192450,3,,,0,11,,192451,3,,,0,12,,192452,3,,,0,52,,192453,3,,,0,12,,192454,3,,,0,12,,192455,3,,,0,12,,192456,3,,,0,12,,192457,3,,,0,52,,192458,3,,,0,7,,192459,3,,,0,12,,192460,3,,,0,12,,192461,3,,,0,12,,192462,3,,,0,52,,192463,3,,,0,12,,192464,3,,,0,12,,192465,3,,,0,12,,192466,3,,,0,12,,192467,3,,,0,52,,192468,3,,,0,9,,192469,3,,,0,12,,192470,3,,,0,11,,192471,3,,,0,12,,192472,3,,,0,12,,192473,3,,,0,52,,192474,3,,,0,12,,192475,3,,,0,12,,192476,3,,,0,12,,192477,3,,,0,12,,192478,3,,,0,50,,192479,3,,,0
662501,'2_merged_15726441',2057,,192565,3,,,0,51,,192566,3,,,0,12,,192567,3,,,0,12,,192568,3,,,0,13,,192569,3,,,0,55,,192570,3,,,0,15,,192571,3,,,0,13,,192572,3,,,0,15,,192573,3,,,0,15,,192574,3,,,0,55,,192575,3,,,0,14,,192576,3,,,0,15,,192577,3,,,0,68,3,192578,3,,,0,30,3,192579,3,,,0,70,3,192580,3,,,0,29,3,192581,3,,,0
662501,'3_merged_15726440',2110,,192661,3,,,0,15,,192662,3,,,0,13,,192663,3,,,0,15,,192664,3,,,0,55,,192665,3,,,0,15,,192666,3,,,0,15,,192667,3,,,0,15,,192668,3,,,0,53,,192669,3,,,0,15,,192670,3,,,0,13,,192671,3,,,0,15,,192672,3,,,0,59,3,192673,3,,,0,31,3,192674,3,,,0,70,3,192675,3,,,0,30,3,192676,3,,,0
663700,'152201_merged_15726445',2105,,196084,13,,,0,17,,196085,13,,,0,18,,196086,13,,,0,62,,196087,13,,,0,22,,196088,13,,,0,20,,196089,13,,,0,63,,196090,13,,,0,23,,196091,13,,,0,19,,196092,13,,,0,70,,196093,13,,,0,30,,196094,13,,,0,67,,196095,13,,,0,42,,196096,13,,,0
663700,'152301_merged_15726453',2105,,196097,13,,,0,17,,196098,13,,,0,18,,196099,13,,,0,62,,196100,13,,,0,22,,196101,13,,,0,20,,196102,13,,,0,63,,196103,13,,,0,23,,196104,13,,,0,19,,196109,13,,,0,70,,196105,13,,,0,30,,196106,13,,,0,67,,196107,13,,,0,42,,196108,13,,,0
663700,'1_merged_15726439',520,,196127,13,,,0,20,,196129,13,,,0,60,,196130,13,,,0,20,,196131,13,,,0,20,,196114,13,,,0,60,,196115,13,,,0,20,,196126,13,,,0,18,,196140,13,,,0,18,,196141,13,,,0,56,,196142,13,,,0,21,,196143,13,,,0,16,,196144,13,,,0,56,,196145,13,,,0,16,,196146,13,,,0,16,,196147,13,,,0,18,,196148,13,,,0,57,,196149,13,,,0,17,,196150,13,,,0,17,,196151,13,,,0,57,,196152,13,,,0,17,,196153,13,,,0,18,,196154,13,,,0,17,,196155,13,,,0,57,,196156,13,,,0,17,,196157,13,,,0,17,,196158,13,,,0,57,,196159,13,,,0,17,,196160,13,,,0,17,,196161,13,,,0,17,,196162,13,,,0,56,,196163,13,,,0,15,,196164,13,,,0,15,,196165,13,,,0,15,,196166,13,,,0,55,,196110,13,,,0,14,,196111,13,,,0,15,,196112,13,,,0,15,,196113,13,,,0,55,,196117,13,,,0,15,,196118,13,,,0,14,,196119,13,,,0,15,,196128,13,,,0,55,,196120,13,,,0,15,,196121,13,,,0,15,,196122,13,,,0,16,,196123,13,,,0,53,,196124,13,,,0,15,,196125,13,,,0,15,,196116,13,,,0,15,,196132,13,,,0,54,,196133,13,,,0,15,,196134,13,,,0,16,,196135,13,,,0,18,,196136,13,,,0,58,,196137,13,,,0,17,,196138,13,,,0,18,,196139,13,,,0
663700,'2_merged_15726441',2057,,196229,13,,,0,60,,196230,13,,,0,21,,196231,13,,,0,20,,196232,13,,,0,61,,196233,13,,,0,20,,196234,13,,,0,20,,196235,13,,,0,64,,196236,13,,,0,31,,196237,13,,,0,71,,196238,13,,,0,30,,196239,13,,,0,69,,196240,13,,,0,19,,196241,13,,,0
663700,'3_merged_15726440',2117,,196294,13,,,0,20,,196295,13,,,0,20,,196296,13,,,0,64,,196297,13,,,0,22,,196298,13,,,0,14,,196299,13,,,0,61,,196300,13,,,0,26,,196301,13,,,0,70,,196302,13,,,0,31,,196303,13,,,0,68,,196304,13,,,0,30,,196305,13,,,0
683001,'1_merged_15726439',2610,,223648,2,,,0,31,,223649,2,,,0,70,,223650,2,,,0,30,,223651,2,,,0,70,,223652,2,,,0,29,,223653,2,,,0
683001,'2_merged_15726441',2611,,223659,2,,,0,34,,223655,2,,,0,70,,223654,2,,,0,30,,223658,2,,,0,72,,223657,2,,,0,34,,223656,2,,,0
683001,'3_merged_15726440',2610,,223661,2,,,0,30,,223660,2,,,0,70,,223665,2,,,0,30,,223664,2,,,0,70,,223663,2,,,0,40,,223662,2,,,0
683100,'1_merged_15726439',2607,,223668,24,,,0,30,,223667,24,,,0,70,,223666,24,,,0
683100,'2_merged_15726441',2607,,223671,24,,,0,30,,223670,24,,,0,70,,223669,24,,,0
683100,'3_merged_15726440',2607,,223674,24,,,0,30,,223673,24,,,0,68,,223672,24,,,0
683101,'1_merged_15726439',2610,,223677,3,,,0,30,,223676,3,,,0,70,,223675,3,,,0
683101,'2_merged_15726441',2610,,223679,3,,,0,30,,223678,3,,,0,70,,223680,3,,,0
683101,'3_merged_15726440',2610,,223683,3,,,0,30,,223682,3,,,0,70,,223681,3,,,0
683301,'1_merged_15726439',2609,,223694,2,,,0,14,,223697,2,,,0,19,,223695,2,,,0,72,,223696,2,,,0
683301,'2_merged_15726441',2612,,223700,2,,,0,14,,223701,2,,,0,20,,223699,2,,,0,61,,223698,2,,,0
683301,'3_merged_15726440',2611,,223704,2,,,0,30,,223703,2,,,0,70,,223702,2,,,0
683400,'1201_merged_15726432',2556,,223705,3,,,0,62,,223708,3,,,0,25,,223706,3,0,6 7 8,0,104,,223707,3,,,0
683400,'1_merged_15726439',2541,,223715,3,,,0,67,,223713,3,,,0,21,,223710,3,0,6 7 8,0,28,,223714,3,,,0,55,,223712,3,,,0,19,,223711,3,,,0,71,,223709,3,,,0,25,,223716,3,,,0
683400,'2_merged_15726441',436,,223726,3,,,0,14,,223725,3,,,0,71,,223729,3,,,0,20,,223724,3,,,0,69,,223723,3,,,0,1902,,223730,3,,,0,19,,223731,3,,,0,20,,223728,3,,,0,60,,223732,3,,,0,15,,223721,3,,,0,15,,223718,3,,,0,15,,223720,3,,,0,60,,223719,3,,,0,20,,223722,3,0,6 7 8,0,20,,223717,3,0,6 7 8,0,65,,223727,3,,,0
683400,'3_merged_15726440',437,,223742,3,,,0,72,,223743,3,,,0,15,,223744,3,,,0,15,,223750,3,,,0,14,,223749,3,,,0,57,,223745,3,,,0,21,,223733,3,,,0,20,,223751,3,,,0,58,,223746,3,,,0,1736,,223748,3,,,0,66,,223747,3,,,0,22,,223737,3,,,0,78,,223734,3,,,0,20,,223739,3,0,6 7 8,0,20,,223735,3,,,0,62,,223736,3,,,0,20,,223738,3,0,6 7 8,0,20,,223740,3,0,6 7 8,0,61,,223741,3,,,0
683501,'1_merged_15726439',2611,,223782,3,,,0,20,,223781,3,,,0,20,,223783,3,,,0,60,,223784,3,,,0,30,,223785,3,,,0,70,,223786,3,,,0,30,,223787,3,,,0,70,,223788,3,,,0
683501,'2_merged_15726441',2611,,223792,3,,,0,20,,223789,3,,,0,20,,223791,3,,,0,60,,223790,3,,,0,30,,223793,3,,,0,70,,223794,3,,,0,30,,223795,3,,,0,70,,223796,3,,,0
683501,'3_merged_15726440',2611,,223799,3,,,0,30,,223798,3,,,0,70,,223797,3,,,0
683701,'1_merged_15726439',2528,,223850,29,,,0,103,,223851,51,,,0
683701,'2_merged_15726441',2530,,223852,29,,,0,106,,223853,51,,,0
683701,'3_merged_15726440',2356,,223860,29,,,0,71,,223861,29,,,0,81,,223862,51,,,0,31,,223863,51,,,0,108,,223865,51,,,0,69,,223866,51,,,0
683800,'1_merged_15726439',2615,,223868,3,,,0,19,,223870,3,,,0,20,,223867,3,,,0,60,,223869,3,,,0,33,,223871,3,,,0,63,,223872,3,,,0,30,,223873,3,,,0,78,,223874,3,,,0
683800,'2_merged_15726441',2618,,223877,3,,,0,16,,223878,3,,,0,16,,223876,3,,,0,70,,223875,3,,,0,30,,223879,3,,,0,70,,223880,3,,,0,30,,223881,3,,,0,60,,223882,3,,,0
683800,'3_merged_15726440',2613,,223883,3,,,0,30,,223884,3,,,0,70,,223885,3,,,0,36,,223886,3,,,0,60,,223887,3,,,0,31,,223888,3,,,0,70,,223889,3,,,0
684000,'1_merged_15726439',2611,,223918,3,,,0,20,,223917,3,,,0,19,,223919,3,,,0,61,,223920,3,,,0,30,,223921,3,,,0,70,,223922,3,,,0,30,,223923,3,,,0,70,,223924,3,,,0
684000,'2_merged_15726441',2614,,223926,3,,,0,20,,223925,3,,,0,20,,223928,3,,,0,60,,223927,3,,,0,30,,223929,3,,,0,70,,223930,3,,,0,30,,223931,3,,,0,70,,223932,3,,,0
684000,'3_merged_15726440',2612,,223935,3,,,0,30,,223934,3,,,0,70,,223933,3,,,0
684100,'1_merged_15726439',450,,223953,2,,,0,70,,223954,2,,,0,9,,223961,2,,,0,2006,,223962,2,,,0,70,,223956,2,,,0,20,,223958,2,,,0,20,,223955,2,,,0,62,,223957,2,,,0,30,,223959,2,,,0,75,,223960,2,,,0
684100,'2_merged_15726441',447,,223965,2,,,0,71,,223972,2,,,0,31,,223973,2,,,0,73,,223974,2,,,0,31,,223970,2,,,0,1880,,223976,2,,,0,74,,223967,2,,,0,17,,223971,2,,,0,20,,223975,2,,,0,60,,223968,2,,,0,30,,223969,2,,,0,80,,223977,2,,,0
684100,'3_merged_15726440',445,,223988,2,,,0,72,,223989,2,,,0,30,,223990,2,,,0,70,,223991,2,,,0,16,,223992,2,,,0,14,,223984,2,,,0,56,,223993,2,,,0,13,,223985,2,,,0,1789,,223978,2,,,0,30,,223979,2,,,0,72,,223982,2,,,0,30,,223981,2,,,0,70,,223980,2,,,0,35,,223983,2,,,0,75,,223987,2,,,0
1671800,'152201_merged_15726445',2111,,226227,35,0,10,0,16,,226228,35,0,10,0,15,,226229,35,0,10,0,15,,226230,35,0,10,0,55,,226231,35,0,10,0,20,,226232,35,0,10,0,21,,226233,35,0,10,0,59,,226234,35,0,10,0,20,,226235,35,0,10,0,70,,226236,35,0,10,0,15,,226226,35,0,10,0,15,,226237,35,0,10,0,15,,226240,35,0,10,0,55,,226238,35,0,10,0,30,,226239,35,0,10,0
1671800,'152301_merged_15726453',2111,,226243,35,0,10,0,16,,226244,35,0,10,0,15,,226245,35,0,10,0,15,,226246,35,0,10,0,55,,226247,35,0,10,0,20,,226248,35,0,10,0,21,,226249,35,0,10,0,59,,226250,35,0,10,0,20,,226251,35,0,10,0,70,,226252,35,0,10,0,15,,226241,35,0,10,0,15,,226253,35,0,10,0,15,,226242,35,0,10,0,55,,226254,35,0,10,0,30,,226255,35,0,10,0
1671800,'1_merged_15726439',327,,226328,35,0,10,0,30,,226329,35,0,10,0,78,,226330,35,0,10,0,65,,226298,6,,,0,7,,226297,35,,,0,16,,226331,6,,,0,22,,226299,35,,,0,4,,226293,31,,,0,53,,226294,35,,,0,13,,226300,31,,,0,13,,226301,35,,,0,15,,226302,35,,,0,15,,226303,35,,,0,54,,226304,35,,,0,15,,226291,35,,,0,14,,226292,35,,,0,14,,226308,35,,,0,54,,226309,35,,,0,13,,226310,35,,,0,15,,226311,35,,,0,14,,226312,35,,,0,53,,226313,35,,,0,13,,226314,35,,,0,14,,226315,35,,,0,13,,226316,35,,,0,14,,226317,35,,,0,55,,226318,35,,,0,15,,226319,35,,,0,15,,226320,35,,,0,15,,226321,35,,,0,55,,226322,35,,,0,15,,226323,35,,,0,15,,226324,35,,,0,16,,226325,35,,,0,56,,226326,35,,,0,15,,226327,35,,,0,15,,226305,35,,,0,55,,226306,35,,,0,12,,226295,6,,,0,4,,226307,35,,,0,15,,226284,35,,,0,15,,226285,35,,,0,55,,226286,35,,,0,16,,226256,35,,,0,15,,226257,35,,,0,16,,226258,35,,,0,8,,226259,35,,,0,48,,226296,35,,,0,14,,226260,35,,,0,13,,226261,35,,,0,11,,226332,6,,,0,4,,226262,35,,,0,13,,226263,35,,,0,52,,226264,35,,,0,10,,226334,35,,,0,10,,226265,35,,,0,10,,226266,35,,,0,10,,226267,35,,,0,50,,226268,35,,,0,10,,226269,35,,,0,10,,226270,35,,,0,9,,226271,35,,,0,9,,226272,35,,,0,9,,226333,35,,,0,9,,226273,35,,,0,49,,226274,35,,,0,10,,226275,35,,,0,10,,226276,35,,,0,12,,226277,35,,,0,12,,226278,35,,,0,52,,226279,35,,,0,12,,226280,35,,,0,11,,226281,35,0,10,0,15,,226282,35,0,10,0,15,,226283,35,0,10,0,55,,226287,35,0,10,0,15,,226288,35,0,10,0,15,,226290,35,0,10,0,16,,226289,35,0,10,0
1671800,'2_merged_15726441',327,,226432,35,0,10,0,30,,226433,35,0,10,0,1753,,226346,35,0,10,0,15,,226347,35,0,10,0,15,,226348,35,0,10,0,15,,226349,35,0,10,0,59,,226358,35,0,10,0,20,,226350,35,0,10,0,20,,226351,35,0,10,0,60,,226352,35,0,10,0,21,,226353,35,0,10,0,24,,226354,35,0,10,0,70,,226355,35,0,10,0,30,,226356,35,0,10,0,69,,226357,35,0,10,0
1671800,'3_merged_15726440',325,,226518,35,0,10,0,30,,226519,35,0,10,0,1759,,226500,35,0,10,0,15,,226501,35,0,10,0,15,,226502,35,0,10,0,15,,226514,35,0,10,0,58,,226503,35,0,10,0,20,,226504,35,0,10,0,20,,226505,35,0,10,0,59,,226506,35,0,10,0,21,,226507,35,0,10,0,64,,226508,35,0,10,0,30,,226509,35,0,10,0,70,,226510,35,0,10,0,30,,226511,35,0,10,0
