664301,'1_merged_15727750',539,,198486,24,,,0,20,,198487,24,,,0,61,,198488,24,,,0,20,,198489,24,,,0,60,,198490,24,,,0,22,,198491,24,,,0,20,,198492,24,,,0,60,,198493,24,,,0,23,,198494,24,,,0,20,,198495,24,,,0,60,,198496,24,,,0,19,,198497,24,,,0,29,,198498,24,,,0,70,,198499,24,,,0,30,,198500,24,,,0,70,,198501,24,,,0,31,,198502,24,,,0,70,,198503,24,,,0,30,,198504,24,,,0,70,,198505,24,,,0,30,,198506,24,,,0,71,,198507,24,,,0,25,,198508,24,,,0,62,,198509,24,,,0,20,,198510,24,,,0,21,,198469,24,,,0,60,,198470,24,,,0,15,,198471,24,,,0,20,,198472,24,,,0,60,,198473,24,,,0,20,,198474,24,,,0,18,,198475,24,,,0,60,,198476,24,,,0,18,,198477,24,,,0,29,,198478,24,,,0,68,,198479,24,,,0,29,,198480,24,,,0,70,,198481,24,,,0,100,,198482,24,,,0,102,,198483,24,,,0,97,,198484,24,,,0,100,,198485,24,,,0
664301,'2_merged_15727752',618,,198511,24,,,0,30,,198512,24,,,0,70,,198513,24,,,0,31,,198514,24,,,0,70,,198515,24,,,0,31,,198516,24,,,0,70,,198517,24,,,0,32,,198518,24,,,0,70,,198519,24,,,0,31,,198520,24,,,0,70,,198521,24,,,0,30,,198522,24,,,0,72,,198523,24,,,0,30,,198524,24,,,0,70,,198525,24,,,0,30,,198526,24,,,0,70,,198527,24,,,0,29,,198528,24,,,0,70,,198529,24,,,0,30,,198530,24,,,0,70,,198531,24,,,0,30,,198532,24,,,0,70,,198533,24,,,0,30,,198534,24,,,0,68,,198535,24,,,0,30,,198536,24,,,0,69,,198537,24,,,0,29,,198538,24,,,0,68,,198539,24,,,0,30,,198540,24,,,0,65,,198541,24,,,0,30,,198542,24,,,0,90,,198546,24,,,0,95,,198543,24,,,0,115,,198544,24,,,0,101,,198545,24,,,0
664301,'3_merged_15727751',749,,198555,24,,,0,70,,198554,24,,,0,30,,198553,24,,,0,70,,198552,24,,,0,31,,198551,24,,,0,70,,198563,24,,,0,31,,198550,24,,,0,71,,198548,24,,,0,30,,198547,24,,,0,70,,198578,24,,,0,31,,198577,24,,,0,70,,198576,24,,,0,30,,198575,24,,,0,70,,198574,24,,,0,30,,198549,24,,,0,70,,198573,24,,,0,30,,198572,24,,,0,70,,198571,24,,,0,30,,198570,24,,,0,70,,198569,24,,,0,29,,198568,24,,,0,69,,198567,24,,,0,30,,198566,24,,,0,69,,198565,24,,,0,28,,198564,24,,,0,70,,198560,24,,,0,25,,198562,24,,,0,72,,198561,24,,,0,22,,198559,24,,,0,92,,198558,24,,,0,108,,198557,24,,,0,105,,198556,24,,,0
664500,'1_merged_15727750',536,,198932,15,0,6 7 8,0,19,,198900,15,0,6 7 8,0,60,,198913,15,0,6 7 8,0,18,,198851,15,0,6 7 8,0,16,,198923,15,0,6 7 8,0,53,,198935,15,0,6 7 8,0,11,,198919,15,0,6 7 8,0,13,,198859,15,0,6 7 8,0,9,,198853,15,0,6 7 8,0,10,,198862,15,0,6 7 8,0,9,,198878,15,0,6 7 8,0,49,,198933,15,0,6 7 8,0,8,,198847,15,0,6 7 8,0,9,,198897,15,0,6 7 8,0,7,,198924,15,0,6 7 8,0,9,,198850,15,0,6 7 8,0,9,,198881,15,0,6 7 8,0,9,,198934,15,0,6 7 8,0,48,,198846,15,0,6 7 8,0,9,,198852,15,0,6 7 8,0,11,,198879,15,0,6 7 8,0,11,,198869,15,0,6 7 8,0,12,,198925,15,0,6 7 8,0,12,,198882,15,0,6 7 8,0,52,,198914,15,0,6 7 8,0,12,,198901,15,0,6 7 8,0,12,,198885,15,0,6 7 8,0,13,,198926,15,0,6 7 8,0,11,,198941,15,0,6 7 8,0,52,,198915,15,0,6 7 8,0,11,,198898,15,0,6 7 8,0,12,,198883,15,0,6 7 8,0,14,,198927,15,0,6 7 8,0,12,,198942,15,0,6 7 8,0,52,,198916,15,0,6 7 8,0,12,,198887,15,0,6 7 8,0,13,,198871,15,0,6 7 8,0,13,,198928,15,0,6 7 8,0,52,,198943,15,0,6 7 8,0,12,,198917,15,0,6 7 8,0,12,,198886,15,0,6 7 8,0,12,,198858,15,0,6 7 8,0,12,,198929,15,0,6 7 8,0,52,,198944,15,0,6 7 8,0,12,,198918,15,0,6 7 8,0,12,,198855,15,0,6 7 8,0,12,,198870,15,0,6 7 8,0,12,,198930,15,0,6 7 8,0,52,,198939,15,0,6 7 8,0,9,,198880,15,0,6 7 8,0,10,,198888,15,0,6 7 8,0,9,,198940,15,0,6 7 8,0,10,,198872,15,0,6 7 8,0,9,,198936,15,0,6 7 8,0,8,,198937,15,0,6 7 8,0,52,,198931,15,0,6 7 8,0,10,,198889,15,0,6 7 8,0,7,,198938,15,0,6 7 8,0,12,,198921,15,0,6 7 8,0,9,,198890,15,0,6 7 8,0,10,,198891,15,0,6 7 8,0,49,,198893,15,0,6 7 8,0,9,,198903,15,0,6 7 8,0,9,,198907,15,0,6 7 8,0,9,,198864,15,0,6 7 8,0,10,,198922,15,0,6 7 8,0,8,,198844,15,0,6 7 8,0,8,,198865,15,0,6 7 8,0,50,,198849,15,0,6 7 8,0,8,,198894,15,0,6 7 8,0,10,,198908,15,0,6 7 8,0,9,,198866,15,0,6 7 8,0,9,,198911,15,0,6 7 8,0,8,,198920,15,0,6 7 8,0,49,,198857,15,0,6 7 8,0,9,,198906,15,0,6 7 8,0,9,,198867,15,0,6 7 8,0,9,,198902,15,0,6 7 8,0,9,,198884,15,0,6 7 8,0,9,,198848,15,0,6 7 8,0,9,,198868,15,0,6 7 8,0,48,,198845,15,0,6 7 8,0,10,,198945,15,0,6 7 8,0,10,,198895,15,0,6 7 8,0,11,,198856,15,0,6 7 8,0,14,,198875,15,0,6 7 8,0,57,,198863,15,0,6 7 8,0,15,,198876,15,0,6 7 8,0,15,,198877,15,0,6 7 8,0,14,,198909,15,0,6 7 8,0,54,,198854,15,0,6 7 8,0,14,,198860,15,0,6 7 8,0,15,,198861,15,0,6 7 8,0,16,,198910,15,0,6 7 8,0,56,,198912,15,0,6 7 8,0,28,,198874,15,0,6 7 8,0,69,,198904,15,0,6 7 8,0,29,,198905,15,0,6 7 8,0,30,,198892,15,0,6 7 8,0,68,,198873,15,0,6 7 8,0,30,,198896,15,0,6 7 8,0,70,,198899,15,0,6 7 8,0
664500,'2_merged_15727752',546,,199000,15,0,6 7 8,0,72,,198996,15,0,6 7 8,0,25,,199003,15,0,6 7 8,0,59,,198963,15,0,6 7 8,0,14,,199029,15,0,6 7 8,0,14,,198957,15,0,6 7 8,0,15,,198956,15,0,6 7 8,0,55,,198962,15,0,6 7 8,0,16,,198976,15,0,6 7 8,0,15,,198969,15,0,6 7 8,0,15,,198992,15,0,6 7 8,0,56,,198964,15,0,6 7 8,0,15,,198968,15,0,6 7 8,0,13,,198985,15,0,6 7 8,0,12,,198983,15,0,6 7 8,0,13,,198987,15,0,6 7 8,0,52,,198993,15,0,6 7 8,0,14,,198982,15,0,6 7 8,0,12,,199004,15,0,6 7 8,0,15,,198971,15,0,6 7 8,0,53,,198999,15,0,6 7 8,0,12,,198972,15,0,6 7 8,0,12,,198984,15,0,6 7 8,0,12,,199007,15,0,6 7 8,0,12,,199008,15,0,6 7 8,0,52,,199009,15,0,6 7 8,0,12,,199022,15,0,6 7 8,0,12,,199011,15,0,6 7 8,0,12,,199010,15,0,6 7 8,0,10,,199012,15,0,6 7 8,0,12,,199013,15,0,6 7 8,0,52,,199023,15,0,6 7 8,0,14,,199014,15,0,6 7 8,0,12,,199015,15,0,6 7 8,0,12,,199016,15,0,6 7 8,0,52,,199017,15,0,6 7 8,0,12,,199024,15,0,6 7 8,0,12,,199018,15,0,6 7 8,0,12,,199019,15,0,6 7 8,0,12,,199020,15,0,6 7 8,0,53,,199021,15,0,6 7 8,0,12,,199025,15,0,6 7 8,0,12,,198946,15,0,6 7 8,0,12,,198947,15,0,6 7 8,0,12,,198948,15,0,6 7 8,0,51,,198949,15,0,6 7 8,0,12,,199026,15,0,6 7 8,0,11,,198950,15,0,6 7 8,0,12,,198951,15,0,6 7 8,0,12,,198952,15,0,6 7 8,0,52,,198953,15,0,6 7 8,0,12,,199027,15,0,6 7 8,0,12,,198954,15,0,6 7 8,0,12,,198958,15,0,6 7 8,0,11,,198959,15,0,6 7 8,0,12,,198960,15,0,6 7 8,0,52,,198961,15,0,6 7 8,0,12,,198977,15,0,6 7 8,0,12,,199028,15,0,6 7 8,0,12,,198994,15,0,6 7 8,0,12,,198981,15,0,6 7 8,0,52,,198986,15,0,6 7 8,0,12,,199030,15,0,6 7 8,0,12,,198966,15,0,6 7 8,0,12,,199001,15,0,6 7 8,0,12,,198997,15,0,6 7 8,0,55,,198978,15,0,6 7 8,0,16,,198965,15,0,6 7 8,0,14,,198988,15,0,6 7 8,0,15,,198989,15,0,6 7 8,0,55,,198995,15,0,6 7 8,0,15,,199002,15,0,6 7 8,0,15,,199005,15,0,6 7 8,0,15,,199006,15,0,6 7 8,0,53,,198979,15,0,6 7 8,0,15,,198990,15,0,6 7 8,0,15,,198955,15,0,6 7 8,0,15,,198974,15,0,6 7 8,0,69,,198980,15,0,6 7 8,0,29,,198991,15,0,6 7 8,0,69,,198975,15,0,6 7 8,0,29,,198967,15,0,6 7 8,0,70,,198970,15,0,6 7 8,0,30,,198973,15,0,6 7 8,0,70,,198998,15,0,6 7 8,0
664500,'3_merged_15727751',614,,199072,15,0,6 7 8,0,19,,199066,15,0,6 7 8,0,70,,199077,15,0,6 7 8,0,20,,199076,15,0,6 7 8,0,16,,199031,15,0,6 7 8,0,16,,199082,15,0,6 7 8,0,55,,199085,15,0,6 7 8,0,17,,199081,15,0,6 7 8,0,16,,199098,15,0,6 7 8,0,12,,199035,15,0,6 7 8,0,54,,199080,15,0,6 7 8,0,16,,199092,15,0,6 7 8,0,16,,199079,15,0,6 7 8,0,15,,199046,15,0,6 7 8,0,58,,199078,15,0,6 7 8,0,15,,199099,15,0,6 7 8,0,15,,199034,15,0,6 7 8,0,13,,199087,15,0,6 7 8,0,56,,199068,15,0,6 7 8,0,12,,199086,15,0,6 7 8,0,12,,199088,15,0,6 7 8,0,13,,199039,15,0,6 7 8,0,52,,199106,15,0,6 7 8,0,11,,199059,15,0,6 7 8,0,12,,199067,15,0,6 7 8,0,12,,199050,15,0,6 7 8,0,12,,199100,15,0,6 7 8,0,52,,199084,15,0,6 7 8,0,12,,199033,15,0,6 7 8,0,12,,199041,15,0,6 7 8,0,12,,199052,15,0,6 7 8,0,12,,199101,15,0,6 7 8,0,52,,199057,15,0,6 7 8,0,12,,199045,15,0,6 7 8,0,12,,199095,15,0,6 7 8,0,12,,199069,15,0,6 7 8,0,12,,199102,15,0,6 7 8,0,52,,199097,15,0,6 7 8,0,12,,199060,15,0,6 7 8,0,12,,199042,15,0,6 7 8,0,12,,199056,15,0,6 7 8,0,12,,199103,15,0,6 7 8,0,52,,199049,15,0,6 7 8,0,13,,199093,15,0,6 7 8,0,11,,199096,15,0,6 7 8,0,12,,199104,15,0,6 7 8,0,12,,199047,15,0,6 7 8,0,52,,199062,15,0,6 7 8,0,12,,199038,15,0,6 7 8,0,12,,199094,15,0,6 7 8,0,12,,199105,15,0,6 7 8,0,11,,199048,15,0,6 7 8,0,53,,199070,15,0,6 7 8,0,12,,199036,15,0,6 7 8,0,14,,199065,15,0,6 7 8,0,15,,199075,15,0,6 7 8,0,16,,199064,15,0,6 7 8,0,55,,199055,15,0,6 7 8,0,15,,199044,15,0,6 7 8,0,16,,199074,15,0,6 7 8,0,13,,199051,15,0,6 7 8,0,54,,199061,15,0,6 7 8,0,15,,199058,15,0,6 7 8,0,15,,199083,15,0,6 7 8,0,12,,199090,15,0,6 7 8,0,57,,199043,15,0,6 7 8,0,14,,199089,15,0,6 7 8,0,30,,199063,15,0,6 7 8,0,71,,199037,15,0,6 7 8,0,30,,199040,15,0,6 7 8,0,69,,199054,15,0,6 7 8,0,30,,199073,15,0,6 7 8,0,70,,199091,15,0,6 7 8,0,30,,199053,15,0,6 7 8,0,69,,199071,15,0,6 7 8,0,31,,199032,15,0,6 7 8,0
683400,'1201_merged_15727743',2646,,223705,70,,,0,62,,223708,70,,,0,25,,223706,70,0,6 7 8,0,104,,223707,70,,,0
683400,'1_merged_15727750',2631,,223715,70,,,0,27,,223713,70,,,0,61,,223710,70,0,6 7 8,0,28,,223714,70,,,0,55,,223712,70,,,0,19,,223711,70,,,0,31,,223709,70,,,0,65,,223716,70,,,0
683400,'2_merged_15727752',527,,223726,70,,,0,14,,223725,70,,,0,71,,223729,70,,,0,20,,223724,70,,,0,71,,223723,70,,,0,1904,,223730,70,,,0,19,,223731,70,,,0,20,,223728,70,,,0,60,,223732,70,,,0,15,,223721,70,,,0,15,,223718,70,,,0,15,,223720,70,,,0,60,,223719,70,,,0,21,,223722,70,0,6 7 8,0,20,,223717,70,0,6 7 8,0,64,,223727,70,,,0
683400,'3_merged_15727751',530,,223742,70,,,0,72,,223743,70,,,0,15,,223744,70,,,0,15,,223750,70,,,0,14,,223749,70,,,0,57,,223745,70,,,0,24,,223733,70,,,0,18,,223751,70,,,0,13,,223746,70,,,0,1778,,223748,70,,,0,65,,223747,70,,,0,22,,223737,70,,,0,78,,223734,70,,,0,20,,223739,70,0,6 7 8,0,20,,223735,70,,,0,62,,223736,70,,,0,20,,223738,70,0,6 7 8,0,20,,223740,70,0,6 7 8,0,61,,223741,70,,,0
