668701,'101_merged_15727747',1616,,208293,8,0,44 3 45,0
668701,'1_merged_15727750',550,,208297,8,,,0,70,,208298,8,,,0,10,,208300,8,0,44 3 45,0,5,,208301,8,,,0,5,,208302,8,0,44 3 45,0,10,,208303,8,,,0,50,,208304,8,0,44 3 45,0,5,,208305,8,,,0,5,,208306,8,0,44 3 45,0,13,,208308,8,0,44 3 45,0,10,,208309,8,0,44 3 45,0,5,,208310,8,,,0,5,,208311,8,0,44 3 45,0,5,,208312,8,,,0,5,,208313,8,0,44 3 45,0,50,,208314,8,,,0,10,,208315,8,0,44 3 45,0,5,,208316,8,,,0,7,,208317,8,0,44 3 45,0,13,,208318,8,,,0,5,,208319,8,0,44 3 45,0,5,,208320,8,0,46 47 48,0,5,,208321,8,0,46 47 48,0,5,,208322,8,0,44 3 45,0,45,,208323,8,0,46 47 48,0,5,,208324,8,,,0,1,,208420,8,0,44 3 45,0,4,,208325,8,0,46 47 48,0,5,,208326,8,0,44 3 45,0,5,,208327,8,0,44 3 45,0,7,,208328,8,0,46 47 48,0,5,,208329,8,0,44 3 45,0,2,,208330,8,0,44 3 45,0,1,,208331,8,,,0,10,,208332,8,0,44 3 45,0,55,,208333,8,0,44 3 45,0,5,,208334,8,,,0,10,,208335,8,0,44 3 45,0,15,,208336,8,0,44 3 45,0,5,,208337,8,,,0,10,,208338,8,0,44 3 45,0,55,,208339,8,0,44 3 45,0,5,,208340,8,,,0,10,,208341,8,0,44 3 45,0,15,,208342,8,0,44 3 45,0,5,,208343,8,,,0,10,,208344,8,0,44 3 45,0,55,,208345,8,0,44 3 45,0,5,,208346,8,,,0,10,,208347,8,0,44 3 45,0,15,,208348,8,0,44 3 45,0,5,,208349,8,,,0,10,,208350,8,0,44 3 45,0,55,,208351,8,0,44 3 45,0,5,,208352,8,,,0,10,,208353,8,0,44 3 45,0,15,,208354,8,0,44 3 45,0,5,,208355,8,,,0,10,,208356,8,0,44 3 45,0,55,,208357,8,0,44 3 45,0,5,,208358,8,,,0,10,,208359,8,0,44 3 45,0,15,,208360,8,0,44 3 45,0,5,,208361,8,,,0,10,,208362,8,0,44 3 45,0,55,,208363,8,0,44 3 45,0,5,,208364,8,,,0,13,,208365,8,0,44 3 45,0,15,,208366,8,0,44 3 45,0,5,,208367,8,,,0,5,,208368,8,0,44 3 45,0,10,,208370,8,0,44 3 45,0,50,,208371,8,0,44 3 45,0,5,,208372,8,,,0,15,,208374,8,0,44 3 45,0,10,,208375,8,0,44 3 45,0,5,,208376,8,,,0,5,,208377,8,0,44 3 45,0,10,,208379,8,0,44 3 45,0,50,,208380,8,0,44 3 45,0,5,,208381,8,,,0,5,,208382,8,0,44 3 45,0,5,,208383,8,0,44 3 45,0,5,,208384,8,,,0,10,,208385,8,0,44 3 45,0,5,,208386,8,,,0,5,,208387,8,0,44 3 45,0,10,,208389,8,0,44 3 45,0,50,,208390,8,0,44 3 45,0,5,,208391,8,,,0,12,,208393,8,0,44 3 45,0,5,,208394,8,0,44 3 45,0,5,,208395,8,0,44 3 45,0,5,,208396,8,,,0,5,,208397,8,0,44 3 45,0,15,,208398,8,0,44 3 45,0,50,,208399,8,,,0,5,,208400,8,0,44 3 45,0,15,,208401,8,0,44 3 45,0,10,,208402,8,,,0,5,,208403,8,0,44 3 45,0,15,,208404,8,0,44 3 45,0,50,,208405,8,,,0,5,,208406,8,0,44 3 45,0,15,,208407,8,0,44 3 45,0,10,,208408,8,,,0,10,,208409,8,0,44 3 45,0,60,,208410,8,,,0,15,,208411,8,,,0,30,,208412,8,,,0,70,,208413,8,,,0,30,,208414,8,,,0,70,,208415,8,,,0,30,,208416,8,0,44 3 45,0,75,,208417,8,,,0,30,,208418,8,0,44 3 45,0,70,,208419,8,0,7 49,0
668701,'201_merged_15727755',1616,,208421,8,0,44 3 45,0
668701,'2_merged_15727752',542,,208423,8,,,0,79,,208425,8,,,0,30,,208426,8,,,0,70,,208427,8,,,0,15,,208428,8,,,0,15,,208429,8,,,0,57,,208430,8,0,44 3 45,0,13,,208431,8,,,0,12,,208432,8,0,44 3 45,0,3,,208433,8,,,0,17,,208434,8,0,44 3 45,0,53,,208435,8,,,0,12,,208436,8,0,44 3 45,0,10,,208437,8,0,44 3 45,0,7,,208438,8,,,0,5,,208439,8,0,44 3 45,0,12,,208440,8,0,44 3 45,0,52,,208441,8,0,44 3 45,0,1,,208442,8,,,0,11,,208443,8,0,44 3 45,0,12,,208444,8,0,44 3 45,0,7,,208445,8,,,0,5,,208446,8,0,44 3 45,0,12,,208447,8,0,44 3 45,0,52,,208448,8,0,44 3 45,0,1,,208449,8,,,0,11,,208450,8,0,44 3 45,0,15,,208451,8,0,44 3 45,0,4,,208452,8,,,0,11,,208453,8,0,44 3 45,0,55,,208454,8,0,44 3 45,0,5,,208455,8,,,0,12,,208456,8,0,44 3 45,0,15,,208457,8,0,44 3 45,0,3,,208458,8,,,0,12,,208459,8,0,44 3 45,0,55,,208460,8,0,44 3 45,0,3,,208461,8,,,0,12,,208462,8,0,44 3 45,0,12,,208463,8,0,44 3 45,0,6,,208464,8,,,0,6,,208465,8,0,44 3 45,0,12,,208466,8,0,44 3 45,0,52,,208467,8,0,44 3 45,0,0,,208468,8,,,0,12,,208469,8,0,44 3 45,0,12,,208470,8,0,44 3 45,0,6,,208471,8,,,0,6,,208472,8,0,44 3 45,0,9,,208473,8,,,0,3,,208474,8,0,44 3 45,0,52,,208475,8,0,44 3 45,0,0,,208476,8,,,0,12,,208477,8,0,44 3 45,0,12,,208478,8,0,44 3 45,0,7,,208479,8,,,0,5,,208480,8,0,44 3 45,0,10,,208481,8,,,0,2,,208482,8,0,44 3 45,0,52,,208483,8,0,44 3 45,0,1,,208484,8,,,0,11,,208485,8,0,44 3 45,0,11,,208486,8,0,44 3 45,0,8,,208487,8,,,0,2,,208488,8,0,44 3 45,0,4,,208489,8,0,44 3 45,0,9,,208490,8,,,0,52,,208491,8,0,44 3 45,0,8,,208492,8,,,0,7,,208493,8,0,44 3 45,0,1,,208494,8,0,44 3 45,0,9,,208495,8,0,44 3 45,0,8,,208496,8,,,0,12,,208497,8,0,44 3 45,0,3,,208498,8,,,0,52,,208499,8,0,44 3 45,0,2,,208500,8,,,0,12,,208501,8,0,44 3 45,0,10,,208502,8,0,44 3 45,0,8,,208503,8,,,0,12,,208504,8,0,44 3 45,0,55,,208505,8,0,44 3 45,0,3,,208506,8,,,0,7,,208507,8,0,46 47 48,0,5,,208508,8,0,44 3 45,0,18,,208509,8,,,0,2,,208510,8,0,44 3 45,0,20,,208511,8,0,44 3 45,0,48,,208512,8,,,0,12,,208513,8,0,44 3 45,0,18,,208514,8,,,0,12,,208515,8,0,44 3 45,0,58,,208516,8,,,0,15,,208517,8,,,0,12,,208518,8,0,44 3 45,0,23,,208519,8,,,0,47,,208520,8,0,44 3 45,0,18,,208521,8,,,0,27,,208522,8,0,44 3 45,0,3,,208523,8,,,0,70,,208524,8,,,0,32,,208525,8,0,44 3 45,0,73,,208526,8,,,0,32,,208527,8,0,44 3 45,0,67,,208528,8,0,7 49,0
668701,'3_merged_15727751',650,,208530,8,,,0,70,,208531,8,,,0,30,,208532,8,,,0,70,,208533,8,,,0,10,,208534,8,,,0,20,,208535,8,,,0,55,,208536,8,0,44 3 45,0,15,,208537,8,,,0,13,,208538,8,0,44 3 45,0,2,,208539,8,,,0,15,,208540,8,,,0,55,,208541,8,,,0,18,,208542,8,0,44 3 45,0,7,,208543,8,0,44 3 45,0,10,,208544,8,,,0,5,,208545,8,0,44 3 45,0,55,,208546,8,0,44 3 45,0,5,,208547,8,,,0,10,,208548,8,0,44 3 45,0,15,,208549,8,0,44 3 45,0,5,,208550,8,,,0,12,,208551,8,0,44 3 45,0,55,,208552,8,0,44 3 45,0,5,,208553,8,,,0,10,,208554,8,0,44 3 45,0,15,,208555,8,0,44 3 45,0,5,,208556,8,,,0,10,,208557,8,0,44 3 45,0,55,,208558,8,0,44 3 45,0,5,,208559,8,,,0,10,,208560,8,0,44 3 45,0,15,,208561,8,0,44 3 45,0,5,,208562,8,,,0,10,,208563,8,0,44 3 45,0,55,,208564,8,0,44 3 45,0,5,,208565,8,,,0,10,,208566,8,0,44 3 45,0,15,,208567,8,0,44 3 45,0,5,,208568,8,,,0,10,,208569,8,0,44 3 45,0,55,,208570,8,0,44 3 45,0,5,,208571,8,,,0,10,,208572,8,0,44 3 45,0,17,,208573,8,0,44 3 45,0,3,,208574,8,,,0,4,,208575,8,0,44 3 45,0,12,,208576,8,0,44 3 45,0,52,,208577,8,0,44 3 45,0,2,,208578,8,,,0,10,,208579,8,0,44 3 45,0,12,,208580,8,0,44 3 45,0,8,,208581,8,,,0,4,,208582,8,0,44 3 45,0,12,,208583,8,0,44 3 45,0,52,,208584,8,0,44 3 45,0,2,,208585,8,,,0,10,,208586,8,0,44 3 45,0,12,,208587,8,0,44 3 45,0,8,,208588,8,,,0,4,,208589,8,0,44 3 45,0,12,,208590,8,0,44 3 45,0,52,,208591,8,0,44 3 45,0,2,,208592,8,,,0,10,,208593,8,0,44 3 45,0,12,,208594,8,0,44 3 45,0,8,,208595,8,,,0,4,,208596,8,0,44 3 45,0,12,,208597,8,0,44 3 45,0,52,,208598,8,0,44 3 45,0,2,,208599,8,,,0,10,,208600,8,0,44 3 45,0,10,,208601,8,0,44 3 45,0,10,,208602,8,,,0,15,,208603,8,0,44 3 45,0,55,,208604,8,,,0,15,,208605,8,,,0,15,,208606,8,0,44 3 45,0,15,,208607,8,,,0,55,,208608,8,0,44 3 45,0,15,,208609,8,,,0,30,,208610,8,,,0,70,,208611,8,,,0,30,,208612,8,,,0,70,,208613,8,,,0,30,,208614,8,0,44 3 45,0,75,,208616,8,0,44 3 45,0,100,,208617,8,0,44 3 45,0
669001,'1_merged_15727750',712,,208897,8,,,0,116,,208899,8,,,0,583,,208905,8,,,0,30,,208906,8,,,0,70,,208907,8,,,0,29,,208908,8,,,0,74,,208909,8,,,0,30,,208910,8,,,0,70,,208911,8,,,0,30,,208912,8,,,0,70,,208913,8,,,0,30,,208914,8,,,0,70,,208915,8,,,0
669100,'1_merged_15727750',756,,208954,8,,,0,63,,208955,8,,,0,821,,208965,8,,,0,70,,208966,8,,,0
669201,'1_merged_15727750',523,,209194,25,,,0,88,,209195,40,,,0,30,,209196,40,,,0,73,,209197,40,,,0,20,,209198,40,,,0,67,,209199,40,,,0,20,,209200,40,,,0,20,,209201,40,,,0,60,,209202,40,,,0,20,,209203,40,,,0,20,,209204,40,,,0,60,,209205,40,,,0,20,,209206,40,,,0,20,,209207,40,,,0,60,,209208,40,,,0,20,,209209,40,,,0,20,,209210,40,,,0,60,,209211,40,,,0,20,,209212,40,,,0,20,,209213,40,,,0,60,,209214,40,,,0,20,,209215,40,,,0,20,,209216,40,,,0,60,,209217,40,,,0,20,,209218,40,,,0,20,,209219,40,,,0,60,,209220,40,,,0,20,,209221,40,,,0,21,,209222,40,,,0,60,,209223,40,,,0,20,,209224,40,,,0,20,,209225,40,,,0,60,,209226,40,,,0,20,,209227,40,,,0,20,,209228,40,,,0,60,,209229,40,,,0,20,,209230,40,,,0,18,,209231,40,,,0,65,,209232,40,,,0,27,,209233,40,,,0,70,,209234,40,,,0,29,,209235,40,,,0,70,,209236,40,,,0,26,,209237,40,,,0,75,,209238,40,0,46 47,0,37,,209239,40,0,46 47,0,69,,209240,40,0,46 47,0,37,,209241,40,0,46 47,0,70,,209242,40,0,46 47,0,86,,209243,40,0,46 47,0,32,,209244,40,0,46 47,0
669201,'2_merged_15727752',523,,209245,25,,,0,32,,209246,40,,,0,70,,209247,40,,,0,31,,209248,40,,,0,74,,209249,40,,,0,72,,209250,40,,,0,30,,209251,40,,,0,72,,209252,40,,,0,30,,209253,40,,,0,71,,209254,40,,,0,30,,209255,40,,,0,72,,209256,40,,,0,30,,209257,40,,,0,20,,209258,40,,,0,60,,209259,40,,,0,20,,209260,40,,,0,20,,209261,40,,,0,60,,209262,40,,,0,20,,209263,40,,,0,20,,209264,40,,,0,60,,209265,40,,,0,20,,209266,40,,,0,20,,209267,40,,,0,60,,209268,40,,,0,20,,209269,40,,,0,20,,209270,40,,,0,60,,209271,40,,,0,20,,209272,40,,,0,20,,209273,40,,,0,60,,209274,40,,,0,20,,209275,40,,,0,15,,209276,40,,,0,61,,209277,40,,,0,20,,209278,40,,,0,70,,209279,40,,,0,28,,209280,40,,,0,70,,209281,40,,,0,29,,209282,40,,,0,20,,209283,40,0,46 47,0,80,,209284,40,0,46 47,0,80,,209285,40,0,46 47,0,40,,209286,40,0,46 47,0,80,,209287,40,0,46 47,0,80,,209288,40,0,46 47,0,42,,209289,40,0,46 47,0,80,,209290,40,0,46 47,0
669201,'3_merged_15727751',635,,209291,25,,,0,66,,209292,40,,,0,30,,209293,40,,,0,70,,209294,40,,,0,33,,209295,40,,,0,70,,209296,40,,,0,30,,209297,40,,,0,71,,209298,40,,,0,30,,209299,40,,,0,70,,209300,40,,,0,30,,209301,40,,,0,20,,209302,40,,,0,60,,209303,40,,,0,20,,209304,40,,,0,20,,209305,40,,,0,60,,209306,40,,,0,20,,209307,40,,,0,20,,209308,40,,,0,60,,209309,40,,,0,20,,209310,40,,,0,20,,209311,40,,,0,60,,209312,40,,,0,20,,209313,40,,,0,20,,209314,40,,,0,60,,209315,40,,,0,20,,209316,40,,,0,20,,209317,40,,,0,60,,209318,40,,,0,20,,209319,40,,,0,20,,209320,40,,,0,60,,209321,40,,,0,20,,209322,40,,,0,66,,209323,40,,,0,32,,209324,40,,,0,70,,209325,40,,,0,27,,209326,40,,,0,70,,209327,40,,,0,29,,209328,40,0,46 47,0,80,,209329,40,0,46 47,0,40,,209330,40,0,46 47,0,80,,209331,40,0,46 47,0,80,,209332,40,0,46 47,0,42,,209333,40,0,46 47,0,80,,209334,40,0,46 47,0
