661401,'1_merged_15726439',551,,186389,21,0,16 17,0,60,,186403,21,0,16 17,0,18,,186404,21,,,0,20,,186448,21,,,0,59,,186437,21,,,0,15,,186435,21,,,0,15,,186436,21,,,0,15,,186444,21,,,0,55,,186440,21,,,0,15,,186407,21,,,0,14,,186402,21,,,0,15,,186412,21,,,0,56,,186408,21,,,0,15,,186409,21,,,0,15,,186410,21,,,0,16,,186411,21,,,0,55,,186418,21,,,0,15,,186419,21,,,0,15,,186420,21,,,0,15,,186421,21,,,0,55,,186405,21,,,0,15,,186388,21,,,0,15,,186414,21,,,0,15,,186439,21,,,0,55,,186392,21,,,0,15,,186432,21,,,0,15,,186433,21,,,0,13,,186390,21,,,0,55,,186441,21,,,0,15,,186427,21,,,0,15,,186434,21,,,0,15,,186443,21,,,0,55,,186423,21,,,0,15,,186406,21,,,0,15,,186445,21,,,0,13,,186446,21,,,0,52,,186449,21,,,0,12,,186399,21,,,0,12,,186400,21,,,0,12,,186393,21,,,0,12,,186430,21,,,0,51,,186431,21,,,0,12,,186424,21,,,0,11,,186422,21,,,0,12,,186425,21,,,0,12,,186438,21,,,0,52,,186415,21,,,0,12,,186416,21,,,0,12,,186442,21,,,0,12,,186396,21,,,0,12,,186426,21,,,0,52,,186401,21,,,0,12,,186397,21,,,0,12,,186394,21,,,0,12,,186398,21,,,0,12,,186395,21,,,0,57,,186391,21,,,0,17,,186417,21,,,0,21,,186429,21,,,0,60,,186428,21,,,0,20,,186413,21,,,0,21,,186447,21,,,0
661401,'2_merged_15726441',635,,186489,21,0,16 17,0,20,,186510,21,0,16 17,0,60,,186473,21,0,16 17,0,20,,186456,21,0,16 17,0,18,,186450,21,0,16 17,0,60,,186455,21,,,0,19,,186453,21,,,0,18,,186501,21,,,0,55,,186475,21,,,0,15,,186481,21,,,0,15,,186498,21,,,0,16,,186500,21,,,0,55,,186462,21,,,0,14,,186458,21,,,0,15,,186490,21,,,0,15,,186503,21,,,0,55,,186499,21,,,0,14,,186461,21,,,0,14,,186468,21,,,0,13,,186469,21,,,0,54,,186470,21,,,0,12,,186471,21,,,0,12,,186451,21,,,0,12,,186482,21,,,0,12,,186488,21,,,0,53,,186513,21,,,0,13,,186479,21,,,0,12,,186480,21,,,0,13,,186515,21,,,0,12,,186497,21,,,0,52,,186514,21,,,0,12,,186452,21,,,0,11,,186457,21,,,0,12,,186516,21,,,0,11,,186484,21,,,0,52,,186486,21,,,0,12,,186472,21,,,0,12,,186493,21,,,0,12,,186517,21,,,0,12,,186460,21,,,0,52,,186509,21,,,0,11,,186492,21,,,0,12,,186476,21,,,0,11,,186518,21,,,0,12,,186477,21,,,0,12,,186454,21,,,0,52,,186459,21,,,0,12,,186464,21,,,0,17,,186504,21,,,0,15,,186505,21,,,0,55,,186519,21,,,0,15,,186506,21,,,0,15,,186507,21,,,0,18,,186508,21,,,0,61,,186495,21,,,0,21,,186502,21,,,0,61,,186463,21,,,0,21,,186474,21,,,0
661401,'3_merged_15726440',643,,186520,21,0,16 17,0,79,,186521,21,0,16 17,0,30,,186522,21,0,16 17,0,67,,186523,21,0,16 17,0,27,,186524,21,,,0,65,,186525,21,,,0,20,,186526,21,,,0,20,,186527,21,,,0,60,,186528,21,,,0,18,,186529,21,,,0,18,,186530,21,,,0,56,,186531,21,,,0,17,,186532,21,,,0,17,,186533,21,,,0,16,,186534,21,,,0,56,,186535,21,,,0,16,,186536,21,,,0,15,,186537,21,,,0,15,,186538,21,,,0,55,,186539,21,,,0,15,,186540,21,,,0,14,,186541,21,,,0,13,,186542,21,,,0,52,,186543,21,,,0,12,,186544,21,,,0,12,,186545,21,,,0,12,,186546,21,,,0,12,,186547,21,,,0,52,,186548,21,,,0,12,,186549,21,,,0,12,,186550,21,,,0,11,,186551,21,,,0,12,,186552,21,,,0,53,,186553,21,,,0,14,,186554,21,,,0,14,,186555,21,,,0,14,,186556,21,,,0,56,,186557,21,,,0,15,,186558,21,,,0,15,,186559,21,,,0,15,,186560,21,,,0,55,,186561,21,,,0,15,,186562,21,,,0,15,,186563,21,,,0,15,,186564,21,,,0,57,,186565,21,,,0,18,,186566,21,,,0,20,,186567,21,,,0,60,,186568,21,,,0,20,,186569,21,,,0
661701,'152201_merged_15726445',2057,,188109,29,,,0,60,,188110,29,,,0,20,,188108,29,,,0,18,,188111,29,,,0,59,,188112,29,,,0,20,,188113,29,,,0,20,,188114,29,,,0,60,,188115,28,,,0,20,,188116,28,,,0,21,,188117,28,,,0,60,,188118,28,,,0,11,,188119,28,,,0,30,,188120,28,,,0
661701,'152301_merged_15726453',2057,,188121,29,,,0,60,,188122,29,,,0,20,,188123,29,,,0,18,,188124,29,,,0,59,,188125,29,,,0,20,,188126,29,,,0,20,,188127,29,,,0,60,,188128,28,,,0,20,,188129,28,,,0,21,,188130,28,,,0,60,,188131,28,,,0,11,,188132,28,,,0,30,,188133,28,,,0
661701,'1_merged_15726439',617,,188134,29,,,0,20,,188135,29,,,0,21,,188136,29,,,0,55,,188137,29,,,0,13,,188138,29,,,0,13,,188139,29,,,0,13,,188140,29,,,0,53,,188141,29,,,0,13,,188142,29,,,0,13,,188143,29,,,0,13,,188144,29,,,0,13,,188145,29,,,0,53,,188146,29,,,0,12,,188147,30,,,0,12,,188148,29,,,0,13,,188149,29,,,0,54,,188150,29,,,0,15,,188151,29,,,0,15,,188152,29,,,0,14,,188153,29,,,0,55,,188154,29,,,0,14,,188155,29,,,0,15,,188156,29,,,0,15,,188157,29,,,0,15,,188158,29,,,0,55,,188159,29,,,0,15,,188160,29,,,0,14,,188161,29,,,0,15,,188162,29,,,0,55,,188163,29,,,0,16,,188164,29,,,0,16,,188165,29,,,0,55,,188166,29,,,0,15,,188167,29,,,0,15,,188168,29,,,0,15,,188169,29,,,0,55,,188170,29,,,0,15,,188171,29,,,0,13,,188172,29,,,0,13,,188173,29,,,0,14,,188174,29,,,0,53,,188175,29,,,0,12,,188176,30,,,0,13,,188177,29,,,0,13,,188178,30,,,0,13,,188179,29,,,0,53,,188180,29,,,0,13,,188181,30,,,0,13,,188182,29,,,0,12,,188183,30,,,0,52,,188184,29,,,0,12,,188185,30,,,0,12,,188186,29,,,0,12,,188187,30,,,0,16,,188188,29,,,0,61,,188189,29,,,0,21,,188190,29,,,0,21,,188191,29,,,0,60,,188192,29,,,0,18,,188193,29,,,0,493,,188194,28,0,10,0
661701,'2_merged_15726441',624,,188198,29,,,0,21,,188199,29,,,0,60,,188200,29,,,0,20,,188201,29,,,0,20,,188202,29,,,0,55,,188203,29,,,0,13,,188204,29,,,0,15,,188205,29,,,0,15,,188206,29,,,0,15,,188207,29,,,0,55,,188208,29,,,0,15,,188209,29,,,0,15,,188210,29,,,0,15,,188211,29,,,0,55,,188212,29,,,0,15,,188213,29,,,0,15,,188214,29,,,0,14,,188215,29,,,0,55,,188216,29,,,0,15,,188217,29,,,0,15,,188218,29,,,0,15,,188219,29,,,0,55,,188220,29,,,0,15,,188221,29,,,0,15,,188222,29,,,0,15,,188223,29,,,0,56,,188224,29,,,0,16,,188225,29,,,0,16,,188226,29,,,0,55,,188227,29,,,0,16,,188228,29,,,0,15,,188229,29,,,0,12,,188230,29,,,0,11,,188231,29,,,0,52,,188232,29,,,0,11,,188233,29,,,0,12,,188234,29,,,0,12,,188235,29,,,0,12,,188236,29,,,0,52,,188237,29,,,0,12,,188238,29,,,0,12,,188239,29,,,0,12,,188240,29,,,0,11,,188241,29,,,0,52,,188242,29,,,0,12,,188243,29,,,0,12,,188244,29,,,0,12,,188245,29,,,0,12,,188246,29,,,0,55,,188247,29,,,0,15,,188248,29,,,0,15,,188249,29,,,0,15,,188250,29,,,0,60,,188251,29,,,0,20,,188252,29,,,0,20,,188253,29,,,0,60,,188254,29,,,0,20,,188255,29,,,0,21,,188256,29,,,0,61,,188257,29,,,0,20,,188258,29,,,0,19,,188259,29,,,0,59,,188260,29,,,0,20,,188261,29,,,0,22,,188262,29,,,0,60,,188263,28,,,0,20,,188264,28,,,0,21,,188265,28,,,0,60,,188266,28,,,0,15,,188267,28,,,0,29,,188268,28,,,0,73,,188269,28,0,10,0
661701,'3_merged_15726440',633,,188271,29,,,0,74,,188272,29,,,0,30,,188273,29,,,0,73,,188274,29,,,0,30,,188275,29,,,0,62,,188276,29,,,0,20,,188277,29,,,0,20,,188278,29,,,0,60,,188279,29,,,0,20,,188280,29,,,0,20,,188281,29,,,0,16,,188282,29,,,0,55,,188283,29,,,0,15,,188284,29,,,0,15,,188285,29,,,0,15,,188286,29,,,0,55,,188287,29,,,0,15,,188288,29,,,0,15,,188289,29,,,0,15,,188290,29,,,0,55,,188291,29,,,0,15,,188292,29,,,0,15,,188293,29,,,0,15,,188294,29,,,0,55,,188295,29,,,0,15,,188296,29,,,0,15,,188297,29,,,0,15,,188298,29,,,0,55,,188299,29,,,0,15,,188300,29,,,0,14,,188301,29,,,0,15,,188302,29,,,0,55,,188303,29,,,0,15,,188304,29,,,0,15,,188305,29,,,0,15,,188306,29,,,0,55,,188307,29,,,0,15,,188308,29,,,0,15,,188309,29,,,0,16,,188310,29,,,0,55,,188311,29,,,0,18,,188312,29,,,0,20,,188313,29,,,0,60,,188314,29,,,0,21,,188315,29,,,0,20,,188316,29,,,0,60,,188317,29,,,0,20,,188318,29,,,0,20,,188319,29,,,0,60,,188320,29,,,0,20,,188321,29,,,0,21,,188322,29,,,0,60,,188323,29,,,0,20,,188324,29,,,0,19,,188325,29,,,0,61,,188326,28,,,0,19,,188327,28,,,0,20,,188328,28,,,0,62,,188329,28,,,0,16,,188330,28,,,0,70,,188331,28,,,0,46,,188332,28,0,10,0
662401,'1_merged_15726439',538,,191748,37,,,0,75,,191751,37,,,0,15,,191752,37,,,0,15,,191753,37,,,0,15,,191755,37,,,0,52,,191756,37,,,0,12,,191757,37,,,0,12,,191758,37,,,0,13,,191759,37,,,0,54,,191761,37,,,0,12,,191762,37,,,0,12,,191763,37,,,0,14,,191764,37,,,0,12,,191765,37,,,0,52,,191766,37,,,0,12,,191767,37,,,0,12,,191768,37,,,0,12,,191769,37,,,0,11,,191770,37,,,0,52,,191771,37,,,0,11,,191772,37,,,0,12,,191773,37,,,0,12,,191774,37,,,0,12,,191775,37,,,0,52,,191776,37,,,0,12,,191777,37,,,0,12,,191778,37,,,0,12,,191779,37,,,0,12,,191780,37,,,0,52,,191781,37,,,0,12,,191782,37,,,0,12,,191783,37,,,0,12,,191784,37,,,0,12,,191785,37,,,0,52,,191786,37,,,0,12,,191787,37,,,0,12,,191788,37,,,0,12,,191789,37,,,0,13,,191790,37,,,0,52,,191791,37,,,0,12,,191792,37,,,0,12,,191793,37,,,0,12,,191794,37,,,0,12,,191795,37,,,0,52,,191796,37,,,0,10,,191797,37,,,0,11,,191798,37,,,0,10,,191799,37,,,0,10,,191800,37,,,0,10,,191801,37,,,0,50,,191802,37,,,0,10,,191803,37,,,0,10,,191804,37,,,0,10,,191805,37,,,0,11,,191806,37,,,0,10,,191807,37,,,0,50,,191808,37,,,0,10,,191809,37,,,0,10,,191810,37,,,0,10,,191811,37,,,0,10,,191812,37,,,0,10,,191813,37,,,0,50,,191814,37,,,0,12,,191815,37,,,0,12,,191816,37,,,0,12,,191817,37,,,0,10,,191818,37,,,0,52,,191819,37,,,0,12,,191820,37,,,0,12,,191821,37,,,0,12,,191822,37,,,0,12,,191823,37,,,0,52,,191824,37,,,0,12,,191825,37,,,0,12,,191826,37,,,0,12,,191827,37,,,0,13,,191828,37,,,0,51,,191829,37,,,0,13,,191830,37,,,0,15,,191831,37,,,0,15,,191832,37,,,0,59,,191833,37,,,0,16,,191834,37,,,0,20,,191835,37,,,0,60,,191836,37,,,0,21,,191837,37,,,0,20,,191838,37,,,0,63,,191839,37,,,0,33,,191840,37,,,0,76,,191842,37,,,0,22,,191843,37,0,10,0
662401,'2_merged_15726441',528,,191847,37,0,10,0,29,,191848,37,0,10,0,65,,191850,37,,,0,20,,191851,37,,,0,60,,191852,37,,,0,15,,191853,37,,,0,15,,191914,37,,,0,15,,191854,37,,,0,55,,191915,37,,,0,12,,191916,37,,,0,12,,191917,37,,,0,12,,191918,37,,,0,12,,191919,37,,,0,52,,191920,37,,,0,12,,191921,37,,,0,12,,191922,37,,,0,12,,191923,37,,,0,13,,191924,37,,,0,52,,191925,37,,,0,13,,191926,37,,,0,12,,191927,37,,,0,12,,191928,37,,,0,12,,191929,37,,,0,52,,191930,37,,,0,13,,191931,37,,,0,12,,191932,37,,,0,12,,191933,37,,,0,12,,191934,37,,,0,52,,191935,37,,,0,12,,191936,37,,,0,12,,191937,37,,,0,12,,191938,37,,,0,12,,191939,37,,,0,52,,191940,37,,,0,12,,191941,37,,,0,12,,191857,37,,,0,12,,191858,37,,,0,12,,191859,37,,,0,51,,191860,37,,,0,12,,191861,37,,,0,11,,191862,37,,,0,12,,191863,37,,,0,11,,191864,37,,,0,52,,191865,37,,,0,13,,191866,37,,,0,12,,191867,37,,,0,12,,191868,37,,,0,12,,191869,37,,,0,52,,191870,37,,,0,12,,191871,37,,,0,12,,191872,37,,,0,12,,191873,37,,,0,12,,191874,37,,,0,51,,191875,37,,,0,12,,191876,37,,,0,12,,191877,37,,,0,12,,191878,37,,,0,12,,191879,37,,,0,52,,191880,37,,,0,11,,191881,37,,,0,12,,191882,37,,,0,12,,191883,37,,,0,11,,191884,37,,,0,52,,191885,37,,,0,12,,191886,37,,,0,12,,191887,37,,,0,12,,191888,37,,,0,13,,191889,37,,,0,55,,191890,37,,,0,15,,191891,37,,,0,15,,191892,37,,,0,11,,191893,37,,,0,56,,191894,37,,,0,15,,191895,37,,,0,15,,191896,37,,,0,15,,191897,37,,,0,57,,191898,37,,,0,20,,191899,37,,,0,20,,191900,37,,,0,61,,191901,37,,,0,16,,191902,37,,,0,19,,191903,37,,,0,16,,191904,37,,,0,58,,191905,37,,,0,20,,191906,37,,,0,69,,191907,37,,,0,36,,191909,37,0,10,0
662401,'3_merged_15726440',539,,191943,37,0,10,0,18,,191944,37,0,10,0,58,,191946,37,,,0,18,,191947,37,,,0,15,,191948,37,,,0,55,,191949,37,,,0,15,,191950,37,,,0,15,,191951,37,,,0,15,,191952,37,,,0,55,,191953,37,,,0,15,,191954,37,,,0,15,,191955,37,,,0,15,,191956,37,,,0,55,,191957,37,,,0,16,,191958,37,,,0,12,,192018,37,,,0,12,,192019,37,,,0,12,,192020,37,,,0,52,,192021,37,,,0,12,,192022,37,,,0,12,,192023,37,,,0,12,,192024,37,,,0,12,,192025,37,,,0,52,,192026,37,,,0,12,,192027,37,,,0,12,,192028,37,,,0,12,,192029,37,,,0,12,,192030,37,,,0,52,,192031,37,,,0,12,,192032,37,,,0,12,,192033,37,,,0,14,,192034,37,,,0,12,,192035,37,,,0,52,,192036,37,,,0,13,,192037,37,,,0,12,,192038,37,,,0,12,,192039,37,,,0,12,,192040,37,,,0,52,,192041,37,,,0,11,,192042,37,,,0,12,,192043,37,,,0,12,,192044,37,,,0,12,,192045,37,,,0,51,,191963,37,,,0,10,,191964,37,,,0,10,,191965,37,,,0,10,,191966,37,,,0,10,,191967,37,,,0,10,,191968,37,,,0,50,,191969,37,,,0,10,,191970,37,,,0,10,,191971,37,,,0,10,,191972,37,,,0,10,,191973,37,,,0,10,,191974,37,,,0,50,,191975,37,,,0,10,,191976,37,,,0,10,,191977,37,,,0,10,,191978,37,,,0,10,,191979,37,,,0,10,,191980,37,,,0,50,,191981,37,,,0,10,,191982,37,,,0,9,,191983,37,,,0,10,,191984,37,,,0,8,,191985,37,,,0,10,,191986,37,,,0,50,,191987,37,,,0,10,,191988,37,,,0,10,,191989,37,,,0,10,,191990,37,,,0,9,,191991,37,,,0,10,,191992,37,,,0,54,,191994,37,,,0,15,,191995,37,,,0,15,,191996,37,,,0,14,,191997,37,,,0,55,,191998,37,,,0,15,,191999,37,,,0,15,,192000,37,,,0,15,,192001,37,,,0,55,,192002,37,,,0,18,,192003,37,,,0,19,,192005,37,,,0,61,,192006,37,,,0,20,,192007,37,,,0,20,,192008,37,,,0,62,,192009,37,,,0,34,,192011,37,,,0,65,,192012,37,,,0,30,,192014,37,0,10,0
662601,'1_merged_15726439',532,,193012,41,,,0,22,,193000,41,,,0,60,,192959,41,,,0,20,,193011,41,,,0,17,,192998,41,,,0,50,,192953,41,,,0,9,,192952,36,,,0,9,,192951,41,,,0,9,,193003,36,,,0,9,,193014,41,,,0,7,,193025,41,,,0,9,,192964,41,,,0,49,,193015,43,,,0,7,,193018,36,,,0,6,,192992,41,,,0,7,,193027,41,,,0,6,,192973,36,,,0,6,,193029,41,,,0,6,,192991,41,,,0,6,,192975,41,,,0,9,,193028,41,,,0,49,,192974,41,,,0,9,,193022,41,,,0,11,,192949,41,,,0,11,,192989,41,,,0,15,,192988,41,,,0,55,,193009,41,,,0,15,,192954,41,,,0,15,,193010,41,,,0,15,,192997,41,,,0,55,,193008,41,,,0,15,,192995,41,,,0,15,,192994,41,,,0,15,,192993,41,,,0,55,,193007,41,,,0,15,,192985,41,,,0,15,,192977,41,,,0,15,,192957,41,,,0,55,,193006,41,,,0,15,,192986,41,,,0,15,,192939,41,,,0,15,,193026,41,,,0,55,,193005,41,,,0,15,,192942,41,,,0,15,,192981,41,,,0,15,,192980,41,,,0,54,,192969,41,,,0,14,,192968,41,,,0,11,,193019,41,,,0,10,,193020,41,,,0,11,,193004,41,,,0,51,,192967,41,,,0,11,,192966,41,,,0,11,,192962,41,,,0,11,,192948,41,,,0,11,,193023,36,,,0,11,,192990,41,,,0,51,,192996,43,,,0,11,,192956,36,,,0,11,,192940,41,,,0,10,,192944,41,,,0,10,,192965,41,,,0,51,,192943,41,,,0,12,,192946,41,,,0,13,,192987,41,,,0,15,,192955,41,,,0,15,,192982,41,,,0,55,,192984,41,,,0,15,,192983,41,,,0,15,,192976,41,,,0,15,,193021,41,,,0,55,,192941,41,,,0,16,,193017,41,,,0,15,,193016,41,,,0,15,,192999,41,,,0,55,,192947,41,,,0,15,,192958,41,,,0,15,,193024,41,,,0,15,,192970,41,,,0,56,,192945,41,,,0,14,,192971,41,,,0,15,,192972,41,,,0,15,,192961,41,,,0,55,,193013,41,,,0,15,,192950,41,,,0,15,,193001,41,,,0,64,,192978,41,,,0,30,,192960,41,,,0,72,,193002,41,,,0,29,,192979,41,,,0,70,,192963,41,,,0
662601,'2_merged_15726441',612,,193054,41,,,0,21,,193095,41,,,0,20,,193056,41,,,0,60,,193060,41,,,0,15,,193086,41,,,0,15,,193075,41,,,0,15,,193104,41,,,0,55,,193083,41,,,0,15,,193072,41,,,0,15,,193085,41,,,0,15,,193071,41,,,0,55,,193034,41,,,0,14,,193063,41,,,0,15,,193067,41,,,0,15,,193093,41,,,0,55,,193040,41,,,0,15,,193064,41,,,0,15,,193033,41,,,0,15,,193068,41,,,0,55,,193053,41,,,0,15,,193092,41,,,0,15,,193070,41,,,0,15,,193079,41,,,0,55,,193097,41,,,0,15,,193080,41,,,0,15,,193039,41,,,0,14,,193052,41,,,0,55,,193032,41,,,0,15,,193081,41,,,0,15,,193049,41,,,0,15,,193076,41,,,0,55,,193059,41,,,0,15,,193094,41,,,0,15,,193055,41,,,0,15,,193082,41,,,0,56,,193037,41,,,0,15,,193043,41,,,0,15,,193065,41,,,0,15,,193073,41,,,0,55,,193062,41,,,0,15,,193069,41,,,0,15,,193090,41,,,0,15,,193036,41,,,0,55,,193050,41,,,0,15,,193030,41,,,0,15,,193089,41,,,0,15,,193096,41,,,0,55,,193084,41,,,0,15,,193098,41,,,0,15,,193041,41,,,0,15,,193099,41,,,0,55,,193100,41,,,0,15,,193077,41,,,0,15,,193101,41,,,0,16,,193102,41,,,0,55,,193103,41,,,0,15,,193078,41,,,0,15,,193046,41,,,0,15,,193088,41,,,0,55,,193058,41,,,0,15,,193061,41,,,0,15,,193042,41,,,0,16,,193087,41,,,0,56,,193051,41,,,0,16,,193038,41,,,0,16,,193066,41,,,0,55,,193031,41,,,0,15,,193035,41,,,0,15,,193091,41,,,0,18,,193044,41,,,0,65,,193045,41,,,0,26,,193047,41,,,0,71,,193048,41,,,0,30,,193057,41,,,0,72,,193074,41,,,0
662601,'3_merged_15726440',633,,193157,30,,,0,20,,193159,30,,,0,59,,193138,41,,,0,20,,193152,41,,,0,20,,193153,41,,,0,60,,193128,41,,,0,20,,193131,41,,,0,18,,193139,41,,,0,55,,193156,41,,,0,15,,193127,41,,,0,15,,193107,41,,,0,15,,193160,41,,,0,55,,193110,41,,,0,15,,193116,41,,,0,15,,193119,41,,,0,15,,193158,41,,,0,55,,193115,41,,,0,15,,193126,41,,,0,15,,193129,41,,,0,15,,193161,41,,,0,55,,193145,41,,,0,15,,193125,41,,,0,15,,193108,41,,,0,15,,193111,41,,,0,55,,193172,41,,,0,15,,193124,41,,,0,15,,193114,41,,,0,15,,193175,41,,,0,55,,193150,41,,,0,15,,193123,41,,,0,15,,193112,41,,,0,15,,193141,41,,,0,55,,193106,41,,,0,15,,193120,41,,,0,15,,193134,41,,,0,15,,193173,41,,,0,55,,193171,41,,,0,15,,193122,41,,,0,15,,193130,41,,,0,15,,193151,41,,,0,55,,193142,41,,,0,15,,193121,41,,,0,15,,193109,41,,,0,15,,193149,41,,,0,55,,193117,41,,,0,15,,193155,41,,,0,15,,193136,41,,,0,15,,193118,41,,,0,55,,193165,41,,,0,15,,193137,41,,,0,15,,193140,41,,,0,15,,193166,41,,,0,55,,193154,41,,,0,15,,193132,41,,,0,15,,193143,41,,,0,15,,193113,41,,,0,55,,193169,41,,,0,15,,193168,41,,,0,15,,193164,41,,,0,15,,193147,41,,,0,55,,193133,41,,,0,15,,193144,41,,,0,15,,193163,41,,,0,14,,193162,41,,,0,55,,193167,41,,,0,15,,193135,41,,,0,15,,193148,41,,,0,66,,193146,41,,,0,24,,193105,41,,,0,32,,193174,41,,,0,77,,193170,41,,,0
667201,'101_merged_15726436',1633,,205279,32,,,0
667201,'1_merged_15726439',602,,205298,32,,,0,31,,205299,32,,,0,21,,205300,32,,,0,52,,205301,32,,,0,17,,205280,32,,,0,10,,205294,32,,,0,12,,205295,32,,,0,10,,205296,32,,,0,53,,205297,32,,,0,13,,205321,32,,,0,15,,205302,32,,,0,18,,205303,32,,,0,52,,205304,32,,,0,16,,205305,32,,,0,10,,205306,32,,,0,11,,205307,32,,,0,13,,205308,32,,,0,60,,205309,32,,,0,25,,205310,32,,,0,70,,205311,32,,,0,30,,205312,32,,,0,71,,205313,32,,,0,29,,205314,32,,,0,68,,205320,32,,,0,26,,205315,32,,,0,78,,205316,32,,,0,28,,205317,32,,,0,69,,205318,32,,,0,33,,205319,32,,,0,71,,205281,32,,,0,9,,205282,32,,,0,31,,205283,32,,,0,52,,205284,32,,,0,27,,205322,32,,,0,7,,205285,32,,,0,61,,205286,32,,,0,21,,205287,32,,,0,6,,205288,32,,,0,16,,205289,32,,,0,14,,205290,32,,,0,58,,205291,32,,,0,33,,205293,32,,,0
667201,'201_merged_15726444',1633,,205323,32,,,0
667201,'2_merged_15726441',639,,205324,9,,,0,70,,205325,32,,,0,30,,205326,32,,,0,70,,205327,32,,,0,31,,205328,32,,,0,70,,205329,32,,,0,29,,205330,32,,,0,70,,205331,32,,,0,30,,205332,32,,,0,70,,205333,32,,,0,30,,205334,32,,,0,68,,205335,32,,,0,36,,205336,32,,,0,72,,205337,32,,,0,29,,205338,32,,,0,69,,205339,32,,,0,21,,205340,32,,,0,13,,205341,32,,,0,63,,205342,32,,,0,16,,205343,32,,,0,27,,205344,32,,,0,64,,205345,32,,,0,22,,205346,32,,,0,14,,205347,32,,,0,64,,205348,32,,,0,19,,205349,32,,,0,64,,205350,32,,,0,23,,205351,32,,,0,19,,205352,32,,,0,16,,205353,32,,,0,59,,205354,32,,,0,18,,205355,32,,,0,19,,205356,32,,,0
667201,'3_merged_15726440',707,,205357,9,,,0,30,,205358,32,,,0,70,,205359,32,,,0,31,,205360,32,,,0,70,,205361,32,,,0,30,,205362,32,,,0,71,,205363,32,,,0,30,,205364,32,,,0,69,,205365,32,,,0,31,,205366,32,,,0,68,,205367,32,,,0,32,,205368,32,,,0,71,,205369,32,,,0,30,,205370,32,,,0,70,,205371,32,,,0,31,,205372,32,,,0,69,,205373,32,,,0,32,,205374,32,,,0,70,,205375,32,,,0,30,,205376,32,,,0,69,,205377,32,,,0,31,,205382,32,,,0,69,,205378,32,,,0,30,,205379,32,,,0,69,,205380,32,,,0,29,,205381,32,,,0
667301,'1_merged_15726439',710,,205534,37,,,0,10,,205535,37,,,0,9,,205536,37,,,0,14,,205537,37,,,0,14,,205538,37,,,0,62,,205539,37,,,0,21,,205540,37,,,0,60,,205501,37,,,0,25,,205543,37,,,0,77,,205545,37,,,0,10,,205503,37,,,0,25,,205522,37,,,0,63,,205523,37,,,0,28,,205524,37,,,0,30,,205525,37,,,0,72,,205526,37,,,0,29,,205527,37,,,0,65,,205528,37,,,0,33,,205529,37,,,0,72,,205530,37,,,0,29,,205531,37,,,0,66,,205546,37,,,0,80,,205513,37,,,0,26,,205514,37,,,0,28,,205515,37,,,0,72,,205516,37,,,0,77,,205517,37,,,0,4,,205518,37,,,0,27,,205519,37,,,0
667301,'2_merged_15726441',947,,205551,37,,,0,74,,205552,37,,,0,36,,205553,37,,,0,62,,205554,37,,,0,31,,205555,37,,,0,69,,205556,37,,,0,82,,205557,37,,,0,24,,205558,37,,,0,29,,205559,37,,,0,73,,205560,37,,,0,31,,205561,37,,,0,71,,205562,37,,,0,73,,205563,37,,,0,34,,205564,37,,,0,71,,205565,37,,,0,35,,205566,37,,,0,65,,205567,37,,,0
667301,'3_merged_15726440',953,,205583,37,,,0,75,,205584,37,,,0,31,,205585,37,,,0,71,,205586,37,,,0,24,,205587,37,,,0,75,,205588,37,,,0,28,,205589,37,,,0,70,,205590,37,,,0,32,,205591,37,,,0,72,,205592,37,,,0,70,,205593,37,,,0,30,,205594,37,,,0,71,,205595,37,,,0,31,,205596,37,,,0,71,,205597,37,,,0,29,,205598,37,,,0
667501,'1_merged_15726439',733,,205918,22,,,0,24,,205913,22,,,0,70,,205930,22,,,0,25,,205931,22,,,0,68,,205915,22,,,0
683401,'1_merged_15726439',2558,,223754,80,,,0,68,,223753,80,,,0,32,,223752,80,,,0
683401,'2_merged_15726441',2518,,223758,80,,,0,41,,223757,80,,,0,71,,223756,80,,,0,71,,223755,80,,,0
683401,'3_merged_15726440',2558,,223759,80,,,0,70,,223760,80,,,0,30,,223761,80,,,0
1671701,'1_merged_15726439',2015,,226184,44,,,0,29,,226185,44,,,0,66,,226186,44,,,0,30,,226187,44,,,0,70,,226188,44,,,0,30,,226189,44,,,0,70,,226190,43,,,0,25,,226191,43,,,0,74,,226192,43,,,0,27,,226193,43,,,0,117,,226196,20,,,0
1671701,'2_merged_15726441',2012,,226198,44,,,0,24,,226199,44,,,0,68,,226200,44,,,0,30,,226211,44,,,0,71,,226201,44,,,0,31,,226202,44,,,0,70,,226203,43,,,0,28,,226210,43,,,0,70,,226204,43,,,0,29,,226205,43,,,0,169,,226207,20,,,0
1671701,'3_merged_15726440',2010,,226212,44,,,0,30,,226213,44,,,0,70,,226214,44,,,0,29,,226225,44,,,0,70,,226215,44,,,0,28,,226216,44,,,0,68,,226217,43,,,0,30,,226224,43,,,0,70,,226218,43,,,0,28,,226219,43,,,0,113,,226223,20,,,0,67,,226221,43,,,0
