674101,'1_merged_15726439',453,,218327,7,0,98 71,0,184,,218328,29,0,88 49,0,70,,218330,29,0,88 49,0,18,,218331,29,0,89 90,0,20,,218332,29,0,89 90,0,62,,218333,29,0,89 90,0,15,,218334,29,0,89 90,0,24,,218336,29,0,89 90,0,58,,218337,29,0,89 90,0,13,,218338,29,0,89 90,0,15,,218339,29,0,89 90,0,15,,218340,29,0,89 90,0,62,,218341,29,0,89 90,0,25,,218342,29,0,89 90,0,20,,218343,29,0,89 90,0,64,,218383,29,0,89 90,0,16,,218344,29,0,89 90,0,20,,218384,29,0,89 90,0,60,,218345,29,0,89 90,0,20,,218346,29,0,89 90,0,17,,218385,29,0,89 90,0,60,,218347,29,0,89 90,0,22,,218348,29,0,89 90,0,18,,218386,29,0,89 90,0,60,,218349,29,0,89 90,0,17,,218350,29,0,89 90,0,20,,218351,29,0,89 90,0,54,,218352,29,0,89 90,0,14,,218353,29,0,89 90,0,15,,218354,29,0,89 90,0,17,,218355,29,0,89 90,0,70,,218357,29,0,89 90,0,15,,218358,29,0,89 90,0,71,,218360,29,0,88 49,0,12,,218361,29,0,89 90,0,10,,218362,29,0,89 90,0,25,,218364,29,0,88 49,0,71,,218366,29,0,89 90,0,31,,218368,29,0,89 90,0,55,,218369,29,0,89 90,0,13,,218370,29,0,89 90,0,20,,218371,29,0,89 90,0,60,,218372,29,0,89 90,0,21,,218373,29,0,89 90,0,23,,218374,29,0,89 90,0,57,,218375,29,0,89 90,0,20,,218376,29,0,89 90,0,23,,218377,29,0,89 90,0,71,,218378,29,0,89 90,0,28,,218379,29,0,89 90,0,111,,218380,29,0,89 90,0,93,,218381,29,0,89 90,0,180,,218382,29,0,89 90,0
674101,'2_merged_15726441',556,,218407,29,0,89 90,0,90,,218406,29,0,89 90,0,90,,218405,29,0,89 90,0,21,,218436,29,0,89 90,0,60,,218404,29,0,89 90,0,21,,218403,29,0,89 90,0,21,,218437,29,0,89 90,0,60,,218402,29,0,89 90,0,22,,218396,29,0,89 90,0,60,,218438,29,0,89 90,0,20,,218401,29,0,89 90,0,20,,218400,29,0,89 90,0,60,,218399,29,0,89 90,0,22,,218388,29,0,89 90,0,18,,218398,29,0,89 90,0,59,,218397,29,0,89 90,0,20,,218387,29,0,89 90,0,22,,218395,29,0,89 90,0,60,,218394,29,0,89 90,0,20,,218430,29,0,89 90,0,21,,218393,29,0,89 90,0,60,,218392,29,0,89 90,0,21,,218429,29,0,89 90,0,21,,218391,29,0,89 90,0,60,,218390,29,0,89 90,0,15,,218435,29,0,89 90,0,15,,218428,29,0,89 90,0,14,,218389,29,0,89 90,0,55,,218424,29,0,89 90,0,15,,218427,29,0,89 90,0,16,,218431,29,0,89 90,0,14,,218423,29,0,89 90,0,55,,218422,29,0,89 90,0,15,,218426,29,0,89 90,0,15,,218432,29,0,89 90,0,15,,218421,29,0,89 90,0,55,,218420,29,0,89 90,0,13,,218425,29,0,89 90,0,15,,218433,29,0,89 90,0,15,,218419,29,0,89 90,0,55,,218418,29,0,89 90,0,14,,218434,29,0,89 90,0,20,,218417,29,0,89 90,0,71,,218416,29,0,89 90,0,30,,218415,29,0,89 90,0,73,,218414,29,0,89 90,0,29,,218413,29,0,89 90,0,72,,218412,29,0,89 90,0,37,,218411,29,0,89 90,0,100,,218410,29,0,89 90,0,108,,218409,29,0,89 90,0,166,,218408,29,0,89 90,0
674101,'3_merged_15726440',554,,218459,29,0,89 90,0,88,,218458,29,0,89 90,0,89,,218457,29,0,89 90,0,74,,218456,29,0,89 90,0,29,,218455,29,0,89 90,0,21,,218488,29,0,89 90,0,60,,218454,29,0,89 90,0,20,,218448,29,0,89 90,0,21,,218489,29,0,89 90,0,60,,218453,29,0,89 90,0,20,,218452,29,0,89 90,0,22,,218451,29,0,89 90,0,60,,218440,29,0,89 90,0,20,,218450,29,0,89 90,0,20,,218449,29,0,89 90,0,60,,218439,29,0,89 90,0,20,,218447,29,0,89 90,0,20,,218446,29,0,89 90,0,60,,218482,29,0,89 90,0,20,,218445,29,0,89 90,0,20,,218444,29,0,89 90,0,60,,218481,29,0,89 90,0,20,,218443,29,0,89 90,0,20,,218442,29,0,89 90,0,60,,218480,29,0,89 90,0,18,,218441,29,0,89 90,0,17,,218483,29,0,89 90,0,56,,218476,29,0,89 90,0,15,,218479,29,0,89 90,0,15,,218475,29,0,89 90,0,15,,218484,29,0,89 90,0,55,,218474,29,0,89 90,0,15,,218478,29,0,89 90,0,15,,218473,29,0,89 90,0,13,,218485,29,0,89 90,0,55,,218472,29,0,89 90,0,15,,218477,29,0,89 90,0,15,,218471,29,0,89 90,0,15,,218486,29,0,89 90,0,58,,218470,29,0,89 90,0,20,,218469,29,0,89 90,0,20,,218487,29,0,89 90,0,58,,218468,29,0,89 90,0,30,,218467,29,0,89 90,0,70,,218466,29,0,89 90,0,30,,218465,29,0,89 90,0,70,,218464,29,0,89 90,0,39,,218463,29,0,89 90,0,99,,218462,29,0,89 90,0,110,,218461,29,0,89 90,0,163,,218460,29,0,89 90,0
674201,'1_merged_15726439',1446,,218498,8,,,0,61,,218499,8,,,0,25,,218500,8,,,0,13,,218501,8,,,0,14,,218502,8,,,0,56,,218503,8,,,0,34,,218504,8,,,0,69,,218505,8,,,0,85,,218506,8,,,0,31,,218507,8,,,0
674301,'1_merged_15726439',521,,218521,4,,,0,35,,218522,4,,,0,89,,218523,4,,,0,70,,218524,4,,,0,31,,218525,4,,,0,60,,218526,4,,,0,27,,218527,4,,,0,795,,218528,8,,,0,28,,218529,8,,,0,76,,218530,8,,,0,79,,218531,8,,,0,46,,218532,8,,,0,68,,218533,8,,,0
684301,'1_merged_15726439',937,,224077,5,,,0,102,,224076,5,,,0,99,,224075,5,,,0,100,,224074,5,,,0,100,,224073,5,,,0,100,,224072,5,,,0,101,,224071,5,,,0,99,,224070,5,,,0,102,,224069,5,,,0,97,,224068,5,,,0,100,,224067,5,,,0,100,,224066,5,,,0,105,,224065,5,,,0
684301,'2_merged_15726441',937,,224083,5,,,0,100,,224080,5,,,0,100,,224089,5,,,0,100,,224079,5,,,0,100,,224078,5,,,0,100,,224088,5,,,0,100,,224087,5,,,0,100,,224086,5,,,0,100,,224085,5,,,0,102,,224084,5,,,0,100,,224082,5,,,0,100,,224081,5,,,0
684301,'3_merged_15726440',937,,224093,5,,,0,100,,224092,5,,,0,100,,224091,5,,,0,100,,224090,5,,,0,100,,224100,5,,,0,100,,224099,5,,,0,100,,224094,5,,,0,100,,224098,5,,,0,100,,224097,5,,,0,95,,224096,5,,,0,100,,224095,5,,,0
684401,'1_merged_15726439',917,,224150,5,,,0,100,,224149,5,,,0,100,,224148,5,,,0,100,,224147,5,,,0,100,,224146,5,,,0,100,,224145,5,,,0,100,,224144,5,,,0,100,,224143,5,,,0,103,,224142,5,,,0,97,,224141,5,,,0,100,,224151,5,,,0,100,,224140,5,,,0,100,,224139,5,,,0
684401,'2_merged_15726441',907,,224160,5,,,0,100,,224159,5,,,0,100,,224158,5,,,0,100,,224157,5,,,0,100,,224156,5,,,0,100,,224155,5,,,0,100,,224154,5,,,0,100,,224153,5,,,0,100,,224164,5,,,0,100,,224152,5,,,0,100,,224163,5,,,0,105,,224162,5,,,0,100,,224161,5,,,0
684401,'3_merged_15726440',907,,224165,5,,,0,100,,224166,5,,,0,100,,224174,5,,,0,100,,224173,5,,,0,100,,224172,5,,,0,100,,224171,5,,,0,100,,224170,5,,,0,100,,224169,5,,,0,100,,224168,5,,,0,100,,224167,5,,,0,100,,224176,5,,,0,100,,224175,5,,,0
1169600,'1_merged_15726439',532,,225663,5,,,0,70,,225664,5,,,0,30,,225665,5,,,0,70,,225666,5,,,0,30,,225667,5,,,0,72,,225668,5,,,0,30,,225669,5,,,0,71,,225670,5,,,0,28,,225689,5,,,0,70,,225671,5,,,0,30,,225690,5,,,0,70,,225672,5,,,0,30,,225691,5,,,0,70,,225673,5,,,0,30,,225692,5,,,0,70,,225674,5,,,0,30,,225693,5,,,0,70,,225675,5,,,0,30,,225694,5,,,0,70,,225676,5,,,0,30,,225695,5,,,0,70,,225677,5,,,0,30,,225678,5,,,0,70,,225679,5,,,0,30,,225680,5,,,0,70,,225681,5,,,0,30,,225682,5,,,0,70,,225683,5,,,0,30,,225696,5,,,0,20,,225684,5,,,0,80,,225697,5,,,0,70,,225685,5,,,0,30,,225698,5,,,0,70,,225686,5,,,0,30,,225699,5,,,0,70,,225687,5,,,0,30,,225700,5,,,0,69,,225688,5,,,0
1169600,'2_merged_15726441',654,,225701,5,,,0,72,,225728,5,,,0,29,,225702,5,,,0,70,,225703,5,,,0,27,,225704,5,,,0,70,,225727,5,,,0,31,,225705,5,,,0,70,,225706,5,,,0,30,,225707,5,,,0,70,,225708,5,,,0,30,,225709,5,,,0,70,,225710,5,,,0,30,,225711,5,,,0,70,,225712,5,,,0,30,,225713,5,,,0,70,,225714,5,,,0,30,,225715,5,,,0,71,,225716,5,,,0,29,,225717,5,,,0,70,,225718,5,,,0,30,,225719,5,,,0,70,,225720,5,,,0,30,,225721,5,,,0,70,,225722,5,,,0,30,,225729,5,,,0,70,,225723,5,,,0,30,,225724,5,,,0,70,,225730,5,,,0,30,,225725,5,,,0,69,,225731,5,,,0,30,,225726,5,,,0
1169600,'3_merged_15726440',727,,225755,5,,,0,30,,225732,5,,,0,70,,225733,5,,,0,31,,225756,5,,,0,70,,225734,5,,,0,30,,225735,5,,,0,65,,225736,5,,,0,30,,225737,5,,,0,70,,225738,5,,,0,30,,225739,5,,,0,70,,225740,5,,,0,30,,225741,5,,,0,70,,225742,5,,,0,30,,225743,5,,,0,70,,225744,5,,,0,30,,225745,5,,,0,70,,225746,5,,,0,30,,225747,5,,,0,70,,225748,5,,,0,30,,225749,5,,,0,70,,225750,5,,,0,30,,225751,5,,,0,70,,225757,5,,,0,30,,225752,5,,,0,70,,225758,5,,,0,30,,225753,5,,,0,70,,225759,5,,,0,30,,225754,5,,,0
