666400,'1_merged_15726439',534,,203927,5,,,0,70,,203920,5,,,0,28,,203921,5,,,0,70,,203892,5,,,0,28,,203893,5,,,0,72,,203894,5,,,0,39,,203895,5,,,0,68,,203896,5,,,0,30,,203924,5,,,0,70,,203897,5,,,0,28,,203898,5,,,0,72,,203899,5,,,0,30,,203900,5,,,0,70,,203901,5,,,0,30,,203902,5,,,0,70,,203903,5,,,0,29,,203904,5,,,0,72,,203906,5,,,0,32,,203907,5,,,0,72,,203908,5,,,0,30,,203922,5,,,0,70,,203909,5,,,0,30,,203910,5,,,0,70,,203911,5,,,0,30,,203912,5,,,0,69,,203913,5,,,0,30,,203891,5,,,0,70,,203905,5,,,0,25,,203914,5,,,0,63,,203915,5,,,0,35,,203923,5,,,0,76,,203926,5,,,0,42,,203916,5,,,0,79,,203917,5,,,0,81,,203918,5,,,0,39,,203925,5,,,0,80,,203919,5,,,0
666400,'2_merged_15726441',609,,203928,5,,,0,30,,203929,5,,,0,70,,203930,5,,,0,30,,203931,5,,,0,70,,203932,5,,,0,30,,203933,5,,,0,70,,203934,5,,,0,31,,203935,5,,,0,70,,203936,5,,,0,30,,203937,5,,,0,70,,203938,5,,,0,30,,203939,5,,,0,69,,203940,5,,,0,30,,203941,5,,,0,70,,203942,5,,,0,30,,203943,5,,,0,72,,203944,5,,,0,30,,203945,5,,,0,70,,203946,5,,,0,30,,203947,5,,,0,70,,203948,5,,,0,30,,203949,5,,,0,69,,203950,5,,,0,30,,203951,5,,,0,70,,203952,5,,,0,30,,203953,5,,,0,70,,203954,5,,,0,30,,203955,5,,,0,99,,203956,5,,,0,100,,203957,5,,,0,100,,203958,5,,,0,100,,203959,5,,,0,97,,203960,5,,,0
666400,'3_merged_15726440',718,,203961,5,,,0,100,,203962,5,,,0,101,,203963,5,,,0,100,,203964,5,,,0,100,,203965,5,,,0,30,,203979,5,,,0,70,,203966,5,,,0,30,,203980,5,,,0,70,,203967,5,,,0,30,,203981,5,,,0,70,,203968,5,,,0,30,,203982,5,,,0,70,,203969,5,,,0,30,,203983,5,,,0,70,,203970,5,,,0,30,,203984,5,,,0,70,,203971,5,,,0,30,,203985,5,,,0,70,,203972,5,,,0,99,,203973,5,,,0,100,,203974,5,,,0,100,,203975,5,,,0,100,,203978,5,,,0,100,,203976,5,,,0,118,,203977,5,,,0
666500,'1_merged_15726439',555,,204109,29,,,0,70,,204119,29,,,0,28,,204118,29,,,0,74,,204117,29,,,0,32,,204116,29,,,0,71,,204115,29,,,0,70,,204102,29,,,0,28,,204114,29,,,0,28,,204101,29,,,0,69,,204100,29,,,0,30,,204099,29,,,0,70,,204113,29,,,0,31,,204098,29,,,0,70,,204112,29,,,0,30,,204111,29,,,0,70,,204091,29,,,0,30,,204108,29,,,0,80,,204097,29,,,0,64,,204096,29,,,0,32,,204107,29,,,0,74,,204110,29,,,0,30,,204106,29,,,0,67,,204105,29,,,0,29,,204104,29,,,0,70,,204095,29,,,0,27,,204103,29,,,0,28,,204094,29,,,0,70,,204093,29,,,0,30,,204092,29,,,0,67,,204090,29,,,0,32,,204089,29,,,0,67,,204088,29,,,0,31,,204087,29,,,0,70,,204086,29,,,0,31,,204085,29,,,0,68,,204084,29,,,0
666500,'2_merged_15726441',604,,204123,29,,,0,31,,204124,29,,,0,72,,204125,29,,,0,30,,204126,29,,,0,70,,204145,29,,,0,30,,204127,29,,,0,71,,204128,29,,,0,31,,204129,29,,,0,70,,204137,29,,,0,31,,204130,29,,,0,70,,204131,29,,,0,32,,204132,29,,,0,70,,204122,29,,,0,30,,204139,29,,,0,71,,204120,29,,,0,31,,204140,29,,,0,70,,204141,29,,,0,18,,204142,29,,,0,20,,204152,29,,,0,60,,204143,29,,,0,20,,204144,29,,,0,19,,204153,29,,,0,60,,204121,29,,,0,20,,204146,29,,,0,20,,204154,29,,,0,59,,204147,29,,,0,20,,204148,29,,,0,20,,204155,29,,,0,60,,204150,29,,,0,20,,204133,29,,,0,25,,204134,29,,,0,73,,204135,29,,,0,28,,204156,29,,,0,66,,204151,29,,,0,28,,204157,29,,,0,70,,204138,29,,,0,99,,204149,29,,,0,97,,204136,29,,,0,105,,204158,29,,,0
666500,'3_merged_15726440',733,,204187,29,,,0,80,,204178,29,,,0,30,,204168,29,,,0,70,,204167,29,,,0,30,,204166,29,,,0,72,,204186,29,,,0,30,,204165,29,,,0,70,,204164,29,,,0,30,,204159,29,,,0,70,,204169,29,,,0,30,,204184,29,,,0,70,,204171,29,,,0,30,,204183,29,,,0,70,,204182,29,,,0,15,,204188,29,,,0,20,,204181,29,,,0,61,,204180,29,,,0,20,,204189,29,,,0,20,,204179,29,,,0,60,,204170,29,,,0,20,,204190,29,,,0,20,,204177,29,,,0,60,,204176,29,,,0,20,,204191,29,,,0,20,,204175,29,,,0,60,,204173,29,,,0,20,,204192,29,,,0,19,,204163,29,,,0,65,,204162,29,,,0,30,,204161,29,,,0,70,,204193,29,,,0,28,,204172,29,,,0,70,,204194,29,,,0,25,,204185,29,,,0,100,,204174,29,,,0,104,,204160,29,,,0
684100,'1_merged_15726439',420,,223964,5,,,0,126,,223953,55,,,0,71,,223954,55,,,0,9,,223961,55,,,0,1991,,223963,5,,,0,11,,223962,55,,,0,30,,223956,55,,,0,60,,223958,55,,,0,20,,223955,55,,,0,62,,223957,55,,,0,30,,223959,55,,,0,75,,223960,55,,,0
684100,'2_merged_15726441',541,,223965,55,,,0,71,,223972,55,,,0,31,,223973,55,,,0,75,,223974,55,,,0,29,,223970,55,,,0,1805,,223966,5,,,0,77,,223976,55,,,0,74,,223967,55,,,0,17,,223971,55,,,0,20,,223975,55,,,0,60,,223968,55,,,0,30,,223969,55,,,0,80,,223977,55,,,0
684100,'3_merged_15726440',538,,223988,55,,,0,74,,223989,55,,,0,30,,223990,55,,,0,70,,223991,55,,,0,16,,223992,55,,,0,14,,223984,55,,,0,16,,223993,55,,,0,53,,223985,55,,,0,1705,,223986,5,,,0,41,,223978,55,,,0,70,,223979,55,,,0,32,,223982,55,,,0,70,,223981,55,,,0,30,,223980,55,,,0,75,,223983,55,,,0,75,,223987,55,,,0
3004300,'1_merged_15726439',512,,230326,5,,,0,20,,230325,5,,,0,19,,230270,5,,,0,53,,230269,5,,,0,13,,230268,5,,,0,16,,230267,5,,,0,17,,230284,5,,,0,53,,230266,5,,,0,15,,230265,5,,,0,14,,230331,5,,,0,16,,230308,5,,,0,58,,230330,5,,,0,16,,230329,5,,,0,17,,230328,5,,,0,14,,230327,5,,,0,55,,230307,5,,,0,15,,230281,5,,,0,15,,230306,5,,,0,15,,230280,5,,,0,55,,230305,5,,,0,15,,230279,5,,,0,15,,230304,5,,,0,15,,230278,5,,,0,56,,230303,5,,,0,15,,230277,5,,,0,15,,230302,5,,,0,15,,230276,5,,,0,55,,230301,5,,,0,15,,230275,5,,,0,15,,230300,5,,,0,15,,230274,5,,,0,55,,230299,5,,,0,15,,230273,5,,,0,15,,230298,5,,,0,15,,230272,5,,,0,55,,230324,5,,,0,15,,230271,5,,,0,16,,230323,5,,,0,15,,230322,5,,,0,57,,230321,5,,,0,15,,230320,5,,,0,17,,230332,5,,,0,57,,230319,5,,,0,14,,230318,5,,,0,13,,230317,5,,,0,16,,230316,5,,,0,14,,230315,5,,,0,60,,230314,5,,,0,11,,230313,5,,,0,15,,230312,5,,,0,57,,230311,5,,,0,13,,230310,5,,,0,19,,230309,5,,,0,11,,230297,5,,,0,60,,230296,5,,,0,20,,230282,5,,,0,27,,230295,5,,,0,59,,230294,5,,,0,18,,230283,5,,,0,20,,230293,5,,,0,65,,230292,5,,,0,29,,230291,5,,,0,71,,230290,5,,,0,30,,230289,5,,,0,69,,230288,5,,,0,30,,230287,5,,,0,70,,230286,5,,,0,30,,230285,5,,,0
3004300,'2_merged_15726441',603,,230366,5,,,0,33,,230365,5,,,0,72,,230364,5,,,0,30,,230363,5,,,0,70,,230362,5,,,0,30,,230361,5,,,0,70,,230360,5,,,0,30,,230359,5,,,0,72,,230358,5,,,0,31,,230357,5,,,0,68,,230356,5,,,0,19,,230368,5,,,0,20,,230355,5,,,0,60,,230354,5,,,0,20,,230369,5,,,0,21,,230353,5,,,0,60,,230352,5,,,0,20,,230370,5,,,0,20,,230351,5,,,0,60,,230350,5,,,0,20,,230371,5,,,0,20,,230349,5,,,0,60,,230348,5,,,0,20,,230372,5,,,0,20,,230347,5,,,0,60,,230346,5,,,0,19,,230373,5,,,0,21,,230345,5,,,0,60,,230344,5,,,0,20,,230374,5,,,0,19,,230343,5,,,0,58,,230342,5,,,0,25,,230341,5,,,0,76,,230340,5,,,0,26,,230339,5,,,0,75,,230338,5,,,0,25,,230337,5,,,0,75,,230336,5,,,0,30,,230335,5,,,0,75,,230367,5,,,0,25,,230334,5,,,0,75,,230375,5,,,0,25,,230333,5,,,0
3004300,'3_merged_15726440',638,,230393,5,,,0,70,,230392,5,,,0,30,,230391,5,,,0,70,,230390,5,,,0,30,,230389,5,,,0,70,,230388,5,,,0,30,,230387,5,,,0,72,,230386,5,,,0,29,,230385,5,,,0,69,,230384,5,,,0,20,,230394,5,,,0,20,,230383,5,,,0,60,,230382,5,,,0,20,,230395,5,,,0,20,,230381,5,,,0,60,,230380,5,,,0,20,,230396,5,,,0,20,,230379,5,,,0,60,,230378,5,,,0,20,,230397,5,,,0,20,,230377,5,,,0,60,,230376,5,,,0,20,,230398,5,,,0,20,,230417,5,,,0,58,,230416,5,,,0,23,,230399,5,,,0,20,,230415,5,,,0,60,,230414,5,,,0,20,,230400,5,,,0,20,,230413,5,,,0,55,,230412,5,,,0,30,,230411,5,,,0,70,,230410,5,,,0,30,,230409,5,,,0,69,,230408,5,,,0,30,,230407,5,,,0,70,,230401,5,,,0,30,,230406,5,,,0,70,,230402,5,,,0,30,,230405,5,,,0,70,,230403,5,,,0,35,,230404,5,,,0
