2263800,'101_merged_15726436',725,,227870,6,,,0,826,,227869,6,,,0
2263800,'1_merged_15726439',506,,227903,6,,,0,30,,227904,6,,,0,72,,227905,6,,,0,11,,227906,6,,,0,14,,227907,6,,,0,16,,227908,6,,,0,53,,227909,6,,,0,16,,227910,6,,,0,10,,227911,6,,,0,20,,227912,6,,,0,63,,227913,6,,,0,18,,227914,6,,,0,25,,227880,6,,,0,66,,227881,6,,,0,30,,227882,6,,,0,70,,227883,6,,,0,30,,227884,6,,,0,70,,227885,6,,,0,30,,227886,6,,,0,70,,227887,6,,,0,30,,227888,6,,,0,71,,227889,6,,,0,32,,227890,6,,,0,68,,227891,6,,,0,28,,227892,6,,,0,71,,227893,6,,,0,16,,227894,6,,,0,65,,227923,6,,,0,19,,227895,6,,,0,12,,227896,6,,,0,15,,227871,6,,,0,54,,227901,6,,,0,15,,227902,6,,,0,17,,227872,6,,,0,20,,227900,6,,,0,63,,227922,6,,,0,19,,227874,6,,,0,24,,227921,6,,,0,66,,227915,6,,,0,22,,227873,6,,,0,74,,227897,6,,,0,25,,227898,6,,,0,72,,227899,6,,,0,32,,227875,6,,,0,68,,227919,6,,,0,28,,227920,6,,,0,70,,227876,6,,,0,32,,227918,6,,,0,70,,227877,6,,,0,30,,227917,6,,,0,70,,227878,6,,,0,30,,227916,6,,,0,70,,227879,6,,,0
2263800,'201_merged_15726444',1551,,227924,6,,,0
2263800,'2_merged_15726441',603,,227925,6,,,0,20,,227926,6,,,0,30,,227927,6,,,0,71,,227928,6,,,0,30,,227929,6,,,0,70,,227930,6,,,0,30,,227931,6,,,0,70,,227932,6,,,0,31,,227933,6,,,0,70,,227934,6,,,0,30,,227935,6,,,0,70,,227936,6,,,0,30,,227937,6,,,0,70,,227938,6,,,0,30,,227939,6,,,0,70,,227940,6,,,0,30,,227941,6,,,0,70,,227942,6,,,0,30,,227943,6,,,0,70,,227944,6,,,0,30,,227945,6,,,0,70,,227946,6,,,0,30,,227947,6,,,0,70,,227948,6,,,0,30,,227949,6,,,0,65,,227950,6,,,0,30,,227951,6,,,0,70,,227952,6,,,0,30,,227953,6,,,0,70,,227954,6,,,0,29,,227955,6,,,0,70,,227956,6,,,0,30,,227957,6,,,0,70,,227958,6,,,0,30,,227959,6,,,0,69,,227960,6,,,0,30,,227961,6,,,0,90,,227962,6,,,0,67,,227963,6,,,0,43,,227964,6,,,0,70,,227965,6,,,0
2263800,'3_merged_15726440',633,,227978,6,,,0,70,,227969,6,,,0,30,,227979,6,,,0,70,,227980,6,,,0,30,,227981,6,,,0,70,,227982,6,,,0,31,,227983,6,,,0,70,,227985,6,,,0,30,,227986,6,,,0,70,,227984,6,,,0,30,,227987,6,,,0,71,,227988,6,,,0,30,,227989,6,,,0,70,,227990,6,,,0,30,,227991,6,,,0,70,,227992,6,,,0,30,,227993,6,,,0,70,,227994,6,,,0,30,,227995,6,,,0,70,,227996,6,,,0,30,,227997,6,,,0,70,,227998,6,,,0,30,,227999,6,,,0,70,,228000,6,,,0,30,,228001,6,,,0,69,,228002,6,,,0,30,,228003,6,,,0,70,,227966,6,,,0,30,,227967,6,,,0,72,,227968,6,,,0,31,,227970,6,,,0,76,,227971,6,,,0,31,,227972,6,,,0,70,,227973,6,,,0,25,,227974,6,,,0,69,,227975,6,,,0,30,,227976,6,,,0,70,,227977,6,,,0
3004601,'101_merged_15726436',1548,,230944,6,,,0,77,,230943,6,,,0
3004601,'1_merged_15726439',444,,230961,6,,,0,62,,230962,6,,,0,20,,230963,6,,,0,18,,230964,6,,,0,15,,230965,6,,,0,54,,230947,6,,,0,16,,230966,6,,,0,12,,230967,6,,,0,16,,230968,6,,,0,52,,230969,6,,,0,19,,230948,6,,,0,10,,230998,6,,,0,14,,230977,6,,,0,53,,230978,6,,,0,23,,230979,6,,,0,19,,230980,6,,,0,69,,230981,6,,,0,30,,230982,6,,,0,70,,230983,6,,,0,30,,230984,6,,,0,71,,230985,6,,,0,29,,230986,6,,,0,72,,230987,6,,,0,30,,230988,6,,,0,70,,230989,6,,,0,30,,230990,6,,,0,71,,230991,6,,,0,30,,230992,6,,,0,59,,230945,6,,,0,20,,230996,6,,,0,81,,230997,6,,,0,33,,230970,6,,,0,12,,230971,6,,,0,53,,230972,6,,,0,15,,230973,6,,,0,15,,230974,6,,,0,15,,230975,6,,,0,61,,230976,6,,,0,21,,230946,6,,,0,25,,230994,6,,,0,57,,230995,6,,,0,30,,230949,6,,,0,70,,230950,6,,,0,29,,230993,6,,,0,70,,230951,6,,,0,30,,230952,6,,,0,70,,230960,6,,,0,30,,230953,6,,,0,70,,230954,6,,,0,30,,230959,6,,,0,70,,230955,6,,,0,30,,230956,6,,,0,70,,230958,6,,,0,30,,230957,6,,,0
3004601,'201_merged_15726444',1548,,231000,6,,,0,77,,230999,6,,,0
3004601,'2_merged_15726441',524,,231038,6,,,0,30,,231013,6,,,0,70,,231039,6,,,0,30,,231040,6,,,0,70,,231041,6,,,0,30,,231001,6,,,0,70,,231002,6,,,0,31,,231003,6,,,0,70,,231004,6,,,0,30,,231005,6,,,0,71,,231006,6,,,0,31,,231007,6,,,0,70,,231008,6,,,0,30,,231009,6,,,0,70,,231010,6,,,0,30,,231011,6,,,0,70,,231012,6,,,0,30,,231014,6,,,0,70,,231015,6,,,0,30,,231016,6,,,0,70,,231017,6,,,0,30,,231018,6,,,0,70,,231019,6,,,0,30,,231020,6,,,0,70,,231021,6,,,0,30,,231022,6,,,0,70,,231023,6,,,0,29,,231024,6,,,0,70,,231025,6,,,0,30,,231026,6,,,0,70,,231027,6,,,0,32,,231028,6,,,0,69,,231029,6,,,0,29,,231030,6,,,0,71,,231031,6,,,0,29,,231032,6,,,0,70,,231033,6,,,0,30,,231034,6,,,0,70,,231035,6,,,0,30,,231036,6,,,0,69,,231037,6,,,0
3004601,'3_merged_15726440',524,,231043,6,,,0,30,,231044,6,,,0,70,,231045,6,,,0,30,,231046,6,,,0,70,,231047,6,,,0,30,,231048,6,,,0,70,,231049,6,,,0,30,,231050,6,,,0,71,,231051,6,,,0,30,,231052,6,,,0,70,,231053,6,,,0,31,,231054,6,,,0,70,,231055,6,,,0,30,,231042,6,,,0,70,,231056,6,,,0,30,,231057,6,,,0,70,,231058,6,,,0,30,,231059,6,,,0,70,,231060,6,,,0,30,,231061,6,,,0,70,,231062,6,,,0,31,,231063,6,,,0,73,,231064,6,,,0,27,,231065,6,,,0,72,,231066,6,,,0,27,,231067,6,,,0,70,,231068,6,,,0,30,,231069,6,,,0,70,,231070,6,,,0,30,,231071,6,,,0,69,,231072,6,,,0,30,,231073,6,,,0,69,,231074,6,,,0,30,,231075,6,,,0,70,,231076,6,,,0,30,,231077,6,,,0,70,,231078,6,,,0,30,,231079,6,,,0,70,,231080,6,,,0,30,,231081,6,,,0
3004900,'101_merged_15726436',1558,,231533,6,,,0,60,,231532,6,,,0
3004900,'1_merged_15726439',539,,231578,6,,,0,15,,231579,6,,,0,54,,231580,6,,,0,16,,231571,6,,,0,13,,231572,6,,,0,17,,231534,6,,,0,50,,231535,6,,,0,20,,231536,6,,,0,5,,231537,6,,,0,21,,231538,6,,,0,55,,231539,6,,,0,10,,231581,6,,,0,12,,231540,6,,,0,9,,231541,6,,,0,65,,231542,6,,,0,34,,231543,6,,,0,65,,231544,6,,,0,30,,231545,6,,,0,71,,231546,6,,,0,30,,231547,6,,,0,70,,231548,6,,,0,30,,231549,6,,,0,70,,231550,6,,,0,30,,231551,6,,,0,71,,231552,6,,,0,30,,231553,6,,,0,25,,231577,6,,,0,50,,231582,6,,,0,15,,231554,6,,,0,12,,231555,6,,,0,11,,231556,6,,,0,67,,231557,6,,,0,25,,231558,6,,,0,13,,231559,6,,,0,57,,231560,6,,,0,12,,231561,6,,,0,14,,231562,6,,,0,19,,231563,6,,,0,59,,231564,6,,,0,15,,231565,6,,,0,17,,231583,6,,,0,58,,231566,6,,,0,35,,231567,6,,,0,70,,231568,6,,,0,30,,231569,6,,,0,69,,231570,6,,,0,32,,231573,6,,,0,69,,231574,6,,,0,32,,231575,6,,,0,70,,231576,6,,,0
3004900,'201_merged_15726444',1558,,231585,6,,,0,60,,231584,6,,,0
3004900,'2_merged_15726441',541,,231598,6,,,0,68,,231600,6,,,0,30,,231601,6,,,0,70,,231602,6,,,0,30,,231603,6,,,0,71,,231604,6,,,0,30,,231605,6,,,0,70,,231606,6,,,0,30,,231586,6,,,0,65,,231591,6,,,0,35,,231599,6,,,0,66,,231616,6,,,0,30,,231607,6,,,0,70,,231608,6,,,0,30,,231609,6,,,0,70,,231610,6,,,0,30,,231611,6,,,0,70,,231612,6,,,0,30,,231613,6,,,0,70,,231614,6,,,0,29,,231615,6,,,0,72,,231617,6,,,0,20,,231622,6,,,0,20,,231587,6,,,0,60,,231588,6,,,0,20,,231623,6,,,0,20,,231589,6,,,0,59,,231590,6,,,0,20,,231624,6,,,0,20,,231592,6,,,0,62,,231593,6,,,0,19,,231625,6,,,0,18,,231594,6,,,0,60,,231595,6,,,0,30,,231596,6,,,0,70,,231597,6,,,0,30,,231618,6,,,0,70,,231619,6,,,0,30,,231620,6,,,0,69,,231621,6,,,0
3004900,'3_merged_15726440',639,,231628,6,,,0,70,,231629,6,,,0,30,,231630,6,,,0,70,,231631,6,,,0,30,,231626,6,,,0,71,,231627,6,,,0,30,,231632,6,,,0,70,,231633,6,,,0,30,,231634,6,,,0,70,,231635,6,,,0,30,,231636,6,,,0,65,,231637,6,,,0,30,,231638,6,,,0,70,,231639,6,,,0,30,,231640,6,,,0,70,,231641,6,,,0,31,,231642,6,,,0,70,,231643,6,,,0,30,,231644,6,,,0,70,,231645,6,,,0,30,,231646,6,,,0,70,,231647,6,,,0,30,,231648,6,,,0,71,,231649,6,,,0,24,,231650,6,,,0,75,,231651,6,,,0,30,,231652,6,,,0,69,,231653,6,,,0,30,,231654,6,,,0,69,,231655,6,,,0,30,,231656,6,,,0,25,,231657,6,,,0,73,,231658,6,,,0,72,,231659,6,,,0
3058400,'1_merged_15726439',531,,232736,7,,,0,28,,232737,7,,,0,70,,232725,7,,,0,25,,232757,7,,,0,57,,232758,7,,,0,19,,232738,7,,,0,17,,232739,7,,,0,58,,232759,7,,,0,19,,232740,7,,,0,35,,232741,7,,,0,65,,232742,7,,,0,27,,232743,7,,,0,70,,232744,7,,,0,27,,232745,7,,,0,74,,232746,7,,,0,27,,232747,7,,,0,64,,232748,7,,,0,34,,232749,7,,,0,73,,232750,7,,,0,30,,232751,7,,,0,75,,232752,7,,,0,27,,232753,7,,,0,74,,232754,7,,,0,30,,232755,7,,,0,78,,232756,7,,,0,69,,232726,7,,,0,33,,232735,7,,,0,78,,232727,7,,,0,25,,232734,7,,,0,63,,232728,7,,,0,34,,232733,7,,,0,66,,232729,7,,,0,32,,232732,7,,,0,69,,232730,7,,,0,33,,232731,7,,,0,98,,232760,7,,,0
3058400,'2_merged_15726441',558,,232761,7,,,0,68,,232762,7,,,0,75,,232763,7,,,0,30,,232764,7,,,0,70,,232765,7,,,0,30,,232766,7,,,0,70,,232767,7,,,0,30,,232768,7,,,0,71,,232769,7,,,0,30,,232770,7,,,0,70,,232771,7,,,0,30,,232772,7,,,0,70,,232773,7,,,0,31,,232774,7,,,0,70,,232775,7,,,0,30,,232776,7,,,0,71,,232777,7,,,0,30,,232778,7,,,0,70,,232779,7,,,0,29,,232780,7,,,0,70,,232781,7,,,0,30,,232782,7,,,0,70,,232783,7,,,0,31,,232784,7,,,0,69,,232785,7,,,0,30,,232786,7,,,0,70,,232787,7,,,0,29,,232788,7,,,0,70,,232789,7,,,0,30,,232792,7,,,0,73,,232790,7,,,0,32,,232791,7,,,0,101,,232793,7,,,0,100,,232794,7,,,0
3058400,'3_merged_15726440',738,,232796,7,,,0,72,,232797,7,,,0,29,,232798,7,,,0,70,,232799,7,,,0,29,,232800,7,,,0,70,,232801,7,,,0,30,,232802,7,,,0,72,,232803,7,,,0,31,,232804,7,,,0,72,,232805,7,,,0,30,,232806,7,,,0,70,,232807,7,,,0,30,,232808,7,,,0,70,,232809,7,,,0,28,,232810,7,,,0,70,,232811,7,,,0,31,,232812,7,,,0,70,,232813,7,,,0,30,,232814,7,,,0,71,,232815,7,,,0,30,,232816,7,,,0,69,,232795,7,,,0,29,,232817,7,,,0,70,,232818,7,,,0,29,,232819,7,,,0,70,,232820,7,,,0,31,,232821,7,,,0,71,,232822,7,,,0,28,,232823,7,,,0,101,,232824,7,,,0,100,,232825,7,,,0
