669901,'1_merged_15726439',1546,,209957,12,,,0,57,,209958,12,,,0,20,,209965,12,,,0,22,,209959,12,,,0,70,,209960,12,,,0,15,,209961,12,,,0,71,,209962,12,,,0,22,,209963,12,,,0,24,,209964,12,,,0,54,,209954,12,,,0,13,,209955,12,,,0,28,,209956,12,,,0
671300,'1_merged_15726439',509,,213960,11,,,0,15,,213959,11,,,0,15,,213958,11,,,0,14,,213957,11,,,0,55,,213953,11,,,0,17,,213956,11,,,0,13,,213911,11,,,0,17,,213949,11,,,0,56,,213912,11,,,0,15,,213948,11,,,0,16,,213913,11,,,0,15,,213950,11,,,0,55,,213914,11,,,0,15,,213915,11,,,0,15,,213951,11,,,0,60,,213916,11,,,0,20,,213952,11,,,0,25,,213934,11,,,0,70,,213935,11,,,0,30,,213936,11,,,0,69,,213937,11,,,0,30,,213938,11,,,0,71,,213939,11,,,0,30,,213941,11,,,0,70,,213942,11,,,0,31,,213944,11,,,0,71,,213945,11,,,0,27,,213946,11,,,0,58,,213955,11,,,0,18,,213947,11,,,0,15,,213954,11,,,0,14,,213904,11,,,0,56,,213933,11,,,0,17,,213917,11,,,0,17,,213940,11,,,0,15,,213918,11,,,0,55,,213919,11,,,0,15,,213920,11,,,0,15,,213921,11,,,0,16,,213922,11,,,0,53,,213923,11,,,0,14,,213924,11,,,0,9,,213925,11,,,0,17,,213905,11,,,0,51,,213926,11,,,0,13,,213906,11,,,0,14,,213927,11,,,0,15,,213907,11,,,0,15,,213928,11,,,0,54,,213961,11,,,0,15,,213908,11,,,0,20,,213962,11,,,0,60,,213909,11,,,0,19,,213943,11,,,0,20,,213963,11,,,0,60,,213929,11,,,0,20,,213910,11,,,0,20,,213964,11,,,0,58,,213930,11,,,0,21,,213965,11,,,0,31,,213931,11,,,0,72,,213966,11,,,0,30,,213932,11,,,0
671300,'2_merged_15726441',531,,214010,11,,,0,21,,214009,11,,,0,60,,214007,11,,,0,19,,213986,11,,,0,21,,213983,11,,,0,61,,213987,11,,,0,20,,213970,11,,,0,21,,213982,11,,,0,63,,213969,11,,,0,21,,213977,11,,,0,21,,213981,11,,,0,63,,213976,11,,,0,21,,213985,11,,,0,68,,213975,11,,,0,28,,213967,11,,,0,70,,213974,11,,,0,32,,213984,11,,,0,70,,214004,11,,,0,30,,214003,11,,,0,71,,214002,11,,,0,30,,214001,11,,,0,70,,214000,11,,,0,30,,213999,11,,,0,70,,214008,11,,,0,30,,213998,11,,,0,62,,213997,11,,,0,20,,213996,11,,,0,21,,213980,11,,,0,60,,213995,11,,,0,20,,213994,11,,,0,20,,213979,11,,,0,60,,213993,11,,,0,20,,213992,11,,,0,29,,213978,11,,,0,70,,213991,11,,,0,31,,213990,11,,,0,70,,213973,11,,,0,30,,213972,11,,,0,70,,213988,11,,,0,30,,213971,11,,,0,70,,213989,11,,,0,29,,213968,11,,,0,147,,214006,11,,,0,105,,214005,11,,,0
671300,'3_merged_15726440',536,,214046,11,,,0,70,,214045,11,,,0,27,,214016,11,,,0,20,,214049,11,,,0,60,,214015,11,,,0,20,,214020,11,,,0,20,,214047,11,,,0,60,,214021,11,,,0,20,,214022,11,,,0,19,,214048,11,,,0,61,,214023,11,,,0,26,,214017,11,,,0,71,,214024,11,,,0,29,,214018,11,,,0,71,,214025,11,,,0,30,,214019,11,,,0,70,,214031,11,,,0,32,,214032,11,,,0,70,,214033,11,,,0,29,,214034,11,,,0,70,,214035,11,,,0,32,,214036,11,,,0,70,,214037,11,,,0,30,,214038,11,,,0,70,,214039,11,,,0,30,,214050,11,,,0,70,,214040,11,,,0,30,,214041,11,,,0,68,,214043,11,,,0,30,,214044,11,,,0,70,,214042,11,,,0,29,,214011,11,,,0,70,,214026,11,,,0,30,,214027,11,,,0,69,,214014,11,,,0,30,,214028,11,,,0,71,,214013,11,,,0,49,,214029,11,,,0,145,,214030,11,,,0,101,,214012,11,,,0
682200,'1_merged_15726439',651,,222957,31,,,0,60,,222934,31,,,0,18,,222929,32,,,0,3,,222946,31,,,0,22,,222958,31,,,0,60,,222935,31,,,0,18,,222947,31,,,0,22,,222959,31,,,0,63,,222936,31,,,0,25,,222948,31,,,0,68,,222937,31,,,0,30,,222953,31,,,0,70,,222938,31,,,0,26,,222954,31,,,0,64,,222939,31,,,0,30,,222949,31,,,0,72,,222940,31,,,0,38,,222950,31,,,0,71,,222941,31,,,0,35,,222951,31,,,0,59,,222970,31,,,0,14,,222931,26,,,0,8,,222942,31,,,0,24,,222952,31,,,0,49,,222969,31,,,0,17,,222960,31,,,0,20,,222943,31,,,0,20,,222933,31,,,0,60,,222961,31,,,0,19,,222955,31,,,0,8,,222930,32,,,0,56,,222932,31,,,0,18,,222962,31,,,0,14,,222944,31,,,0,18,,222956,31,,,0,58,,222963,31,,,0,20,,222945,31,,,0,22,,222964,31,,,0,62,,222965,31,,,0,29,,222966,31,,,0,79,,222967,31,,,0,39,,222968,31,,,0
682200,'2_merged_15726441',756,,222982,31,,,0,74,,222983,31,,,0,27,,222999,32,,,0,44,,222974,31,,,0,31,,222984,31,,,0,70,,222975,31,,,0,30,,222985,31,,,0,72,,222976,31,,,0,30,,222986,31,,,0,70,,222977,31,,,0,30,,222987,31,,,0,70,,222978,31,,,0,32,,222988,31,,,0,70,,222981,31,,,0,31,,222989,31,,,0,22,,223000,32,,,0,52,,222979,31,,,0,29,,222990,31,,,0,71,,222980,31,,,0,33,,222991,31,,,0,13,,223001,32,,,0,55,,222971,31,,,0,32,,222992,31,,,0,72,,222972,31,,,0,30,,222993,31,,,0,68,,222973,31,,,0,28,,222994,31,,,0,67,,222995,31,,,0,27,,222996,31,,,0,67,,222997,31,,,0,28,,222998,31,,,0,100,,223002,31,,,0
682200,'3_merged_15726440',821,,223014,31,,,0,38,,223030,32,,,0,41,,223003,31,,,0,30,,223015,31,,,0,70,,223008,31,,,0,30,,223016,31,,,0,70,,223009,31,,,0,30,,223017,31,,,0,72,,223010,31,,,0,30,,223018,31,,,0,70,,223011,31,,,0,33,,223019,31,,,0,70,,223012,31,,,0,30,,223020,31,,,0,22,,223031,32,,,0,49,,223013,31,,,0,31,,223021,31,,,0,70,,223004,31,,,0,31,,223022,31,,,0,8,,223032,32,,,0,64,,223005,31,,,0,30,,223023,31,,,0,71,,223006,31,,,0,30,,223024,31,,,0,69,,223007,31,,,0,28,,223025,31,,,0,67,,223026,31,,,0,29,,223027,31,,,0,70,,223028,31,,,0,28,,223029,31,,,0,98,,223033,31,,,0
1169201,'101_merged_15726436',1657,,225472,46,,,0
1169201,'1_merged_15726439',644,,225499,46,,,0,65,,225498,46,,,0,21,,225503,46,,,0,22,,225497,46,,,0,62,,225496,46,,,0,17,,225518,46,,,0,17,,225495,46,,,0,56,,225504,46,,,0,12,,225494,46,,,0,15,,225519,46,,,0,13,,225505,46,,,0,57,,225493,46,,,0,18,,225492,46,,,0,20,,225507,46,,,0,61,,225491,46,,,0,20,,225490,46,,,0,20,,225506,46,,,0,61,,225489,46,,,0,20,,225508,46,,,0,21,,225488,46,,,0,63,,225487,46,,,0,20,,225509,46,,,0,20,,225486,46,,,0,62,,225485,46,,,0,20,,225510,46,,,0,22,,225484,46,,,0,65,,225483,46,,,0,20,,225511,46,,,0,21,,225482,46,,,0,62,,225481,46,,,0,20,,225512,46,,,0,80,,225501,46,,,0,16,,225515,46,,,0,15,,225480,46,,,0,55,,225516,46,,,0,10,,225479,46,,,0,15,,225478,46,,,0,14,,225513,46,,,0,11,,225517,46,,,0,55,,225500,46,,,0,16,,225514,46,,,0,15,,225477,46,,,0,69,,225476,46,,,0,28,,225475,46,,,0,66,,225473,46,,,0,29,,225474,46,,,0,69,,225502,46,,,0,100,,225520,46,,,0,59,,225521,46,,,0,96,,225522,46,,,0
1169201,'201_merged_15726444',1657,,225523,46,,,0
1169201,'2_merged_15726441',741,,225524,46,,,0,63,,225550,46,,,0,20,,225525,46,,,0,20,,225526,46,,,0,61,,225551,46,,,0,22,,225549,46,,,0,20,,225527,46,,,0,64,,225552,46,,,0,21,,225528,46,,,0,20,,225529,46,,,0,63,,225553,46,,,0,21,,225530,46,,,0,19,,225531,46,,,0,60,,225554,46,,,0,22,,225532,46,,,0,19,,225533,46,,,0,61,,225555,46,,,0,21,,225534,46,,,0,20,,225535,46,,,0,61,,225556,46,,,0,20,,225536,46,,,0,19,,225537,46,,,0,60,,225557,46,,,0,20,,225538,46,,,0,20,,225539,46,,,0,60,,225558,46,,,0,20,,225542,46,,,0,20,,225540,46,,,0,59,,225559,46,,,0,19,,225541,46,,,0,20,,225543,46,,,0,60,,225560,46,,,0,20,,225544,46,,,0,21,,225545,46,,,0,58,,225565,46,,,0,20,,225546,46,,,0,69,,225547,46,,,0,30,,225548,46,,,0,97,,225561,46,,,0,94,,225562,46,,,0,97,,225563,46,,,0,98,,225564,46,,,0
1169201,'3_merged_15726440',838,,225567,46,,,0,70,,225568,46,,,0,32,,225569,46,,,0,72,,225570,46,,,0,31,,225571,46,,,0,72,,225572,46,,,0,32,,225573,46,,,0,70,,225574,46,,,0,32,,225575,46,,,0,70,,225589,46,,,0,31,,225576,46,,,0,70,,225577,46,,,0,31,,225578,46,,,0,64,,225566,46,,,0,21,,225590,46,,,0,20,,225579,46,,,0,58,,225580,46,,,0,20,,225591,46,,,0,20,,225581,46,,,0,60,,225582,46,,,0,20,,225592,46,,,0,20,,225583,46,,,0,66,,225584,46,,,0,30,,225593,46,,,0,70,,225585,46,,,0,27,,225586,46,,,0,70,,225587,46,,,0,96,,225588,46,,,0,99,,225594,46,,,0,100,,225595,46,,,0,98,,225596,46,,,0
