670501,'1_merged_15726439',518,,211792,46,0,76 77 89,0,24,,211785,46,0,76 77 89,0,14,,211769,46,0,76 77 57,0,47,,211793,46,0,76 77 89,0,13,,211875,46,0,76 77 57,0,10,,211772,46,0,76 77 57,0,8,,211791,46,0,76 77 89,0,10,,211794,46,0,76 77 89,0,12,,211771,46,0,76 77 57,0,50,,211876,46,0,76 77 57,0,9,,211879,46,0,76 77 57,0,6,,211822,52,0,76 77 89,0,14,,211774,52,0,76 77 57,0,9,,211783,52,0,76 77 57,0,9,,211795,52,0,76 77 57,0,49,,211878,52,0,76 77 57,0,10,,211796,52,0,76 77 57,0,10,,211828,52,0,76 77 57,0,10,,211829,52,0,76 77 57,0,10,,211797,52,0,76 77 57,0,10,,211831,52,0,76 77 57,0,50,,211798,52,0,76 77 57,0,10,,211830,52,0,76 77 57,0,10,,211799,52,0,76 77 57,0,9,,211800,52,0,76 77 57,0,10,,211832,52,0,76 77 57,0,10,,211838,52,0,76 77 57,0,50,,211801,52,0,76 77 57,0,10,,211839,46,0,76 77 57,0,10,,211840,46,0,76 77 57,0,10,,211841,46,0,76 77 57,0,10,,211842,46,0,76 77 57,0,10,,211843,46,0,76 77 57,0,50,,211844,46,0,76 77 57,0,10,,211845,46,0,76 77 57,0,10,,211846,46,0,76 77 57,0,11,,211847,46,0,76 77 57,0,10,,211848,46,0,76 77 57,0,10,,211849,46,0,76 77 57,0,50,,211850,46,0,76 77 57,0,10,,211851,46,0,76 77 57,0,10,,211852,46,0,76 77 57,0,10,,211853,46,0,76 77 57,0,10,,211854,46,0,76 77 57,0,10,,211855,46,0,76 77 57,0,51,,211856,46,0,76 77 57,0,10,,211857,46,0,76 77 57,0,10,,211858,46,0,76 77 57,0,11,,211859,46,0,76 77 57,0,10,,211860,46,0,76 77 57,0,10,,211861,46,0,76 77 57,0,51,,211862,46,0,76 77 57,0,10,,211863,46,0,76 77 57,0,10,,211864,46,0,76 77 57,0,11,,211865,46,0,76 77 57,0,10,,211866,46,0,76 77 57,0,10,,211867,46,0,76 77 57,0,51,,211868,46,0,76 77 57,0,10,,211869,46,0,76 77 57,0,10,,211870,46,0,76 77 57,0,11,,211871,46,0,76 77 57,0,10,,211823,46,0,76 77 57,0,10,,211802,46,0,76 77 57,0,50,,211833,46,0,76 77 57,0,10,,211803,46,0,76 77 57,0,10,,211804,52,0,76 77 57,0,11,,211805,52,0,76 77 57,0,10,,211824,52,0,76 77 57,0,10,,211806,52,0,76 77 57,0,50,,211834,52,0,76 77 57,0,10,,211807,52,0,76 77 57,0,9,,211808,52,0,76 77 57,0,7,,211880,52,0,76 77 57,0,7,,211825,52,0,76 77 57,0,7,,211809,52,0,76 77 57,0,7,,211881,52,0,76 77 57,0,47,,211810,52,0,76 77 57,0,5,,211835,52,0,76 77 57,0,9,,211811,52,0,76 77 57,0,6,,211882,52,0,76 77 57,0,7,,211812,52,0,76 77 57,0,4,,211883,52,0,76 77 57,0,6,,211813,52,0,76 77 57,0,6,,211826,52,0,76 77 57,0,7,,211884,52,0,76 77 57,0,49,,211814,52,0,76 77 57,0,7,,211815,52,0,76 77 57,0,8,,211885,52,0,76 77 57,0,10,,211816,52,0,76 77 57,0,8,,211817,52,0,76 77 57,0,9,,211818,52,0,76 77 57,0,7,,211886,52,0,76 77 57,0,8,,211776,52,0,76 77 57,0,49,,211872,46,0,76 77 57,0,9,,211820,46,0,76 77 57,0,11,,211781,46,0,76 77 57,0,12,,211777,46,0,76 77 57,0,11,,211782,46,0,76 77 57,0,50,,211821,46,0,76 77 89,0,12,,211778,46,0,76 77 57,0,13,,211784,46,0,76 77 89,0,12,,211873,46,0,76 77 57,0,12,,211779,46,0,76 77 89,0,52,,211827,46,0,76 77 57,0,11,,211773,46,0,76 77 89,0,13,,211874,46,0,76 77 57,0,15,,211780,46,0,76 77 57,0,14,,211770,46,0,76 77 89,0,55,,211877,46,0,76 77 89,0,14,,211768,46,0,76 77 57,0,15,,211836,46,0,76 77 57,0,20,,211819,46,0,76 77 89,0,60,,211837,46,0,76 77 89,0,19,,211775,46,0,76 77 57,0,20,,211786,46,0,76 77 57,0,60,,211787,46,0,76 77 89,0,30,,211788,46,0,76 77 57,0,89,,211789,46,0,76 77 57,0
670501,'2_merged_15726441',549,,211889,27,0,76 77 57,0,51,,211937,27,0,76 77 89,0,15,,211901,27,0,76 77 57,0,13,,211927,46,0,76 77 57,0,10,,211939,27,0,76 77 57,0,10,,211947,27,0,76 77 57,0,8,,211888,46,0,76 77 89,0,50,,211936,46,0,76 77 89,0,12,,211925,46,0,76 77 57,0,11,,211902,46,0,76 77 57,0,11,,211941,46,0,76 77 57,0,9,,211924,46,0,76 77 89,0,54,,211948,46,0,76 77 57,0,11,,211900,46,0,76 77 57,0,11,,211942,46,0,76 77 57,0,8,,211923,46,0,76 77 89,0,14,,211904,46,0,76 77 57,0,12,,211926,46,0,76 77 57,0,52,,211903,46,0,76 77 57,0,12,,211943,46,0,76 77 57,0,13,,211928,46,0,76 77 57,0,12,,211908,46,0,76 77 57,0,52,,211930,46,0,76 77 57,0,12,,211891,46,0,76 77 57,0,12,,211944,46,0,76 77 57,0,12,,211897,46,0,76 77 57,0,12,,211887,46,0,76 77 57,0,52,,211921,46,0,76 77 57,0,12,,211909,46,0,76 77 57,0,12,,211945,46,0,76 77 57,0,12,,211931,46,0,76 77 57,0,12,,211896,46,0,76 77 57,0,52,,211954,46,0,76 77 57,0,11,,211955,46,0,76 77 57,0,10,,211956,46,0,76 77 57,0,10,,211957,46,0,76 77 57,0,10,,211958,46,0,76 77 57,0,10,,211959,46,0,76 77 57,0,50,,211960,46,0,76 77 57,0,10,,211961,46,0,76 77 57,0,9,,211962,46,0,76 77 57,0,9,,211963,46,0,76 77 57,0,9,,211964,46,0,76 77 57,0,10,,211965,46,0,76 77 57,0,10,,211966,46,0,76 77 57,0,50,,211967,46,0,76 77 57,0,10,,211968,46,0,76 77 57,0,10,,211969,46,0,76 77 57,0,10,,211970,46,0,76 77 57,0,10,,211971,46,0,76 77 57,0,10,,211972,46,0,76 77 57,0,50,,211973,46,0,76 77 57,0,10,,211974,46,0,76 77 57,0,10,,211975,46,0,76 77 57,0,10,,211976,46,0,76 77 57,0,10,,211977,46,0,76 77 57,0,10,,211978,46,0,76 77 57,0,50,,211979,46,0,76 77 57,0,10,,211980,46,0,76 77 57,0,10,,211981,46,0,76 77 57,0,10,,211982,46,0,76 77 57,0,10,,211983,46,0,76 77 57,0,11,,211984,46,0,76 77 57,0,50,,211985,46,0,76 77 57,0,10,,211986,46,0,76 77 57,0,10,,211987,46,0,76 77 57,0,9,,211988,46,0,76 77 57,0,10,,211989,46,0,76 77 57,0,10,,211990,46,0,76 77 57,0,49,,211915,46,0,76 77 57,0,10,,211905,46,0,76 77 57,0,10,,211991,46,0,76 77 57,0,10,,211949,46,0,76 77 57,0,10,,211932,46,0,76 77 57,0,11,,211919,46,0,76 77 57,0,48,,211992,46,0,76 77 57,0,10,,211899,46,0,76 77 57,0,10,,211933,46,0,76 77 57,0,10,,211907,46,0,76 77 57,0,9,,211950,46,0,76 77 89,0,11,,211934,46,0,76 77 57,0,50,,211922,46,0,76 77 57,0,10,,211993,46,0,76 77 57,0,10,,211898,46,0,76 77 57,0,9,,211951,46,0,76 77 57,0,9,,211911,46,0,76 77 89,0,12,,211918,46,0,76 77 57,0,52,,211910,46,0,76 77 57,0,13,,211892,46,0,76 77 57,0,12,,211952,46,0,76 77 89,0,11,,211890,46,0,76 77 57,0,12,,211935,46,0,76 77 57,0,52,,211913,46,0,76 77 57,0,13,,211929,46,0,76 77 57,0,12,,211912,46,0,76 77 57,0,13,,211953,46,0,76 77 57,0,13,,211994,46,0,76 77 57,0,53,,211895,46,0,76 77 57,0,13,,211914,46,0,76 77 89,0,13,,211916,46,0,76 77 57,0,20,,211938,46,0,76 77 57,0,62,,211917,46,0,76 77 57,0,21,,211920,46,0,76 77 57,0,63,,211940,46,0,76 77 57,0,22,,211906,46,0,76 77 89,0,107,,211894,46,0,76 77 57,0
670501,'3_merged_15726440',547,,212033,46,0,76 77 57,0,62,,212011,46,0,76 77 57,0,16,,212034,46,0,76 77 57,0,16,,212073,46,0,76 77 57,0,15,,212003,46,0,76 77 57,0,55,,212009,46,0,76 77 57,0,15,,212035,46,0,76 77 57,0,15,,212013,46,0,76 77 57,0,15,,212001,46,0,76 77 57,0,52,,212008,46,0,76 77 57,0,11,,212002,53,0,76 77 57,0,10,,212007,46,0,76 77 89,0,15,,212006,46,0,76 77 57,0,13,,212081,46,0,76 77 57,0,53,,212005,46,0,76 77 57,0,11,,211999,46,0,76 77 89,0,18,,211998,46,0,76 77 57,0,15,,212012,46,0,76 77 57,0,55,,212023,46,0,76 77 57,0,15,,212022,46,0,76 77 57,0,16,,212021,46,0,76 77 57,0,15,,212020,46,0,76 77 57,0,56,,212032,46,0,76 77 57,0,16,,212031,46,0,76 77 57,0,15,,212030,46,0,76 77 57,0,15,,212029,46,0,76 77 57,0,55,,212028,46,0,76 77 57,0,15,,212027,46,0,76 77 57,0,15,,212026,46,0,76 77 57,0,12,,212025,46,0,76 77 57,0,52,,212074,46,0,76 77 57,0,12,,212024,46,0,76 77 57,0,12,,212016,46,0,76 77 57,0,13,,212015,46,0,76 77 57,0,13,,212068,46,0,76 77 57,0,52,,212014,46,0,76 77 57,0,12,,212036,46,0,76 77 57,0,12,,212037,46,0,76 77 57,0,12,,212038,46,0,76 77 57,0,12,,212069,46,0,76 77 57,0,52,,212039,46,0,76 77 57,0,12,,212040,46,0,76 77 57,0,12,,212041,46,0,76 77 57,0,10,,212042,46,0,76 77 57,0,10,,212070,46,0,76 77 57,0,50,,212043,46,0,76 77 57,0,10,,212044,46,0,76 77 57,0,10,,212082,46,0,76 77 57,0,10,,212045,46,0,76 77 57,0,10,,212046,46,0,76 77 57,0,10,,212071,46,0,76 77 57,0,50,,212083,46,0,76 77 57,0,10,,212047,46,0,76 77 57,0,10,,212048,46,0,76 77 57,0,10,,212049,46,0,76 77 57,0,12,,212050,46,0,76 77 57,0,11,,212075,46,0,76 77 57,0,52,,212051,46,0,76 77 57,0,12,,212052,46,0,76 77 57,0,11,,212053,46,0,76 77 57,0,12,,212054,46,0,76 77 57,0,12,,212076,46,0,76 77 57,0,52,,212055,46,0,76 77 57,0,12,,212056,46,0,76 77 57,0,12,,212057,46,0,76 77 57,0,12,,212077,46,0,76 77 57,0,9,,212058,46,0,76 77 89,0,53,,212059,46,0,76 77 57,0,11,,212060,46,0,76 77 57,0,10,,212061,46,0,76 77 57,0,10,,212084,46,0,76 77 57,0,6,,212062,46,0,76 77 89,0,15,,212063,46,0,76 77 57,0,50,,212064,46,0,76 77 57,0,11,,212079,46,0,76 77 57,0,12,,212065,46,0,76 77 57,0,15,,212066,46,0,76 77 57,0,15,,212067,46,0,76 77 57,0,52,,212019,46,0,76 77 89,0,17,,212004,46,0,76 77 57,0,15,,212018,46,0,76 77 57,0,13,,212072,46,0,76 77 89,0,58,,212017,46,0,76 77 57,0,15,,212078,46,0,76 77 57,0,16,,211997,46,0,76 77 57,0,59,,212080,46,0,76 77 89,0,24,,211996,46,0,76 77 57,0,24,,211995,46,0,76 77 57,0,76,,212000,46,0,76 77 57,0
671401,'1_merged_15726439',635,,214251,35,,,0,12,,214291,35,,,0,12,,214281,35,,,0,52,,214283,35,,,0,15,,214284,35,,,0,15,,214282,35,,,0,59,,214250,35,,,0,15,,214256,35,,,0,16,,214279,35,,,0,15,,214257,35,,,0,56,,214258,35,,,0,16,,214259,35,,,0,14,,214280,35,,,0,14,,214260,35,,,0,54,,214261,35,,,0,16,,214262,35,,,0,15,,214263,35,,,0,15,,214290,35,,,0,63,,214264,35,,,0,30,,214265,35,,,0,70,,214266,35,,,0,31,,214267,35,,,0,71,,214268,35,,,0,30,,214269,35,,,0,72,,214271,35,,,0,30,,214253,35,,,0,74,,214254,35,,,0,20,,214252,35,,,0,22,,214255,35,,,0,60,,214248,35,,,0,19,,214293,35,,,0,15,,214285,35,,,0,56,,214276,35,,,0,16,,214249,35,,,0,15,,214272,35,,,0,15,,214286,35,,,0,55,,214277,35,,,0,12,,214295,35,,,0,6,,214270,35,,,0,10,,214296,35,,,0,10,,214288,35,,,0,7,,214287,35,,,0,52,,214278,35,,,0,13,,214274,35,,,0,13,,214294,35,,,0,15,,214289,35,,,0,55,,214275,35,,,0,18,,214273,35,,,0,20,,214247,35,,,0,59,,214292,35,,,0,20,,214244,35,,,0,22,,214246,35,,,0,60,,214245,35,,,0
671501,'1_merged_15726439',550,,214515,15,,,0,62,,214516,15,,,0,17,,214517,15,,,0,10,,214518,15,,,0,10,,214519,15,,,0,53,,214520,15,,,0,10,,214521,15,,,0,11,,214522,15,,,0,10,,214523,15,,,0,12,,214524,15,,,0,10,,214525,15,,,0,50,,214526,15,,,0,14,,214527,15,,,0,12,,214528,15,,,0,12,,214529,15,,,0,13,,214530,15,,,0,51,,214531,15,,,0,12,,214532,15,,,0,13,,214533,15,,,0,15,,214534,15,,,0,55,,214535,15,,,0,16,,214536,15,,,0,15,,214537,15,,,0,17,,214538,15,,,0,55,,214539,15,,,0,15,,214540,15,,,0,15,,214541,15,,,0,17,,214542,15,,,0,56,,214543,15,,,0,14,,214544,15,,,0,14,,214545,15,,,0,15,,214546,15,,,0,55,,214547,15,,,0,16,,214548,15,,,0,15,,214549,15,,,0,15,,214550,15,,,0,55,,214551,15,,,0,16,,214552,15,,,0,10,,214553,15,,,0,12,,214554,15,,,0,10,,214555,15,,,0,52,,214556,15,,,0,14,,214557,15,,,0,12,,214558,15,,,0,12,,214559,15,,,0,56,,214560,15,,,0,14,,214561,15,,,0,12,,214562,15,,,0,12,,214563,15,,,0,12,,214564,15,,,0,51,,214565,15,,,0,10,,214566,15,,,0,9,,214567,15,,,0,10,,214568,15,,,0,10,,214569,15,,,0,12,,214570,15,,,0,51,,214571,15,,,0,12,,214572,15,,,0,10,,214573,15,,,0,12,,214574,15,,,0,11,,214575,15,,,0,8,,214576,15,,,0,52,,214577,15,,,0,10,,214578,15,,,0,12,,214579,15,,,0,12,,214580,15,,,0,14,,214581,15,,,0,55,,214582,15,,,0,14,,214583,15,,,0,15,,214584,15,,,0,15,,214585,15,,,0,55,,214586,15,,,0,15,,214587,15,,,0,15,,214588,15,,,0,61,,214589,15,,,0,30,,214590,15,,,0,68,,214591,15,,,0,30,,214592,15,,,0,70,,214593,15,,,0,30,,214594,15,,,0,27,,214595,15,,,0,83,,214596,15,,,0,100,,214597,15,,,0
671501,'2_merged_15726441',558,,214643,15,,,0,60,,214642,15,,,0,20,,214641,15,,,0,20,,214640,15,,,0,62,,214622,15,,,0,20,,214639,15,,,0,15,,214621,15,,,0,55,,214638,15,,,0,15,,214620,15,,,0,17,,214637,15,,,0,15,,214619,15,,,0,54,,214636,15,,,0,15,,214618,15,,,0,18,,214635,15,,,0,15,,214617,15,,,0,56,,214664,15,,,0,15,,214616,15,,,0,18,,214663,15,,,0,56,,214615,15,,,0,16,,214662,15,,,0,15,,214614,15,,,0,16,,214665,15,,,0,55,,214613,15,,,0,15,,214661,15,,,0,15,,214612,15,,,0,17,,214660,15,,,0,55,,214611,15,,,0,15,,214659,15,,,0,15,,214610,15,,,0,15,,214658,15,,,0,55,,214609,15,,,0,15,,214657,15,,,0,15,,214608,15,,,0,15,,214656,15,,,0,55,,214607,15,,,0,16,,214634,15,,,0,15,,214606,15,,,0,15,,214633,15,,,0,57,,214644,15,,,0,16,,214632,15,,,0,15,,214605,15,,,0,16,,214631,15,,,0,54,,214604,15,,,0,15,,214630,15,,,0,14,,214603,15,,,0,15,,214629,15,,,0,55,,214602,15,,,0,15,,214628,15,,,0,15,,214601,15,,,0,13,,214627,15,,,0,55,,214600,15,,,0,14,,214626,15,,,0,15,,214599,15,,,0,13,,214625,15,,,0,55,,214598,15,,,0,13,,214646,15,,,0,15,,214655,15,,,0,15,,214624,15,,,0,55,,214654,15,,,0,15,,214653,15,,,0,15,,214666,15,,,0,15,,214623,15,,,0,55,,214652,15,,,0,21,,214667,15,,,0,20,,214651,15,,,0,64,,214645,15,,,0,40,,214650,15,,,0,70,,214668,15,,,0,28,,214649,15,,,0,93,,214648,15,,,0,90,,214647,15,,,0
671501,'3_merged_15726440',558,,214714,15,,,0,59,,214713,15,,,0,20,,214712,15,,,0,20,,214711,15,,,0,60,,214693,15,,,0,20,,214710,15,,,0,18,,214692,15,,,0,55,,214709,15,,,0,16,,214691,15,,,0,15,,214708,15,,,0,16,,214690,15,,,0,55,,214707,15,,,0,15,,214689,15,,,0,16,,214706,15,,,0,15,,214688,15,,,0,56,,214735,15,,,0,15,,214687,15,,,0,15,,214734,15,,,0,15,,214686,15,,,0,55,,214733,15,,,0,16,,214685,15,,,0,16,,214736,15,,,0,55,,214684,15,,,0,15,,214732,15,,,0,15,,214683,15,,,0,16,,214731,15,,,0,55,,214682,15,,,0,15,,214730,15,,,0,15,,214681,15,,,0,16,,214729,15,,,0,55,,214680,15,,,0,15,,214728,15,,,0,15,,214679,15,,,0,16,,214727,15,,,0,55,,214678,15,,,0,16,,214705,15,,,0,15,,214677,15,,,0,15,,214704,15,,,0,55,,214715,15,,,0,15,,214703,15,,,0,15,,214676,15,,,0,15,,214702,15,,,0,55,,214675,15,,,0,14,,214701,15,,,0,15,,214674,15,,,0,15,,214700,15,,,0,54,,214673,15,,,0,14,,214699,15,,,0,15,,214672,15,,,0,15,,214698,15,,,0,55,,214671,15,,,0,14,,214697,15,,,0,15,,214670,15,,,0,15,,214696,15,,,0,55,,214669,15,,,0,15,,214717,15,,,0,15,,214726,15,,,0,13,,214695,15,,,0,15,,214725,15,,,0,55,,214724,15,,,0,17,,214737,15,,,0,14,,214694,15,,,0,55,,214723,15,,,0,22,,214738,15,,,0,20,,214722,15,,,0,65,,214716,15,,,0,44,,214721,15,,,0,70,,214739,15,,,0,25,,214720,15,,,0,94,,214719,15,,,0,90,,214718,15,,,0
672001,'1_merged_15726439',543,,214824,21,,,0,66,,214826,21,,,0,29,,214827,21,,,0,73,,214828,21,,,0,33,,214829,21,,,0,70,,214830,21,,,0,798,,214825,21,,,0,29,,214823,21,,,0,72,,214831,21,,,0,30,,214832,21,,,0,79,,214833,21,,,0,25,,214834,21,,,0,72,,214835,21,,,0,27,,214822,21,,,0
675401,'101_merged_15726436',745,,219580,11,0,32,0
732101,'1_merged_15726439',614,,224410,42,0,76 77 89,0,31,,224406,42,0,76 77 89,0,76,,224381,42,0,76 77 89,0,36,,224382,42,0,76 77 89,0,73,,224394,42,0,76 77 89,0,71,,224405,42,0,76 77 89,0,32,,224395,42,0,76 77 89,0,71,,224389,42,0,76 77 89,0,31,,224396,42,0,76 77 89,0,70,,224384,42,0,76 77 89,0,30,,224397,42,0,76 77 89,0,70,,224390,42,0,76 77 89,0,30,,224398,42,0,76 77 89,0,69,,224385,42,0,76 77 89,0,28,,224399,42,0,76 77 89,0,71,,224391,42,0,76 77 89,0,31,,224400,42,0,76 77 89,0,71,,224386,42,0,76 77 89,0,31,,224401,42,0,76 77 89,0,74,,224392,42,0,76 77 89,0,32,,224402,42,0,76 77 89,0,70,,224387,42,0,76 77 89,0,28,,224403,42,0,76 77 89,0,72,,224393,42,0,76 77 89,0,31,,224404,42,0,76 77 89,0,72,,224388,42,0,76 77 89,0,27,,224407,42,0,76 77 89,0,11,,224411,42,0,76 77 89,0,93,,224408,42,0,76 77 89,0,70,,224412,42,0,76 77 89,0,27,,224409,42,0,76 77 89,0,97,,224383,42,0,76 77 89,0,99,,224380,42,0,76 77 89,0,107,,224413,42,0,76 77 89,0
732101,'2_merged_15726441',619,,224452,42,0,76 77 89,0,31,,224436,42,0,76 77 89,0,71,,224435,42,0,76 77 89,0,29,,224434,42,0,76 77 89,0,60,,224433,42,0,76 77 89,0,20,,224453,42,0,76 77 89,0,20,,224432,42,0,76 77 89,0,69,,224431,42,0,76 77 89,0,29,,224441,42,0,76 77 89,0,69,,224430,42,0,76 77 89,0,32,,224440,42,0,76 77 89,0,61,,224451,42,0,76 77 89,0,20,,224417,42,0,76 77 89,0,20,,224439,42,0,76 77 89,0,60,,224429,42,0,76 77 89,0,20,,224444,42,0,76 77 89,0,20,,224438,42,0,76 77 89,0,59,,224428,42,0,76 77 89,0,20,,224445,42,0,76 77 89,0,21,,224437,42,0,76 77 89,0,60,,224427,42,0,76 77 89,0,20,,224446,42,0,76 77 89,0,21,,224416,42,0,76 77 89,0,60,,224426,42,0,76 77 89,0,20,,224447,42,0,76 77 89,0,20,,224415,42,0,76 77 89,0,60,,224423,42,0,76 77 89,0,20,,224448,42,0,76 77 89,0,20,,224414,42,0,76 77 89,0,60,,224422,42,0,76 77 89,0,21,,224449,42,0,76 77 89,0,20,,224443,42,0,76 77 89,0,60,,224421,42,0,76 77 89,0,20,,224450,42,0,76 77 89,0,70,,224442,42,0,76 77 89,0,28,,224420,42,0,76 77 89,0,71,,224454,42,0,76 77 89,0,32,,224419,42,0,76 77 89,0,72,,224455,42,0,76 77 89,0,30,,224418,42,0,76 77 89,0,109,,224424,42,0,76 77 89,0,99,,224425,42,0,76 77 89,0,99,,224456,42,0,76 77 89,0
732101,'3_merged_15726440',728,,224483,42,0,76 77 89,0,29,,224482,42,0,76 77 89,0,70,,224481,42,0,76 77 89,0,30,,224480,42,0,76 77 89,0,71,,224479,42,0,76 77 89,0,31,,224478,42,0,76 77 89,0,70,,224477,42,0,76 77 89,0,30,,224461,42,0,76 77 89,0,70,,224476,42,0,76 77 89,0,20,,224460,42,0,76 77 89,0,60,,224475,42,0,76 77 89,0,20,,224484,42,0,76 77 89,0,21,,224459,42,0,76 77 89,0,60,,224474,42,0,76 77 89,0,20,,224485,42,0,76 77 89,0,20,,224458,42,0,76 77 89,0,60,,224473,42,0,76 77 89,0,21,,224486,42,0,76 77 89,0,21,,224457,42,0,76 77 89,0,60,,224472,42,0,76 77 89,0,20,,224487,42,0,76 77 89,0,20,,224465,42,0,76 77 89,0,60,,224471,42,0,76 77 89,0,20,,224488,42,0,76 77 89,0,21,,224464,42,0,76 77 89,0,60,,224470,42,0,76 77 89,0,20,,224489,42,0,76 77 89,0,20,,224463,42,0,76 77 89,0,61,,224469,42,0,76 77 89,0,21,,224490,42,0,76 77 89,0,20,,224462,42,0,76 77 89,0,60,,224491,42,0,76 77 89,0,20,,224468,42,0,76 77 89,0,66,,224492,42,0,76 77 89,0,32,,224467,42,0,76 77 89,0,73,,224493,42,0,76 77 89,0,32,,224466,42,0,76 77 89,0,101,,224494,42,0,76 77 89,0,102,,224495,42,0,76 77 89,0,101,,224496,42,0,76 77 89,0
1870501,'1_merged_15726439',616,,227530,49,,,0,11,,227488,49,,,0,15,,227490,49,,,0,15,,227525,49,,,0,57,,227515,49,,,0,23,,227489,49,,,0,22,,227516,49,,,0,60,,227491,49,,,0,22,,227492,49,,,0,61,,227517,49,,,0,20,,227493,49,,,0,19,,227494,49,,,0,61,,227518,49,,,0,19,,227495,49,,,0,20,,227496,49,,,0,60,,227526,49,,,0,20,,227497,49,,,0,25,,227498,49,,,0,72,,227511,49,,,0,31,,227499,49,,,0,70,,227487,49,,,0,30,,227500,49,,,0,71,,227501,49,,,0,30,,227502,49,,,0,58,,227523,49,,,0,17,,227503,49,,,0,23,,227504,49,,,0,56,,227519,49,,,0,17,,227505,49,,,0,14,,227524,49,,,0,17,,227506,49,,,0,57,,227520,49,,,0,21,,227507,49,,,0,20,,227508,49,,,0,61,,227521,49,,,0,19,,227510,49,,,0,21,,227509,49,,,0,58,,227522,49,,,0,17,,227512,49,,,0,21,,227513,49,,,0,62,,227514,49,,,0,28,,227484,49,,,0,70,,227485,49,,,0,30,,227486,49,,,0,93,,227527,49,,,0,100,,227528,49,,,0,100,,227529,49,,,0
1870501,'2_merged_15726441',632,,227531,49,,,0,27,,227535,49,,,0,67,,227536,49,,,0,31,,227537,49,,,0,71,,227538,49,,,0,72,,227539,49,,,0,29,,227540,49,,,0,30,,227541,49,,,0,70,,227542,49,,,0,72,,227543,49,,,0,30,,227544,49,,,0,73,,227545,49,,,0,30,,227546,49,,,0,71,,227547,49,,,0,32,,227548,49,,,0,70,,227549,49,,,0,30,,227550,49,,,0,70,,227551,49,,,0,30,,227552,49,,,0,67,,227553,49,,,0,30,,227554,49,,,0,67,,227555,49,,,0,28,,227556,49,,,0,30,,227557,49,,,0,70,,227558,49,,,0,30,,227559,49,,,0,70,,227560,49,,,0,28,,227561,49,,,0,73,,227562,49,,,0,73,,227563,49,,,0,34,,227564,49,,,0,98,,227532,49,,,0,100,,227533,49,,,0,100,,227534,49,,,0
1870501,'3_merged_15726440',628,,227591,49,,,0,30,,227592,49,,,0,70,,227593,49,,,0,30,,227594,49,,,0,71,,227565,49,,,0,72,,227566,49,,,0,32,,227567,49,,,0,70,,227568,49,,,0,31,,227569,49,,,0,71,,227570,49,,,0,30,,227571,49,,,0,70,,227572,49,,,0,30,,227573,49,,,0,70,,227574,49,,,0,30,,227575,49,,,0,73,,227576,49,,,0,32,,227577,49,,,0,72,,227578,49,,,0,30,,227579,49,,,0,70,,227580,49,,,0,30,,227581,49,,,0,70,,227582,49,,,0,30,,227583,49,,,0,70,,227584,49,,,0,29,,227585,49,,,0,69,,227586,49,,,0,30,,227587,49,,,0,69,,227588,49,,,0,30,,227589,49,,,0,70,,227595,49,,,0,30,,227590,49,,,0,96,,227596,49,,,0,100,,227597,49,,,0,100,,227598,49,,,0
