671201,'101_merged_15727747',1519,,213656,39,,,0,5,,213657,26,,,0,115,,213658,39,,,0,79,,213655,44,,,0
671201,'1_merged_15727750',457,,213706,43,,,0,60,,213707,43,,,0,19,,213738,43,,,0,12,,213717,43,,,0,10,,213739,43,,,0,49,,213734,43,,,0,12,,213725,43,,,0,9,,213735,44,,,0,6,,213713,43,,,0,6,,213726,43,,,0,13,,213756,44,,,0,5,,213736,12,,,0,50,,213758,43,,,0,7,,213681,44,,,0,4,,213746,12,,,0,8,,213682,44,,,0,6,,213664,44,,,0,5,,213683,12,,,0,7,,213759,44,,,0,9,,213727,44,,,0,47,,213684,12,,,0,7,,213757,44,,,0,8,,213760,44,,,0,8,,213762,12,,,0,7,,213685,44,,,0,7,,213680,44,,,0,6,,213761,12,,,0,9,,213737,44,,,0,52,,213686,44,,,0,12,,213724,44,,,0,14,,213659,44,,,0,14,,213718,44,,,0,13,,213668,44,,,0,55,,213709,44,,,0,15,,213669,44,,,0,15,,213728,44,,,0,15,,213670,44,,,0,55,,213675,44,,,0,15,,213671,44,,,0,15,,213660,44,,,0,16,,213672,44,,,0,55,,213710,44,,,0,15,,213673,44,,,0,15,,213661,44,,,0,15,,213674,44,,,0,55,,213711,44,,,0,16,,213676,44,,,0,15,,213662,44,,,0,56,,213677,44,,,0,15,,213712,44,,,0,17,,213678,44,,,0,15,,213663,44,,,0,57,,213679,44,,,0,15,,213714,44,,,0,10,,213755,44,,,0,11,,213715,44,,,0,9,,213747,43,,,0,9,,213692,44,,,0,49,,213748,44,,,0,9,,213693,43,,,0,8,,213705,44,,,0,8,,213730,44,,,0,10,,213732,44,,,0,10,,213694,44,,,0,47,,213667,44,,,0,7,,213695,44,,,0,18,,213700,43,,,0,7,,213733,44,,,0,8,,213701,44,,,0,7,,213665,44,,,0,7,,213702,44,,,0,47,,213697,44,,,0,8,,213696,44,,,0,8,,213716,43,,,0,8,,213703,44,,,0,11,,213699,44,,,0,10,,213698,44,,,0,7,,213708,44,,,0,50,,213704,44,,,0,10,,213666,44,,,0,8,,213749,44,,,0,10,,213731,44,,,0,11,,213719,44,,,0,11,,213729,44,,,0,52,,213720,44,,,0,11,,213750,44,,,0,12,,213721,44,,,0,12,,213740,44,,,0,14,,213722,44,,,0,56,,213741,44,,,0,16,,213751,44,,,0,15,,213742,44,,,0,14,,213723,44,,,0,56,,213743,44,,,0,15,,213752,44,,,0,15,,213744,44,,,0,12,,213687,44,,,0,55,,213688,44,,,0,15,,213753,44,,,0,15,,213745,44,,,0,16,,213689,44,,,0,60,,213690,44,,,0,20,,213754,44,,,0,20,,213691,44,,,0
671201,'201_merged_15727755',1718,,213763,43,,,0
671201,'2_merged_15727752',646,,213772,43,,,0,60,,213835,43,,,0,20,,213771,43,,,0,20,,213832,43,,,0,57,,213770,44,,,0,14,,213836,43,,,0,16,,213783,44,,,0,15,,213812,44,,,0,55,,213813,44,,,0,15,,213814,44,,,0,15,,213815,44,,,0,16,,213816,44,,,0,55,,213817,44,,,0,15,,213818,44,,,0,15,,213819,44,,,0,15,,213820,44,,,0,55,,213821,44,,,0,17,,213822,44,,,0,15,,213823,44,,,0,16,,213824,44,,,0,56,,213825,44,,,0,17,,213826,44,,,0,16,,213827,44,,,0,15,,213828,44,,,0,55,,213829,44,,,0,16,,213830,44,,,0,15,,213831,44,,,0,15,,213782,44,,,0,55,,213786,44,,,0,16,,213809,44,,,0,15,,213796,44,,,0,16,,213764,44,,,0,55,,213781,44,,,0,15,,213810,44,,,0,15,,213797,44,,,0,15,,213780,43,,,0,55,,213779,44,,,0,14,,213811,44,,,0,13,,213798,44,,,0,13,,213778,44,,,0,52,,213777,44,,,0,12,,213776,44,,,0,12,,213775,44,,,0,12,,213833,44,,,0,9,,213799,44,,,0,50,,213774,44,,,0,10,,213807,44,,,0,9,,213834,44,,,0,10,,213773,44,,,0,10,,213769,44,,,0,9,,213800,44,,,0,10,,213768,44,,,0,51,,213808,44,,,0,11,,213784,44,,,0,12,,213785,44,,,0,13,,213801,44,,,0,55,,213795,44,,,0,14,,213787,44,,,0,14,,213767,44,,,0,13,,213802,44,,,0,13,,213788,44,,,0,53,,213803,44,,,0,21,,213789,44,,,0,21,,213790,44,,,0,61,,213804,44,,,0,20,,213791,44,,,0,18,,213792,44,,,0,61,,213805,44,,,0,21,,213793,44,,,0,16,,213794,44,,,0,60,,213806,44,,,0,25,,213766,44,,,0,68,,213765,44,,,0
671201,'3_merged_15727751',814,,213841,43,,,0,20,,213840,43,,,0,15,,213842,43,,,0,55,,213843,43,,,0,15,,213844,43,,,0,15,,213845,43,,,0,17,,213846,44,,,0,55,,213847,44,,,0,16,,213848,44,,,0,15,,213849,44,,,0,15,,213850,44,,,0,55,,213851,44,,,0,16,,213852,44,,,0,15,,213853,44,,,0,17,,213854,44,,,0,55,,213855,44,,,0,15,,213856,44,,,0,15,,213857,44,,,0,15,,213858,44,,,0,55,,213859,44,,,0,17,,213860,44,,,0,15,,213861,44,,,0,15,,213862,44,,,0,55,,213863,44,,,0,15,,213864,44,,,0,15,,213865,44,,,0,15,,213866,44,,,0,55,,213867,44,,,0,15,,213868,44,,,0,15,,213869,44,,,0,15,,213870,44,,,0,55,,213871,44,,,0,14,,213872,44,,,0,14,,213873,44,,,0,10,,213874,44,,,0,52,,213903,44,,,0,12,,213875,43,,,0,12,,213876,44,,,0,9,,213877,44,,,0,14,,213837,44,,,0,54,,213878,44,,,0,13,,213879,44,,,0,9,,213880,44,,,0,13,,213881,44,,,0,11,,213882,44,,,0,52,,213883,44,,,0,13,,213884,44,,,0,11,,213885,44,,,0,12,,213886,44,,,0,12,,213887,44,,,0,55,,213839,44,,,0,14,,213888,44,,,0,15,,213889,44,,,0,15,,213890,44,,,0,56,,213891,44,,,0,16,,213892,44,,,0,16,,213893,44,,,0,14,,213894,44,,,0,55,,213895,44,,,0,15,,213896,44,,,0,14,,213897,44,,,0,11,,213898,44,,,0,14,,213899,44,,,0,54,,213900,44,,,0,15,,213901,44,,,0,17,,213838,44,,,0,75,,213902,44,,,0
681800,'101_merged_15727747',740,,222001,16,,,0
681800,'1_merged_15727750',551,,222035,16,,,0,70,,222030,16,,,0,20,,222031,16,,,0,60,,222032,16,,,0,20,,222033,16,,,0,21,,222034,16,,,0,73,,222002,16,,,0,16,,222003,16,,,0,70,,222004,16,,,0,30,,222005,16,,,0,70,,222006,16,,,0,31,,222007,16,,,0,70,,222008,16,,,0,30,,222009,16,,,0,70,,222010,16,,,0,31,,222011,16,,,0,70,,222012,16,,,0,29,,222013,16,,,0,70,,222014,16,,,0,30,,222015,16,,,0,70,,222016,16,,,0,22,,222017,16,,,0,35,,222018,16,,,0,73,,222019,16,,,0,70,,222020,16,,,0,31,,222021,16,,,0,70,,222022,16,,,0,24,,222023,16,,,0,29,,222024,16,,,0,70,,222025,16,,,0,100,,222026,16,,,0,94,,222027,16,,,0,103,,222028,16,,,0,107,,222029,16,,,0
681800,'2_merged_15727752',626,,222063,16,,,0,100,,222064,16,,,0,100,,222047,16,,,0,30,,222052,16,,,0,70,,222046,16,,,0,30,,222053,16,,,0,70,,222045,16,,,0,30,,222054,16,,,0,70,,222044,16,,,0,30,,222055,16,,,0,70,,222043,16,,,0,30,,222056,16,,,0,70,,222042,16,,,0,30,,222057,16,,,0,70,,222041,16,,,0,30,,222058,16,,,0,70,,222040,16,,,0,30,,222059,16,,,0,70,,222039,16,,,0,30,,222060,16,,,0,70,,222038,16,,,0,30,,222061,16,,,0,67,,222037,16,,,0,32,,222062,16,,,0,66,,222036,16,,,0,101,,222051,16,,,0,100,,222050,16,,,0,99,,222049,16,,,0,100,,222048,16,,,0,100,,222065,16,,,0
681800,'3_merged_15727751',725,,222084,16,,,0,100,,222085,16,,,0,100,,222076,16,,,0,101,,222075,16,,,0,100,,222074,16,,,0,100,,222073,16,,,0,30,,222079,16,,,0,70,,222072,16,,,0,30,,222080,16,,,0,70,,222071,16,,,0,30,,222081,16,,,0,69,,222070,16,,,0,30,,222082,16,,,0,70,,222066,16,,,0,30,,222083,16,,,0,70,,222069,16,,,0,100,,222068,16,,,0,100,,222067,16,,,0,100,,222078,16,,,0,100,,222077,16,,,0,100,,222086,16,,,0,100,,222087,16,,,0
681901,'101_merged_15727747',807,,222351,12,,,0,695,,222352,12,,,0
681901,'1_merged_15727750',507,,222355,29,,,0,15,,222356,29,,,0,8,,222412,15,,,0,7,,222357,29,,,0,8,,222413,15,,,0,7,,222358,29,,,0,48,,222414,15,,,0,7,,222359,29,,,0,8,,222415,15,,,0,7,,222360,29,,,0,8,,222416,15,,,0,5,,222361,29,,,0,10,,222417,15,,,0,8,,222362,29,,,0,47,,222418,15,,,0,6,,222363,29,,,0,6,,222419,15,,,0,6,,222364,29,,,0,6,,222425,15,,,0,6,,222426,29,,,0,6,,222420,15,,,0,10,,222365,29,,,0,2,,222421,15,,,0,8,,222366,29,,,0,44,,222422,15,,,0,8,,222427,29,,,0,5,,222367,15,,,0,10,,222423,29,,,0,5,,222428,15,,,0,10,,222368,29,,,0,5,,222429,15,,,0,10,,222424,29,,,0,5,,222430,15,,,0,50,,222369,29,,,0,13,,222370,29,,,0,20,,222371,29,,,0,60,,222372,29,,,0,20,,222373,29,,,0,18,,222374,29,,,0,63,,222375,29,,,0,18,,222376,29,,,0,23,,222377,29,,,0,16,,222378,29,,,0,60,,222379,29,,,0,20,,222380,29,,,0,20,,222381,29,,,0,60,,222382,29,,,0,20,,222383,29,,,0,20,,222384,29,,,0,62,,222385,29,,,0,20,,222386,29,,,0,60,,222387,29,,,0,11,,222388,29,,,0,29,,222389,29,,,0,61,,222390,29,,,0,9,,222391,29,,,0,12,,222392,29,,,0,15,,222393,29,,,0,15,,222394,29,,,0,55,,222395,29,,,0,15,,222396,29,,,0,14,,222397,29,,,0,14,,222398,29,,,0,55,,222399,29,,,0,10,,222400,29,,,0,20,,222401,29,,,0,16,,222402,29,,,0,54,,222403,29,,,0,15,,222404,29,,,0,14,,222405,29,,,0,12,,222406,29,,,0,53,,222407,29,,,0,18,,222408,29,,,0,19,,222409,29,,,0,22,,222410,29,,,0,67,,222411,29,,,0,105,,222353,29,,,0,101,,222354,29,,,0
681901,'2_merged_15727752',656,,222482,29,,,0,80,,222483,29,,,0,100,,222484,29,,,0,100,,222431,29,,,0,20,,222432,29,,,0,60,,222433,29,,,0,20,,222434,29,,,0,20,,222435,29,,,0,60,,222436,29,,,0,15,,222437,29,,,0,15,,222438,29,,,0,60,,222439,29,,,0,20,,222440,29,,,0,15,,222441,29,,,0,15,,222442,29,,,0,55,,222443,29,,,0,15,,222444,29,,,0,17,,222445,29,,,0,16,,222446,29,,,0,55,,222447,29,,,0,15,,222448,29,,,0,15,,222449,29,,,0,15,,222450,29,,,0,55,,222451,29,,,0,15,,222452,29,,,0,14,,222453,29,,,0,14,,222454,29,,,0,55,,222455,29,,,0,15,,222456,29,,,0,15,,222457,29,,,0,15,,222458,29,,,0,55,,222459,29,,,0,15,,222460,29,,,0,15,,222461,29,,,0,15,,222462,29,,,0,55,,222463,29,,,0,15,,222464,29,,,0,15,,222465,29,,,0,15,,222466,29,,,0,55,,222467,29,,,0,15,,222468,29,,,0,15,,222469,29,,,0,15,,222470,29,,,0,55,,222471,29,,,0,15,,222472,29,,,0,20,,222473,29,,,0,60,,222474,29,,,0,19,,222475,29,,,0,19,,222476,29,,,0,63,,222477,29,,,0,27,,222478,29,,,0,70,,222479,29,,,0,30,,222480,29,,,0,70,,222481,29,,,0
681901,'3_merged_15727751',730,,222531,29,,,0,101,,222529,29,,,0,100,,222510,29,,,0,20,,222518,29,,,0,60,,222485,29,,,0,20,,222486,29,,,0,21,,222519,29,,,0,61,,222487,29,,,0,20,,222488,29,,,0,19,,222520,29,,,0,61,,222489,29,,,0,23,,222490,29,,,0,20,,222521,29,,,0,60,,222491,29,,,0,22,,222492,29,,,0,62,,222522,29,,,0,20,,222493,29,,,0,21,,222494,29,,,0,18,,222523,29,,,0,61,,222495,29,,,0,20,,222496,29,,,0,60,,222524,29,,,0,20,,222497,29,,,0,19,,222511,29,,,0,19,,222498,29,,,0,60,,222499,29,,,0,21,,222512,29,,,0,15,,222525,29,,,0,55,,222500,29,,,0,15,,222513,29,,,0,15,,222526,29,,,0,14,,222501,29,,,0,55,,222502,29,,,0,15,,222514,29,,,0,14,,222527,29,,,0,15,,222503,29,,,0,55,,222504,29,,,0,15,,222515,29,,,0,15,,222528,29,,,0,15,,222505,29,,,0,54,,222506,29,,,0,18,,222516,29,,,0,20,,222507,29,,,0,60,,222508,29,,,0,19,,222517,29,,,0,21,,222509,29,,,0,99,,222530,29,,,0
