670501,'1_merged_15727750',515,,211792,43,0,76 77 89,0,24,,211785,43,0,76 77 89,0,15,,211769,43,0,76 77 57,0,47,,211793,43,0,76 77 89,0,13,,211875,43,0,76 77 57,0,10,,211772,43,0,76 77 57,0,8,,211791,43,0,76 77 89,0,10,,211794,43,0,76 77 89,0,12,,211771,43,0,76 77 57,0,50,,211876,43,0,76 77 57,0,9,,211879,43,0,76 77 57,0,6,,211822,49,0,76 77 89,0,13,,211774,49,0,76 77 57,0,9,,211783,49,0,76 77 57,0,9,,211795,49,0,76 77 57,0,9,,211878,49,0,76 77 57,0,50,,211796,49,0,76 77 57,0,10,,211828,49,0,76 77 57,0,10,,211829,49,0,76 77 57,0,10,,211797,49,0,76 77 57,0,10,,211831,49,0,76 77 57,0,10,,211798,49,0,76 77 57,0,50,,211830,49,0,76 77 57,0,10,,211799,49,0,76 77 57,0,9,,211800,49,0,76 77 57,0,10,,211832,49,0,76 77 57,0,10,,211838,49,0,76 77 57,0,10,,211801,49,0,76 77 57,0,50,,211839,43,0,76 77 57,0,10,,211840,43,0,76 77 57,0,10,,211841,43,0,76 77 57,0,10,,211842,43,0,76 77 57,0,10,,211843,43,0,76 77 57,0,10,,211844,43,0,76 77 57,0,50,,211845,43,0,76 77 57,0,10,,211846,43,0,76 77 57,0,11,,211847,43,0,76 77 57,0,10,,211848,43,0,76 77 57,0,10,,211849,43,0,76 77 57,0,10,,211850,43,0,76 77 57,0,50,,211851,43,0,76 77 57,0,10,,211852,43,0,76 77 57,0,10,,211853,43,0,76 77 57,0,10,,211854,43,0,76 77 57,0,10,,211855,43,0,76 77 57,0,51,,211856,43,0,76 77 57,0,10,,211857,43,0,76 77 57,0,10,,211858,43,0,76 77 57,0,11,,211859,43,0,76 77 57,0,10,,211860,43,0,76 77 57,0,10,,211861,43,0,76 77 57,0,51,,211862,43,0,76 77 57,0,10,,211863,43,0,76 77 57,0,10,,211864,43,0,76 77 57,0,11,,211865,43,0,76 77 57,0,10,,211866,43,0,76 77 57,0,10,,211867,43,0,76 77 57,0,50,,211868,43,0,76 77 57,0,10,,211869,43,0,76 77 57,0,10,,211870,43,0,76 77 57,0,11,,211871,43,0,76 77 57,0,10,,211823,43,0,76 77 57,0,10,,211802,43,0,76 77 57,0,50,,211833,43,0,76 77 57,0,10,,211803,43,0,76 77 57,0,10,,211804,49,0,76 77 57,0,11,,211805,49,0,76 77 57,0,10,,211824,49,0,76 77 57,0,10,,211806,49,0,76 77 57,0,50,,211834,49,0,76 77 57,0,10,,211807,49,0,76 77 57,0,9,,211808,49,0,76 77 57,0,7,,211880,49,0,76 77 57,0,8,,211825,49,0,76 77 57,0,7,,211809,49,0,76 77 57,0,7,,211881,49,0,76 77 57,0,47,,211810,49,0,76 77 57,0,5,,211835,49,0,76 77 57,0,9,,211811,49,0,76 77 57,0,6,,211882,49,0,76 77 57,0,7,,211812,49,0,76 77 57,0,4,,211883,49,0,76 77 57,0,6,,211813,49,0,76 77 57,0,6,,211826,49,0,76 77 57,0,7,,211884,49,0,76 77 57,0,9,,211814,49,0,76 77 57,0,47,,211815,49,0,76 77 57,0,8,,211885,49,0,76 77 57,0,10,,211816,49,0,76 77 57,0,9,,211817,49,0,76 77 57,0,9,,211818,49,0,76 77 57,0,7,,211886,49,0,76 77 57,0,8,,211776,49,0,76 77 57,0,49,,211872,43,0,76 77 57,0,9,,211820,43,0,76 77 57,0,11,,211781,43,0,76 77 57,0,12,,211777,43,0,76 77 57,0,11,,211782,43,0,76 77 57,0,10,,211821,43,0,76 77 89,0,51,,211778,43,0,76 77 57,0,14,,211784,43,0,76 77 89,0,11,,211873,43,0,76 77 57,0,13,,211779,43,0,76 77 89,0,11,,211827,43,0,76 77 57,0,52,,211773,43,0,76 77 89,0,12,,211874,43,0,76 77 57,0,15,,211780,43,0,76 77 57,0,14,,211770,43,0,76 77 89,0,55,,211877,43,0,76 77 89,0,15,,211768,43,0,76 77 57,0,15,,211836,43,0,76 77 57,0,19,,211819,43,0,76 77 89,0,60,,211837,43,0,76 77 89,0,20,,211775,43,0,76 77 57,0,20,,211786,43,0,76 77 57,0,60,,211787,43,0,76 77 89,0,30,,211788,43,0,76 77 57,0,89,,211789,43,0,76 77 57,0
670501,'2_merged_15727752',547,,211889,24,0,76 77 57,0,10,,211937,24,0,76 77 89,0,56,,211901,24,0,76 77 57,0,13,,211927,43,0,76 77 57,0,10,,211939,24,0,76 77 57,0,10,,211947,24,0,76 77 57,0,7,,211888,43,0,76 77 89,0,50,,211936,43,0,76 77 89,0,13,,211925,43,0,76 77 57,0,11,,211902,43,0,76 77 57,0,11,,211941,43,0,76 77 57,0,8,,211924,43,0,76 77 89,0,55,,211948,43,0,76 77 57,0,11,,211900,43,0,76 77 57,0,11,,211942,43,0,76 77 57,0,7,,211923,43,0,76 77 89,0,15,,211904,43,0,76 77 57,0,12,,211926,43,0,76 77 57,0,52,,211903,43,0,76 77 57,0,12,,211943,43,0,76 77 57,0,12,,211928,43,0,76 77 57,0,12,,211908,43,0,76 77 57,0,12,,211930,43,0,76 77 57,0,52,,211891,43,0,76 77 57,0,12,,211944,43,0,76 77 57,0,12,,211897,43,0,76 77 57,0,12,,211887,43,0,76 77 57,0,12,,211921,43,0,76 77 57,0,52,,211909,43,0,76 77 57,0,12,,211945,43,0,76 77 57,0,12,,211931,43,0,76 77 57,0,12,,211896,43,0,76 77 57,0,12,,211954,43,0,76 77 57,0,51,,211955,43,0,76 77 57,0,10,,211956,43,0,76 77 57,0,10,,211957,43,0,76 77 57,0,10,,211958,43,0,76 77 57,0,10,,211959,43,0,76 77 57,0,10,,211960,43,0,76 77 57,0,50,,211961,43,0,76 77 57,0,9,,211962,43,0,76 77 57,0,9,,211963,43,0,76 77 57,0,9,,211964,43,0,76 77 57,0,10,,211965,43,0,76 77 57,0,10,,211966,43,0,76 77 57,0,50,,211967,43,0,76 77 57,0,10,,211968,43,0,76 77 57,0,10,,211969,43,0,76 77 57,0,10,,211970,43,0,76 77 57,0,10,,211971,43,0,76 77 57,0,10,,211972,43,0,76 77 57,0,50,,211973,43,0,76 77 57,0,10,,211974,43,0,76 77 57,0,10,,211975,43,0,76 77 57,0,10,,211976,43,0,76 77 57,0,10,,211977,43,0,76 77 57,0,10,,211978,43,0,76 77 57,0,50,,211979,43,0,76 77 57,0,10,,211980,43,0,76 77 57,0,10,,211981,43,0,76 77 57,0,10,,211982,43,0,76 77 57,0,10,,211983,43,0,76 77 57,0,11,,211984,43,0,76 77 57,0,50,,211985,43,0,76 77 57,0,10,,211986,43,0,76 77 57,0,10,,211987,43,0,76 77 57,0,9,,211988,43,0,76 77 57,0,10,,211989,43,0,76 77 57,0,10,,211990,43,0,76 77 57,0,49,,211915,43,0,76 77 57,0,10,,211905,43,0,76 77 57,0,10,,211991,43,0,76 77 57,0,10,,211949,43,0,76 77 57,0,10,,211932,43,0,76 77 57,0,11,,211919,43,0,76 77 57,0,49,,211992,43,0,76 77 57,0,10,,211899,43,0,76 77 57,0,10,,211933,43,0,76 77 57,0,10,,211907,43,0,76 77 57,0,8,,211950,43,0,76 77 89,0,12,,211934,43,0,76 77 57,0,50,,211922,43,0,76 77 57,0,10,,211993,43,0,76 77 57,0,10,,211898,43,0,76 77 57,0,9,,211951,43,0,76 77 57,0,9,,211911,43,0,76 77 89,0,12,,211918,43,0,76 77 57,0,51,,211910,43,0,76 77 57,0,13,,211892,43,0,76 77 57,0,12,,211952,43,0,76 77 89,0,11,,211890,43,0,76 77 57,0,12,,211935,43,0,76 77 57,0,52,,211913,43,0,76 77 57,0,13,,211929,43,0,76 77 57,0,12,,211912,43,0,76 77 57,0,13,,211953,43,0,76 77 57,0,13,,211994,43,0,76 77 57,0,53,,211895,43,0,76 77 57,0,14,,211914,43,0,76 77 89,0,13,,211916,43,0,76 77 57,0,20,,211938,43,0,76 77 57,0,62,,211917,43,0,76 77 57,0,21,,211920,43,0,76 77 57,0,63,,211940,43,0,76 77 57,0,22,,211906,43,0,76 77 89,0,107,,211894,43,0,76 77 57,0
670501,'3_merged_15727751',544,,212033,43,0,76 77 57,0,62,,212011,43,0,76 77 57,0,16,,212034,43,0,76 77 57,0,16,,212073,43,0,76 77 57,0,15,,212003,43,0,76 77 57,0,55,,212009,43,0,76 77 57,0,15,,212035,43,0,76 77 57,0,15,,212013,43,0,76 77 57,0,15,,212001,43,0,76 77 57,0,53,,212008,43,0,76 77 57,0,11,,212002,50,0,76 77 57,0,9,,212007,43,0,76 77 89,0,16,,212006,43,0,76 77 57,0,13,,212081,43,0,76 77 57,0,53,,212005,43,0,76 77 57,0,10,,211999,43,0,76 77 89,0,19,,211998,43,0,76 77 57,0,15,,212012,43,0,76 77 57,0,55,,212023,43,0,76 77 57,0,15,,212022,43,0,76 77 57,0,16,,212021,43,0,76 77 57,0,15,,212020,43,0,76 77 57,0,55,,212032,43,0,76 77 57,0,16,,212031,43,0,76 77 57,0,15,,212030,43,0,76 77 57,0,15,,212029,43,0,76 77 57,0,55,,212028,43,0,76 77 57,0,15,,212027,43,0,76 77 57,0,15,,212026,43,0,76 77 57,0,12,,212025,43,0,76 77 57,0,52,,212074,43,0,76 77 57,0,12,,212024,43,0,76 77 57,0,12,,212016,43,0,76 77 57,0,13,,212015,43,0,76 77 57,0,13,,212068,43,0,76 77 57,0,52,,212014,43,0,76 77 57,0,12,,212036,43,0,76 77 57,0,12,,212037,43,0,76 77 57,0,12,,212038,43,0,76 77 57,0,12,,212069,43,0,76 77 57,0,52,,212039,43,0,76 77 57,0,12,,212040,43,0,76 77 57,0,12,,212041,43,0,76 77 57,0,10,,212042,43,0,76 77 57,0,10,,212070,43,0,76 77 57,0,10,,212043,43,0,76 77 57,0,50,,212044,43,0,76 77 57,0,10,,212082,43,0,76 77 57,0,10,,212045,43,0,76 77 57,0,10,,212046,43,0,76 77 57,0,10,,212071,43,0,76 77 57,0,10,,212083,43,0,76 77 57,0,50,,212047,43,0,76 77 57,0,10,,212048,43,0,76 77 57,0,10,,212049,43,0,76 77 57,0,12,,212050,43,0,76 77 57,0,12,,212075,43,0,76 77 57,0,52,,212051,43,0,76 77 57,0,12,,212052,43,0,76 77 57,0,11,,212053,43,0,76 77 57,0,12,,212054,43,0,76 77 57,0,12,,212076,43,0,76 77 57,0,52,,212055,43,0,76 77 57,0,12,,212056,43,0,76 77 57,0,12,,212057,43,0,76 77 57,0,12,,212077,43,0,76 77 57,0,8,,212058,43,0,76 77 89,0,54,,212059,43,0,76 77 57,0,11,,212060,43,0,76 77 57,0,10,,212061,43,0,76 77 57,0,10,,212084,43,0,76 77 57,0,6,,212062,43,0,76 77 89,0,15,,212063,43,0,76 77 57,0,49,,212064,43,0,76 77 57,0,11,,212079,43,0,76 77 57,0,12,,212065,43,0,76 77 57,0,15,,212066,43,0,76 77 57,0,15,,212067,43,0,76 77 57,0,52,,212019,43,0,76 77 89,0,17,,212004,43,0,76 77 57,0,15,,212018,43,0,76 77 57,0,14,,212072,43,0,76 77 89,0,57,,212017,43,0,76 77 57,0,15,,212078,43,0,76 77 57,0,16,,211997,43,0,76 77 57,0,60,,212080,43,0,76 77 89,0,24,,211996,43,0,76 77 57,0,24,,211995,43,0,76 77 57,0,76,,212000,43,0,76 77 57,0
671401,'1_merged_15727750',632,,214251,32,,,0,12,,214291,32,,,0,12,,214281,32,,,0,52,,214283,32,,,0,15,,214284,32,,,0,15,,214282,32,,,0,19,,214250,32,,,0,55,,214256,32,,,0,16,,214279,32,,,0,15,,214257,32,,,0,16,,214258,32,,,0,56,,214259,32,,,0,14,,214280,32,,,0,14,,214260,32,,,0,14,,214261,32,,,0,56,,214262,32,,,0,15,,214263,32,,,0,15,,214290,32,,,0,63,,214264,32,,,0,30,,214265,32,,,0,70,,214266,32,,,0,31,,214267,32,,,0,71,,214268,32,,,0,30,,214269,32,,,0,72,,214271,32,,,0,30,,214253,32,,,0,74,,214254,32,,,0,20,,214252,32,,,0,22,,214255,32,,,0,60,,214248,32,,,0,19,,214293,32,,,0,15,,214285,32,,,0,56,,214276,32,,,0,16,,214249,32,,,0,15,,214272,32,,,0,15,,214286,32,,,0,55,,214277,32,,,0,12,,214295,32,,,0,7,,214270,32,,,0,10,,214296,32,,,0,10,,214288,32,,,0,6,,214287,32,,,0,52,,214278,32,,,0,13,,214274,32,,,0,13,,214294,32,,,0,15,,214289,32,,,0,55,,214275,32,,,0,18,,214273,32,,,0,20,,214247,32,,,0,19,,214292,32,,,0,60,,214244,32,,,0,22,,214246,32,,,0,20,,214245,32,,,0
671501,'1_merged_15727750',548,,214515,12,,,0,62,,214516,12,,,0,17,,214517,12,,,0,10,,214518,12,,,0,10,,214519,12,,,0,53,,214520,12,,,0,10,,214521,12,,,0,11,,214522,12,,,0,10,,214523,12,,,0,12,,214524,12,,,0,10,,214525,12,,,0,50,,214526,12,,,0,14,,214527,12,,,0,12,,214528,12,,,0,12,,214529,12,,,0,13,,214530,12,,,0,51,,214531,12,,,0,12,,214532,12,,,0,13,,214533,12,,,0,15,,214534,12,,,0,55,,214535,12,,,0,16,,214536,12,,,0,15,,214537,12,,,0,17,,214538,12,,,0,55,,214539,12,,,0,15,,214540,12,,,0,15,,214541,12,,,0,18,,214542,12,,,0,56,,214543,12,,,0,14,,214544,12,,,0,14,,214545,12,,,0,14,,214546,12,,,0,55,,214547,12,,,0,16,,214548,12,,,0,15,,214549,12,,,0,15,,214550,12,,,0,55,,214551,12,,,0,16,,214552,12,,,0,10,,214553,12,,,0,12,,214554,12,,,0,10,,214555,12,,,0,52,,214556,12,,,0,14,,214557,12,,,0,12,,214558,12,,,0,12,,214559,12,,,0,16,,214560,12,,,0,53,,214561,12,,,0,12,,214562,12,,,0,12,,214563,12,,,0,12,,214564,12,,,0,11,,214565,12,,,0,50,,214566,12,,,0,9,,214567,12,,,0,10,,214568,12,,,0,10,,214569,12,,,0,12,,214570,12,,,0,51,,214571,12,,,0,12,,214572,12,,,0,11,,214573,12,,,0,12,,214574,12,,,0,11,,214575,12,,,0,8,,214576,12,,,0,52,,214577,12,,,0,10,,214578,12,,,0,12,,214579,12,,,0,12,,214580,12,,,0,14,,214581,12,,,0,55,,214582,12,,,0,14,,214583,12,,,0,15,,214584,12,,,0,15,,214585,12,,,0,55,,214586,12,,,0,15,,214587,12,,,0,15,,214588,12,,,0,61,,214589,12,,,0,30,,214590,12,,,0,28,,214591,12,,,0,70,,214592,12,,,0,30,,214593,12,,,0,70,,214594,12,,,0,27,,214595,12,,,0,83,,214596,12,,,0,100,,214597,12,,,0
671501,'2_merged_15727752',557,,214643,12,,,0,60,,214642,12,,,0,20,,214641,12,,,0,20,,214640,12,,,0,61,,214622,12,,,0,20,,214639,12,,,0,15,,214621,12,,,0,55,,214638,12,,,0,15,,214620,12,,,0,17,,214637,12,,,0,15,,214619,12,,,0,54,,214636,12,,,0,15,,214618,12,,,0,18,,214635,12,,,0,15,,214617,12,,,0,56,,214664,12,,,0,15,,214616,12,,,0,19,,214663,12,,,0,56,,214615,12,,,0,16,,214662,12,,,0,15,,214614,12,,,0,16,,214665,12,,,0,55,,214613,12,,,0,15,,214661,12,,,0,15,,214612,12,,,0,16,,214660,12,,,0,55,,214611,12,,,0,15,,214659,12,,,0,15,,214610,12,,,0,15,,214658,12,,,0,55,,214609,12,,,0,15,,214657,12,,,0,15,,214608,12,,,0,15,,214656,12,,,0,55,,214607,12,,,0,16,,214634,12,,,0,15,,214606,12,,,0,15,,214633,12,,,0,57,,214644,12,,,0,16,,214632,12,,,0,15,,214605,12,,,0,16,,214631,12,,,0,54,,214604,12,,,0,15,,214630,12,,,0,14,,214603,12,,,0,15,,214629,12,,,0,55,,214602,12,,,0,15,,214628,12,,,0,15,,214601,12,,,0,14,,214627,12,,,0,55,,214600,12,,,0,14,,214626,12,,,0,15,,214599,12,,,0,12,,214625,12,,,0,55,,214598,12,,,0,13,,214646,12,,,0,15,,214655,12,,,0,15,,214624,12,,,0,55,,214654,12,,,0,15,,214653,12,,,0,15,,214666,12,,,0,15,,214623,12,,,0,55,,214652,12,,,0,21,,214667,12,,,0,20,,214651,12,,,0,64,,214645,12,,,0,40,,214650,12,,,0,70,,214668,12,,,0,28,,214649,12,,,0,93,,214648,12,,,0,90,,214647,12,,,0
671501,'3_merged_15727751',557,,214714,12,,,0,59,,214713,12,,,0,20,,214712,12,,,0,20,,214711,12,,,0,60,,214693,12,,,0,20,,214710,12,,,0,18,,214692,12,,,0,55,,214709,12,,,0,15,,214691,12,,,0,15,,214708,12,,,0,16,,214690,12,,,0,55,,214707,12,,,0,15,,214689,12,,,0,16,,214706,12,,,0,15,,214688,12,,,0,56,,214735,12,,,0,15,,214687,12,,,0,15,,214734,12,,,0,15,,214686,12,,,0,55,,214733,12,,,0,16,,214685,12,,,0,16,,214736,12,,,0,15,,214684,12,,,0,55,,214732,12,,,0,15,,214683,12,,,0,16,,214731,12,,,0,55,,214682,12,,,0,15,,214730,12,,,0,15,,214681,12,,,0,16,,214729,12,,,0,55,,214680,12,,,0,15,,214728,12,,,0,15,,214679,12,,,0,16,,214727,12,,,0,55,,214678,12,,,0,16,,214705,12,,,0,15,,214677,12,,,0,15,,214704,12,,,0,55,,214715,12,,,0,15,,214703,12,,,0,15,,214676,12,,,0,15,,214702,12,,,0,55,,214675,12,,,0,14,,214701,12,,,0,15,,214674,12,,,0,15,,214700,12,,,0,55,,214673,12,,,0,14,,214699,12,,,0,15,,214672,12,,,0,15,,214698,12,,,0,55,,214671,12,,,0,13,,214697,12,,,0,15,,214670,12,,,0,15,,214696,12,,,0,15,,214669,12,,,0,55,,214717,12,,,0,15,,214726,12,,,0,13,,214695,12,,,0,15,,214725,12,,,0,55,,214724,12,,,0,17,,214737,12,,,0,14,,214694,12,,,0,15,,214723,12,,,0,62,,214738,12,,,0,20,,214722,12,,,0,65,,214716,12,,,0,44,,214721,12,,,0,70,,214739,12,,,0,25,,214720,12,,,0,95,,214719,12,,,0,90,,214718,12,,,0
675401,'101_merged_15727747',743,,219580,8,0,32,0
732101,'1_merged_15727750',612,,224410,39,0,76 77 89,0,31,,224406,39,0,76 77 89,0,76,,224381,39,0,76 77 89,0,36,,224382,39,0,76 77 89,0,72,,224394,39,0,76 77 89,0,31,,224405,39,0,76 77 89,0,72,,224395,39,0,76 77 89,0,71,,224389,39,0,76 77 89,0,31,,224396,39,0,76 77 89,0,70,,224384,39,0,76 77 89,0,30,,224397,39,0,76 77 89,0,70,,224390,39,0,76 77 89,0,30,,224398,39,0,76 77 89,0,69,,224385,39,0,76 77 89,0,28,,224399,39,0,76 77 89,0,71,,224391,39,0,76 77 89,0,32,,224400,39,0,76 77 89,0,71,,224386,39,0,76 77 89,0,30,,224401,39,0,76 77 89,0,73,,224392,39,0,76 77 89,0,32,,224402,39,0,76 77 89,0,70,,224387,39,0,76 77 89,0,30,,224403,39,0,76 77 89,0,71,,224393,39,0,76 77 89,0,31,,224404,39,0,76 77 89,0,72,,224388,39,0,76 77 89,0,28,,224407,39,0,76 77 89,0,71,,224411,39,0,76 77 89,0,33,,224408,39,0,76 77 89,0,70,,224412,39,0,76 77 89,0,27,,224409,39,0,76 77 89,0,97,,224383,39,0,76 77 89,0,99,,224380,39,0,76 77 89,0,107,,224413,39,0,76 77 89,0
732101,'2_merged_15727752',617,,224452,39,0,76 77 89,0,31,,224436,39,0,76 77 89,0,71,,224435,39,0,76 77 89,0,29,,224434,39,0,76 77 89,0,60,,224433,39,0,76 77 89,0,20,,224453,39,0,76 77 89,0,20,,224432,39,0,76 77 89,0,68,,224431,39,0,76 77 89,0,29,,224441,39,0,76 77 89,0,69,,224430,39,0,76 77 89,0,33,,224440,39,0,76 77 89,0,61,,224451,39,0,76 77 89,0,20,,224417,39,0,76 77 89,0,20,,224439,39,0,76 77 89,0,60,,224429,39,0,76 77 89,0,20,,224444,39,0,76 77 89,0,20,,224438,39,0,76 77 89,0,59,,224428,39,0,76 77 89,0,20,,224445,39,0,76 77 89,0,21,,224437,39,0,76 77 89,0,60,,224427,39,0,76 77 89,0,20,,224446,39,0,76 77 89,0,21,,224416,39,0,76 77 89,0,60,,224426,39,0,76 77 89,0,20,,224447,39,0,76 77 89,0,20,,224415,39,0,76 77 89,0,60,,224423,39,0,76 77 89,0,19,,224448,39,0,76 77 89,0,20,,224414,39,0,76 77 89,0,60,,224422,39,0,76 77 89,0,22,,224449,39,0,76 77 89,0,20,,224443,39,0,76 77 89,0,60,,224421,39,0,76 77 89,0,20,,224450,39,0,76 77 89,0,70,,224442,39,0,76 77 89,0,28,,224420,39,0,76 77 89,0,31,,224454,39,0,76 77 89,0,71,,224419,39,0,76 77 89,0,72,,224455,39,0,76 77 89,0,30,,224418,39,0,76 77 89,0,109,,224424,39,0,76 77 89,0,99,,224425,39,0,76 77 89,0,99,,224456,39,0,76 77 89,0
732101,'3_merged_15727751',726,,224483,39,0,76 77 89,0,29,,224482,39,0,76 77 89,0,70,,224481,39,0,76 77 89,0,30,,224480,39,0,76 77 89,0,71,,224479,39,0,76 77 89,0,31,,224478,39,0,76 77 89,0,70,,224477,39,0,76 77 89,0,29,,224461,39,0,76 77 89,0,70,,224476,39,0,76 77 89,0,20,,224460,39,0,76 77 89,0,60,,224475,39,0,76 77 89,0,20,,224484,39,0,76 77 89,0,21,,224459,39,0,76 77 89,0,60,,224474,39,0,76 77 89,0,20,,224485,39,0,76 77 89,0,20,,224458,39,0,76 77 89,0,60,,224473,39,0,76 77 89,0,22,,224486,39,0,76 77 89,0,21,,224457,39,0,76 77 89,0,60,,224472,39,0,76 77 89,0,20,,224487,39,0,76 77 89,0,20,,224465,39,0,76 77 89,0,60,,224471,39,0,76 77 89,0,20,,224488,39,0,76 77 89,0,21,,224464,39,0,76 77 89,0,60,,224470,39,0,76 77 89,0,19,,224489,39,0,76 77 89,0,20,,224463,39,0,76 77 89,0,61,,224469,39,0,76 77 89,0,21,,224490,39,0,76 77 89,0,20,,224462,39,0,76 77 89,0,60,,224491,39,0,76 77 89,0,20,,224468,39,0,76 77 89,0,26,,224492,39,0,76 77 89,0,72,,224467,39,0,76 77 89,0,73,,224493,39,0,76 77 89,0,32,,224466,39,0,76 77 89,0,101,,224494,39,0,76 77 89,0,103,,224495,39,0,76 77 89,0,101,,224496,39,0,76 77 89,0
