661401,'2_merged_15726441',608,,186511,7,0,16 17,0,35,,186489,28,0,16 17,0,60,,186510,28,0,16 17,0,20,,186473,28,0,16 17,0,20,,186456,28,0,16 17,0,59,,186450,28,0,16 17,0,20,,186455,28,,,0,19,,186453,28,,,0,18,,186501,28,,,0,55,,186475,28,,,0,15,,186481,28,,,0,15,,186498,28,,,0,56,,186500,28,,,0,15,,186462,28,,,0,14,,186458,28,,,0,15,,186490,28,,,0,15,,186503,28,,,0,55,,186499,28,,,0,14,,186461,28,,,0,14,,186468,28,,,0,14,,186469,28,,,0,54,,186470,28,,,0,12,,186471,28,,,0,12,,186451,28,,,0,12,,186482,28,,,0,12,,186488,28,,,0,53,,186513,28,,,0,13,,186479,28,,,0,12,,186480,28,,,0,13,,186515,28,,,0,52,,186497,28,,,0,12,,186514,28,,,0,12,,186452,28,,,0,11,,186457,28,,,0,12,,186516,28,,,0,11,,186484,28,,,0,52,,186486,28,,,0,12,,186472,28,,,0,12,,186493,28,,,0,12,,186517,28,,,0,12,,186460,28,,,0,52,,186509,28,,,0,11,,186492,28,,,0,12,,186476,28,,,0,11,,186518,28,,,0,12,,186477,28,,,0,52,,186454,28,,,0,12,,186459,28,,,0,12,,186464,28,,,0,16,,186504,28,,,0,55,,186505,28,,,0,15,,186519,28,,,0,15,,186506,28,,,0,15,,186507,28,,,0,58,,186508,28,,,0,21,,186495,28,,,0,21,,186502,28,,,0,61,,186463,28,,,0,21,,186474,28,,,0,21,,186496,8,,,0
661401,'3_merged_15726440',650,,186520,28,0,16 17,0,80,,186521,28,0,16 17,0,70,,186522,28,0,16 17,0,27,,186523,28,0,16 17,0,27,,186524,28,,,0,65,,186525,28,,,0,21,,186526,28,,,0,60,,186527,28,,,0,20,,186528,28,,,0,18,,186529,28,,,0,18,,186530,28,,,0,56,,186531,28,,,0,17,,186532,28,,,0,17,,186533,28,,,0,56,,186534,28,,,0,16,,186535,28,,,0,16,,186536,28,,,0,15,,186537,28,,,0,55,,186538,28,,,0,15,,186539,28,,,0,15,,186540,28,,,0,14,,186541,28,,,0,53,,186542,28,,,0,12,,186543,28,,,0,12,,186544,28,,,0,12,,186545,28,,,0,12,,186546,28,,,0,52,,186547,28,,,0,12,,186548,28,,,0,12,,186549,28,,,0,12,,186550,28,,,0,11,,186551,28,,,0,52,,186552,28,,,0,14,,186553,28,,,0,14,,186554,28,,,0,14,,186555,28,,,0,14,,186556,28,,,0,55,,186557,28,,,0,15,,186558,28,,,0,15,,186559,28,,,0,15,,186560,28,,,0,55,,186561,28,,,0,15,,186562,28,,,0,15,,186563,28,,,0,15,,186564,28,,,0,57,,186565,28,,,0,18,,186566,28,,,0,20,,186567,28,,,0,58,,186568,28,,,0,20,,186569,28,,,0,21,,186570,8,,,0,57,,186571,8,,,0
661701,'2_merged_15726441',632,,188198,36,,,0,21,,188199,36,,,0,60,,188200,36,,,0,20,,188201,36,,,0,20,,188202,36,,,0,55,,188203,36,,,0,14,,188204,36,,,0,15,,188205,36,,,0,15,,188206,36,,,0,55,,188207,36,,,0,15,,188208,36,,,0,15,,188209,36,,,0,15,,188210,36,,,0,55,,188211,36,,,0,15,,188212,36,,,0,15,,188213,36,,,0,15,,188214,36,,,0,54,,188215,36,,,0,15,,188216,36,,,0,15,,188217,36,,,0,15,,188218,36,,,0,55,,188219,36,,,0,15,,188220,36,,,0,15,,188221,36,,,0,15,,188222,36,,,0,55,,188223,36,,,0,16,,188224,36,,,0,16,,188225,36,,,0,16,,188226,36,,,0,55,,188227,36,,,0,16,,188228,36,,,0,15,,188229,36,,,0,12,,188230,36,,,0,51,,188231,36,,,0,12,,188232,36,,,0,11,,188233,36,,,0,12,,188234,36,,,0,12,,188235,36,,,0,52,,188236,36,,,0,12,,188237,36,,,0,12,,188238,36,,,0,12,,188239,36,,,0,64,,188241,36,,,0,12,,188242,36,,,0,12,,188243,36,,,0,12,,188244,36,,,0,64,,188246,36,,,0,15,,188247,36,,,0,15,,188248,36,,,0,15,,188249,36,,,0,75,,188251,36,,,0,20,,188252,36,,,0,60,,188253,36,,,0
661701,'3_merged_15726440',641,,188271,36,,,0,74,,188272,36,,,0,30,,188273,36,,,0,73,,188274,36,,,0,30,,188275,36,,,0,62,,188276,36,,,0,20,,188277,36,,,0,20,,188278,36,,,0,60,,188279,36,,,0,20,,188280,36,,,0,20,,188281,36,,,0,57,,188282,36,,,0,15,,188283,36,,,0,15,,188284,36,,,0,15,,188285,36,,,0,55,,188286,36,,,0,15,,188287,36,,,0,15,,188288,36,,,0,15,,188289,36,,,0,55,,188290,36,,,0,15,,188291,36,,,0,15,,188292,36,,,0,15,,188293,36,,,0,55,,188294,36,,,0,15,,188295,36,,,0,15,,188296,36,,,0,15,,188297,36,,,0,55,,188298,36,,,0,15,,188299,36,,,0,15,,188300,36,,,0,14,,188301,36,,,0,55,,188302,36,,,0,15,,188303,36,,,0,15,,188304,36,,,0,70,,188306,36,,,0,15,,188307,36,,,0,30,,188309,36,,,0,56,,188310,36,,,0,15,,188311,36,,,0,18,,188312,36,,,0,60,,188313,36,,,0,20,,188314,36,,,0,80,,188316,36,,,0
662001,'2_merged_15726441',513,,189860,7,,,0,20,,189861,7,,,0,19,,189862,7,,,0,61,,189863,7,,,0,20,,189864,7,,,0,20,,189865,7,,,0,55,,189866,7,,,0,15,,189867,7,,,0,15,,189868,7,,,0,14,,189869,7,,,0,55,,189870,7,,,0,16,,189871,7,,,0,15,,189872,7,,,0,15,,189873,7,,,0,55,,189874,7,,,0,15,,189875,7,,,0,15,,189876,7,,,0,15,,189877,7,,,0,56,,189878,7,,,0,15,,189879,7,,,0,15,,189880,7,,,0,15,,189881,7,,,0,55,,189882,7,,,0,15,,189883,7,,,0,15,,189884,7,,,0,15,,189885,7,,,0,55,,189886,7,,,0,15,,189887,7,,,0,16,,189888,7,,,0,15,,189889,7,,,0,55,,189890,7,,,0,15,,189891,7,,,0,15,,189892,7,,,0,15,,189893,7,,,0,55,,189894,7,,,0,15,,189895,7,,,0,15,,189896,7,,,0,15,,189897,7,,,0,55,,189898,7,,,0,15,,189899,7,,,0,15,,189900,7,,,0,15,,189901,7,,,0,55,,189902,7,,,0,15,,189903,7,,,0,15,,189904,7,,,0,15,,189905,7,,,0,55,,189906,7,,,0,15,,189907,7,,,0,15,,189908,7,,,0,15,,189909,7,,,0,55,,189910,7,,,0,15,,189911,7,,,0,15,,189912,7,,,0,15,,189913,7,,,0,55,,189914,7,,,0,15,,189915,7,,,0,15,,189916,7,,,0,15,,189917,7,,,0,54,,189918,7,,,0,15,,189919,7,,,0,15,,189920,7,,,0,15,,189921,7,,,0
662001,'3_merged_15726440',559,,189935,7,,,0,60,,189936,7,,,0,20,,189937,7,,,0,20,,189938,7,,,0,60,,189939,7,,,0,20,,189940,7,,,0,20,,189941,7,,,0,55,,189942,7,,,0,14,,189943,7,,,0,15,,189944,7,,,0,16,,189945,7,,,0,55,,189946,7,,,0,15,,189947,7,,,0,16,,189948,7,,,0,55,,189949,7,,,0,15,,189950,7,,,0,13,,189951,7,,,0,13,,189952,7,,,0,15,,189953,7,,,0,56,,189954,7,,,0,15,,189955,7,,,0,15,,189956,7,,,0,15,,189957,7,,,0,55,,189958,7,,,0,15,,189959,7,,,0,15,,189960,7,,,0,15,,189961,7,,,0,55,,189962,7,,,0,15,,189963,7,,,0,15,,189964,7,,,0,15,,189965,7,,,0,55,,189966,7,,,0,15,,189967,7,,,0,16,,189968,7,,,0,15,,189969,7,,,0,55,,189970,7,,,0,15,,189971,7,,,0,15,,189972,7,,,0,15,,189973,7,,,0,55,,189974,7,,,0,15,,189975,7,,,0,15,,189976,7,,,0,15,,189977,7,,,0,54,,189978,7,,,0,15,,189979,7,,,0,15,,189980,7,,,0,15,,189981,7,,,0,55,,189982,7,,,0,15,,189983,7,,,0,15,,189984,7,,,0,15,,189985,7,,,0,55,,189986,7,,,0,15,,189987,7,,,0,15,,189988,7,,,0,16,,189989,7,,,0,55,,189990,7,,,0,15,,189991,7,,,0,15,,189992,7,,,0,15,,189993,7,,,0
662201,'2_merged_15726441',547,,190875,49,,,0,60,,190823,49,,,0,20,,190885,49,,,0,20,,190883,44,,,0,59,,190819,49,,,0,16,,190816,44,,,0,17,,190878,49,,,0,18,,190824,44,,,0,55,,190882,44,,,0,15,,190821,49,,,0,17,,190814,44,,,0,15,,190879,44,,,0,56,,190877,44,,,0,15,,190892,44,,,0,16,,190820,44,,,0,55,,190888,44,,,0,19,,190815,44,,,0,15,,190825,44,,,0,13,,190832,44,,,0,52,,190898,44,,,0,12,,190833,44,,,0,12,,190834,44,,,0,12,,190835,44,,,0,13,,190844,44,,,0,52,,190899,44,,,0,11,,190837,44,,,0,12,,190881,44,,,0,12,,190838,44,,,0,12,,190839,44,,,0,52,,190900,44,,,0,12,,190840,44,,,0,12,,190841,44,,,0,12,,190842,44,,,0,12,,190843,44,,,0,52,,190845,44,,,0,13,,190846,44,,,0,12,,190847,44,,,0,11,,190848,44,,,0,10,,190849,44,,,0,9,,190850,44,,,0,49,,190851,44,,,0,8,,190893,44,,,0,10,,190852,44,,,0,10,,190853,44,,,0,10,,190854,44,,,0,10,,190855,44,,,0,50,,190856,44,,,0,11,,190896,44,,,0,10,,190857,44,,,0,10,,190858,44,,,0,10,,190859,44,,,0,10,,190860,44,,,0,50,,190861,44,,,0,10,,190894,44,,,0,10,,190862,44,,,0,10,,190863,44,,,0,10,,190864,44,,,0,10,,190865,44,,,0,51,,190866,44,,,0,10,,190895,44,,,0,10,,190867,44,,,0,10,,190868,44,,,0,11,,190869,44,,,0,10,,190870,44,,,0,50,,190871,44,,,0,8,,190872,44,,,0,12,,190897,44,,,0,12,,190873,44,,,0,11,,190826,44,,,0,56,,190827,44,,,0,15,,190836,44,,,0,15,,190828,44,,,0,14,,190829,44,,,0,55,,190830,44,,,0
662201,'3_merged_15726440',637,,190901,49,,,0,21,,190902,49,,,0,59,,190903,49,,,0,21,,190904,49,,,0,21,,190905,49,,,0,63,,190906,49,,,0,18,,190907,44,,,0,16,,190908,49,,,0,55,,190909,44,,,0,16,,190910,44,,,0,16,,190911,44,,,0,15,,190912,44,,,0,55,,190913,44,,,0,15,,190914,44,,,0,16,,190915,44,,,0,15,,190916,44,,,0,55,,190917,44,,,0,13,,190918,44,,,0,14,,190919,44,,,0,12,,190920,44,,,0,52,,190921,44,,,0,12,,190922,44,,,0,12,,190923,44,,,0,14,,190924,44,,,0,12,,190925,44,,,0,52,,190926,44,,,0,12,,190927,44,,,0,12,,190928,44,,,0,12,,190929,44,,,0,12,,190930,44,,,0,52,,190931,44,,,0,10,,190932,44,,,0,12,,190933,44,,,0,12,,190934,44,,,0,12,,190935,44,,,0,52,,190936,44,,,0,12,,190937,44,,,0,12,,190938,44,,,0,13,,190939,44,,,0,12,,190940,44,,,0,52,,190941,44,,,0,12,,190942,44,,,0,12,,190943,44,,,0,12,,190944,44,,,0,12,,190945,44,,,0,52,,190946,44,,,0,12,,190947,44,,,0,13,,190948,44,,,0,14,,190949,44,,,0,14,,190950,44,,,0,54,,190951,44,,,0,15,,190952,44,,,0,15,,190953,44,,,0,15,,190954,44,,,0,55,,190955,44,,,0,15,,190956,44,,,0,12,,190957,44,,,0,15,,190958,44,,,0,55,,190959,44,,,0,17,,190960,44,,,0,20,,190961,44,,,0
663701,'2_merged_15726441',506,,196390,10,0,127 128 89,0,20,,196391,10,0,127 128 89,0,20,,196392,10,0,127 128 89,0,60,,196393,10,0,127 128 89,0,20,,196394,10,0,127 128 89,0,20,,196395,10,0,127 128 89,0,60,,196396,10,0,127 128 89,0,20,,196397,10,0,127 128 89,0,20,,196398,10,0,127 128 89,0,60,,196399,10,0,127 128 89,0,21,,196400,10,0,127 128 89,0,15,,196401,10,0,127 128 89,0,16,,196402,10,0,127 128 89,0,58,,196403,10,0,127 128 89,0,18,,196404,10,0,127 128 89,0,18,,196405,10,0,127 128 89,0,58,,196406,10,0,127 128 89,0,17,,196407,10,0,127 128 89,0,18,,196408,10,0,127 128 89,0,58,,196409,10,0,127 128 89,0,16,,196410,10,0,127 128 89,0,14,,196411,10,0,127 128 89,0,14,,196412,10,0,127 128 89,0,54,,196413,10,0,127 128 89,0,13,,196414,10,0,127 128 89,0,14,,196415,10,0,127 128 89,0,15,,196416,10,0,127 128 89,0,14,,196417,10,0,127 128 89,0,55,,196418,10,0,127 128 89,0,15,,196419,10,0,127 128 89,0,16,,196420,10,0,127 128 89,0,16,,196421,10,0,127 128 89,0,56,,196422,10,0,127 128 89,0,16,,196423,10,0,127 128 89,0,15,,196424,10,0,127 128 89,0,12,,196425,10,0,127 128 89,0,52,,196426,10,0,127 128 89,0,12,,196427,10,0,127 128 89,0,12,,196428,10,0,127 128 89,0,12,,196429,10,0,127 128 89,0,12,,196430,10,0,127 128 89,0,52,,196431,10,0,127 128 89,0,11,,196432,10,0,127 128 89,0,12,,196433,10,0,127 128 89,0,12,,196434,10,0,127 128 89,0,12,,196435,10,0,127 128 89,0,52,,196436,10,0,127 128 89,0,12,,196437,10,0,127 128 89,0,12,,196438,10,0,127 128 89,0,12,,196439,10,0,127 128 89,0,12,,196440,10,0,127 128 89,0,52,,196441,10,0,127 128 89,0,13,,196442,10,0,127 128 89,0,12,,196443,10,0,127 128 89,0,11,,196444,10,0,127 128 89,0,13,,196445,10,0,127 128 89,0,55,,196446,10,0,127 128 89,0,19,,196447,10,0,127 128 89,0,21,,196448,10,0,127 128 89,0,60,,196449,10,0,127 128 89,0,18,,196450,10,0,127 128 89,0,20,,196451,10,0,127 128 89,0
663701,'3_merged_15726440',440,,196464,10,0,127 128 89,0,70,,196465,10,0,127 128 89,0,33,,196466,10,0,127 128 89,0,70,,196467,10,0,127 128 89,0,31,,196468,10,0,127 128 89,0,62,,196469,10,0,127 128 89,0,20,,196470,10,0,127 128 89,0,20,,196471,10,0,127 128 89,0,61,,196472,10,0,127 128 89,0,20,,196473,10,0,127 128 89,0,19,,196474,10,0,127 128 89,0,60,,196475,10,0,127 128 89,0,19,,196476,10,0,127 128 89,0,19,,196477,10,0,127 128 89,0,57,,196478,10,0,127 128 89,0,17,,196479,10,0,127 128 89,0,18,,196480,10,0,127 128 89,0,18,,196481,10,0,127 128 89,0,57,,196482,10,0,127 128 89,0,15,,196483,10,0,127 128 89,0,16,,196484,10,0,127 128 89,0,16,,196485,10,0,127 128 89,0,54,,196486,10,0,127 128 89,0,15,,196487,10,0,127 128 89,0,15,,196488,10,0,127 128 89,0,15,,196489,10,0,127 128 89,0,55,,196490,10,0,127 128 89,0,15,,196491,10,0,127 128 89,0,15,,196492,10,0,127 128 89,0,15,,196493,10,0,127 128 89,0,55,,196494,10,0,127 128 89,0,15,,196495,10,0,127 128 89,0,15,,196496,10,0,127 128 89,0,15,,196497,10,0,127 128 89,0,55,,196498,10,0,127 128 89,0,15,,196499,10,0,127 128 89,0,15,,196500,10,0,127 128 89,0,15,,196501,10,0,127 128 89,0,55,,196502,10,0,127 128 89,0,15,,196503,10,0,127 128 89,0,15,,196504,10,0,127 128 89,0,15,,196505,10,0,127 128 89,0,55,,196506,10,0,127 128 89,0,15,,196507,10,0,127 128 89,0,16,,196508,10,0,127 128 89,0,60,,196509,10,0,127 128 89,0,20,,196510,10,0,127 128 89,0,20,,196511,10,0,127 128 89,0,60,,196512,10,0,127 128 89,0,22,,196513,10,0,127 128 89,0,20,,196514,10,0,127 128 89,0,60,,196515,10,0,127 128 89,0,20,,196516,10,0,127 128 89,0,20,,196517,10,0,127 128 89,0,60,,196518,10,0,127 128 89,0
1671801,'2_merged_15726441',336,,226716,7,,,0,70,,226714,7,,,0,39,,226715,7,,,0,78,,226630,7,,,0,36,,226672,29,,,0,57,,226673,29,,,0,15,,226685,29,,,0,14,,226686,29,,,0,59,,226687,29,,,0,15,,226688,29,,,0,12,,226689,29,,,0,16,,226690,29,,,0,55,,226691,29,,,0,16,,226641,29,,,0,15,,226692,29,,,0,15,,226693,29,,,0,56,,226694,29,,,0,16,,226695,29,,,0,15,,226696,29,,,0,17,,226697,29,,,0,56,,226698,29,,,0,16,,226699,29,,,0,16,,226700,29,,,0,12,,226684,29,,,0,52,,226635,29,,,0,12,,226636,29,,,0,13,,226637,29,,,0,12,,226638,29,,,0,11,,226634,29,,,0,52,,226639,29,,,0,12,,226640,29,,,0,11,,226642,29,,,0,12,,226643,29,,,0,12,,226666,29,,,0,50,,226644,29,,,0,10,,226645,29,,,0,10,,226646,29,,,0,10,,226647,29,,,0,10,,226648,29,,,0,11,,226667,29,,,0,50,,226658,29,,,0,10,,226659,29,,,0,10,,226660,29,,,0,10,,226661,29,,,0,10,,226662,29,,,0,10,,226668,29,,,0,50,,226663,29,,,0,10,,226664,29,,,0,10,,226665,29,,,0,10,,226649,29,,,0,10,,226631,29,,,0,10,,226669,29,,,0,50,,226650,29,,,0,10,,226651,29,,,0,11,,226652,29,,,0,10,,226653,29,,,0,10,,226654,29,,,0,10,,226670,29,,,0,50,,226655,29,,,0,10,,226656,29,,,0,10,,226657,29,,,0,10,,226674,29,,,0,10,,226675,29,,,0,9,,226671,29,,,0,52,,226676,29,,,0,12,,226677,29,,,0,12,,226678,29,,,0,12,,226679,29,,,0,11,,226680,29,,,0,52,,226681,29,,,0,13,,226682,29,,,0,13,,226683,29,,,0,13,,226701,7,,,0,15,,226702,7,,,0,55,,226703,7,,,0,15,,226704,7,,,0,14,,226705,7,,,0,15,,226706,7,,,0
1671801,'3_merged_15726440',333,,226798,7,,,0,70,,226796,7,,,0,38,,226797,7,,,0,75,,226768,7,,,0,28,,226781,7,,,0,88,,226782,29,,,0,22,,226783,29,,,0,62,,226784,29,,,0,22,,226785,29,,,0,16,,226795,29,,,0,55,,226786,29,,,0,16,,226787,29,,,0,17,,226788,29,,,0,15,,226789,29,,,0,55,,226790,29,,,0,15,,226791,29,,,0,15,,226792,29,,,0,15,,226793,29,,,0,55,,226794,29,,,0,18,,226717,29,,,0,15,,226719,29,,,0,55,,226720,29,,,0,15,,226721,29,,,0,15,,226722,29,,,0,15,,226723,29,,,0,55,,226773,29,,,0,15,,226724,29,,,0,15,,226725,29,,,0,13,,226726,29,,,0,12,,226774,29,,,0,52,,226727,29,,,0,11,,226731,29,,,0,11,,226732,29,,,0,12,,226733,29,,,0,12,,226775,29,,,0,52,,226734,29,,,0,12,,226735,29,,,0,12,,226736,29,,,0,12,,226737,29,,,0,12,,226776,29,,,0,52,,226738,29,,,0,12,,226718,29,,,0,12,,226739,29,,,0,12,,226740,29,,,0,12,,226777,29,,,0,52,,226741,29,,,0,12,,226742,29,,,0,12,,226743,29,,,0,12,,226744,29,,,0,14,,226778,29,,,0,52,,226745,29,,,0,13,,226746,29,,,0,13,,226747,29,,,0,12,,226748,29,,,0,13,,226779,29,,,0,53,,226749,29,,,0,13,,226780,29,,,0,15,,226750,29,,,0,14,,226751,29,,,0,55,,226752,29,,,0,15,,226753,29,,,0,16,,226754,7,,,0,15,,226755,7,,,0,56,,226756,7,,,0,15,,226757,7,,,0,15,,226771,7,,,0,15,,226758,7,,,0
