662201,'101_merged_15726436',1616,,190703,27,,,0
662201,'152201_merged_15726445',2054,,190704,27,,,0,56,,190705,27,,,0,18,,190706,27,,,0,20,,190707,27,,,0,60,,190708,27,,,0,21,,190709,27,,,0,19,,190710,27,,,0,62,,190711,27,,,0,20,,190712,27,,,0,23,,190713,27,,,0,71,,190714,27,,,0,30,,190715,27,,,0,70,,190716,27,,,0
662201,'152301_merged_15726453',2054,,190717,27,,,0,56,,190718,27,,,0,18,,190719,27,,,0,20,,190720,27,,,0,60,,190721,27,,,0,21,,190722,27,,,0,19,,190723,27,,,0,62,,190724,27,,,0,20,,190725,27,,,0,23,,190726,27,,,0,71,,190727,27,,,0,30,,190728,27,,,0,70,,190729,27,,,0
662201,'1_merged_15726439',529,,190731,32,,,0,17,,190732,32,,,0,57,,190733,32,,,0,20,,190734,32,,,0,13,,190735,27,,,0,12,,190736,32,,,0,52,,190737,27,,,0,12,,190738,27,,,0,14,,190739,27,,,0,12,,190740,27,,,0,10,,190741,32,,,0,52,,190742,27,,,0,14,,190743,27,,,0,12,,190744,27,,,0,12,,190745,27,,,0,10,,190746,27,,,0,10,,190747,27,,,0,50,,190748,27,,,0,10,,190749,27,,,0,11,,190750,27,,,0,10,,190807,27,,,0,10,,190751,27,,,0,52,,190752,27,,,0,12,,190753,27,,,0,11,,190754,27,,,0,12,,190809,27,,,0,12,,190755,27,,,0,52,,190756,27,,,0,12,,190757,27,,,0,12,,190758,27,,,0,12,,190810,27,,,0,12,,190759,27,,,0,52,,190760,27,,,0,12,,190761,27,,,0,13,,190762,27,,,0,12,,190811,27,,,0,12,,190763,27,,,0,52,,190764,27,,,0,12,,190765,27,,,0,12,,190766,27,,,0,12,,190812,27,,,0,12,,190767,27,,,0,52,,190768,27,,,0,12,,190769,27,,,0,12,,190770,27,,,0,12,,190771,27,,,0,12,,190772,27,,,0,53,,190773,27,,,0,12,,190774,27,,,0,12,,190775,27,,,0,11,,190776,27,,,0,8,,190777,27,,,0,8,,190778,27,,,0,48,,190779,27,,,0,7,,190780,27,,,0,15,,190781,27,,,0,8,,190782,27,,,0,7,,190783,27,,,0,8,,190784,27,,,0,7,,190785,27,,,0,48,,190786,27,,,0,6,,190787,27,,,0,8,,190808,27,,,0,7,,190788,27,,,0,8,,190789,27,,,0,8,,190790,27,,,0,8,,190791,27,,,0,8,,190792,27,,,0,48,,190793,27,,,0,8,,190794,27,,,0,9,,190795,27,,,0,10,,190796,27,,,0,10,,190797,27,,,0,10,,190798,27,,,0,52,,190799,27,,,0,12,,190800,27,,,0,13,,190801,27,,,0,15,,190802,27,,,0,15,,190803,27,,,0,55,,190804,27,,,0,15,,190805,27,,,0,15,,190806,27,,,0
662201,'201_merged_15726444',1616,,190813,27,,,0
662201,'2_merged_15726441',533,,190875,32,,,0,20,,190823,32,,,0,60,,190885,32,,,0,20,,190883,27,,,0,19,,190819,32,,,0,56,,190816,27,,,0,15,,190878,32,,,0,17,,190824,27,,,0,15,,190882,27,,,0,55,,190821,32,,,0,16,,190814,27,,,0,15,,190879,27,,,0,15,,190877,27,,,0,55,,190892,27,,,0,15,,190820,27,,,0,15,,190888,27,,,0,59,,190815,27,,,0,15,,190825,27,,,0,13,,190832,27,,,0,12,,190898,27,,,0,12,,190833,27,,,0,52,,190834,27,,,0,12,,190835,27,,,0,12,,190844,27,,,0,12,,190899,27,,,0,11,,190837,27,,,0,52,,190881,27,,,0,12,,190838,27,,,0,12,,190839,27,,,0,12,,190900,27,,,0,12,,190840,27,,,0,52,,190841,27,,,0,12,,190842,27,,,0,12,,190843,27,,,0,12,,190845,27,,,0,12,,190846,27,,,0,52,,190847,27,,,0,11,,190848,27,,,0,10,,190849,27,,,0,9,,190850,27,,,0,9,,190851,27,,,0,9,,190893,27,,,0,50,,190852,27,,,0,10,,190853,27,,,0,10,,190854,27,,,0,10,,190855,27,,,0,10,,190856,27,,,0,11,,190896,27,,,0,50,,190857,27,,,0,10,,190858,27,,,0,10,,190859,27,,,0,10,,190860,27,,,0,10,,190861,27,,,0,10,,190894,27,,,0,50,,190862,27,,,0,10,,190863,27,,,0,10,,190864,27,,,0,10,,190865,27,,,0,11,,190866,27,,,0,10,,190895,27,,,0,50,,190867,27,,,0,10,,190868,27,,,0,11,,190869,27,,,0,10,,190870,27,,,0,10,,190871,27,,,0,9,,190872,27,,,0,52,,190897,27,,,0,12,,190873,27,,,0,11,,190826,27,,,0,16,,190827,27,,,0,15,,190836,27,,,0,55,,190828,27,,,0,14,,190829,27,,,0,15,,190830,27,,,0,15,,190831,27,,,0,55,,190891,27,,,0,17,,190822,27,,,0,19,,190818,27,,,0,60,,190876,27,,,0,20,,190886,27,,,0,19,,190890,27,,,0,65,,190874,27,,,0,23,,190887,27,,,0,65,,190817,27,,,0,25,,190880,27,,,0,30,,190884,27,,,0,70,,190889,27,,,0
662201,'3_merged_15726440',622,,190901,32,,,0,21,,190902,32,,,0,59,,190903,32,,,0,21,,190904,32,,,0,21,,190905,32,,,0,63,,190906,32,,,0,17,,190907,27,,,0,16,,190908,32,,,0,15,,190909,27,,,0,55,,190910,27,,,0,16,,190911,27,,,0,15,,190912,27,,,0,15,,190913,27,,,0,55,,190914,27,,,0,15,,190915,27,,,0,15,,190916,27,,,0,15,,190917,27,,,0,53,,190918,27,,,0,13,,190919,27,,,0,12,,190920,27,,,0,12,,190921,27,,,0,12,,190922,27,,,0,52,,190923,27,,,0,14,,190924,27,,,0,12,,190925,27,,,0,12,,190926,27,,,0,52,,190927,27,,,0,12,,190928,27,,,0,12,,190929,27,,,0,12,,190930,27,,,0,12,,190931,27,,,0,10,,190932,27,,,0,52,,190933,27,,,0,12,,190934,27,,,0,12,,190935,27,,,0,12,,190936,27,,,0,12,,190937,27,,,0,52,,190938,27,,,0,12,,190939,27,,,0,12,,190940,27,,,0,12,,190941,27,,,0,12,,190942,27,,,0,52,,190943,27,,,0,12,,190944,27,,,0,12,,190945,27,,,0,12,,190946,27,,,0,12,,190947,27,,,0,53,,190948,27,,,0,14,,190949,27,,,0,14,,190950,27,,,0,14,,190951,27,,,0,55,,190952,27,,,0,15,,190953,27,,,0,15,,190954,27,,,0,15,,190955,27,,,0,55,,190956,27,,,0,14,,190957,27,,,0,15,,190958,27,,,0,15,,190959,27,,,0,57,,190960,27,,,0,20,,190961,27,,,0,20,,190962,27,,,0,60,,190963,27,,,0,19,,190964,27,,,0,20,,190965,27,,,0,60,,190966,27,,,0,20,,190967,27,,,0,20,,190968,27,,,0,60,,190969,27,,,0,19,,190970,27,,,0,27,,190971,27,,,0,72,,190972,27,,,0,30,,190973,27,,,0,70,,190974,32,,,0
662500,'1_merged_15726439',509,,192047,24,,,0,17,,192048,35,,,0,22,,192049,35,,,0,58,,192050,35,,,0,12,,192051,24,,,0,12,,192052,35,,,0,13,,192053,35,,,0,12,,192054,35,,,0,52,,192055,35,,,0,12,,192056,35,,,0,12,,192057,35,,,0,13,,192058,35,,,0,11,,192059,35,,,0,50,,192060,35,,,0,10,,192061,35,,,0,10,,192062,35,,,0,11,,192063,35,,,0,10,,192064,35,,,0,10,,192065,35,,,0,50,,192066,35,,,0,11,,192067,35,,,0,10,,192068,35,,,0,12,,192069,35,,,0,12,,192070,35,,,0,52,,192071,35,,,0,12,,192072,35,,,0,12,,192074,35,,,0,12,,192075,35,,,0,12,,192076,35,,,0,52,,192077,35,,,0,12,,192078,35,,,0,12,,192079,35,,,0,12,,192080,35,,,0,12,,192081,35,,,0,52,,192082,35,,,0,12,,192083,35,,,0,12,,192084,35,,,0,12,,192085,35,,,0,13,,192086,35,,,0,52,,192087,35,,,0,12,,192088,35,,,0,12,,192089,35,,,0,12,,192090,35,,,0,12,,192091,35,,,0,52,,192092,35,,,0,12,,192093,35,,,0,12,,192094,35,,,0,12,,192095,35,,,0,12,,192096,35,,,0,52,,192097,35,,,0,12,,192098,35,,,0,12,,192099,35,,,0,12,,192100,35,,,0,12,,192101,35,,,0,52,,192102,35,,,0,12,,192103,35,,,0,12,,192104,35,,,0,12,,192105,35,,,0,12,,192106,35,,,0,52,,192107,35,,,0,12,,192108,35,,,0,12,,192109,35,,,0,12,,192110,35,,,0,12,,192111,35,,,0,52,,192112,35,,,0,12,,192113,35,,,0,12,,192114,35,,,0,12,,192115,35,,,0,10,,192116,35,,,0,52,,192117,35,,,0,12,,192118,35,,,0,12,,192120,35,,,0,12,,192121,35,,,0,12,,192122,35,,,0,52,,192123,35,,,0,12,,192124,35,,,0,12,,192125,35,,,0,12,,192126,35,,,0,12,,192128,35,,,0,52,,192129,35,,,0,11,,192130,35,,,0,14,,192131,35,,,0,14,,192133,35,,,0,14,,192134,35,,,0,54,,192135,35,,,0,14,,192136,35,,,0,15,,192138,35,,,0,15,,192139,35,,,0,55,,192140,35,,,0,13,,192141,35,,,0,13,,192142,35,,,0,14,,192143,35,,,0,55,,192145,35,,,0,17,,192146,35,,,0,22,,192148,35,,,0,60,,192149,35,,,0,19,,192150,35,,,0,21,,192151,35,,,0
662500,'2_merged_15726441',524,,192154,35,,,0,20,,192155,35,,,0,60,,192156,35,,,0,21,,192157,35,,,0,19,,192158,35,,,0,15,,192159,35,,,0,52,,192160,35,,,0,12,,192161,35,,,0,12,,192162,35,,,0,12,,192163,35,,,0,12,,192164,35,,,0,52,,192165,35,,,0,12,,192166,35,,,0,12,,192167,35,,,0,12,,192168,35,,,0,53,,192169,35,,,0,12,,192170,35,,,0,12,,192171,35,,,0,12,,192172,35,,,0,12,,192173,35,,,0,52,,192174,35,,,0,13,,192175,35,,,0,12,,192176,35,,,0,12,,192177,35,,,0,14,,192178,35,,,0,52,,192179,35,,,0,12,,192180,35,,,0,12,,192181,35,,,0,12,,192182,35,,,0,12,,192183,35,,,0,52,,192184,35,,,0,12,,192185,35,,,0,12,,192186,35,,,0,12,,192187,35,,,0,12,,192188,35,,,0,52,,192189,35,,,0,13,,192190,35,,,0,12,,192191,35,,,0,12,,192192,35,,,0,11,,192193,35,,,0,52,,192194,35,,,0,12,,192195,35,,,0,12,,192196,35,,,0,12,,192197,35,,,0,12,,192198,35,,,0,52,,192199,35,,,0,12,,192200,35,,,0,12,,192201,35,,,0,12,,192202,35,,,0,12,,192203,35,,,0,52,,192204,35,,,0,12,,192205,35,,,0,12,,192206,35,,,0,12,,192207,35,,,0,12,,192208,35,,,0,52,,192209,35,,,0,12,,192210,35,,,0,12,,192211,35,,,0,12,,192212,35,,,0,12,,192213,35,,,0,52,,192215,35,,,0,12,,192216,35,,,0,12,,192217,35,,,0,12,,192218,35,,,0,12,,192219,35,,,0,52,,192220,35,,,0,12,,192221,35,,,0,12,,192222,35,,,0,12,,192223,35,,,0,12,,192224,35,,,0,52,,192225,35,,,0,12,,192226,35,,,0,12,,192227,35,,,0,12,,192229,35,,,0,11,,192230,35,,,0,52,,192231,35,,,0,12,,192232,35,,,0,13,,192233,35,,,0,15,,192235,35,,,0,15,,192236,35,,,0,54,,192238,35,,,0,15,,192239,35,,,0,15,,192240,35,,,0,15,,192241,35,,,0,54,,192242,35,,,0,15,,192243,35,,,0,24,,192245,35,,,0,70,,192247,35,,,0,30,,192249,35,,,0,69,,192251,35,,,0
662500,'3_merged_15726440',519,,192256,24,,,0,20,,192257,35,,,0,20,,192258,35,,,0,60,,192259,35,,,0,19,,192260,35,,,0,20,,192261,35,,,0,60,,192262,35,,,0,20,,192263,35,,,0,20,,192264,35,,,0,59,,192265,35,,,0,17,,192266,35,,,0,16,,192267,35,,,0,55,,192268,35,,,0,18,,192269,35,,,0,15,,192270,35,,,0,15,,192271,35,,,0,54,,192272,35,,,0,12,,192273,35,,,0,12,,192274,35,,,0,12,,192275,35,,,0,12,,192276,35,,,0,52,,192277,35,,,0,12,,192278,35,,,0,12,,192279,35,,,0,12,,192280,35,,,0,12,,192281,35,,,0,52,,192282,35,,,0,14,,192283,35,,,0,12,,192284,35,,,0,12,,192285,35,,,0,12,,192286,35,,,0,52,,192287,35,,,0,12,,192288,35,,,0,12,,192289,35,,,0,12,,192290,35,,,0,12,,192291,35,,,0,52,,192292,35,,,0,12,,192293,35,,,0,12,,192294,35,,,0,12,,192295,35,,,0,12,,192296,35,,,0,52,,192297,35,,,0,12,,192298,35,,,0,12,,192299,35,,,0,11,,192300,35,,,0,12,,192301,35,,,0,52,,192302,35,,,0,12,,192303,35,,,0,12,,192304,35,,,0,12,,192305,35,,,0,12,,192306,35,,,0,52,,192307,35,,,0,12,,192308,35,,,0,12,,192309,35,,,0,12,,192310,35,,,0,12,,192311,35,,,0,52,,192312,35,,,0,12,,192313,35,,,0,12,,192314,35,,,0,12,,192315,35,,,0,12,,192317,35,,,0,52,,192318,35,,,0,12,,192319,35,,,0,12,,192320,35,,,0,11,,192321,35,,,0,12,,192322,35,,,0,52,,192323,35,,,0,15,,192324,35,,,0,15,,192326,35,,,0,15,,192327,35,,,0,55,,192328,35,,,0,14,,192330,35,,,0,15,,192331,35,,,0,15,,192333,35,,,0,55,,192334,35,,,0,15,,192335,35,,,0,15,,192336,35,,,0,14,,192337,35,,,0,55,,192338,35,,,0,14,,192339,35,,,0,15,,192340,35,,,0,15,,192341,35,,,0,71,,192344,35,,,0,30,,192346,35,,,0,72,,192348,35,,,0
683500,'1_merged_15726439',2548,,223763,44,,,0,55,,223762,44,,,0,15,,223765,44,,,0,30,,223766,44,,,0,70,,223764,44,,,0,30,,223767,44,,,0,70,,223768,44,,,0,30,,223769,44,,,0
683500,'2_merged_15726441',2553,,223773,44,,,0,55,,223770,44,,,0,15,,223772,44,,,0,28,,223771,44,,,0,70,,223774,44,,,0,30,,223775,44,,,0,70,,223776,44,,,0,30,,223777,44,,,0
683500,'3_merged_15726440',2548,,223780,44,,,0,70,,223779,44,,,0,30,,223778,44,,,0
683801,'1_merged_15726439',2524,,223898,36,,,0,29,,223894,36,,,0,70,,223893,36,,,0,30,,223892,36,,,0,73,,223895,36,,,0,27,,223896,36,,,0,69,,223897,36,,,0,80,,223890,36,,,0,30,,223891,36,,,0
683801,'2_merged_15726441',2555,,223900,36,,,0,77,,223902,36,,,0,21,,223901,36,,,0,60,,223903,36,,,0,22,,223904,36,,,0,21,,223905,36,,,0,60,,223906,36,,,0,27,,223907,36,,,0,70,,223908,36,,,0,29,,223899,36,,,0
683801,'3_merged_15726440',2552,,223910,36,,,0,70,,223909,36,,,0,31,,223911,36,,,0,76,,223912,36,,,0,20,,223913,36,,,0,74,,223914,36,,,0,30,,223915,36,,,0,80,,223916,36,,,0
1671801,'1_merged_15726439',544,,226597,12,,,0,14,,226598,12,,,0,53,,226599,12,,,0,13,,226623,12,,,0,13,,226600,12,,,0,13,,226601,12,,,0,53,,226602,12,,,0,15,,226603,12,,,0,15,,226619,12,,,0,15,,226604,12,,,0,55,,226605,12,,,0,15,,226606,12,,,0,15,,226607,12,,,0,15,,226608,12,,,0,54,,226609,12,,,0,14,,226610,12,,,0,14,,226611,12,,,0,15,,226612,12,,,0,14,,226613,12,,,0,55,,226614,12,,,0,15,,226615,12,,,0,15,,226590,12,,,0,15,,226591,12,,,0,55,,226592,12,,,0,15,,226593,12,,,0,15,,226594,12,,,0,15,,226595,12,,,0,55,,226596,12,,,0,15,,226557,12,,,0,16,,226558,12,,,0,55,,226559,12,,,0,16,,226560,12,,,0,15,,226561,12,,,0,15,,226562,12,,,0,55,,226563,12,,,0,15,,226564,12,,,0,15,,226565,12,,,0,15,,226566,12,,,0,55,,226567,12,,,0,13,,226568,12,,,0,12,,226569,12,,,0,12,,226570,12,,,0,11,,226571,12,,,0,10,,226572,12,,,0,50,,226573,12,,,0,10,,226574,12,,,0,11,,226575,12,,,0,12,,226576,12,,,0,12,,226577,12,,,0,52,,226578,12,,,0,12,,226579,12,,,0,12,,226580,12,,,0,12,,226581,12,,,0,12,,226582,12,,,0,54,,226583,12,,,0,15,,226584,12,,,0,15,,226585,12,,,0,15,,226586,12,,,0,55,,226587,12,,,0
1671801,'2_merged_15726441',544,,226672,12,,,0,57,,226673,12,,,0,15,,226685,12,,,0,14,,226686,12,,,0,17,,226687,12,,,0,55,,226688,12,,,0,12,,226689,12,,,0,15,,226690,12,,,0,15,,226691,12,,,0,56,,226641,12,,,0,15,,226692,12,,,0,15,,226693,12,,,0,16,,226694,12,,,0,56,,226695,12,,,0,15,,226696,12,,,0,15,,226697,12,,,0,16,,226698,12,,,0,56,,226699,12,,,0,16,,226700,12,,,0,12,,226684,12,,,0,12,,226635,12,,,0,12,,226636,12,,,0,52,,226637,12,,,0,12,,226638,12,,,0,11,,226634,12,,,0,12,,226639,12,,,0,12,,226640,12,,,0,52,,226642,12,,,0,12,,226643,12,,,0,12,,226666,12,,,0,10,,226644,12,,,0,10,,226645,12,,,0,50,,226646,12,,,0,10,,226647,12,,,0,10,,226648,12,,,0,10,,226667,12,,,0,10,,226658,12,,,0,10,,226659,12,,,0,50,,226660,12,,,0,10,,226661,12,,,0,10,,226662,12,,,0,10,,226668,12,,,0,10,,226663,12,,,0,10,,226664,12,,,0,50,,226665,12,,,0,10,,226649,12,,,0,10,,226631,12,,,0,10,,226669,12,,,0,10,,226650,12,,,0,10,,226651,12,,,0,50,,226652,12,,,0,10,,226653,12,,,0,10,,226654,12,,,0,10,,226670,12,,,0,10,,226655,12,,,0,10,,226656,12,,,0,50,,226657,12,,,0,10,,226674,12,,,0,10,,226675,12,,,0,10,,226671,12,,,0,12,,226676,12,,,0,12,,226677,12,,,0,52,,226678,12,,,0,12,,226679,12,,,0,12,,226680,12,,,0,12,,226681,12,,,0,13,,226682,12,,,0,53,,226683,12,,,0
1671801,'3_merged_15726440',616,,226782,12,,,0,22,,226783,12,,,0,62,,226784,12,,,0,22,,226785,12,,,0,16,,226795,12,,,0,15,,226786,12,,,0,56,,226787,12,,,0,16,,226788,12,,,0,15,,226789,12,,,0,15,,226790,12,,,0,55,,226791,12,,,0,15,,226792,12,,,0,15,,226793,12,,,0,15,,226794,12,,,0,55,,226717,12,,,0,15,,226719,12,,,0,15,,226720,12,,,0,15,,226721,12,,,0,55,,226722,12,,,0,15,,226723,12,,,0,15,,226773,12,,,0,15,,226724,12,,,0,55,,226725,12,,,0,13,,226726,12,,,0,12,,226774,12,,,0,12,,226727,12,,,0,11,,226731,12,,,0,51,,226732,12,,,0,12,,226733,12,,,0,12,,226775,12,,,0,12,,226734,12,,,0,12,,226735,12,,,0,52,,226736,12,,,0,12,,226737,12,,,0,12,,226776,12,,,0,12,,226738,12,,,0,12,,226718,12,,,0,52,,226739,12,,,0,12,,226740,12,,,0,12,,226777,12,,,0,12,,226741,12,,,0,12,,226742,12,,,0,52,,226743,12,,,0,12,,226744,12,,,0,13,,226778,12,,,0,12,,226745,12,,,0,13,,226746,12,,,0,52,,226747,12,,,0,12,,226748,12,,,0,13,,226779,12,,,0,13,,226749,12,,,0,53,,226780,12,,,0,15,,226750,12,,,0,15,,226751,12,,,0,15,,226752,12,,,0,55,,226753,12,,,0
