670500,'1_merged_15727750',536,,211483,1,0,74 43 8,0,23,,211467,1,0,74 43 8,0,65,,211475,1,0,74 43 8,0,31,,211488,1,0,74 43 8,0,48,,211466,1,0,74 43 8,0,43,,211489,1,0,74 43 8,0,1373,,211479,1,0,79 80 8,0,32,,211522,1,0,79 80 8,0,56,,211462,1,0,79 80 8,0,23,,211514,1,0,79 80 8,0,82,,211515,1,0,79 80 8,0,103,,211478,1,0,79 80 8,0,119,,211477,1,0,79 80 8,0
670500,'2_merged_15727752',626,,211587,1,0,79 80 8,0,88,,211586,1,0,79 80 8,0,20,,211614,1,0,79 80 8,0,82,,211578,1,0,79 80 8,0,88,,211610,1,0,79 80 8,0,1111,,211594,1,0,79 80 8,0,99,,211622,1,0,79 80 8,0,37,,211591,1,0,79 80 8,0,204,,211604,1,0,79 80 8,0
670500,'3_merged_15727751',846,,211705,1,0,79 80 8,0,93,,211711,1,0,79 80 8,0,1087,,211745,1,0,79 80 8,0,97,,211753,1,0,79 80 8,0,110,,211703,1,0,79 80 8,0,87,,211700,1,0,79 80 8,0,103,,211698,1,0,79 80 8,0
670501,'1_merged_15727750',529,,211792,60,4,,0,24,,211785,60,4,,0,62,,211793,60,4,,0,32,,211791,60,4,,0,10,,211794,60,4,,0,77,,211822,66,4,,0,1380,,211821,60,4,,0,25,,211784,60,4,,0,63,,211779,60,4,,0,23,,211773,60,4,,0,81,,211770,60,4,,0,15,,211877,60,4,,0,89,,211819,60,4,,0,20,,211837,60,4,,0,99,,211787,60,4,,0
670501,'2_merged_15727752',612,,211937,41,4,,0,96,,211888,60,4,,0,10,,211936,60,4,,0,83,,211924,60,4,,0,44,,211923,60,4,,0,1113,,211950,60,4,,0,99,,211911,60,4,,0,89,,211952,60,4,,0,191,,211914,60,4,,0,200,,211906,60,4,,0
670501,'3_merged_15727751',841,,212007,60,4,,0,92,,211999,60,4,,0,1070,,212058,60,4,,0,50,,212062,60,4,,0,169,,212019,60,4,,0,86,,212072,60,4,,0,107,,212080,60,4,,0
732100,'1_merged_15727750',543,,224294,1,,,0,70,,224274,1,,,0,33,,224275,1,,,0,70,,224273,1,,,0,30,,224276,1,,,0,71,,224290,1,,,0,32,,224277,1,,,0,72,,224272,1,,,0,32,,224278,1,,,0,71,,224291,1,,,0,31,,224279,1,,,0,70,,224268,1,,,0,30,,224280,1,,,0,70,,224292,1,,,0,30,,224281,1,,,0,69,,224269,1,,,0,29,,224282,1,,,0,71,,224293,1,,,0,31,,224283,1,,,0,71,,224270,1,,,0,32,,224284,1,,,0,72,,224266,1,,,0,72,,224285,1,,,0,30,,224271,1,,,0,73,,224286,1,,,0,30,,224267,1,,,0,70,,224287,1,,,0,30,,224295,1,,,0,70,,224288,1,,,0,28,,224296,1,,,0,73,,224289,1,,,0,95,,224297,1,,,0,99,,224298,1,,,0,59,,224299,1,,,0
732100,'2_merged_15727752',620,,224306,1,,,0,20,,224321,1,,,0,68,,224320,1,,,0,30,,224319,1,,,0,70,,224305,1,,,0,20,,224300,1,,,0,20,,224337,1,,,0,60,,224304,1,,,0,30,,224318,1,,,0,70,,224303,1,,,0,30,,224317,1,,,0,70,,224302,1,,,0,21,,224316,1,,,0,21,,224335,1,,,0,60,,224301,1,,,0,20,,224315,1,,,0,20,,224329,1,,,0,60,,224327,1,,,0,20,,224314,1,,,0,20,,224330,1,,,0,60,,224326,1,,,0,20,,224313,1,,,0,20,,224331,1,,,0,60,,224325,1,,,0,20,,224312,1,,,0,20,,224332,1,,,0,61,,224324,1,,,0,22,,224311,1,,,0,20,,224333,1,,,0,59,,224323,1,,,0,19,,224310,1,,,0,20,,224334,1,,,0,60,,224322,1,,,0,19,,224309,1,,,0,20,,224336,1,,,0,70,,224338,1,,,0,29,,224308,1,,,0,70,,224339,1,,,0,33,,224307,1,,,0,100,,224328,1,,,0,150,,224340,1,,,0,100,,224341,1,,,0
732100,'3_merged_15727751',650,,224351,1,,,0,67,,224350,1,,,0,30,,224349,1,,,0,70,,224348,1,,,0,30,,224347,1,,,0,70,,224359,1,,,0,30,,224346,1,,,0,70,,224358,1,,,0,30,,224345,1,,,0,70,,224357,1,,,0,30,,224344,1,,,0,65,,224356,1,,,0,20,,224343,1,,,0,20,,224370,1,,,0,60,,224355,1,,,0,20,,224369,1,,,0,20,,224371,1,,,0,60,,224354,1,,,0,20,,224368,1,,,0,20,,224372,1,,,0,60,,224353,1,,,0,20,,224367,1,,,0,20,,224373,1,,,0,60,,224352,1,,,0,20,,224366,1,,,0,20,,224374,1,,,0,60,,224362,1,,,0,20,,224365,1,,,0,20,,224375,1,,,0,60,,224360,1,,,0,30,,224364,1,,,0,70,,224342,1,,,0,33,,224363,1,,,0,73,,224376,1,,,0,33,,224361,1,,,0,105,,224377,1,,,0,101,,224378,1,,,0,143,,224379,1,,,0
732101,'1_merged_15727750',626,,224410,56,4,,0,31,,224406,56,4,,0,76,,224381,56,4,,0,78,,224382,56,4,,0,33,,224394,56,4,,0,71,,224405,56,4,,0,32,,224395,56,4,,0,71,,224389,56,4,,0,31,,224396,56,4,,0,70,,224384,56,4,,0,30,,224397,56,4,,0,70,,224390,56,4,,0,30,,224398,56,4,,0,69,,224385,56,4,,0,28,,224399,56,4,,0,71,,224391,56,4,,0,32,,224400,56,4,,0,71,,224386,56,4,,0,31,,224401,56,4,,0,74,,224392,56,4,,0,32,,224402,56,4,,0,70,,224387,56,4,,0,28,,224403,56,4,,0,71,,224393,56,4,,0,31,,224404,56,4,,0,72,,224388,56,4,,0,26,,224407,56,4,,0,71,,224411,56,4,,0,33,,224408,56,4,,0,70,,224412,56,4,,0,27,,224409,56,4,,0,97,,224383,56,4,,0,99,,224380,56,4,,0,106,,224413,56,4,,0
732101,'2_merged_15727752',631,,224452,56,4,,0,71,,224436,56,4,,0,31,,224435,56,4,,0,69,,224434,56,4,,0,20,,224433,56,4,,0,20,,224453,56,4,,0,60,,224432,56,4,,0,29,,224431,56,4,,0,69,,224441,56,4,,0,30,,224430,56,4,,0,73,,224440,56,4,,0,21,,224451,56,4,,0,20,,224417,56,4,,0,60,,224439,56,4,,0,20,,224429,56,4,,0,20,,224444,56,4,,0,60,,224438,56,4,,0,19,,224428,56,4,,0,20,,224445,56,4,,0,61,,224437,56,4,,0,20,,224427,56,4,,0,20,,224446,56,4,,0,61,,224416,56,4,,0,20,,224426,56,4,,0,20,,224447,56,4,,0,60,,224415,56,4,,0,20,,224423,56,4,,0,19,,224448,56,4,,0,60,,224414,56,4,,0,20,,224422,56,4,,0,21,,224449,56,4,,0,60,,224443,56,4,,0,20,,224421,56,4,,0,20,,224450,56,4,,0,70,,224442,56,4,,0,28,,224420,56,4,,0,71,,224454,56,4,,0,31,,224419,56,4,,0,72,,224455,56,4,,0,30,,224418,56,4,,0,109,,224424,56,4,,0,99,,224425,56,4,,0,99,,224456,56,4,,0
732101,'3_merged_15727751',739,,224483,56,4,,0,69,,224482,56,4,,0,31,,224481,56,4,,0,70,,224480,56,4,,0,31,,224479,56,4,,0,71,,224478,56,4,,0,30,,224477,56,4,,0,70,,224461,56,4,,0,30,,224476,56,4,,0,60,,224460,56,4,,0,20,,224475,56,4,,0,20,,224484,56,4,,0,61,,224459,56,4,,0,20,,224474,56,4,,0,20,,224485,56,4,,0,60,,224458,56,4,,0,20,,224473,56,4,,0,22,,224486,56,4,,0,61,,224457,56,4,,0,20,,224472,56,4,,0,20,,224487,56,4,,0,60,,224465,56,4,,0,20,,224471,56,4,,0,20,,224488,56,4,,0,61,,224464,56,4,,0,20,,224470,56,4,,0,19,,224489,56,4,,0,60,,224463,56,4,,0,21,,224469,56,4,,0,21,,224490,56,4,,0,60,,224462,56,4,,0,20,,224491,56,4,,0,20,,224468,56,4,,0,66,,224492,56,4,,0,32,,224467,56,4,,0,73,,224493,56,4,,0,32,,224466,56,4,,0,101,,224494,56,4,,0,102,,224495,56,4,,0,101,,224496,56,4,,0
