661901,'1_merged_15727750',547,,189186,41,0,27 15,0,60,,189187,41,0,27 15,0,21,,189188,41,0,27 15,0,15,,189189,41,0,27 15,0,15,,189190,41,0,27 15,0,54,,189191,41,0,27 15,0,10,,189192,41,,,0,13,,189193,41,,,0,19,,189195,41,,,0,59,,189197,41,,,0,13,,189199,41,,,0,15,,189201,41,,,0,8,,189202,41,,,0,54,,189204,41,,,0,15,,189206,41,,,0,15,,189208,41,,,0,8,,189209,41,,,0,16,,189211,41,,,0,56,,189213,41,,,0,19,,189215,41,0,27 15,0,17,,189217,41,0,27 15,0,69,,189219,41,0,27 15,0,24,,189221,41,0,27 15,0,64,,189223,41,0,27 15,0,24,,189225,41,0,27 15,0,24,,189227,41,0,27 15,0,65,,189229,41,0,27 15,0,24,,189231,41,0,27 15,0,64,,189233,41,0,27 15,0,33,,189236,41,,,0,11,,189237,41,,,0,60,,189239,41,,,0,15,,189241,41,,,0,17,,189243,41,,,0,15,,189245,41,,,0,51,,189246,41,,,0,15,,189248,41,,,0,13,,189250,41,,,0,14,,189252,41,,,0,53,,189254,41,,,0,13,,189256,41,,,0,7,,189257,41,,,0,14,,189259,41,,,0,15,,189261,41,,,0,59,,189263,41,0,27 15,0,6,,189264,40,0,27 15,0,12,,189266,41,0,27 15,0,6,,189267,41,0,27 15,0,4,,189268,40,0,27 15,0,9,,189269,41,0,27 15,0,6,,189270,41,0,27 15,0,48,,189271,41,0,27 15,0,9,,189272,41,0,27 15,0,9,,189273,41,0,27 15,0,8,,189274,41,0,27 15,0,10,,189275,41,0,27 15,0,64,,189277,41,0,27 15,0,15,,189278,41,0,27 15,0,14,,189279,41,0,27 15,0,14,,189280,41,0,27 15,0,54,,189281,41,0,27 15,0,15,,189282,41,0,27 15,0,15,,189283,41,0,27 15,0,15,,189284,41,0,27 15,0,55,,189285,41,0,27 15,0,15,,189286,41,0,27 15,0,13,,189287,41,0,27 15,0,15,,189288,41,0,27 15,0,14,,189289,41,0,27 15,0,54,,189290,41,0,27 15,0,15,,189291,41,0,27 15,0,15,,189292,41,0,27 15,0,15,,189293,41,0,27 15,0,55,,189294,41,0,27 15,0,20,,189296,41,0,27 15,0,15,,189297,41,0,27 15,0
661901,'2_merged_15727752',549,,189307,41,0,27 15,0,61,,189308,41,0,27 15,0,21,,189309,41,0,27 15,0,21,,189310,41,0,27 15,0,61,,189311,41,0,27 15,0,21,,189312,41,0,27 15,0,12,,189313,41,0,27 15,0,13,,189314,41,0,27 15,0,55,,189315,41,0,27 15,0,16,,189316,41,0,27 15,0,15,,189317,41,0,27 15,0,55,,189318,41,0,27 15,0,17,,189319,41,0,27 15,0,16,,189320,41,0,27 15,0,15,,189321,41,0,27 15,0,55,,189322,41,0,27 15,0,15,,189323,41,0,27 15,0,13,,189324,41,0,27 15,0,12,,189325,41,0,27 15,0,12,,189326,41,0,27 15,0,54,,189327,41,0,27 15,0,12,,189328,41,0,27 15,0,12,,189329,41,0,27 15,0,12,,189330,41,0,27 15,0,12,,189331,41,0,27 15,0,54,,189332,41,0,27 15,0,12,,189333,41,0,27 15,0,12,,189334,41,0,27 15,0,12,,189335,41,0,27 15,0,12,,189336,41,0,27 15,0,51,,189337,41,0,27 15,0,12,,189338,41,0,27 15,0,12,,189339,41,0,27 15,0,12,,189340,41,0,27 15,0,12,,189341,41,0,27 15,0,52,,189342,41,0,27 15,0,12,,189343,41,0,27 15,0,13,,189344,41,0,27 15,0,10,,189345,41,0,27 15,0,10,,189346,41,0,27 15,0,50,,189347,41,0,27 15,0,10,,189348,41,0,27 15,0,10,,189349,41,0,27 15,0,9,,189350,41,0,27 15,0,9,,189351,41,0,27 15,0,10,,189352,41,0,27 15,0,50,,189353,41,0,27 15,0,10,,189354,41,0,27 15,0,10,,189355,41,0,27 15,0,9,,189356,41,0,27 15,0,9,,189357,41,0,27 15,0,10,,189358,41,0,27 15,0,49,,189359,41,0,27 15,0,10,,189360,41,0,27 15,0,10,,189361,41,0,27 15,0,10,,189362,41,0,27 15,0,10,,189363,41,0,27 15,0,10,,189364,41,0,27 15,0,50,,189365,41,0,27 15,0,10,,189366,41,0,27 15,0,10,,189367,41,0,27 15,0,9,,189368,41,0,27 15,0,10,,189369,41,0,27 15,0,9,,189370,41,0,27 15,0,10,,189371,41,0,27 15,0,49,,189372,41,0,27 15,0,10,,189373,41,0,27 15,0,10,,189374,41,0,27 15,0,12,,189375,41,0,27 15,0,12,,189376,41,0,27 15,0,49,,189377,41,0,27 15,0,12,,189378,41,0,27 15,0,10,,189379,41,0,27 15,0,13,,189380,41,0,27 15,0,13,,189381,41,0,27 15,0,54,,189382,41,0,27 15,0,15,,189383,41,0,27 15,0,14,,189384,41,0,27 15,0,14,,189385,41,0,27 15,0,14,,189386,41,0,27 15,0,55,,189387,41,0,27 15,0,13,,189388,41,0,27 15,0,14,,189389,41,0,27 15,0,15,,189390,41,0,27 15,0,54,,189391,41,0,27 15,0,13,,189392,41,0,27 15,0,14,,189393,41,0,27 15,0,15,,189394,41,0,27 15,0,55,,189395,41,0,27 15,0,14,,189396,41,0,27 15,0,15,,189397,41,0,27 15,0,14,,189398,41,0,27 15,0
661901,'3_merged_15727751',534,,189408,19,0,27,0,23,,189409,19,0,27,0,61,,189410,41,0,27 15,0,19,,189411,41,0,27 15,0,63,,189412,41,0,27 15,0,21,,189413,41,0,27 15,0,20,,189414,41,0,27 15,0,61,,189415,41,0,27 15,0,17,,189416,41,0,27 15,0,15,,189417,41,0,27 15,0,16,,189418,41,0,27 15,0,55,,189419,41,0,27 15,0,17,,189420,41,0,27 15,0,15,,189421,41,0,27 15,0,19,,189422,41,0,27 15,0,55,,189423,41,0,27 15,0,17,,189424,41,0,27 15,0,15,,189425,41,0,27 15,0,15,,189426,41,0,27 15,0,55,,189427,41,0,27 15,0,12,,189428,41,0,27 15,0,12,,189429,41,0,27 15,0,10,,189430,41,0,27 15,0,11,,189431,41,0,27 15,0,50,,189432,41,0,27 15,0,10,,189433,41,0,27 15,0,10,,189434,41,0,27 15,0,10,,189435,41,0,27 15,0,11,,189436,41,0,27 15,0,10,,189437,41,0,27 15,0,50,,189438,41,0,27 15,0,9,,189439,41,0,27 15,0,9,,189440,41,0,27 15,0,10,,189441,41,0,27 15,0,10,,189442,41,0,27 15,0,11,,189443,41,0,27 15,0,50,,189444,41,0,27 15,0,10,,189445,41,0,27 15,0,10,,189446,41,0,27 15,0,10,,189447,41,0,27 15,0,10,,189448,41,0,27 15,0,11,,189449,41,0,27 15,0,51,,189450,41,0,27 15,0,10,,189451,41,0,27 15,0,10,,189452,41,0,27 15,0,10,,189453,41,0,27 15,0,10,,189454,41,0,27 15,0,7,,189455,41,0,27 15,0,49,,189456,41,0,27 15,0,10,,189457,41,0,27 15,0,10,,189458,41,0,27 15,0,10,,189459,41,0,27 15,0,10,,189460,41,0,27 15,0,11,,189461,41,0,27 15,0,50,,189462,41,0,27 15,0,10,,189463,41,0,27 15,0,10,,189464,41,0,27 15,0,11,,189465,41,0,27 15,0,10,,189466,41,0,27 15,0,9,,189467,41,0,27 15,0,50,,189468,41,0,27 15,0,9,,189469,41,0,27 15,0,7,,189470,41,0,27 15,0,15,,189471,41,0,27 15,0,15,,189473,41,0,27 15,0,55,,189474,41,0,27 15,0,17,,189476,41,0,27 15,0,16,,189477,41,0,27 15,0,14,,189478,41,0,27 15,0,55,,189479,41,0,27 15,0,12,,189480,41,0,27 15,0,12,,189481,41,0,27 15,0,15,,189482,41,0,27 15,0,55,,189483,41,0,27 15,0,15,,189484,41,0,27 15,0,15,,189485,41,0,27 15,0,14,,189486,41,0,27 15,0,55,,189487,41,0,27 15,0,15,,189488,41,0,27 15,0,13,,189489,41,0,27 15,0,15,,189490,41,0,27 15,0,13,,189491,40,0,27 15,0,58,,189492,41,0,27 15,0,12,,189493,41,0,27 15,0,15,,189494,41,0,27 15,0,13,,189495,40,0,27 15,0,56,,189496,41,0,27 15,0,14,,189497,41,0,27 15,0,15,,189498,41,0,27 15,0
683301,'1_merged_15727750',2630,,223694,18,,,0,14,,223697,18,,,0,59,,223695,18,,,0,32,,223696,18,,,0
683301,'2_merged_15727752',2634,,223700,18,,,0,14,,223701,18,,,0,60,,223699,18,,,0,21,,223698,18,,,0
683301,'3_merged_15727751',2631,,223704,18,,,0,70,,223703,18,,,0,30,,223702,18,,,0
1671801,'152201_merged_15727756',2128,,226522,21,,,0,15,,226523,21,,,0,16,,226524,21,,,0,55,,226525,21,,,0,12,,226526,21,,,0,15,,226527,21,,,0,60,,226528,21,,,0,21,,226529,21,,,0,17,,226530,21,,,0,20,,226531,21,,,0,70,,226532,21,,,0,15,,226534,21,,,0,15,,226533,21,,,0,55,,226535,21,,,0,15,,226536,21,,,0,30,,226521,21,,,0,45,,226520,21,,,0
1671801,'152301_merged_15727764',2128,,226545,21,,,0,15,,226546,21,,,0,16,,226547,21,,,0,55,,226548,21,,,0,12,,226549,21,,,0,15,,226550,21,,,0,60,,226551,21,,,0,21,,226552,21,,,0,17,,226553,21,,,0,20,,226542,21,,,0,70,,226537,21,,,0,15,,226544,21,,,0,15,,226538,21,,,0,55,,226543,21,,,0,15,,226539,21,,,0,30,,226540,21,,,0,45,,226541,21,,,0
1671801,'1_merged_15727750',349,,226620,21,,,0,70,,226621,21,,,0,39,,226622,21,,,0,67,,226554,21,,,0,30,,226555,21,,,0,61,,226597,42,,,0,16,,226598,42,,,0,13,,226599,42,,,0,13,,226623,42,,,0,54,,226600,42,,,0,14,,226601,42,,,0,17,,226602,42,,,0,15,,226603,42,,,0,55,,226619,42,,,0,19,,226604,42,,,0,15,,226605,42,,,0,56,,226606,42,,,0,15,,226607,42,,,0,15,,226608,42,,,0,14,,226609,42,,,0,54,,226610,42,,,0,14,,226611,42,,,0,17,,226612,42,,,0,14,,226613,42,,,0,55,,226614,42,,,0,15,,226615,42,,,0,15,,226590,42,,,0,15,,226591,42,,,0,57,,226592,42,,,0,15,,226593,42,,,0,15,,226594,42,,,0,15,,226595,42,,,0,54,,226596,42,,,0,15,,226557,42,,,0,16,,226558,42,,,0,15,,226559,42,,,0,56,,226560,42,,,0,15,,226561,42,,,0,15,,226562,42,,,0,17,,226563,42,,,0,55,,226564,42,,,0,16,,226565,42,,,0,15,,226566,42,,,0,15,,226567,42,,,0,53,,226568,42,,,0,12,,226569,42,,,0,12,,226570,42,,,0,11,,226571,42,,,0,10,,226572,42,,,0,51,,226573,42,,,0,10,,226574,42,,,0,11,,226575,42,,,0,12,,226576,42,,,0,12,,226577,42,,,0,12,,226578,42,,,0,51,,226579,42,,,0,12,,226580,42,,,0,11,,226581,42,,,0,11,,226582,42,,,0,14,,226583,42,,,0,55,,226584,42,,,0,13,,226585,42,,,0,15,,226586,42,,,0,12,,226587,42,,,0,49,,226589,21,,,0,14,,226556,21,,,0,15,,226588,21,,,0,13,,226616,21,,,0,15,,226617,21,,,0,54,,226618,21,,,0
1671801,'2_merged_15727752',351,,226716,21,,,0,70,,226714,21,,,0,79,,226715,21,,,0,38,,226630,21,,,0,75,,226672,43,,,0,18,,226673,43,,,0,15,,226685,43,,,0,54,,226686,43,,,0,19,,226687,43,,,0,16,,226688,43,,,0,12,,226689,43,,,0,57,,226690,43,,,0,16,,226691,43,,,0,16,,226641,43,,,0,16,,226692,43,,,0,56,,226693,43,,,0,17,,226694,43,,,0,16,,226695,43,,,0,15,,226696,43,,,0,58,,226697,43,,,0,16,,226698,43,,,0,18,,226699,43,,,0,56,,226700,43,,,0,14,,226684,43,,,0,12,,226635,43,,,0,12,,226636,43,,,0,14,,226637,43,,,0,52,,226638,43,,,0,11,,226634,43,,,0,12,,226639,43,,,0,12,,226640,43,,,0,11,,226642,43,,,0,52,,226643,43,,,0,13,,226666,43,,,0,10,,226644,43,,,0,10,,226645,43,,,0,10,,226646,43,,,0,10,,226647,43,,,0,50,,226648,43,,,0,11,,226667,43,,,0,10,,226658,43,,,0,10,,226659,43,,,0,10,,226660,43,,,0,50,,226661,43,,,0,10,,226662,43,,,0,10,,226668,43,,,0,10,,226663,43,,,0,10,,226664,43,,,0,10,,226665,43,,,0,50,,226649,43,,,0,9,,226631,43,,,0,10,,226669,43,,,0,10,,226650,43,,,0,10,,226651,43,,,0,11,,226652,43,,,0,50,,226653,43,,,0,10,,226654,43,,,0,10,,226670,43,,,0,10,,226655,43,,,0,8,,226656,43,,,0,10,,226657,43,,,0,10,,226674,43,,,0,50,,226675,43,,,0,9,,226671,43,,,0,12,,226676,43,,,0,12,,226677,43,,,0,12,,226678,43,,,0,52,,226679,43,,,0,11,,226680,43,,,0,12,,226681,43,,,0,13,,226682,43,,,0,13,,226683,43,,,0,49,,226701,21,,,0,15,,226702,21,,,0,15,,226703,21,,,0,15,,226704,21,,,0,54,,226705,21,,,0,15,,226706,21,,,0,13,,226707,21,,,0,14,,226708,21,,,0,15,,226709,21,,,0,55,,226710,21,,,0,15,,226711,21,,,0,18,,226712,21,,,0,60,,226713,21,,,0,20,,226624,21,,,0,19,,226625,21,,,0,61,,226626,21,,,0,22,,226627,21,,,0,30,,226628,21,,,0,70,,226629,21,,,0,29,,226632,21,,,0,51,,226633,21,,,0
1671801,'3_merged_15727751',347,,226798,21,,,0,70,,226796,21,,,0,38,,226797,21,,,0,75,,226768,21,,,0,28,,226781,21,,,0,89,,226782,43,,,0,62,,226783,43,,,0,22,,226784,43,,,0,22,,226785,43,,,0,58,,226795,43,,,0,15,,226786,43,,,0,16,,226787,43,,,0,17,,226788,43,,,0,57,,226789,43,,,0,15,,226790,43,,,0,16,,226791,43,,,0,55,,226792,43,,,0,15,,226793,43,,,0,15,,226794,43,,,0,20,,226717,43,,,0,55,,226719,43,,,0,15,,226720,43,,,0,15,,226721,43,,,0,18,,226722,43,,,0,55,,226723,43,,,0,15,,226773,43,,,0,15,,226724,43,,,0,15,,226725,43,,,0,53,,226726,43,,,0,12,,226774,43,,,0,12,,226727,43,,,0,11,,226731,43,,,0,12,,226732,43,,,0,52,,226733,43,,,0,12,,226775,43,,,0,12,,226734,43,,,0,12,,226735,43,,,0,12,,226736,43,,,0,52,,226737,43,,,0,12,,226776,43,,,0,12,,226738,43,,,0,12,,226718,43,,,0,12,,226739,43,,,0,52,,226740,43,,,0,12,,226777,43,,,0,12,,226741,43,,,0,10,,226742,43,,,0,12,,226743,43,,,0,52,,226744,43,,,0,14,,226778,43,,,0,12,,226745,43,,,0,13,,226746,43,,,0,13,,226747,43,,,0,52,,226748,43,,,0,13,,226779,43,,,0,13,,226749,43,,,0,13,,226780,43,,,0,55,,226750,43,,,0,14,,226751,43,,,0,15,,226752,43,,,0,15,,226753,43,,,0,53,,226754,21,,,0,15,,226755,21,,,0,16,,226756,21,,,0,15,,226757,21,,,0,55,,226771,21,,,0,15,,226758,21,,,0,13,,226770,21,,,0,16,,226759,21,,,0,55,,226760,21,,,0,15,,226761,21,,,0,13,,226769,21,,,0,17,,226762,21,,,0,60,,226763,21,,,0,20,,226728,21,,,0,19,,226729,21,,,0,61,,226730,21,,,0,24,,226764,21,,,0,30,,226765,21,,,0,70,,226766,21,,,0,30,,226767,21,,,0,48,,226772,21,,,0
