667701,'1_merged_15726439',547,,206410,15,,,0,70,,206411,15,,,0,26,,206412,15,,,0,12,,206413,15,,,0,55,,206414,15,,,0,14,,206415,15,,,0,19,,206416,15,,,0,11,,206417,15,,,0,59,,206418,15,,,0,24,,206419,15,,,0,78,,206420,15,,,0,39,,206421,15,,,0,63,,206422,15,,,0,28,,206423,15,,,0,69,,206424,15,,,0,30,,206425,15,,,0,69,,206426,15,,,0,30,,206427,15,,,0,69,,206428,15,,,0,29,,206429,15,,,0,69,,206430,15,,,0,28,,206431,15,,,0,13,,206432,15,,,0,59,,206433,15,,,0,13,,206434,15,,,0,16,,206435,15,,,0,14,,206436,15,,,0,57,,206437,15,,,0,18,,206438,15,,,0,13,,206439,15,,,0,11,,206440,15,,,0,59,,206441,15,,,0,12,,206442,15,,,0,18,,206443,15,,,0,12,,206444,15,,,0,59,,206445,15,,,0,19,,206446,15,,,0,13,,206447,15,,,0,15,,206448,15,,,0,52,,206449,15,,,0,17,,206450,15,,,0,18,,206451,15,,,0,72,,206452,15,,,0,31,,206453,15,,,0,69,,206454,15,,,0,31,,206455,15,,,0,69,,206456,15,,,0,32,,206457,15,,,0,60,,206458,15,,,0,39,,206459,15,,,0,96,,206460,15,,,0
667701,'2_merged_15726441',715,,206461,15,,,0,30,,206462,15,,,0,70,,206463,15,,,0,30,,206464,15,,,0,70,,206465,15,,,0,30,,206466,15,,,0,71,,206467,15,,,0,30,,206468,15,,,0,68,,206469,15,,,0,29,,206470,15,,,0,70,,206471,15,,,0,30,,206472,15,,,0,70,,206473,15,,,0,15,,206474,15,,,0,15,,206475,15,,,0,65,,206476,15,,,0,20,,206477,15,,,0,15,,206478,15,,,0,65,,206479,15,,,0,20,,206480,15,,,0,16,,206481,15,,,0,65,,206482,15,,,0,19,,206483,15,,,0,18,,206484,15,,,0,65,,206485,15,,,0,19,,206486,15,,,0,16,,206487,15,,,0,59,,206488,15,,,0,20,,206489,15,,,0,20,,206490,15,,,0,56,,206491,15,,,0,23,,206492,15,,,0,21,,206493,15,,,0,56,,206494,15,,,0,30,,206495,15,,,0,16,,206496,15,,,0,70,,206497,15,,,0,30,,206498,15,,,0,69,,206499,15,,,0,30,,206500,15,,,0,70,,206501,15,,,0,27,,206502,15,,,0,73,,206503,15,,,0,30,,206504,15,,,0,70,,206505,15,,,0
667701,'3_merged_15726440',814,,206506,15,,,0,30,,206507,15,,,0,70,,206508,15,,,0,30,,206509,15,,,0,71,,206510,15,,,0,30,,206511,15,,,0,70,,206512,15,,,0,29,,206513,15,,,0,73,,206514,15,,,0,28,,206515,15,,,0,71,,206516,15,,,0,31,,206517,15,,,0,71,,206518,15,,,0,12,,206519,15,,,0,27,,206520,15,,,0,63,,206521,15,,,0,13,,206522,15,,,0,68,,206523,15,,,0,16,,206524,15,,,0,16,,206525,15,,,0,70,,206526,15,,,0,17,,206527,15,,,0,16,,206528,15,,,0,67,,206529,15,,,0,14,,206530,15,,,0,19,,206531,15,,,0,67,,206532,15,,,0,15,,206533,15,,,0,18,,206534,15,,,0,65,,206535,15,,,0,16,,206536,15,,,0,17,,206537,15,,,0,25,,206538,15,,,0,57,,206539,15,,,0,29,,206540,15,,,0,70,,206541,15,,,0,29,,206542,15,,,0,68,,206543,15,,,0,31,,206544,15,,,0,73,,206545,15,,,0
667801,'1_merged_15726439',603,,206662,25,,,0,15,,206663,25,,,0,36,,206664,25,,,0,61,,206665,25,,,0,18,,206666,25,,,0,12,,206667,25,,,0,56,,206668,25,,,0,13,,206669,25,,,0,17,,206670,25,,,0,74,,206671,25,,,0,28,,206672,11,,,0,69,,206673,11,,,0,33,,206674,11,,,0,65,,206675,11,,,0,30,,206676,11,,,0,70,,206677,11,,,0,31,,206678,11,,,0,70,,206679,11,,,0,30,,206680,11,,,0,69,,206681,11,,,0,28,,206682,11,,,0,76,,206683,11,,,0,29,,206684,11,,,0,21,,206685,11,,,0,60,,206686,11,,,0,19,,206687,11,,,0,16,,206688,11,,,0,56,,206689,11,,,0,15,,206690,11,,,0,16,,206691,11,,,0,12,,206692,11,,,0,56,,206693,11,,,0,11,,206694,11,,,0,31,,206695,11,,,0,70,,206696,11,,,0,32,,206697,11,,,0,70,,206698,11,,,0,30,,206699,11,,,0,72,,206700,11,,,0,107,,206701,11,,,0,93,,206702,11,,,0,101,,206703,11,,,0,100,,206704,11,,,0
667801,'2_merged_15726441',633,,206705,11,,,0,70,,206706,11,,,0,30,,206707,11,,,0,70,,206708,11,,,0,30,,206709,11,,,0,68,,206710,11,,,0,31,,206711,11,,,0,69,,206712,11,,,0,30,,206713,11,,,0,69,,206714,11,,,0,31,,206715,11,,,0,69,,206716,11,,,0,31,,206717,11,,,0,71,,206718,11,,,0,31,,206719,11,,,0,68,,206720,11,,,0,33,,206721,11,,,0,66,,206722,11,,,0,29,,206723,11,,,0,30,,206724,11,,,0,70,,206725,11,,,0,73,,206726,11,,,0,30,,206727,11,,,0,69,,206728,11,,,0,30,,206739,11,,,0,72,,206729,11,,,0,30,,206730,11,,,0,70,,206731,11,,,0,30,,206732,11,,,0,80,,206733,11,,,0,30,,206734,11,,,0,71,,206735,11,,,0,99,,206736,11,,,0,100,,206737,11,,,0,100,,206738,11,,,0
667801,'3_merged_15726440',801,,206740,11,,,0,31,,206741,11,,,0,70,,206742,11,,,0,31,,206743,11,,,0,69,,206744,11,,,0,29,,206745,11,,,0,22,,206746,11,,,0,71,,206747,11,,,0,33,,206748,11,,,0,75,,206749,11,,,0,75,,206750,11,,,0,25,,206751,11,,,0,69,,206752,11,,,0,30,,206753,11,,,0,70,,206754,11,,,0,30,,206755,11,,,0,71,,206756,11,,,0,30,,206757,11,,,0,70,,206758,11,,,0,30,,206759,11,,,0,69,,206760,11,,,0,31,,206761,11,,,0,70,,206762,11,,,0,30,,206763,11,,,0,70,,206764,11,,,0,27,,206765,11,,,0,73,,206766,11,,,0,19,,206767,11,,,0,96,,206768,11,,,0,101,,206769,11,,,0,100,,206770,11,,,0
667900,'101_merged_15726436',1533,,206771,20,,,0,3,,206772,20,,,0
667900,'1_merged_15726439',557,,206773,25,,,0,67,,206774,25,,,0,26,,206775,25,,,0,74,,206776,25,,,0,26,,206777,25,,,0,77,,206778,25,,,0,32,,206779,25,,,0,75,,206780,25,,,0,23,,206781,25,,,0,70,,206782,25,,,0,30,,206783,25,,,0,71,,206784,25,,,0,22,,206785,25,,,0,73,,206786,25,,,0,24,,206787,25,,,0,70,,206788,25,,,0,31,,206789,25,,,0,71,,206790,25,,,0,28,,206791,25,,,0,72,,206792,25,,,0,30,,206793,25,,,0,66,,206794,25,,,0,29,,206795,25,,,0,72,,206796,25,,,0,31,,206797,25,,,0,77,,206798,25,,,0,77,,206799,25,,,0,27,,206800,25,,,0,76,,206801,25,,,0,26,,206802,25,,,0,23,,206803,25,,,0,72,,206804,25,,,0,28,,206805,25,,,0,69,,206806,25,,,0,30,,206807,25,,,0
667900,'2_merged_15726441',716,,206808,25,,,0,35,,206809,25,,,0,71,,206810,25,,,0,33,,206811,25,,,0,69,,206812,25,,,0,17,,206813,25,,,0,80,,206814,25,,,0,36,,206815,25,,,0,69,,206816,25,,,0,32,,206817,25,,,0,69,,206818,25,,,0,28,,206819,25,,,0,68,,206820,25,,,0,30,,206821,25,,,0,69,,206822,25,,,0,30,,206823,25,,,0,70,,206824,25,,,0,30,,206825,25,,,0,70,,206826,25,,,0,30,,206827,25,,,0,70,,206828,25,,,0,30,,206829,25,,,0,75,,206830,25,,,0,29,,206831,25,,,0,70,,206832,25,,,0,28,,206833,25,,,0,70,,206834,25,,,0,32,,206835,25,,,0,69,,206836,25,,,0,30,,206839,25,,,0,68,,206837,25,,,0,30,,206838,25,,,0
667900,'3_merged_15726440',825,,206840,25,,,0,28,,206841,25,,,0,72,,206842,25,,,0,31,,206843,25,,,0,71,,206844,25,,,0,31,,206845,25,,,0,67,,206846,25,,,0,30,,206847,25,,,0,76,,206848,25,,,0,28,,206849,25,,,0,69,,206850,25,,,0,76,,206851,25,,,0,30,,206852,25,,,0,68,,206853,25,,,0,30,,206854,25,,,0,70,,206855,25,,,0,30,,206856,25,,,0,70,,206857,25,,,0,30,,206858,25,,,0,71,,206859,25,,,0,28,,206860,25,,,0,69,,206861,25,,,0,28,,206862,25,,,0,30,,206863,25,,,0,69,,206864,25,,,0,29,,206865,25,,,0,69,,206866,25,,,0,30,,206867,25,,,0,70,,206868,25,,,0,27,,206869,25,,,0
668301,'1_merged_15726439',647,,207731,14,,,0,7,,207732,14,,,0,48,,207733,14,,,0,10,,207734,14,,,0,16,,207735,14,,,0,14,,207736,14,,,0,16,,207737,14,,,0,47,,207738,14,,,0,11,,207739,14,,,0,9,,207740,14,,,0,11,,207741,14,,,0,17,,207742,14,,,0
683701,'1_merged_15726439',2559,,223851,15,,,0
683701,'2_merged_15726441',547,,223854,15,,,0,2057,,223853,15,,,0
683701,'3_merged_15726440',612,,223855,15,,,0,39,,223856,15,,,0,71,,223857,15,,,0,31,,223858,15,,,0,1559,,223859,15,0,50 51,0,124,,223862,15,,,0,73,,223863,15,,,0,30,,223864,15,0,50 51,0,78,,223865,15,,,0,29,,223866,15,,,0
