672700,'101_merged_15726436',1633,,216259,49,,,0
672700,'1_merged_15726439',457,,216271,49,,,0,63,,216272,49,,,0,81,,216260,49,,,0,21,,216273,49,,,0,20,,216274,49,,,0,59,,216275,49,,,0,19,,216276,49,,,0,27,,216277,49,,,0,63,,216278,49,,,0,25,,216279,49,,,0,69,,216280,49,,,0,21,,216281,49,,,0,19,,216282,49,,,0,63,,216283,49,,,0,30,,216284,49,,,0,70,,216285,49,,,0,29,,216286,49,,,0,70,,216287,49,,,0,23,,216288,49,,,0,71,,216289,49,,,0,30,,216290,49,,,0,28,,216291,49,,,0,68,,216292,49,,,0,19,,216293,49,,,0,67,,216294,49,,,0,30,,216295,49,,,0,64,,216296,49,,,0,45,,216297,49,,,0,61,,216298,49,,,0,10,,216299,49,,,0,25,,216300,49,,,0,55,,216301,49,,,0,19,,216302,49,,,0,28,,216303,49,,,0,71,,216304,49,,,0,27,,216261,49,,,0,69,,216270,49,,,0,26,,216262,49,,,0,71,,216263,49,,,0,30,,216268,49,,,0,79,,216269,49,,,0,30,,216264,49,,,0,74,,216265,49,,,0,94,,216266,49,,,0,104,,216267,49,,,0
672700,'201_merged_15726444',1633,,216305,49,,,0
672700,'2_merged_15726441',720,,216324,49,,,0,31,,216309,49,,,0,75,,216316,49,,,0,31,,216340,49,,,0,69,,216306,49,,,0,32,,216317,49,,,0,70,,216308,49,,,0,74,,216329,49,,,0,33,,216307,49,,,0,68,,216336,49,,,0,36,,216311,49,,,0,69,,216313,49,,,0,32,,216314,49,,,0,70,,216312,49,,,0,31,,216319,49,,,0,69,,216320,49,,,0,30,,216338,49,,,0,71,,216321,49,,,0,29,,216330,49,,,0,69,,216331,49,,,0,29,,216332,49,,,0,69,,216333,49,,,0,29,,216327,49,,,0,67,,216335,49,,,0,31,,216326,49,,,0,67,,216328,49,,,0,29,,216322,49,,,0,70,,216323,49,,,0,26,,216339,49,,,0,30,,216318,49,,,0,70,,216334,49,,,0,30,,216315,49,,,0,71,,216310,49,,,0,106,,216325,49,,,0,92,,216337,49,,,0
672700,'3_merged_15726440',809,,216341,49,,,0,101,,216350,49,,,0,92,,216353,49,,,0,44,,216361,49,,,0,69,,216355,49,,,0,29,,216368,49,,,0,70,,216344,49,,,0,30,,216371,49,,,0,71,,216357,49,,,0,32,,216358,49,,,0,69,,216359,49,,,0,31,,216345,49,,,0,68,,216343,49,,,0,32,,216367,49,,,0,69,,216369,49,,,0,29,,216372,49,,,0,69,,216360,49,,,0,28,,216365,49,,,0,68,,216366,49,,,0,28,,216363,49,,,0,69,,216342,49,,,0,29,,216354,49,,,0,69,,216351,49,,,0,30,,216352,49,,,0,67,,216348,49,,,0,29,,216349,49,,,0,70,,216370,49,,,0,29,,216356,49,,,0,29,,216362,49,,,0,68,,216346,49,,,0,98,,216347,49,,,0,96,,216364,49,,,0
673000,'101_merged_15726436',1614,,217004,10,,,0
673000,'1_merged_15726439',513,,217024,10,,,0,15,,217025,10,,,0,16,,217026,10,,,0,15,,217027,10,,,0,51,,217071,10,,,0,10,,217028,10,,,0,12,,217029,10,,,0,10,,217030,10,,,0,11,,217031,10,,,0,50,,217032,10,,,0,10,,217033,10,,,0,13,,217034,10,,,0,10,,217070,10,,,0,10,,217035,10,,,0,10,,217036,10,,,0,52,,217037,10,,,0,12,,217038,10,,,0,12,,217039,10,,,0,14,,217040,10,,,0,12,,217041,10,,,0,52,,217042,10,,,0,11,,217043,10,,,0,11,,217069,10,,,0,12,,217044,10,,,0,12,,217045,10,,,0,55,,217046,10,,,0,15,,217047,10,,,0,15,,217048,10,,,0,61,,217049,10,,,0,20,,217050,10,,,0,20,,217051,10,,,0,60,,217052,10,,,0,20,,217053,10,,,0,20,,217054,10,,,0,60,,217055,10,,,0,21,,217056,10,,,0,20,,217057,10,,,0,16,,217058,10,,,0,55,,217059,10,,,0,16,,217060,10,,,0,15,,217061,10,,,0,13,,217062,10,,,0,55,,217063,10,,,0,13,,217064,10,,,0,15,,217065,10,,,0,12,,217066,10,,,0,52,,217067,10,,,0,20,,217068,10,,,0,12,,217005,10,,,0,11,,217006,10,,,0,52,,217007,10,,,0,12,,217008,10,,,0,12,,217009,10,,,0,12,,217010,10,,,0,11,,217011,10,,,0,11,,217012,10,,,0,55,,217013,10,,,0,15,,217014,10,,,0,15,,217015,10,,,0,14,,217016,10,,,0,67,,217017,10,,,0,30,,217018,10,,,0,67,,217019,10,,,0,33,,217020,10,,,0,70,,217021,10,,,0,100,,217022,10,,,0,100,,217023,10,,,0
673000,'201_merged_15726444',1614,,217072,10,,,0
673000,'2_merged_15726441',706,,217100,10,,,0,20,,217088,10,,,0,20,,217090,10,,,0,60,,217110,10,,,0,21,,217087,10,,,0,23,,217099,10,,,0,60,,217111,10,,,0,21,,217086,10,,,0,23,,217098,10,,,0,60,,217112,10,,,0,21,,217085,10,,,0,21,,217102,10,,,0,60,,217097,10,,,0,21,,217084,10,,,0,16,,217117,10,,,0,56,,217103,10,,,0,19,,217073,10,,,0,18,,217104,10,,,0,54,,217118,10,,,0,14,,217083,10,,,0,16,,217096,10,,,0,15,,217082,10,,,0,56,,217119,10,,,0,15,,217105,10,,,0,15,,217095,10,,,0,15,,217081,10,,,0,55,,217106,10,,,0,15,,217113,10,,,0,15,,217094,10,,,0,16,,217080,10,,,0,55,,217107,10,,,0,15,,217093,10,,,0,15,,217114,10,,,0,15,,217079,10,,,0,54,,217109,10,,,0,15,,217092,10,,,0,14,,217115,10,,,0,15,,217108,10,,,0,13,,217120,10,,,0,55,,217078,10,,,0,14,,217091,10,,,0,16,,217077,10,,,0,59,,217116,10,,,0,20,,217089,10,,,0,24,,217076,10,,,0,70,,217101,10,,,0,28,,217075,10,,,0,70,,217074,10,,,0,99,,217121,10,,,0,94,,217122,10,,,0
673000,'3_merged_15726440',809,,217156,10,,,0,18,,217136,10,,,0,20,,217146,10,,,0,62,,217157,10,,,0,22,,217135,10,,,0,23,,217145,10,,,0,63,,217158,10,,,0,22,,217134,10,,,0,61,,217148,10,,,0,21,,217144,10,,,0,20,,217133,10,,,0,60,,217149,10,,,0,20,,217123,10,,,0,20,,217150,10,,,0,62,,217132,10,,,0,20,,217143,10,,,0,20,,217131,10,,,0,60,,217151,10,,,0,19,,217142,10,,,0,15,,217161,10,,,0,15,,217130,10,,,0,55,,217152,10,,,0,15,,217141,10,,,0,15,,217162,10,,,0,15,,217129,10,,,0,55,,217153,10,,,0,13,,217140,10,,,0,16,,217163,10,,,0,15,,217128,10,,,0,55,,217155,10,,,0,14,,217139,10,,,0,15,,217164,10,,,0,15,,217154,10,,,0,55,,217127,10,,,0,14,,217138,10,,,0,18,,217126,10,,,0,20,,217159,10,,,0,60,,217137,10,,,0,20,,217125,10,,,0,19,,217160,10,,,0,60,,217147,10,,,0,20,,217165,10,,,0,20,,217124,10,,,0,99,,217166,10,,,0,97,,217167,10,,,0
