662200,'101_merged_15727747',1516,,190427,2,0,24 14 8,0
662200,'152201_merged_15727756',2127,,190429,53,0,24 14 8,0,18,,190430,53,0,24 14 8,0,62,,190431,53,0,24 14 8,0,17,,190432,53,0,24 14 8,0,21,,190433,53,0,24 14 8,0,64,,190434,53,0,24 14 8,0,19,,190435,53,0,24 14 8,0,16,,190436,53,0,24 14 8,0,60,,190437,53,0,24 14 8,0,31,,190438,53,0,24 14 8,0,69,,190439,53,,,0,33,,190440,53,,,0
662200,'152301_merged_15727764',2127,,190441,53,0,24 14 8,0,18,,190442,53,0,24 14 8,0,62,,190443,53,0,24 14 8,0,17,,190444,53,0,24 14 8,0,21,,190445,53,0,24 14 8,0,64,,190446,53,0,24 14 8,0,19,,190447,53,0,24 14 8,0,16,,190448,53,0,24 14 8,0,60,,190449,53,0,24 14 8,0,31,,190450,53,0,24 14 8,0,69,,190451,53,,,0,33,,190452,53,,,0
662200,'1_merged_15727750',551,,190453,2,0,24 14 8,0,56,,190454,53,0,24 14 8,0,14,,190455,26,0,24 14 8,0,15,,190456,53,0,24 14 8,0,12,,190457,26,0,24 14 8,0,52,,190458,53,0,24 14 8,0,12,,190459,53,0,24 14 8,0,12,,190460,53,0,24 14 8,0,11,,190461,53,0,24 14 8,0,10,,190462,53,0,24 14 8,0,9,,190463,53,0,24 14 8,0,48,,190464,53,0,24 14 8,0,8,,190465,53,0,24 14 8,0,7,,190466,53,0,24 14 8,0,7,,190467,53,0,24 14 8,0,6,,190468,53,0,24 14 8,0,7,,190533,53,0,24 14 8,0,6,,190469,53,0,24 14 8,0,8,,190470,53,0,24 14 8,0,6,,190471,53,0,24 14 8,0,47,,190472,53,0,24 14 8,0,7,,190473,53,0,24 14 8,0,7,,190474,53,0,24 14 8,0,8,,190475,53,0,24 14 8,0,7,,190476,53,0,24 14 8,0,8,,190477,53,0,24 14 8,0,9,,190478,53,0,24 14 8,0,50,,190479,53,0,24 14 8,0,11,,190480,53,0,24 14 8,0,12,,190481,53,0,24 14 8,0,12,,190537,53,0,24 14 8,0,12,,190482,53,0,24 14 8,0,10,,190483,53,0,24 14 8,0,51,,190484,53,0,24 14 8,0,12,,190485,53,0,24 14 8,0,11,,190538,53,0,24 14 8,0,12,,190486,53,0,24 14 8,0,12,,190487,53,0,24 14 8,0,52,,190488,53,0,24 14 8,0,12,,190489,53,0,24 14 8,0,12,,190539,53,0,24 14 8,0,12,,190490,53,0,24 14 8,0,12,,190491,53,0,24 14 8,0,52,,190492,53,0,24 14 8,0,12,,190493,53,0,24 14 8,0,12,,190540,53,0,24 14 8,0,12,,190494,53,0,24 14 8,0,12,,190495,53,0,24 14 8,0,52,,190496,53,0,24 14 8,0,11,,190541,53,0,24 14 8,0,12,,190497,53,0,24 14 8,0,12,,190498,53,0,24 14 8,0,13,,190499,53,0,24 14 8,0,53,,190500,53,0,24 14 8,0,13,,190529,53,0,24 14 8,0,9,,190530,53,0,24 14 8,0,8,,190534,53,0,24 14 8,0,8,,190531,53,0,24 14 8,0,8,,190532,53,0,24 14 8,0,48,,190501,53,0,24 14 8,0,8,,190535,53,0,24 14 8,0,8,,190536,53,0,24 14 8,0,8,,190502,53,0,24 14 8,0,8,,190503,53,0,24 14 8,0,8,,190504,53,0,24 14 8,0,8,,190505,53,0,24 14 8,0,8,,190506,53,0,24 14 8,0,48,,190507,53,0,24 14 8,0,8,,190508,53,0,24 14 8,0,8,,190509,53,0,24 14 8,0,9,,190510,53,0,24 14 8,0,9,,190511,53,0,24 14 8,0,10,,190512,53,0,24 14 8,0,9,,190513,53,0,24 14 8,0,50,,190514,53,0,24 14 8,0,10,,190515,53,0,24 14 8,0,10,,190516,53,0,24 14 8,0,10,,190517,53,0,24 14 8,0,9,,190518,53,0,24 14 8,0,10,,190519,53,0,24 14 8,0,52,,190520,53,0,24 14 8,0,12,,190521,53,0,24 14 8,0,12,,190522,53,0,24 14 8,0,12,,190542,53,0,24 14 8,0,13,,190523,53,0,24 14 8,0,53,,190524,53,0,24 14 8,0,15,,190525,53,0,24 14 8,0,15,,190526,53,0,24 14 8,0,15,,190527,53,0,24 14 8,0,55,,190528,53,0,24 14 8,0
662200,'2_merged_15727752',552,,190550,2,0,24 14 8,0,75,,190621,28,0,24 14 8,0,24,,190544,55,0,24 14 8,0,60,,190618,55,0,24 14 8,0,20,,190553,55,0,24 14 8,0,19,,190620,55,0,24 14 8,0,55,,190555,55,0,24 14 8,0,13,,190547,55,0,24 14 8,0,15,,190615,55,0,24 14 8,0,15,,190617,55,0,24 14 8,0,55,,190616,55,0,24 14 8,0,15,,190546,55,0,24 14 8,0,15,,190613,55,0,24 14 8,0,15,,190614,55,0,24 14 8,0,52,,190566,55,0,24 14 8,0,12,,190567,55,0,24 14 8,0,12,,190627,55,0,24 14 8,0,12,,190568,55,0,24 14 8,0,11,,190569,55,0,24 14 8,0,12,,190570,55,0,24 14 8,0,52,,190571,55,0,24 14 8,0,12,,190628,55,0,24 14 8,0,12,,190572,55,0,24 14 8,0,9,,190573,55,0,24 14 8,0,12,,190574,55,0,24 14 8,0,52,,190575,55,0,24 14 8,0,12,,190576,55,0,24 14 8,0,12,,190577,55,0,24 14 8,0,14,,190578,55,0,24 14 8,0,12,,190579,55,0,24 14 8,0,50,,190580,55,0,24 14 8,0,10,,190581,55,0,24 14 8,0,10,,190582,55,0,24 14 8,0,10,,190583,55,0,24 14 8,0,9,,190622,55,0,24 14 8,0,10,,190584,55,0,24 14 8,0,50,,190585,55,0,24 14 8,0,10,,190586,55,0,24 14 8,0,10,,190587,55,0,24 14 8,0,10,,190588,55,0,24 14 8,0,10,,190623,55,0,24 14 8,0,10,,190589,55,0,24 14 8,0,50,,190590,55,0,24 14 8,0,10,,190559,55,0,24 14 8,0,10,,190591,55,0,24 14 8,0,10,,190592,55,0,24 14 8,0,10,,190624,55,0,24 14 8,0,10,,190593,55,0,24 14 8,0,50,,190594,55,0,24 14 8,0,11,,190595,55,0,24 14 8,0,11,,190596,55,0,24 14 8,0,11,,190597,55,0,24 14 8,0,10,,190625,55,0,24 14 8,0,50,,190598,55,0,24 14 8,0,10,,190599,55,0,24 14 8,0,10,,190600,55,0,24 14 8,0,10,,190601,55,0,24 14 8,0,10,,190626,55,0,24 14 8,0,10,,190602,55,0,24 14 8,0,50,,190603,55,0,24 14 8,0,10,,190604,55,0,24 14 8,0,10,,190605,55,0,24 14 8,0,12,,190619,55,0,24 14 8,0,16,,190607,55,0,24 14 8,0,55,,190565,55,0,24 14 8,0,15,,190551,55,0,24 14 8,0,15,,190556,55,0,24 14 8,0,15,,190557,55,0,24 14 8,0,55,,190558,55,0,24 14 8,0,15,,190560,55,0,24 14 8,0,15,,190561,55,0,24 14 8,0,15,,190562,55,0,24 14 8,0,55,,190563,55,0,24 14 8,0,14,,190564,53,0,24 14 8,0,15,,190606,53,0,24 14 8,0,15,,190549,53,0,24 14 8,0,55,,190543,53,0,24 14 8,0,17,,190545,53,0,24 14 8,0,22,,190554,53,0,24 14 8,0,64,,190611,53,0,24 14 8,0,22,,190552,53,0,24 14 8,0,22,,190609,53,0,24 14 8,0,60,,190608,53,0,24 14 8,0,25,,190548,53,0,24 14 8,0,70,,190610,53,,,0,30,,190612,53,,,0
662200,'3_merged_15727751',642,,190629,55,,,0,72,,190630,55,,,0,25,,190631,55,0,24 14 8,0,20,,190632,55,0,24 14 8,0,61,,190633,55,0,24 14 8,0,19,,190634,55,0,24 14 8,0,13,,190635,55,0,24 14 8,0,55,,190636,55,0,24 14 8,0,13,,190637,55,0,24 14 8,0,15,,190638,55,0,24 14 8,0,17,,190639,55,0,24 14 8,0,55,,190640,55,0,24 14 8,0,14,,190641,55,0,24 14 8,0,14,,190642,55,0,24 14 8,0,15,,190643,55,0,24 14 8,0,55,,190644,55,0,24 14 8,0,16,,190645,55,0,24 14 8,0,15,,190646,55,0,24 14 8,0,11,,190647,55,0,24 14 8,0,12,,190648,55,0,24 14 8,0,52,,190649,55,0,24 14 8,0,11,,190650,55,0,24 14 8,0,12,,190651,55,0,24 14 8,0,12,,190652,55,0,24 14 8,0,12,,190653,55,0,24 14 8,0,53,,190654,55,0,24 14 8,0,12,,190655,55,0,24 14 8,0,12,,190656,55,0,24 14 8,0,11,,190657,55,0,24 14 8,0,12,,190658,55,0,24 14 8,0,52,,190659,55,0,24 14 8,0,12,,190660,55,0,24 14 8,0,12,,190661,55,0,24 14 8,0,13,,190662,55,0,24 14 8,0,12,,190663,55,0,24 14 8,0,53,,190664,55,0,24 14 8,0,12,,190665,55,0,24 14 8,0,12,,190666,55,0,24 14 8,0,12,,190667,55,0,24 14 8,0,52,,190668,55,0,24 14 8,0,13,,190669,55,0,24 14 8,0,12,,190670,55,0,24 14 8,0,13,,190671,55,0,24 14 8,0,13,,190672,55,0,24 14 8,0,52,,190673,55,0,24 14 8,0,12,,190674,55,0,24 14 8,0,13,,190675,55,0,24 14 8,0,12,,190676,55,0,24 14 8,0,14,,190677,55,0,24 14 8,0,55,,190678,55,0,24 14 8,0,16,,190679,55,0,24 14 8,0,15,,190680,55,0,24 14 8,0,16,,190681,55,0,24 14 8,0,55,,190682,55,0,24 14 8,0,15,,190683,55,0,24 14 8,0,15,,190684,55,0,24 14 8,0,15,,190685,55,0,24 14 8,0,55,,190686,55,0,24 14 8,0,15,,190687,55,0,24 14 8,0,16,,190688,55,0,24 14 8,0,17,,190689,55,0,24 14 8,0,56,,190690,55,0,24 14 8,0,17,,190691,53,0,24 14 8,0,16,,190692,53,0,24 14 8,0,57,,190693,53,0,24 14 8,0,18,,190694,53,0,24 14 8,0,19,,190695,53,0,24 14 8,0,60,,190696,53,0,24 14 8,0,20,,190697,53,0,24 14 8,0,20,,190698,53,0,24 14 8,0,64,,190699,53,0,24 14 8,0,28,,190700,53,,,0,70,,190701,53,,,0,29,,190702,53,,,0
683800,'1_merged_15727750',2629,,223868,22,,,0,19,,223870,22,,,0,60,,223867,22,,,0,20,,223869,22,,,0,73,,223871,22,,,0,23,,223872,22,,,0,30,,223873,22,,,0,78,,223874,22,,,0
683800,'2_merged_15727752',2633,,223877,22,,,0,16,,223878,22,,,0,56,,223876,22,,,0,30,,223875,22,,,0,70,,223879,22,,,0,30,,223880,22,,,0,70,,223881,22,,,0,20,,223882,22,,,0
683800,'3_merged_15727751',2628,,223883,22,,,0,30,,223884,22,,,0,70,,223885,22,,,0,76,,223886,22,,,0,20,,223887,22,,,0,31,,223888,22,,,0,70,,223889,22,,,0
1671800,'1_merged_15727750',516,,226298,25,,,0,7,,226297,54,,,0,16,,226331,25,,,0,63,,226299,54,,,0,4,,226293,50,,,0,13,,226294,54,,,0,13,,226300,50,,,0,13,,226301,54,,,0,55,,226302,54,,,0,16,,226303,54,,,0,14,,226304,54,,,0,15,,226291,54,,,0,14,,226292,54,,,0,54,,226308,54,,,0,14,,226309,54,,,0,14,,226310,54,,,0,15,,226311,54,,,0,55,,226312,54,,,0,13,,226313,54,,,0,13,,226314,54,,,0,14,,226315,54,,,0,54,,226316,54,,,0,14,,226317,54,,,0,15,,226318,54,,,0,15,,226319,54,,,0,55,,226320,54,,,0,15,,226321,54,,,0,17,,226322,54,,,0,15,,226323,54,,,0,55,,226324,54,,,0,16,,226325,54,,,0,16,,226326,54,,,0,15,,226327,54,,,0,55,,226305,54,,,0,15,,226306,54,,,0,12,,226295,25,,,0,5,,226307,54,,,0,15,,226284,54,,,0,56,,226285,54,,,0,15,,226286,54,,,0,16,,226256,54,,,0,15,,226257,54,,,0,56,,226258,54,,,0,8,,226259,54,,,0,8,,226296,54,,,0,14,,226260,54,,,0,12,,226261,54,,,0,50,,226332,25,,,0,5,,226262,54,,,0,13,,226263,54,,,0,12,,226264,54,,,0,10,,226334,54,,,0,10,,226265,54,,,0,50,,226266,54,,,0,9,,226267,54,,,0,10,,226268,54,,,0,10,,226269,54,,,0,9,,226270,54,,,0,9,,226271,54,,,0,49,,226272,54,,,0,9,,226333,54,,,0,9,,226273,54,,,0,9,,226274,54,,,0,10,,226275,54,,,0,10,,226276,54,,,0,52,,226277,54,,,0,12,,226278,54,,,0,12,,226279,54,,,0,12,,226280,54,,,0
1671800,'2_merged_15727752',524,,226363,57,,,0,17,,226359,28,,,0,14,,226360,28,,,0,50,,226394,57,,,0,21,,226395,57,,,0,15,,226372,57,,,0,12,,226361,28,,,0,5,,226373,57,,,0,60,,226374,57,,,0,20,,226375,57,,,0,15,,226376,57,,,0,54,,226377,57,,,0,14,,226378,57,,,0,13,,226380,57,,,0,13,,226381,57,,,0,56,,226382,57,,,0,16,,226383,57,,,0,15,,226384,57,,,0,15,,226385,57,,,0,9,,226429,28,,,0,46,,226386,57,,,0,15,,226387,57,,,0,9,,226371,28,,,0,6,,226388,57,,,0,15,,226389,57,,,0,56,,226390,57,,,0,8,,226362,28,,,0,7,,226391,57,,,0,15,,226392,57,,,0,12,,226393,57,,,0,12,,226379,57,,,0,54,,226364,57,,,0,5,,226430,28,,,0,7,,226396,57,,,0,14,,226397,57,,,0,12,,226398,57,,,0,53,,226399,57,,,0,6,,226431,28,,,0,5,,226365,57,,,0,10,,226400,57,,,0,10,,226401,57,,,0,10,,226402,57,,,0,10,,226403,57,,,0,50,,226404,57,,,0,9,,226366,57,,,0,10,,226405,57,,,0,10,,226406,57,,,0,10,,226407,57,,,0,10,,226408,57,,,0,51,,226409,57,,,0,11,,226367,57,,,0,11,,226410,57,,,0,10,,226411,57,,,0,10,,226412,57,,,0,10,,226413,57,,,0,50,,226414,57,,,0,10,,226368,57,,,0,10,,226415,57,,,0,10,,226416,57,,,0,10,,226418,57,,,0,10,,226419,57,,,0,50,,226420,57,,,0,10,,226369,57,,,0,9,,226421,57,,,0,10,,226422,57,,,0,10,,226417,57,,,0,9,,226423,57,,,0,50,,226424,57,,,0,10,,226370,57,,,0,10,,226425,57,,,0,9,,226426,57,,,0,12,,226427,57,,,0,12,,226335,57,,,0,52,,226336,57,,,0,12,,226337,57,,,0,13,,226338,57,,,0
1671800,'3_merged_15727751',555,,226512,57,,,0,62,,226453,57,,,0,20,,226459,57,,,0,64,,226460,57,,,0,11,,226435,28,,,0,15,,226513,57,,,0,20,,226461,57,,,0,54,,226463,57,,,0,15,,226436,57,,,0,16,,226462,57,,,0,13,,226464,57,,,0,13,,226465,57,,,0,54,,226466,57,,,0,15,,226467,57,,,0,11,,226434,28,,,0,4,,226468,57,,,0,16,,226469,57,,,0,56,,226470,57,,,0,19,,226471,57,,,0,16,,226472,57,,,0,56,,226473,57,,,0,16,,226474,57,,,0,15,,226475,57,,,0,14,,226476,57,,,0,53,,226477,57,,,0,8,,226498,28,,,0,6,,226497,57,,,0,13,,226478,57,,,0,13,,226479,57,,,0,13,,226480,57,,,0,52,,226437,57,,,0,11,,226481,57,,,0,12,,226482,57,,,0,12,,226483,57,,,0,12,,226484,57,,,0,52,,226438,57,,,0,13,,226485,57,,,0,12,,226486,57,,,0,13,,226487,57,,,0,12,,226488,57,,,0,52,,226449,57,,,0,13,,226489,57,,,0,12,,226490,57,,,0,13,,226491,57,,,0,12,,226492,57,,,0,52,,226450,57,,,0,12,,226493,57,,,0,13,,226494,57,,,0,12,,226495,57,,,0,52,,226458,57,,,0,10,,226451,57,,,0,11,,226496,57,,,0,12,,226454,57,,,0,12,,226455,57,,,0,12,,226456,57,,,0,52,,226452,57,,,0,11,,226439,57,,,0,13,,226440,57,,,0,14,,226441,57,,,0,54,,226442,57,,,0,15,,226443,57,,,0,15,,226444,57,,,0
