668000,'101_merged_15727747',1557,,206966,17,,,0
668000,'1_merged_15727750',647,,206967,17,,,0,100,,206968,17,,,0,69,,206969,11,,,0,31,,206970,17,,,0,70,,206971,17,,,0,21,,206972,17,,,0,70,,206973,17,,,0,31,,206974,17,,,0,72,,206975,17,,,0,31,,206976,17,,,0,68,,206977,17,,,0,31,,206978,17,,,0,70,,206979,17,,,0,28,,206980,17,,,0,68,,206981,17,,,0,29,,206982,17,,,0,71,,206983,17,,,0,11,,207003,17,,,0,20,,206984,17,,,0,71,,206985,17,,,0,15,,206986,17,,,0,14,,206987,17,,,0,62,,206988,17,,,0,12,,206989,17,,,0,17,,206990,17,,,0,10,,206991,17,,,0,19,,206992,17,,,0,52,,206993,17,,,0,16,,206994,17,,,0,14,,206995,17,,,0,16,,206996,17,,,0,60,,206997,17,,,0,102,,206998,17,,,0,100,,206999,17,,,0,101,,207000,17,,,0,100,,207001,17,,,0,99,,207002,17,,,0
668000,'201_merged_15727755',1557,,207004,17,,,0
668000,'2_merged_15727752',643,,207005,17,,,0,74,,207006,17,,,0,31,,207007,17,,,0,70,,207008,17,,,0,30,,207009,17,,,0,57,,207010,17,,,0,25,,207011,17,,,0,16,,207012,17,,,0,56,,207013,17,,,0,14,,207014,17,,,0,15,,207015,17,,,0,15,,207016,17,,,0,55,,207017,17,,,0,15,,207018,17,,,0,15,,207019,17,,,0,16,,207020,17,,,0,55,,207021,17,,,0,15,,207022,17,,,0,15,,207023,17,,,0,15,,207024,17,,,0,55,,207025,17,,,0,16,,207026,17,,,0,15,,207027,17,,,0,15,,207028,17,,,0,55,,207029,17,,,0,16,,207030,17,,,0,15,,207031,17,,,0,15,,207032,17,,,0,55,,207033,17,,,0,15,,207034,17,,,0,16,,207035,17,,,0,14,,207036,17,,,0,55,,207037,17,,,0,15,,207038,17,,,0,16,,207039,17,,,0,15,,207040,17,,,0,54,,207041,17,,,0,15,,207042,17,,,0,15,,207043,17,,,0,15,,207044,17,,,0,55,,207045,17,,,0,15,,207046,17,,,0,15,,207047,17,,,0,15,,207048,17,,,0,68,,207049,17,,,0,100,,207050,17,,,0,101,,207054,17,,,0,100,,207051,17,,,0,99,,207052,17,,,0,100,,207053,17,,,0
668000,'3_merged_15727751',744,,207055,17,,,0,65,,207056,17,,,0,38,,207057,17,,,0,70,,207058,17,,,0,15,,207059,17,,,0,15,,207060,17,,,0,55,,207061,17,,,0,15,,207062,17,,,0,15,,207063,17,,,0,14,,207064,17,,,0,57,,207065,17,,,0,17,,207066,17,,,0,15,,207067,17,,,0,15,,207068,17,,,0,55,,207069,17,,,0,15,,207070,17,,,0,15,,207071,17,,,0,15,,207072,17,,,0,55,,207073,17,,,0,15,,207074,17,,,0,19,,207075,17,,,0,13,,207076,17,,,0,55,,207077,17,,,0,15,,207078,17,,,0,15,,207079,17,,,0,15,,207080,17,,,0,54,,207081,17,,,0,16,,207082,17,,,0,13,,207083,17,,,0,17,,207084,17,,,0,55,,207085,17,,,0,16,,207086,17,,,0,14,,207087,17,,,0,15,,207088,17,,,0,55,,207089,17,,,0,15,,207090,17,,,0,15,,207091,17,,,0,15,,207092,17,,,0,55,,207093,17,,,0,12,,207094,17,,,0,14,,207095,17,,,0,14,,207096,17,,,0,70,,207097,17,,,0,101,,207098,17,,,0,101,,207099,17,,,0,98,,207100,17,,,0,99,,207101,17,,,0
668500,'101_merged_15727747',1638,,207743,11,,,0,63,,207744,11,,,0
668500,'1_merged_15727750',539,,207745,4,,,0,68,,207746,4,,,0,15,,207747,4,,,0,10,,207748,4,,,0,68,,207749,4,,,0,15,,207750,11,,,0,16,,207751,11,,,0,12,,207752,11,,,0,14,,207753,11,,,0,58,,207754,11,,,0,13,,207755,11,,,0,20,,207756,11,,,0,56,,207757,11,,,0,32,,207758,11,,,0,67,,207759,11,,,0,19,,207760,11,,,0,33,,207761,11,,,0,65,,207762,11,,,0,27,,207763,11,,,0,67,,207764,11,,,0,32,,207765,11,,,0,71,,207766,11,,,0,29,,207767,11,,,0,70,,207768,11,,,0,27,,207769,11,,,0,66,,207770,11,,,0,25,,207771,11,,,0,13,,207772,11,,,0,58,,207773,11,,,0,10,,207774,11,,,0,32,,207775,11,,,0,65,,207776,11,,,0,11,,207777,11,,,0,12,,207778,11,,,0,6,,207779,11,,,0,13,,207780,11,,,0,54,,207781,11,,,0,17,,207782,11,,,0,17,,207783,11,,,0,64,,207784,11,,,0,26,,207785,11,,,0,99,,207786,11,,,0,96,,207787,11,,,0,104,,207788,11,,,0,96,,207789,11,,,0,101,,207790,11,,,0
668500,'201_merged_15727755',1638,,207791,11,,,0,63,,207792,11,,,0
668500,'2_merged_15727752',557,,207807,4,,,0,71,,207824,4,,,0,30,,207793,4,,,0,69,,207794,11,,,0,29,,207795,11,,,0,70,,207796,11,,,0,30,,207797,11,,,0,69,,207798,11,,,0,30,,207799,11,,,0,71,,207800,11,,,0,30,,207801,11,,,0,75,,207802,11,,,0,22,,207803,11,,,0,71,,207804,11,,,0,30,,207805,11,,,0,71,,207806,11,,,0,28,,207825,11,,,0,69,,207808,11,,,0,29,,207823,11,,,0,71,,207809,11,,,0,30,,207810,11,,,0,70,,207811,11,,,0,29,,207822,11,,,0,73,,207819,11,,,0,29,,207820,11,,,0,73,,207812,11,,,0,30,,207813,11,,,0,66,,207814,11,,,0,104,,207821,11,,,0,100,,207815,11,,,0,100,,207816,11,,,0,98,,207817,11,,,0,98,,207818,11,,,0
668500,'3_merged_15727751',822,,207826,11,,,0,102,,207827,11,,,0,100,,207828,11,,,0,31,,207829,11,,,0,73,,207830,11,,,0,27,,207831,11,,,0,72,,207832,11,,,0,30,,207833,11,,,0,69,,207834,11,,,0,30,,207835,11,,,0,71,,207836,11,,,0,29,,207837,11,,,0,70,,207838,11,,,0,32,,207839,11,,,0,68,,207840,11,,,0,30,,207841,11,,,0,68,,207842,11,,,0,32,,207843,11,,,0,69,,207844,11,,,0,75,,207845,11,,,0,22,,207846,11,,,0,103,,207847,11,,,0,100,,207848,11,,,0,97,,207849,11,,,0,106,,207850,11,,,0,96,,207851,11,,,0
668600,'1_merged_15727750',758,,207962,11,,,0,865,,207963,11,,,0,28,,207964,11,,,0,80,,207965,11,,,0,73,,207966,11,,,0,34,,207967,11,,,0
