674500,'101_merged_15727747',1457,,218558,1,0,91 92,0
674500,'1_merged_15727750',1648,,218559,1,0,91 92,0,81,,218560,1,0,91 92,0,28,,218561,1,0,91 92,0,73,,218562,1,0,91 92,0,77,,218563,1,0,91 92,0
674501,'101_merged_15727747',1457,,218564,13,4,,0
674501,'1_merged_15727750',1648,,218565,13,4,,0,81,,218566,13,4,,0,28,,218567,13,4,,0,73,,218568,13,4,,0,77,,218569,13,4,,0
682300,'1_merged_15727750',753,,223144,1,,,0,69,,223156,1,,,0,30,,223138,1,,,0,70,,223157,1,,,0,29,,223158,1,,,0,70,,223139,1,,,0,30,,223140,1,,,0,70,,223141,1,,,0,30,,223142,1,,,0,70,,223145,1,,,0,31,,223146,1,,,0,70,,223147,1,,,0,25,,223150,1,,,0,70,,223151,1,,,0,85,,223152,1,,,0,25,,223153,1,,,0,25,,223148,1,,,0,70,,223143,1,,,0,30,,223159,1,,,0,71,,223160,1,,,0,28,,223154,1,,,0,70,,223149,1,,,0,30,,223155,1,,,0
682300,'2_merged_15727752',851,,223167,1,,,0,71,,223166,1,,,0,30,,223165,1,,,0,69,,223164,1,,,0,30,,223163,1,,,0,70,,223162,1,,,0,30,,223161,1,,,0,70,,223181,1,,,0,30,,223180,1,,,0,70,,223179,1,,,0,31,,223178,1,,,0,69,,223177,1,,,0,30,,223176,1,,,0,70,,223175,1,,,0,30,,223174,1,,,0,71,,223173,1,,,0,30,,223172,1,,,0,70,,223171,1,,,0,30,,223170,1,,,0,70,,223169,1,,,0,30,,223168,1,,,0
682300,'3_merged_15727751',852,,223195,1,,,0,80,,223196,1,,,0,79,,223197,1,,,0,40,,223182,1,,,0,80,,223183,1,,,0,80,,223184,1,,,0,41,,223185,1,,,0,80,,223186,1,,,0,79,,223187,1,,,0,40,,223188,1,,,0,80,,223189,1,,,0,80,,223190,1,,,0,40,,223191,1,,,0,80,,223192,1,,,0,80,,223193,1,,,0,40,,223194,1,,,0
682301,'1_merged_15727750',753,,223218,13,4,,0,69,,223202,13,4,,0,30,,223203,13,4,,0,70,,223204,13,4,,0,29,,223205,13,4,,0,70,,223206,13,4,,0,30,,223207,13,4,,0,70,,223208,13,4,,0,30,,223209,13,4,,0,70,,223211,13,4,,0,31,,223212,13,4,,0,70,,223213,13,4,,0,25,,223214,13,4,,0,70,,223215,13,4,,0,85,,223210,13,4,,0,25,,223216,13,4,,0,25,,223198,13,4,,0,70,,223217,13,4,,0,30,,223219,13,4,,0,71,,223220,13,4,,0,28,,223200,13,4,,0,70,,223199,13,4,,0,30,,223201,13,4,,0
682301,'2_merged_15727752',851,,223241,13,4,,0,71,,223240,13,4,,0,30,,223239,13,4,,0,69,,223238,13,4,,0,30,,223237,13,4,,0,70,,223236,13,4,,0,30,,223235,13,4,,0,70,,223221,13,4,,0,30,,223234,13,4,,0,70,,223233,13,4,,0,31,,223232,13,4,,0,69,,223231,13,4,,0,30,,223230,13,4,,0,70,,223229,13,4,,0,30,,223228,13,4,,0,71,,223227,13,4,,0,30,,223226,13,4,,0,70,,223224,13,4,,0,30,,223225,13,4,,0,70,,223223,13,4,,0,30,,223222,13,4,,0
682301,'3_merged_15727751',852,,223242,13,4,,0,80,,223243,13,4,,0,79,,223244,13,4,,0,40,,223245,13,4,,0,80,,223246,13,4,,0,80,,223247,13,4,,0,41,,223248,13,4,,0,80,,223249,13,4,,0,79,,223250,13,4,,0,40,,223251,13,4,,0,80,,223252,13,4,,0,80,,223253,13,4,,0,40,,223254,13,4,,0,80,,223255,13,4,,0,80,,223256,13,4,,0,40,,223257,13,4,,0
