661401,'2_merged_15727752',605,,186511,4,0,16 17,0,34,,186489,25,0,16 17,0,20,,186510,25,0,16 17,0,60,,186473,25,0,16 17,0,20,,186456,25,0,16 17,0,19,,186450,25,0,16 17,0,60,,186455,25,,,0,19,,186453,25,,,0,18,,186501,25,,,0,55,,186475,25,,,0,15,,186481,25,,,0,15,,186498,25,,,0,16,,186500,25,,,0,55,,186462,25,,,0,14,,186458,25,,,0,15,,186490,25,,,0,15,,186503,25,,,0,55,,186499,25,,,0,14,,186461,25,,,0,14,,186468,25,,,0,13,,186469,25,,,0,54,,186470,25,,,0,12,,186471,25,,,0,12,,186451,25,,,0,12,,186482,25,,,0,12,,186488,25,,,0,53,,186513,25,,,0,13,,186479,25,,,0,12,,186480,25,,,0,13,,186515,25,,,0,12,,186497,25,,,0,52,,186514,25,,,0,12,,186452,25,,,0,11,,186457,25,,,0,12,,186516,25,,,0,11,,186484,25,,,0,52,,186486,25,,,0,12,,186472,25,,,0,12,,186493,25,,,0,12,,186517,25,,,0,12,,186460,25,,,0,52,,186509,25,,,0,11,,186492,25,,,0,12,,186476,25,,,0,11,,186518,25,,,0,12,,186477,25,,,0,52,,186454,25,,,0,12,,186459,25,,,0,12,,186464,25,,,0,17,,186504,25,,,0,55,,186505,25,,,0,15,,186519,25,,,0,15,,186506,25,,,0,15,,186507,25,,,0,58,,186508,25,,,0,21,,186495,25,,,0,21,,186502,25,,,0,61,,186463,25,,,0,21,,186474,25,,,0,21,,186496,5,,,0
661401,'3_merged_15727751',647,,186520,25,0,16 17,0,80,,186521,25,0,16 17,0,30,,186522,25,0,16 17,0,67,,186523,25,0,16 17,0,27,,186524,25,,,0,65,,186525,25,,,0,20,,186526,25,,,0,20,,186527,25,,,0,60,,186528,25,,,0,18,,186529,25,,,0,18,,186530,25,,,0,56,,186531,25,,,0,17,,186532,25,,,0,17,,186533,25,,,0,16,,186534,25,,,0,56,,186535,25,,,0,16,,186536,25,,,0,15,,186537,25,,,0,55,,186538,25,,,0,15,,186539,25,,,0,15,,186540,25,,,0,14,,186541,25,,,0,13,,186542,25,,,0,52,,186543,25,,,0,12,,186544,25,,,0,12,,186545,25,,,0,12,,186546,25,,,0,12,,186547,25,,,0,52,,186548,25,,,0,12,,186549,25,,,0,12,,186550,25,,,0,11,,186551,25,,,0,12,,186552,25,,,0,53,,186553,25,,,0,14,,186554,25,,,0,14,,186555,25,,,0,14,,186556,25,,,0,56,,186557,25,,,0,15,,186558,25,,,0,15,,186559,25,,,0,15,,186560,25,,,0,55,,186561,25,,,0,15,,186562,25,,,0,15,,186563,25,,,0,15,,186564,25,,,0,57,,186565,25,,,0,18,,186566,25,,,0,20,,186567,25,,,0,59,,186568,25,,,0,20,,186569,25,,,0,21,,186570,5,,,0,57,,186571,5,,,0
661701,'152201_merged_15727756',2200,,188111,33,,,0
661701,'2_merged_15727752',608,,188197,4,,,0,20,,188198,33,,,0,21,,188199,33,,,0,60,,188200,33,,,0,20,,188201,33,,,0,20,,188202,33,,,0,55,,188203,33,,,0,14,,188204,33,,,0,15,,188205,33,,,0,15,,188206,33,,,0,55,,188207,33,,,0,15,,188208,33,,,0,15,,188209,33,,,0,15,,188210,33,,,0,55,,188211,33,,,0,15,,188212,33,,,0,15,,188213,33,,,0,15,,188214,33,,,0,54,,188215,33,,,0,15,,188216,33,,,0,15,,188217,33,,,0,15,,188218,33,,,0,55,,188219,33,,,0,15,,188220,33,,,0,15,,188221,33,,,0,15,,188222,33,,,0,55,,188223,33,,,0,16,,188224,33,,,0,16,,188225,33,,,0,16,,188226,33,,,0,55,,188227,33,,,0,16,,188228,33,,,0,15,,188229,33,,,0,12,,188230,33,,,0,11,,188231,33,,,0,52,,188232,33,,,0,11,,188233,33,,,0,12,,188234,33,,,0,12,,188235,33,,,0,12,,188236,33,,,0,52,,188237,33,,,0,12,,188238,33,,,0,12,,188239,33,,,0,12,,188240,33,,,0,11,,188241,33,,,0,52,,188242,33,,,0,12,,188243,33,,,0,12,,188244,33,,,0,12,,188245,33,,,0,12,,188246,33,,,0,55,,188247,33,,,0,15,,188248,33,,,0,15,,188249,33,,,0,15,,188250,33,,,0,60,,188251,33,,,0,20,,188252,33,,,0,20,,188253,33,,,0,60,,188254,33,,,0,20,,188255,33,,,0
661701,'3_merged_15727751',637,,188271,33,,,0,74,,188272,33,,,0,30,,188273,33,,,0,73,,188274,33,,,0,30,,188275,33,,,0,63,,188276,33,,,0,20,,188277,33,,,0,20,,188278,33,,,0,60,,188279,33,,,0,20,,188280,33,,,0,20,,188281,33,,,0,56,,188282,33,,,0,15,,188283,33,,,0,15,,188284,33,,,0,15,,188285,33,,,0,55,,188286,33,,,0,15,,188287,33,,,0,15,,188288,33,,,0,15,,188289,33,,,0,55,,188290,33,,,0,15,,188291,33,,,0,15,,188292,33,,,0,15,,188293,33,,,0,55,,188294,33,,,0,15,,188295,33,,,0,15,,188296,33,,,0,15,,188297,33,,,0,55,,188298,33,,,0,15,,188299,33,,,0,15,,188300,33,,,0,14,,188301,33,,,0,55,,188302,33,,,0,15,,188303,33,,,0,15,,188304,33,,,0,15,,188305,33,,,0,55,,188306,33,,,0,15,,188307,33,,,0,15,,188308,33,,,0,15,,188309,33,,,0,56,,188310,33,,,0,15,,188311,33,,,0,18,,188312,33,,,0,20,,188313,33,,,0,60,,188314,33,,,0,21,,188315,33,,,0,20,,188316,33,,,0,60,,188317,33,,,0,20,,188318,33,,,0
662001,'2_merged_15727752',510,,189860,4,,,0,20,,189861,4,,,0,19,,189862,4,,,0,61,,189863,4,,,0,20,,189864,4,,,0,20,,189865,4,,,0,55,,189866,4,,,0,15,,189867,4,,,0,15,,189868,4,,,0,14,,189869,4,,,0,55,,189870,4,,,0,15,,189871,4,,,0,15,,189872,4,,,0,15,,189873,4,,,0,55,,189874,4,,,0,15,,189875,4,,,0,15,,189876,4,,,0,15,,189877,4,,,0,56,,189878,4,,,0,15,,189879,4,,,0,15,,189880,4,,,0,15,,189881,4,,,0,55,,189882,4,,,0,15,,189883,4,,,0,15,,189884,4,,,0,15,,189885,4,,,0,55,,189886,4,,,0,15,,189887,4,,,0,15,,189888,4,,,0,15,,189889,4,,,0,55,,189890,4,,,0,15,,189891,4,,,0,15,,189892,4,,,0,15,,189893,4,,,0,55,,189894,4,,,0,15,,189895,4,,,0,15,,189896,4,,,0,15,,189897,4,,,0,55,,189898,4,,,0,15,,189899,4,,,0,15,,189900,4,,,0,15,,189901,4,,,0,55,,189902,4,,,0,15,,189903,4,,,0,15,,189904,4,,,0,15,,189905,4,,,0,55,,189906,4,,,0,15,,189907,4,,,0,15,,189908,4,,,0,15,,189909,4,,,0,55,,189910,4,,,0,15,,189911,4,,,0,15,,189912,4,,,0,15,,189913,4,,,0,55,,189914,4,,,0,15,,189915,4,,,0,15,,189916,4,,,0,15,,189917,4,,,0,55,,189918,4,,,0,15,,189919,4,,,0,15,,189920,4,,,0,15,,189921,4,,,0
662001,'3_merged_15727751',556,,189935,4,,,0,60,,189936,4,,,0,20,,189937,4,,,0,20,,189938,4,,,0,60,,189939,4,,,0,20,,189940,4,,,0,20,,189941,4,,,0,55,,189942,4,,,0,14,,189943,4,,,0,15,,189944,4,,,0,16,,189945,4,,,0,55,,189946,4,,,0,15,,189947,4,,,0,15,,189948,4,,,0,15,,189949,4,,,0,55,,189950,4,,,0,13,,189951,4,,,0,13,,189952,4,,,0,15,,189953,4,,,0,56,,189954,4,,,0,15,,189955,4,,,0,15,,189956,4,,,0,15,,189957,4,,,0,55,,189958,4,,,0,15,,189959,4,,,0,15,,189960,4,,,0,15,,189961,4,,,0,55,,189962,4,,,0,15,,189963,4,,,0,15,,189964,4,,,0,15,,189965,4,,,0,55,,189966,4,,,0,15,,189967,4,,,0,15,,189968,4,,,0,15,,189969,4,,,0,55,,189970,4,,,0,15,,189971,4,,,0,15,,189972,4,,,0,15,,189973,4,,,0,55,,189974,4,,,0,15,,189975,4,,,0,15,,189976,4,,,0,15,,189977,4,,,0,55,,189978,4,,,0,15,,189979,4,,,0,15,,189980,4,,,0,15,,189981,4,,,0,55,,189982,4,,,0,15,,189983,4,,,0,15,,189984,4,,,0,15,,189985,4,,,0,55,,189986,4,,,0,15,,189987,4,,,0,15,,189988,4,,,0,16,,189989,4,,,0,55,,189990,4,,,0,15,,189991,4,,,0,15,,189992,4,,,0,15,,189993,4,,,0
662201,'2_merged_15727752',544,,190875,46,,,0,60,,190823,46,,,0,20,,190885,46,,,0,20,,190883,41,,,0,59,,190819,46,,,0,16,,190816,41,,,0,16,,190878,46,,,0,18,,190824,41,,,0,55,,190882,41,,,0,15,,190821,46,,,0,17,,190814,41,,,0,15,,190879,41,,,0,56,,190877,41,,,0,15,,190892,41,,,0,16,,190820,41,,,0,15,,190888,41,,,0,59,,190815,41,,,0,15,,190825,41,,,0,13,,190832,41,,,0,12,,190898,41,,,0,52,,190833,41,,,0,12,,190834,41,,,0,12,,190835,41,,,0,12,,190844,41,,,0,12,,190899,41,,,0,51,,190837,41,,,0,12,,190881,41,,,0,12,,190838,41,,,0,12,,190839,41,,,0,12,,190900,41,,,0,52,,190840,41,,,0,12,,190841,41,,,0,12,,190842,41,,,0,12,,190843,41,,,0,12,,190845,41,,,0,54,,190846,41,,,0,12,,190847,41,,,0,11,,190848,41,,,0,10,,190849,41,,,0,9,,190850,41,,,0,49,,190851,41,,,0,8,,190893,41,,,0,10,,190852,41,,,0,10,,190853,41,,,0,10,,190854,41,,,0,10,,190855,41,,,0,10,,190856,41,,,0,51,,190896,41,,,0,10,,190857,41,,,0,10,,190858,41,,,0,10,,190859,41,,,0,10,,190860,41,,,0,10,,190861,41,,,0,50,,190894,41,,,0,10,,190862,41,,,0,9,,190863,41,,,0,10,,190864,41,,,0,10,,190865,41,,,0,11,,190866,41,,,0,50,,190895,41,,,0,10,,190867,41,,,0,10,,190868,41,,,0,11,,190869,41,,,0,10,,190870,41,,,0,50,,190871,41,,,0,9,,190872,41,,,0,12,,190897,41,,,0,12,,190873,41,,,0,11,,190826,41,,,0,56,,190827,41,,,0,15,,190836,41,,,0,15,,190828,41,,,0,14,,190829,41,,,0,15,,190830,41,,,0
662201,'3_merged_15727751',634,,190901,46,,,0,21,,190902,46,,,0,59,,190903,46,,,0,21,,190904,46,,,0,21,,190905,46,,,0,63,,190906,46,,,0,18,,190907,41,,,0,16,,190908,46,,,0,55,,190909,41,,,0,15,,190910,41,,,0,16,,190911,41,,,0,15,,190912,41,,,0,55,,190913,41,,,0,15,,190914,41,,,0,16,,190915,41,,,0,15,,190916,41,,,0,55,,190917,41,,,0,13,,190918,41,,,0,14,,190919,41,,,0,12,,190920,41,,,0,52,,190921,41,,,0,12,,190922,41,,,0,12,,190923,41,,,0,14,,190924,41,,,0,12,,190925,41,,,0,52,,190926,41,,,0,12,,190927,41,,,0,12,,190928,41,,,0,12,,190929,41,,,0,12,,190930,41,,,0,52,,190931,41,,,0,10,,190932,41,,,0,12,,190933,41,,,0,12,,190934,41,,,0,12,,190935,41,,,0,52,,190936,41,,,0,12,,190937,41,,,0,12,,190938,41,,,0,13,,190939,41,,,0,12,,190940,41,,,0,52,,190941,41,,,0,12,,190942,41,,,0,12,,190943,41,,,0,12,,190944,41,,,0,12,,190945,41,,,0,52,,190946,41,,,0,12,,190947,41,,,0,13,,190948,41,,,0,14,,190949,41,,,0,14,,190950,41,,,0,54,,190951,41,,,0,15,,190952,41,,,0,15,,190953,41,,,0,15,,190954,41,,,0,55,,190955,41,,,0,15,,190956,41,,,0,12,,190957,41,,,0,15,,190958,41,,,0,55,,190959,41,,,0,17,,190960,41,,,0,20,,190961,41,,,0
663701,'2_merged_15727752',503,,196390,7,0,127 128 89,0,20,,196391,7,0,127 128 89,0,20,,196392,7,0,127 128 89,0,60,,196393,7,0,127 128 89,0,20,,196394,7,0,127 128 89,0,20,,196395,7,0,127 128 89,0,60,,196396,7,0,127 128 89,0,20,,196397,7,0,127 128 89,0,20,,196398,7,0,127 128 89,0,59,,196399,7,0,127 128 89,0,21,,196400,7,0,127 128 89,0,15,,196401,7,0,127 128 89,0,16,,196402,7,0,127 128 89,0,58,,196403,7,0,127 128 89,0,18,,196404,7,0,127 128 89,0,18,,196405,7,0,127 128 89,0,58,,196406,7,0,127 128 89,0,17,,196407,7,0,127 128 89,0,18,,196408,7,0,127 128 89,0,18,,196409,7,0,127 128 89,0,56,,196410,7,0,127 128 89,0,14,,196411,7,0,127 128 89,0,14,,196412,7,0,127 128 89,0,14,,196413,7,0,127 128 89,0,52,,196414,7,0,127 128 89,0,14,,196415,7,0,127 128 89,0,15,,196416,7,0,127 128 89,0,14,,196417,7,0,127 128 89,0,55,,196418,7,0,127 128 89,0,15,,196419,7,0,127 128 89,0,16,,196420,7,0,127 128 89,0,16,,196421,7,0,127 128 89,0,56,,196422,7,0,127 128 89,0,16,,196423,7,0,127 128 89,0,15,,196424,7,0,127 128 89,0,12,,196425,7,0,127 128 89,0,52,,196426,7,0,127 128 89,0,12,,196427,7,0,127 128 89,0,12,,196428,7,0,127 128 89,0,12,,196429,7,0,127 128 89,0,12,,196430,7,0,127 128 89,0,52,,196431,7,0,127 128 89,0,11,,196432,7,0,127 128 89,0,12,,196433,7,0,127 128 89,0,12,,196434,7,0,127 128 89,0,12,,196435,7,0,127 128 89,0,52,,196436,7,0,127 128 89,0,12,,196437,7,0,127 128 89,0,12,,196438,7,0,127 128 89,0,12,,196439,7,0,127 128 89,0,12,,196440,7,0,127 128 89,0,52,,196441,7,0,127 128 89,0,13,,196442,7,0,127 128 89,0,12,,196443,7,0,127 128 89,0,11,,196444,7,0,127 128 89,0,13,,196445,7,0,127 128 89,0,55,,196446,7,0,127 128 89,0,19,,196447,7,0,127 128 89,0,21,,196448,7,0,127 128 89,0,60,,196449,7,0,127 128 89,0,18,,196450,7,0,127 128 89,0,21,,196451,7,0,127 128 89,0
663701,'3_merged_15727751',437,,196464,7,0,127 128 89,0,70,,196465,7,0,127 128 89,0,33,,196466,7,0,127 128 89,0,70,,196467,7,0,127 128 89,0,31,,196468,7,0,127 128 89,0,62,,196469,7,0,127 128 89,0,20,,196470,7,0,127 128 89,0,19,,196471,7,0,127 128 89,0,61,,196472,7,0,127 128 89,0,20,,196473,7,0,127 128 89,0,19,,196474,7,0,127 128 89,0,60,,196475,7,0,127 128 89,0,19,,196476,7,0,127 128 89,0,19,,196477,7,0,127 128 89,0,17,,196478,7,0,127 128 89,0,57,,196479,7,0,127 128 89,0,18,,196480,7,0,127 128 89,0,18,,196481,7,0,127 128 89,0,57,,196482,7,0,127 128 89,0,15,,196483,7,0,127 128 89,0,16,,196484,7,0,127 128 89,0,16,,196485,7,0,127 128 89,0,54,,196486,7,0,127 128 89,0,15,,196487,7,0,127 128 89,0,15,,196488,7,0,127 128 89,0,15,,196489,7,0,127 128 89,0,55,,196490,7,0,127 128 89,0,15,,196491,7,0,127 128 89,0,15,,196492,7,0,127 128 89,0,15,,196493,7,0,127 128 89,0,55,,196494,7,0,127 128 89,0,15,,196495,7,0,127 128 89,0,15,,196496,7,0,127 128 89,0,15,,196497,7,0,127 128 89,0,55,,196498,7,0,127 128 89,0,14,,196499,7,0,127 128 89,0,15,,196500,7,0,127 128 89,0,15,,196501,7,0,127 128 89,0,55,,196502,7,0,127 128 89,0,15,,196503,7,0,127 128 89,0,15,,196504,7,0,127 128 89,0,16,,196505,7,0,127 128 89,0,55,,196506,7,0,127 128 89,0,15,,196507,7,0,127 128 89,0,16,,196508,7,0,127 128 89,0,20,,196509,7,0,127 128 89,0,60,,196510,7,0,127 128 89,0,20,,196511,7,0,127 128 89,0,20,,196512,7,0,127 128 89,0,62,,196513,7,0,127 128 89,0,20,,196514,7,0,127 128 89,0,60,,196515,7,0,127 128 89,0,20,,196516,7,0,127 128 89,0,20,,196517,7,0,127 128 89,0,60,,196518,7,0,127 128 89,0
1671801,'2_merged_15727752',332,,226716,4,,,0,70,,226714,4,,,0,39,,226715,4,,,0,78,,226630,4,,,0,37,,226672,26,,,0,57,,226673,26,,,0,15,,226685,26,,,0,14,,226686,26,,,0,58,,226687,26,,,0,15,,226688,26,,,0,12,,226689,26,,,0,16,,226690,26,,,0,15,,226691,26,,,0,56,,226641,26,,,0,15,,226692,26,,,0,15,,226693,26,,,0,56,,226694,26,,,0,16,,226695,26,,,0,15,,226696,26,,,0,16,,226697,26,,,0,56,,226698,26,,,0,16,,226699,26,,,0,16,,226700,26,,,0,12,,226684,26,,,0,12,,226635,26,,,0,52,,226636,26,,,0,14,,226637,26,,,0,12,,226638,26,,,0,11,,226634,26,,,0,52,,226639,26,,,0,12,,226640,26,,,0,11,,226642,26,,,0,12,,226643,26,,,0,12,,226666,26,,,0,10,,226644,26,,,0,50,,226645,26,,,0,10,,226646,26,,,0,10,,226647,26,,,0,10,,226648,26,,,0,11,,226667,26,,,0,10,,226658,26,,,0,50,,226659,26,,,0,10,,226660,26,,,0,10,,226661,26,,,0,10,,226662,26,,,0,10,,226668,26,,,0,10,,226663,26,,,0,50,,226664,26,,,0,10,,226665,26,,,0,10,,226649,26,,,0,10,,226631,26,,,0,10,,226669,26,,,0,10,,226650,26,,,0,50,,226651,26,,,0,10,,226652,26,,,0,10,,226653,26,,,0,10,,226654,26,,,0,10,,226670,26,,,0,10,,226655,26,,,0,50,,226656,26,,,0,10,,226657,26,,,0,10,,226674,26,,,0,10,,226675,26,,,0,10,,226671,26,,,0,52,,226676,26,,,0,12,,226677,26,,,0,12,,226678,26,,,0,12,,226679,26,,,0,11,,226680,26,,,0,12,,226681,26,,,0,53,,226682,26,,,0,13,,226683,26,,,0,13,,226701,4,,,0,15,,226702,4,,,0,55,,226703,4,,,0,15,,226704,4,,,0,14,,226705,4,,,0,15,,226706,4,,,0
1671801,'3_merged_15727751',330,,226798,4,,,0,70,,226796,4,,,0,38,,226797,4,,,0,75,,226768,4,,,0,28,,226781,4,,,0,87,,226782,26,,,0,22,,226783,26,,,0,62,,226784,26,,,0,22,,226785,26,,,0,16,,226795,26,,,0,55,,226786,26,,,0,16,,226787,26,,,0,17,,226788,26,,,0,15,,226789,26,,,0,55,,226790,26,,,0,16,,226791,26,,,0,15,,226792,26,,,0,15,,226793,26,,,0,55,,226794,26,,,0,16,,226717,26,,,0,15,,226719,26,,,0,15,,226720,26,,,0,55,,226721,26,,,0,15,,226722,26,,,0,15,,226723,26,,,0,15,,226773,26,,,0,55,,226724,26,,,0,15,,226725,26,,,0,13,,226726,26,,,0,12,,226774,26,,,0,52,,226727,26,,,0,11,,226731,26,,,0,12,,226732,26,,,0,12,,226733,26,,,0,12,,226775,26,,,0,52,,226734,26,,,0,12,,226735,26,,,0,12,,226736,26,,,0,12,,226737,26,,,0,12,,226776,26,,,0,52,,226738,26,,,0,12,,226718,26,,,0,12,,226739,26,,,0,12,,226740,26,,,0,12,,226777,26,,,0,52,,226741,26,,,0,12,,226742,26,,,0,12,,226743,26,,,0,12,,226744,26,,,0,14,,226778,26,,,0,52,,226745,26,,,0,13,,226746,26,,,0,12,,226747,26,,,0,12,,226748,26,,,0,13,,226779,26,,,0,53,,226749,26,,,0,13,,226780,26,,,0,15,,226750,26,,,0,15,,226751,26,,,0,55,,226752,26,,,0,15,,226753,26,,,0,15,,226754,4,,,0,15,,226755,4,,,0,56,,226756,4,,,0,15,,226757,4,,,0,15,,226771,4,,,0,15,,226758,4,,,0
