661401,'152201_merged_15726445',2125,,186377,11,,,0,21,,186376,11,,,0,58,,186368,11,,,0,19,,186369,11,,,0,19,,186371,11,,,0,60,,186370,11,,,0,20,,186372,11,,,0,20,,186373,11,,,0,60,,186374,11,,,0,23,,186375,11,,,0
661401,'152301_merged_15726453',2125,,186387,11,,,0,21,,186378,11,,,0,58,,186379,11,,,0,19,,186380,11,,,0,19,,186381,11,,,0,60,,186382,11,,,0,20,,186383,11,,,0,20,,186384,11,,,0,60,,186385,11,,,0,23,,186386,11,,,0
661401,'1_merged_15726439',606,,186389,31,0,16 17,0,20,,186403,31,0,16 17,0,20,,186404,31,,,0,60,,186448,31,,,0,20,,186437,31,,,0,15,,186435,31,,,0,15,,186436,31,,,0,55,,186444,31,,,0,15,,186440,31,,,0,15,,186407,31,,,0,15,,186402,31,,,0,55,,186412,31,,,0,16,,186408,31,,,0,15,,186409,31,,,0,15,,186410,31,,,0,55,,186411,31,,,0,15,,186418,31,,,0,15,,186419,31,,,0,15,,186420,31,,,0,55,,186421,31,,,0,15,,186405,31,,,0,15,,186388,31,,,0,15,,186414,31,,,0,55,,186439,31,,,0,15,,186392,31,,,0,15,,186432,31,,,0,15,,186433,31,,,0,55,,186390,31,,,0,15,,186441,31,,,0,15,,186427,31,,,0,15,,186434,31,,,0,55,,186443,31,,,0,15,,186423,31,,,0,15,,186406,31,,,0,15,,186445,31,,,0,53,,186446,31,,,0,12,,186449,31,,,0,12,,186399,31,,,0,12,,186400,31,,,0,12,,186393,31,,,0,52,,186430,31,,,0,12,,186431,31,,,0,12,,186424,31,,,0,11,,186422,31,,,0,12,,186425,31,,,0,52,,186438,31,,,0,12,,186415,31,,,0,12,,186416,31,,,0,12,,186442,31,,,0,12,,186396,31,,,0,51,,186426,31,,,0,12,,186401,31,,,0,12,,186397,31,,,0,12,,186394,31,,,0,12,,186398,31,,,0,52,,186395,31,,,0,17,,186391,31,,,0,17,,186417,31,,,0,60,,186429,31,,,0,20,,186428,31,,,0,20,,186413,31,,,0,60,,186447,31,,,0
661401,'2_merged_15726441',615,,186511,11,0,16 17,0,35,,186489,32,0,16 17,0,60,,186510,32,0,16 17,0,20,,186473,32,0,16 17,0,20,,186456,32,0,16 17,0,60,,186450,32,0,16 17,0,21,,186455,32,,,0,19,,186453,32,,,0,58,,186501,32,,,0,15,,186475,32,,,0,15,,186481,32,,,0,15,,186498,32,,,0,56,,186500,32,,,0,15,,186462,32,,,0,15,,186458,32,,,0,15,,186490,32,,,0,55,,186503,32,,,0,15,,186499,32,,,0,14,,186461,32,,,0,14,,186468,32,,,0,55,,186469,32,,,0,14,,186470,32,,,0,12,,186471,32,,,0,12,,186451,32,,,0,12,,186482,32,,,0,52,,186488,32,,,0,13,,186513,32,,,0,13,,186479,32,,,0,12,,186480,32,,,0,53,,186515,32,,,0,12,,186497,32,,,0,12,,186514,32,,,0,12,,186452,32,,,0,11,,186457,32,,,0,12,,186516,32,,,0,51,,186484,32,,,0,12,,186486,32,,,0,12,,186472,32,,,0,12,,186493,32,,,0,12,,186517,32,,,0,52,,186460,32,,,0,12,,186509,32,,,0,12,,186492,32,,,0,12,,186476,32,,,0,11,,186518,32,,,0,52,,186477,32,,,0,12,,186454,32,,,0,11,,186459,32,,,0,12,,186464,32,,,0,15,,186504,32,,,0,55,,186505,32,,,0,15,,186519,32,,,0,15,,186506,32,,,0,15,,186507,32,,,0,58,,186508,32,,,0,21,,186495,32,,,0,21,,186502,32,,,0,61,,186463,32,,,0,20,,186474,32,,,0,61,,186496,12,,,0,20,,186512,11,,,0,20,,186467,11,,,0,60,,186465,11,,,0,21,,186466,11,,,0,20,,186494,11,,,0,60,,186491,11,,,0,20,,186478,11,,,0,20,,186487,11,,,0,60,,186483,11,,,0,22,,186485,11,,,0
661401,'3_merged_15726440',658,,186520,32,0,16 17,0,80,,186521,32,0,16 17,0,70,,186522,32,0,16 17,0,27,,186523,32,0,16 17,0,67,,186524,32,,,0,25,,186525,32,,,0,22,,186526,32,,,0,60,,186527,32,,,0,20,,186528,32,,,0,18,,186529,32,,,0,58,,186530,32,,,0,16,,186531,32,,,0,17,,186532,32,,,0,17,,186533,32,,,0,56,,186534,32,,,0,16,,186535,32,,,0,16,,186536,32,,,0,15,,186537,32,,,0,55,,186538,32,,,0,15,,186539,32,,,0,15,,186540,32,,,0,14,,186541,32,,,0,53,,186542,32,,,0,12,,186543,32,,,0,12,,186544,32,,,0,12,,186545,32,,,0,12,,186546,32,,,0,52,,186547,32,,,0,12,,186548,32,,,0,12,,186549,32,,,0,12,,186550,32,,,0,12,,186551,32,,,0,52,,186552,32,,,0,14,,186553,32,,,0,14,,186554,32,,,0,14,,186555,32,,,0,54,,186556,32,,,0,15,,186557,32,,,0,15,,186558,32,,,0,15,,186559,32,,,0,55,,186560,32,,,0,15,,186561,32,,,0,15,,186562,32,,,0,15,,186563,32,,,0,55,,186564,32,,,0,17,,186565,32,,,0,18,,186566,32,,,0,60,,186567,32,,,0,16,,186568,32,,,0,20,,186569,32,,,0,21,,186570,12,,,0,57,,186571,12,,,0,20,,186572,11,,,0,19,,186573,11,,,0,63,,186574,11,,,0,26,,186575,11,,,0,60,,186576,11,,,0,19,,186577,11,,,0,18,,186578,11,,,0,62,,186579,11,,,0,24,,186580,11,,,0
661701,'152201_merged_15726445',2115,,188109,39,,,0,20,,188110,39,,,0,20,,188108,39,,,0,57,,188111,38,,,0,19,,188112,39,,,0,20,,188113,39,,,0,60,,188114,39,,,0,20,,188115,38,,,0,20,,188116,38,,,0,60,,188117,38,,,0,20,,188118,38,,,0,15,,188119,38,,,0,70,,188120,38,,,0
661701,'152301_merged_15726453',2115,,188121,39,,,0,20,,188122,39,,,0,20,,188123,39,,,0,57,,188124,39,,,0,19,,188125,39,,,0,20,,188126,39,,,0,60,,188127,39,,,0,20,,188128,38,,,0,20,,188129,38,,,0,60,,188130,38,,,0,20,,188131,38,,,0,15,,188132,38,,,0,70,,188133,38,,,0
661701,'1_merged_15726439',552,,188195,11,,,0,81,,188134,39,,,0,22,,188135,39,,,0,61,,188136,39,,,0,15,,188137,39,,,0,13,,188138,39,,,0,13,,188139,39,,,0,53,,188140,39,,,0,13,,188141,39,,,0,13,,188142,39,,,0,13,,188143,39,,,0,53,,188144,39,,,0,13,,188145,39,,,0,13,,188146,39,,,0,12,,188147,40,,,0,12,,188148,39,,,0,53,,188149,39,,,0,14,,188150,39,,,0,15,,188151,39,,,0,15,,188152,39,,,0,55,,188153,39,,,0,15,,188154,39,,,0,14,,188155,39,,,0,15,,188156,39,,,0,55,,188157,39,,,0,15,,188158,39,,,0,15,,188159,39,,,0,15,,188160,39,,,0,54,,188161,39,,,0,15,,188162,39,,,0,15,,188163,39,,,0,16,,188164,39,,,0,56,,188165,39,,,0,15,,188166,39,,,0,16,,188167,39,,,0,15,,188168,39,,,0,55,,188169,39,,,0,15,,188170,39,,,0,15,,188171,39,,,0,13,,188172,39,,,0,53,,188173,39,,,0,14,,188174,39,,,0,13,,188175,39,,,0,13,,188176,40,,,0,13,,188177,39,,,0,53,,188178,40,,,0,13,,188179,39,,,0,13,,188180,39,,,0,13,,188181,40,,,0,13,,188182,39,,,0,51,,188183,40,,,0,12,,188184,39,,,0,12,,188185,40,,,0,12,,188186,39,,,0,12,,188187,40,,,0,56,,188188,39,,,0,21,,188189,39,,,0,21,,188190,39,,,0,61,,188191,39,,,0,20,,188192,39,,,0,18,,188193,39,,,0
661701,'2_merged_15726441',619,,188197,9,,,0,20,,188198,40,,,0,61,,188199,40,,,0,20,,188200,40,,,0,20,,188201,40,,,0,60,,188202,40,,,0,15,,188203,40,,,0,15,,188204,40,,,0,16,,188205,40,,,0,55,,188206,40,,,0,15,,188207,40,,,0,15,,188208,40,,,0,15,,188209,40,,,0,55,,188210,40,,,0,15,,188211,40,,,0,15,,188212,40,,,0,15,,188213,40,,,0,55,,188214,40,,,0,15,,188215,40,,,0,15,,188216,40,,,0,16,,188217,40,,,0,55,,188218,40,,,0,15,,188219,40,,,0,15,,188220,40,,,0,15,,188221,40,,,0,55,,188222,40,,,0,15,,188223,40,,,0,16,,188224,40,,,0,16,,188225,40,,,0,56,,188226,40,,,0,15,,188227,40,,,0,16,,188228,40,,,0,15,,188229,40,,,0,52,,188230,40,,,0,11,,188231,40,,,0,12,,188232,40,,,0,11,,188233,40,,,0,12,,188234,40,,,0,52,,188235,40,,,0,12,,188236,40,,,0,12,,188237,40,,,0,12,,188238,40,,,0,11,,188239,40,,,0,52,,188240,38,,,0,12,,188241,40,,,0,12,,188242,40,,,0,12,,188243,40,,,0,12,,188244,40,,,0,52,,188245,38,,,0,12,,188246,40,,,0,15,,188247,40,,,0,15,,188248,40,,,0,15,,188249,40,,,0,55,,188250,38,,,0,20,,188251,40,,,0,20,,188252,40,,,0,60,,188253,40,,,0,20,,188254,38,,,0,20,,188255,38,,,0,61,,188256,39,,,0,21,,188257,39,,,0,20,,188258,39,,,0,58,,188259,39,,,0,19,,188260,39,,,0,20,,188261,39,,,0,60,,188262,39,,,0,20,,188263,38,,,0,20,,188264,38,,,0,60,,188265,38,,,0,20,,188266,38,,,0,20,,188267,38,,,0,67,,188268,38,,,0
661701,'3_merged_15726440',648,,188271,40,,,0,74,,188272,40,,,0,30,,188273,40,,,0,73,,188274,40,,,0,30,,188275,40,,,0,64,,188276,40,,,0,20,,188277,40,,,0,20,,188278,40,,,0,60,,188279,40,,,0,20,,188280,40,,,0,20,,188281,40,,,0,57,,188282,40,,,0,15,,188283,40,,,0,15,,188284,40,,,0,55,,188285,40,,,0,15,,188286,40,,,0,15,,188287,40,,,0,15,,188288,40,,,0,55,,188289,40,,,0,15,,188290,40,,,0,15,,188291,40,,,0,15,,188292,40,,,0,55,,188293,40,,,0,15,,188294,40,,,0,15,,188295,40,,,0,15,,188296,40,,,0,55,,188297,40,,,0,15,,188298,40,,,0,15,,188299,40,,,0,15,,188300,40,,,0,55,,188301,40,,,0,15,,188302,40,,,0,15,,188303,40,,,0,15,,188304,40,,,0,55,,188305,38,,,0,15,,188306,40,,,0,15,,188307,40,,,0,15,,188308,38,,,0,55,,188309,40,,,0,15,,188310,40,,,0,15,,188311,40,,,0,18,,188312,40,,,0,60,,188313,40,,,0,20,,188314,40,,,0,20,,188315,38,,,0,59,,188316,40,,,0,20,,188317,38,,,0,20,,188318,38,,,0,60,,188319,39,,,0,20,,188320,39,,,0,20,,188321,39,,,0,60,,188322,39,,,0,20,,188323,39,,,0,20,,188324,39,,,0,59,,188325,39,,,0,20,,188326,38,,,0,19,,188327,38,,,0,60,,188328,38,,,0,22,,188329,38,,,0,19,,188330,38,,,0,69,,188331,38,,,0
663801,'1_merged_15726439',612,,196707,11,,,0,20,,196708,11,,,0,16,,196695,11,,,0,55,,196720,11,,,0,13,,196731,11,,,0,12,,196733,11,,,0,12,,196751,11,,,0,13,,196709,11,,,0,50,,196752,11,,,0,11,,196719,11,,,0,8,,196724,11,,,0,8,,196753,11,,,0,8,,196723,11,,,0,8,,196725,11,,,0,10,,196744,11,,,0,51,,196710,11,,,0,12,,196717,11,,,0,13,,196686,11,,,0,13,,196740,11,,,0,55,,196711,11,,,0,15,,196741,11,,,0,15,,196734,11,,,0,15,,196742,11,,,0,55,,196687,11,,,0,15,,196745,11,,,0,15,,196735,11,,,0,15,,196732,11,,,0,55,,196688,11,,,0,15,,196746,11,,,0,15,,196736,11,,,0,15,,196693,11,,,0,55,,196689,11,,,0,15,,196747,11,,,0,15,,196737,11,,,0,16,,196694,11,,,0,55,,196690,11,,,0,15,,196748,11,,,0,15,,196721,11,,,0,15,,196696,11,,,0,55,,196691,11,,,0,15,,196749,11,,,0,15,,196697,11,,,0,15,,196718,11,,,0,55,,196726,11,,,0,12,,196750,11,,,0,12,,196692,11,,,0,12,,196727,11,,,0,12,,196738,11,,,0,52,,196728,11,,,0,13,,196739,11,,,0,15,,196713,11,,,0,15,,196712,11,,,0,15,,196722,11,,,0,54,,196743,11,,,0,15,,196714,11,,,0,15,,196715,11,,,0,15,,196716,11,,,0,55,,196698,11,,,0,15,,196699,11,,,0,15,,196700,11,,,0,60,,196701,11,,,0,20,,196702,11,,,0,19,,196703,11,,,0,60,,196704,11,,,0,20,,196705,11,,,0,20,,196706,11,,,0,70,,196729,11,,,0,34,,196730,11,,,0
663801,'2_merged_15726441',727,,196755,11,,,0,30,,196776,11,,,0,70,,196770,11,,,0,30,,196769,11,,,0,61,,196768,11,,,0,20,,196797,11,,,0,20,,196767,11,,,0,60,,196782,11,,,0,15,,196798,11,,,0,15,,196775,11,,,0,55,,196756,11,,,0,13,,196799,11,,,0,12,,196774,11,,,0,12,,196773,11,,,0,12,,196800,11,,,0,52,,196772,11,,,0,12,,196766,11,,,0,12,,196765,11,,,0,12,,196801,11,,,0,12,,196781,11,,,0,52,,196764,11,,,0,12,,196783,11,,,0,10,,196763,11,,,0,10,,196802,11,,,0,10,,196780,11,,,0,10,,196762,11,,,0,50,,196803,11,,,0,10,,196761,11,,,0,10,,196760,11,,,0,11,,196804,11,,,0,10,,196779,11,,,0,10,,196759,11,,,0,51,,196805,11,,,0,11,,196758,11,,,0,12,,196757,11,,,0,11,,196778,11,,,0,12,,196806,11,,,0,52,,196796,11,,,0,12,,196795,11,,,0,12,,196794,11,,,0,11,,196777,11,,,0,12,,196807,11,,,0,52,,196793,11,,,0,12,,196792,11,,,0,15,,196791,11,,,0,18,,196771,11,,,0,60,,196790,11,,,0,20,,196784,11,,,0,20,,196789,11,,,0,60,,196808,11,,,0,20,,196788,11,,,0,29,,196787,11,,,0,69,,196786,11,,,0,29,,196785,11,,,0,70,,196754,11,,,0
663801,'3_merged_15726440',827,,196809,11,,,0,30,,196811,11,,,0,70,,196810,11,,,0,30,,196813,11,,,0,65,,196812,11,,,0,26,,196814,11,,,0,60,,196815,11,,,0,20,,196816,11,,,0,20,,196817,11,,,0,60,,196818,11,,,0,20,,196819,11,,,0,20,,196820,11,,,0,61,,196821,11,,,0,20,,196822,11,,,0,20,,196823,11,,,0,60,,196824,11,,,0,20,,196825,11,,,0,20,,196826,11,,,0,60,,196827,11,,,0,20,,196828,11,,,0,19,,196829,11,,,0,60,,196830,11,,,0,20,,196831,11,,,0,20,,196832,11,,,0,61,,196833,11,,,0,20,,196834,11,,,0,30,,196835,11,,,0,69,,196836,11,,,0,31,,196837,11,,,0,68,,196838,11,,,0,30,,196839,11,,,0,70,,196840,11,,,0,30,,196841,11,,,0,70,,196842,11,,,0
1671801,'152201_merged_15726445',2117,,226522,11,,,0,15,,226523,11,,,0,16,,226524,11,,,0,55,,226525,11,,,0,13,,226526,11,,,0,15,,226527,11,,,0,20,,226528,11,,,0,61,,226529,11,,,0,19,,226530,11,,,0,20,,226531,11,,,0,70,,226532,11,,,0,15,,226534,11,,,0,15,,226533,11,,,0,55,,226535,11,,,0,15,,226536,11,,,0,30,,226521,11,,,0,5,,226520,11,,,0
1671801,'152301_merged_15726453',2117,,226545,11,,,0,15,,226546,11,,,0,16,,226547,11,,,0,55,,226548,11,,,0,13,,226549,11,,,0,15,,226550,11,,,0,20,,226551,11,,,0,61,,226552,11,,,0,19,,226553,11,,,0,20,,226542,11,,,0,70,,226537,11,,,0,15,,226544,11,,,0,15,,226538,11,,,0,55,,226543,11,,,0,15,,226539,11,,,0,30,,226540,11,,,0,5,,226541,11,,,0
1671801,'1_merged_15726439',342,,226620,11,,,0,70,,226621,11,,,0,38,,226622,11,,,0,67,,226554,11,,,0,30,,226555,11,,,0,61,,226597,32,,,0,14,,226598,32,,,0,13,,226599,32,,,0,13,,226623,32,,,0,54,,226600,32,,,0,13,,226601,32,,,0,16,,226602,32,,,0,15,,226603,32,,,0,55,,226619,32,,,0,16,,226604,32,,,0,15,,226605,32,,,0,16,,226606,32,,,0,55,,226607,32,,,0,15,,226608,32,,,0,14,,226609,32,,,0,14,,226610,32,,,0,54,,226611,32,,,0,17,,226612,32,,,0,14,,226613,32,,,0,15,,226614,32,,,0,55,,226615,32,,,0,15,,226590,32,,,0,15,,226591,32,,,0,15,,226592,32,,,0,55,,226593,32,,,0,15,,226594,32,,,0,15,,226595,32,,,0,15,,226596,32,,,0,55,,226557,32,,,0,16,,226558,32,,,0,15,,226559,32,,,0,16,,226560,32,,,0,55,,226561,32,,,0,15,,226562,32,,,0,16,,226563,32,,,0,15,,226564,32,,,0,56,,226565,32,,,0,15,,226566,32,,,0,15,,226567,32,,,0,13,,226568,32,,,0,52,,226569,32,,,0,12,,226570,32,,,0,11,,226571,32,,,0,10,,226572,32,,,0,11,,226573,32,,,0,10,,226574,32,,,0,51,,226575,32,,,0,12,,226576,32,,,0,12,,226577,32,,,0,12,,226578,32,,,0,11,,226579,32,,,0,52,,226580,32,,,0,11,,226581,32,,,0,12,,226582,32,,,0,14,,226583,32,,,0,15,,226584,32,,,0,53,,226585,32,,,0,15,,226586,32,,,0,14,,226587,32,,,0,9,,226589,11,,,0,55,,226556,11,,,0,15,,226588,11,,,0,15,,226616,11,,,0,15,,226617,11,,,0,54,,226618,11,,,0
1671801,'2_merged_15726441',343,,226716,11,,,0,70,,226714,11,,,0,39,,226715,11,,,0,78,,226630,11,,,0,76,,226672,33,,,0,17,,226673,33,,,0,15,,226685,33,,,0,14,,226686,33,,,0,59,,226687,33,,,0,15,,226688,33,,,0,12,,226689,33,,,0,17,,226690,33,,,0,55,,226691,33,,,0,16,,226641,33,,,0,15,,226692,33,,,0,16,,226693,33,,,0,56,,226694,33,,,0,16,,226695,33,,,0,15,,226696,33,,,0,57,,226697,33,,,0,16,,226698,33,,,0,16,,226699,33,,,0,16,,226700,33,,,0,52,,226684,33,,,0,12,,226635,33,,,0,12,,226636,33,,,0,14,,226637,33,,,0,12,,226638,33,,,0,51,,226634,33,,,0,12,,226639,33,,,0,12,,226640,33,,,0,11,,226642,33,,,0,12,,226643,33,,,0,53,,226666,33,,,0,10,,226644,33,,,0,10,,226645,33,,,0,10,,226646,33,,,0,10,,226647,33,,,0,10,,226648,33,,,0,51,,226667,33,,,0,10,,226658,33,,,0,10,,226659,33,,,0,10,,226660,33,,,0,10,,226661,33,,,0,10,,226662,33,,,0,50,,226668,33,,,0,10,,226663,33,,,0,10,,226664,33,,,0,10,,226665,33,,,0,10,,226649,33,,,0,9,,226631,33,,,0,50,,226669,33,,,0,10,,226650,33,,,0,10,,226651,33,,,0,11,,226652,33,,,0,10,,226653,33,,,0,10,,226654,33,,,0,50,,226670,33,,,0,10,,226655,33,,,0,10,,226656,33,,,0,10,,226657,33,,,0,10,,226674,33,,,0,10,,226675,33,,,0,49,,226671,33,,,0,12,,226676,33,,,0,12,,226677,33,,,0,12,,226678,33,,,0,12,,226679,33,,,0,51,,226680,33,,,0,12,,226681,33,,,0,13,,226682,33,,,0,13,,226683,33,,,0,13,,226701,11,,,0,55,,226702,11,,,0,15,,226703,11,,,0,15,,226704,11,,,0,14,,226705,11,,,0,55,,226706,11,,,0,13,,226707,11,,,0,14,,226708,11,,,0,15,,226709,11,,,0,55,,226710,11,,,0,15,,226711,11,,,0,19,,226712,11,,,0,20,,226713,11,,,0,60,,226624,11,,,0,20,,226625,11,,,0,21,,226626,11,,,0,62,,226627,11,,,0,30,,226628,11,,,0,70,,226629,11,,,0,29,,226632,11,,,0,51,,226633,11,,,0
1671801,'3_merged_15726440',339,,226798,11,,,0,70,,226796,11,,,0,38,,226797,11,,,0,75,,226768,11,,,0,28,,226781,11,,,0,89,,226782,33,,,0,62,,226783,33,,,0,22,,226784,33,,,0,22,,226785,33,,,0,56,,226795,33,,,0,15,,226786,33,,,0,16,,226787,33,,,0,17,,226788,33,,,0,56,,226789,33,,,0,15,,226790,33,,,0,16,,226791,33,,,0,15,,226792,33,,,0,55,,226793,33,,,0,15,,226794,33,,,0,18,,226717,33,,,0,15,,226719,33,,,0,55,,226720,33,,,0,15,,226721,33,,,0,15,,226722,33,,,0,15,,226723,33,,,0,55,,226773,33,,,0,15,,226724,33,,,0,15,,226725,33,,,0,13,,226726,33,,,0,52,,226774,33,,,0,12,,226727,33,,,0,11,,226731,33,,,0,12,,226732,33,,,0,12,,226733,33,,,0,52,,226775,33,,,0,12,,226734,33,,,0,12,,226735,33,,,0,12,,226736,33,,,0,12,,226737,33,,,0,52,,226776,33,,,0,12,,226738,33,,,0,12,,226718,33,,,0,12,,226739,33,,,0,12,,226740,33,,,0,52,,226777,33,,,0,12,,226741,33,,,0,12,,226742,33,,,0,12,,226743,33,,,0,12,,226744,33,,,0,54,,226778,33,,,0,12,,226745,33,,,0,13,,226746,33,,,0,13,,226747,33,,,0,12,,226748,33,,,0,53,,226779,33,,,0,13,,226749,33,,,0,13,,226780,33,,,0,15,,226750,33,,,0,54,,226751,33,,,0,15,,226752,33,,,0,15,,226753,33,,,0,15,,226754,11,,,0,55,,226755,11,,,0,16,,226756,11,,,0,15,,226757,11,,,0,15,,226771,11,,,0,55,,226758,11,,,0,14,,226770,11,,,0,16,,226759,11,,,0,15,,226760,11,,,0,55,,226761,11,,,0,15,,226769,11,,,0,17,,226762,11,,,0,20,,226763,11,,,0,60,,226728,11,,,0,19,,226729,11,,,0,21,,226730,11,,,0,64,,226764,11,,,0,30,,226765,11,,,0,70,,226766,11,,,0,30,,226767,11,,,0,8,,226772,11,,,0
