667701,'1_merged_15727750',549,,206410,17,,,0,70,,206411,17,,,0,27,,206412,17,,,0,12,,206413,17,,,0,55,,206414,17,,,0,14,,206415,17,,,0,19,,206416,17,,,0,11,,206417,17,,,0,59,,206418,17,,,0,24,,206419,17,,,0,78,,206420,17,,,0,39,,206421,17,,,0,63,,206422,17,,,0,28,,206423,17,,,0,69,,206424,17,,,0,30,,206425,17,,,0,69,,206426,17,,,0,30,,206427,17,,,0,69,,206428,17,,,0,29,,206429,17,,,0,69,,206430,17,,,0,28,,206431,17,,,0,13,,206432,17,,,0,59,,206433,17,,,0,13,,206434,17,,,0,16,,206435,17,,,0,14,,206436,17,,,0,57,,206437,17,,,0,18,,206438,17,,,0,13,,206439,17,,,0,11,,206440,17,,,0,59,,206441,17,,,0,12,,206442,17,,,0,18,,206443,17,,,0,12,,206444,17,,,0,59,,206445,17,,,0,19,,206446,17,,,0,13,,206447,17,,,0,55,,206448,17,,,0,12,,206449,17,,,0,17,,206450,17,,,0,18,,206451,17,,,0,72,,206452,17,,,0,30,,206453,17,,,0,69,,206454,17,,,0,31,,206455,17,,,0,69,,206456,17,,,0,32,,206457,17,,,0,60,,206458,17,,,0,39,,206459,17,,,0,96,,206460,17,,,0
667701,'2_merged_15727752',718,,206461,17,,,0,30,,206462,17,,,0,70,,206463,17,,,0,30,,206464,17,,,0,70,,206465,17,,,0,30,,206466,17,,,0,71,,206467,17,,,0,30,,206468,17,,,0,68,,206469,17,,,0,29,,206470,17,,,0,70,,206471,17,,,0,30,,206472,17,,,0,70,,206473,17,,,0,15,,206474,17,,,0,15,,206475,17,,,0,65,,206476,17,,,0,20,,206477,17,,,0,15,,206478,17,,,0,65,,206479,17,,,0,20,,206480,17,,,0,16,,206481,17,,,0,65,,206482,17,,,0,19,,206483,17,,,0,18,,206484,17,,,0,65,,206485,17,,,0,19,,206486,17,,,0,16,,206487,17,,,0,59,,206488,17,,,0,20,,206489,17,,,0,20,,206490,17,,,0,56,,206491,17,,,0,23,,206492,17,,,0,21,,206493,17,,,0,55,,206494,17,,,0,30,,206495,17,,,0,16,,206496,17,,,0,70,,206497,17,,,0,30,,206498,17,,,0,69,,206499,17,,,0,30,,206500,17,,,0,70,,206501,17,,,0,27,,206502,17,,,0,73,,206503,17,,,0,30,,206504,17,,,0,70,,206505,17,,,0
667701,'3_merged_15727751',817,,206506,17,,,0,30,,206507,17,,,0,70,,206508,17,,,0,30,,206509,17,,,0,71,,206510,17,,,0,30,,206511,17,,,0,70,,206512,17,,,0,29,,206513,17,,,0,73,,206514,17,,,0,28,,206515,17,,,0,71,,206516,17,,,0,31,,206517,17,,,0,71,,206518,17,,,0,12,,206519,17,,,0,67,,206520,17,,,0,23,,206521,17,,,0,13,,206522,17,,,0,68,,206523,17,,,0,16,,206524,17,,,0,16,,206525,17,,,0,70,,206526,17,,,0,17,,206527,17,,,0,16,,206528,17,,,0,67,,206529,17,,,0,14,,206530,17,,,0,19,,206531,17,,,0,67,,206532,17,,,0,15,,206533,17,,,0,17,,206534,17,,,0,65,,206535,17,,,0,16,,206536,17,,,0,17,,206537,17,,,0,65,,206538,17,,,0,17,,206539,17,,,0,29,,206540,17,,,0,70,,206541,17,,,0,29,,206542,17,,,0,68,,206543,17,,,0,31,,206544,17,,,0,73,,206545,17,,,0
667801,'1_merged_15727750',605,,206662,27,,,0,15,,206663,27,,,0,36,,206664,27,,,0,61,,206665,27,,,0,18,,206666,27,,,0,12,,206667,27,,,0,57,,206668,27,,,0,13,,206669,27,,,0,17,,206670,27,,,0,74,,206671,27,,,0,28,,206672,13,,,0,69,,206673,13,,,0,33,,206674,13,,,0,65,,206675,13,,,0,30,,206676,13,,,0,70,,206677,13,,,0,31,,206678,13,,,0,70,,206679,13,,,0,30,,206680,13,,,0,69,,206681,13,,,0,28,,206682,13,,,0,76,,206683,13,,,0,29,,206684,13,,,0,21,,206685,13,,,0,60,,206686,13,,,0,19,,206687,13,,,0,16,,206688,13,,,0,56,,206689,13,,,0,15,,206690,13,,,0,16,,206691,13,,,0,12,,206692,13,,,0,56,,206693,13,,,0,11,,206694,13,,,0,31,,206695,13,,,0,70,,206696,13,,,0,32,,206697,13,,,0,70,,206698,13,,,0,29,,206699,13,,,0,72,,206700,13,,,0,107,,206701,13,,,0,93,,206702,13,,,0,101,,206703,13,,,0,100,,206704,13,,,0
667801,'2_merged_15727752',635,,206705,13,,,0,70,,206706,13,,,0,30,,206707,13,,,0,70,,206708,13,,,0,30,,206709,13,,,0,69,,206710,13,,,0,30,,206711,13,,,0,70,,206712,13,,,0,30,,206713,13,,,0,69,,206714,13,,,0,31,,206715,13,,,0,69,,206716,13,,,0,31,,206717,13,,,0,71,,206718,13,,,0,31,,206719,13,,,0,68,,206720,13,,,0,33,,206721,13,,,0,66,,206722,13,,,0,29,,206723,13,,,0,70,,206724,13,,,0,30,,206725,13,,,0,73,,206726,13,,,0,30,,206727,13,,,0,69,,206728,13,,,0,30,,206739,13,,,0,71,,206729,13,,,0,30,,206730,13,,,0,70,,206731,13,,,0,30,,206732,13,,,0,80,,206733,13,,,0,30,,206734,13,,,0,71,,206735,13,,,0,99,,206736,13,,,0,100,,206737,13,,,0,100,,206738,13,,,0
667801,'3_merged_15727751',803,,206740,13,,,0,31,,206741,13,,,0,70,,206742,13,,,0,31,,206743,13,,,0,69,,206744,13,,,0,30,,206745,13,,,0,22,,206746,13,,,0,71,,206747,13,,,0,73,,206748,13,,,0,35,,206749,13,,,0,75,,206750,13,,,0,25,,206751,13,,,0,69,,206752,13,,,0,30,,206753,13,,,0,70,,206754,13,,,0,30,,206755,13,,,0,71,,206756,13,,,0,30,,206757,13,,,0,70,,206758,13,,,0,30,,206759,13,,,0,69,,206760,13,,,0,30,,206761,13,,,0,70,,206762,13,,,0,30,,206763,13,,,0,70,,206764,13,,,0,27,,206765,13,,,0,73,,206766,13,,,0,19,,206767,13,,,0,96,,206768,13,,,0,101,,206769,13,,,0,100,,206770,13,,,0
667900,'101_merged_15727747',1536,,206771,22,,,0,3,,206772,22,,,0
667900,'1_merged_15727750',559,,206773,27,,,0,67,,206774,27,,,0,26,,206775,27,,,0,74,,206776,27,,,0,26,,206777,27,,,0,77,,206778,27,,,0,72,,206779,27,,,0,35,,206780,27,,,0,23,,206781,27,,,0,70,,206782,27,,,0,30,,206783,27,,,0,71,,206784,27,,,0,22,,206785,27,,,0,74,,206786,27,,,0,24,,206787,27,,,0,70,,206788,27,,,0,31,,206789,27,,,0,71,,206790,27,,,0,28,,206791,27,,,0,72,,206792,27,,,0,30,,206793,27,,,0,66,,206794,27,,,0,29,,206795,27,,,0,72,,206796,27,,,0,31,,206797,27,,,0,77,,206798,27,,,0,76,,206799,27,,,0,27,,206800,27,,,0,76,,206801,27,,,0,26,,206802,27,,,0,23,,206803,27,,,0,72,,206804,27,,,0,28,,206805,27,,,0,69,,206806,27,,,0,30,,206807,27,,,0
667900,'2_merged_15727752',718,,206808,27,,,0,35,,206809,27,,,0,71,,206810,27,,,0,33,,206811,27,,,0,69,,206812,27,,,0,17,,206813,27,,,0,80,,206814,27,,,0,36,,206815,27,,,0,70,,206816,27,,,0,72,,206817,27,,,0,29,,206818,27,,,0,28,,206819,27,,,0,68,,206820,27,,,0,30,,206821,27,,,0,69,,206822,27,,,0,30,,206823,27,,,0,70,,206824,27,,,0,30,,206825,27,,,0,70,,206826,27,,,0,30,,206827,27,,,0,69,,206828,27,,,0,30,,206829,27,,,0,75,,206830,27,,,0,29,,206831,27,,,0,70,,206832,27,,,0,28,,206833,27,,,0,70,,206834,27,,,0,32,,206835,27,,,0,69,,206836,27,,,0,30,,206839,27,,,0,68,,206837,27,,,0,30,,206838,27,,,0
667900,'3_merged_15727751',827,,206840,27,,,0,28,,206841,27,,,0,72,,206842,27,,,0,31,,206843,27,,,0,71,,206844,27,,,0,71,,206845,27,,,0,27,,206846,27,,,0,30,,206847,27,,,0,76,,206848,27,,,0,68,,206849,27,,,0,29,,206850,27,,,0,76,,206851,27,,,0,30,,206852,27,,,0,68,,206853,27,,,0,30,,206854,27,,,0,70,,206855,27,,,0,30,,206856,27,,,0,70,,206857,27,,,0,30,,206858,27,,,0,71,,206859,27,,,0,28,,206860,27,,,0,69,,206861,27,,,0,28,,206862,27,,,0,70,,206863,27,,,0,29,,206864,27,,,0,29,,206865,27,,,0,69,,206866,27,,,0,30,,206867,27,,,0,70,,206868,27,,,0,27,,206869,27,,,0
669201,'1_merged_15727750',510,,209194,5,,,0,48,,209195,20,,,0,70,,209196,20,,,0,30,,209197,20,,,0,60,,209198,20,,,0,23,,209199,20,,,0,60,,209200,20,,,0,20,,209201,20,,,0,20,,209202,20,,,0,60,,209203,20,,,0,20,,209204,20,,,0,20,,209205,20,,,0,60,,209206,20,,,0,20,,209207,20,,,0,20,,209208,20,,,0,60,,209209,20,,,0,20,,209210,20,,,0,20,,209211,20,,,0,60,,209212,20,,,0,20,,209213,20,,,0,20,,209214,20,,,0,60,,209215,20,,,0,20,,209216,20,,,0,20,,209217,20,,,0,60,,209218,20,,,0,20,,209219,20,,,0,20,,209220,20,,,0,60,,209221,20,,,0,21,,209222,20,,,0,20,,209223,20,,,0,60,,209224,20,,,0,20,,209225,20,,,0,20,,209226,20,,,0,60,,209227,20,,,0,20,,209228,20,,,0,20,,209229,20,,,0,60,,209230,20,,,0,19,,209231,20,,,0,25,,209232,20,,,0,68,,209233,20,,,0,30,,209234,20,,,0,70,,209235,20,,,0,30,,209236,20,,,0,69,,209237,20,,,0,35,,209238,20,0,46 47,0,77,,209239,20,0,46 47,0,29,,209240,20,0,46 47,0,77,,209241,20,0,46 47,0,69,,209242,20,0,46 47,0,41,,209243,20,0,46 47,0,72,,209244,20,0,46 47,0
669201,'2_merged_15727752',511,,209245,5,,,0,32,,209246,20,,,0,70,,209247,20,,,0,30,,209248,20,,,0,70,,209249,20,,,0,32,,209250,20,,,0,70,,209251,20,,,0,32,,209252,20,,,0,70,,209253,20,,,0,31,,209254,20,,,0,70,,209255,20,,,0,30,,209256,20,,,0,70,,209257,20,,,0,20,,209258,20,,,0,20,,209259,20,,,0,60,,209260,20,,,0,20,,209261,20,,,0,20,,209262,20,,,0,60,,209263,20,,,0,20,,209264,20,,,0,20,,209265,20,,,0,60,,209266,20,,,0,20,,209267,20,,,0,20,,209268,20,,,0,60,,209269,20,,,0,20,,209270,20,,,0,20,,209271,20,,,0,60,,209272,20,,,0,20,,209273,20,,,0,20,,209274,20,,,0,60,,209275,20,,,0,18,,209276,20,,,0,21,,209277,20,,,0,60,,209278,20,,,0,30,,209279,20,,,0,68,,209280,20,,,0,30,,209281,20,,,0,70,,209282,20,,,0,20,,209283,20,0,46 47,0,80,,209284,20,0,46 47,0,40,,209285,20,0,46 47,0,80,,209286,20,0,46 47,0,80,,209287,20,0,46 47,0,40,,209288,20,0,46 47,0,81,,209289,20,0,46 47,0,80,,209290,20,0,46 47,0
669201,'3_merged_15727751',623,,209291,5,,,0,21,,209292,20,,,0,70,,209293,20,,,0,30,,209294,20,,,0,71,,209295,20,,,0,30,,209296,20,,,0,70,,209297,20,,,0,31,,209298,20,,,0,70,,209299,20,,,0,30,,209300,20,,,0,70,,209301,20,,,0,20,,209302,20,,,0,20,,209303,20,,,0,60,,209304,20,,,0,20,,209305,20,,,0,20,,209306,20,,,0,60,,209307,20,,,0,20,,209308,20,,,0,20,,209309,20,,,0,60,,209310,20,,,0,20,,209311,20,,,0,20,,209312,20,,,0,60,,209313,20,,,0,20,,209314,20,,,0,20,,209315,20,,,0,60,,209316,20,,,0,20,,209317,20,,,0,20,,209318,20,,,0,60,,209319,20,,,0,20,,209320,20,,,0,20,,209321,20,,,0,60,,209322,20,,,0,29,,209323,20,,,0,71,,209324,20,,,0,30,,209325,20,,,0,69,,209326,20,,,0,30,,209327,20,,,0,69,,209328,20,0,46 47,0,40,,209329,20,0,46 47,0,80,,209330,20,0,46 47,0,78,,209331,20,0,46 47,0,42,,209332,20,0,46 47,0,82,,209333,20,0,46 47,0,80,,209334,20,0,46 47,0
683701,'1_merged_15727750',2600,,223851,17,,,0
683701,'2_merged_15727752',548,,223854,17,,,0,2057,,223853,17,,,0
683701,'3_merged_15727751',613,,223855,17,,,0,39,,223856,17,,,0,71,,223857,17,,,0,32,,223858,17,,,0,1558,,223859,17,0,50 51,0,124,,223862,17,,,0,73,,223863,17,,,0,31,,223864,17,0,50 51,0,77,,223865,17,,,0,29,,223866,17,,,0
