670501,'1_merged_15727750',519,,211792,50,0,76 77 89,0,24,,211785,50,0,76 77 89,0,62,,211793,50,0,76 77 89,0,31,,211791,50,0,76 77 89,0,10,,211794,50,0,76 77 89,0,77,,211822,56,0,76 77 89,0,1380,,211821,50,0,76 77 89,0,25,,211784,50,0,76 77 89,0,24,,211779,50,0,76 77 89,0,63,,211773,50,0,76 77 89,0,41,,211770,50,0,76 77 89,0,55,,211877,50,0,76 77 89,0,89,,211819,50,0,76 77 89,0,20,,211837,50,0,76 77 89,0,99,,211787,50,0,76 77 89,0
670501,'2_merged_15727752',601,,211937,31,0,76 77 89,0,56,,211888,50,0,76 77 89,0,50,,211936,50,0,76 77 89,0,43,,211924,50,0,76 77 89,0,84,,211923,50,0,76 77 89,0,1113,,211950,50,0,76 77 89,0,99,,211911,50,0,76 77 89,0,89,,211952,50,0,76 77 89,0,192,,211914,50,0,76 77 89,0,200,,211906,50,0,76 77 89,0
670501,'3_merged_15727751',830,,212007,50,0,76 77 89,0,92,,211999,50,0,76 77 89,0,1030,,212058,50,0,76 77 89,0,91,,212062,50,0,76 77 89,0,169,,212019,50,0,76 77 89,0,46,,212072,50,0,76 77 89,0,147,,212080,50,0,76 77 89,0
732101,'1_merged_15727750',616,,224410,46,0,76 77 89,0,31,,224406,46,0,76 77 89,0,76,,224381,46,0,76 77 89,0,36,,224382,46,0,76 77 89,0,73,,224394,46,0,76 77 89,0,71,,224405,46,0,76 77 89,0,32,,224395,46,0,76 77 89,0,71,,224389,46,0,76 77 89,0,31,,224396,46,0,76 77 89,0,70,,224384,46,0,76 77 89,0,30,,224397,46,0,76 77 89,0,70,,224390,46,0,76 77 89,0,30,,224398,46,0,76 77 89,0,69,,224385,46,0,76 77 89,0,28,,224399,46,0,76 77 89,0,71,,224391,46,0,76 77 89,0,31,,224400,46,0,76 77 89,0,71,,224386,46,0,76 77 89,0,31,,224401,46,0,76 77 89,0,74,,224392,46,0,76 77 89,0,32,,224402,46,0,76 77 89,0,70,,224387,46,0,76 77 89,0,28,,224403,46,0,76 77 89,0,72,,224393,46,0,76 77 89,0,31,,224404,46,0,76 77 89,0,72,,224388,46,0,76 77 89,0,27,,224407,46,0,76 77 89,0,71,,224411,46,0,76 77 89,0,33,,224408,46,0,76 77 89,0,70,,224412,46,0,76 77 89,0,27,,224409,46,0,76 77 89,0,97,,224383,46,0,76 77 89,0,99,,224380,46,0,76 77 89,0,107,,224413,46,0,76 77 89,0
732101,'2_merged_15727752',621,,224452,46,0,76 77 89,0,31,,224436,46,0,76 77 89,0,71,,224435,46,0,76 77 89,0,29,,224434,46,0,76 77 89,0,60,,224433,46,0,76 77 89,0,20,,224453,46,0,76 77 89,0,20,,224432,46,0,76 77 89,0,68,,224431,46,0,76 77 89,0,29,,224441,46,0,76 77 89,0,70,,224430,46,0,76 77 89,0,32,,224440,46,0,76 77 89,0,61,,224451,46,0,76 77 89,0,20,,224417,46,0,76 77 89,0,20,,224439,46,0,76 77 89,0,60,,224429,46,0,76 77 89,0,20,,224444,46,0,76 77 89,0,20,,224438,46,0,76 77 89,0,59,,224428,46,0,76 77 89,0,20,,224445,46,0,76 77 89,0,21,,224437,46,0,76 77 89,0,60,,224427,46,0,76 77 89,0,20,,224446,46,0,76 77 89,0,21,,224416,46,0,76 77 89,0,60,,224426,46,0,76 77 89,0,20,,224447,46,0,76 77 89,0,20,,224415,46,0,76 77 89,0,60,,224423,46,0,76 77 89,0,20,,224448,46,0,76 77 89,0,20,,224414,46,0,76 77 89,0,60,,224422,46,0,76 77 89,0,21,,224449,46,0,76 77 89,0,20,,224443,46,0,76 77 89,0,60,,224421,46,0,76 77 89,0,20,,224450,46,0,76 77 89,0,70,,224442,46,0,76 77 89,0,28,,224420,46,0,76 77 89,0,71,,224454,46,0,76 77 89,0,31,,224419,46,0,76 77 89,0,72,,224455,46,0,76 77 89,0,30,,224418,46,0,76 77 89,0,109,,224424,46,0,76 77 89,0,99,,224425,46,0,76 77 89,0,99,,224456,46,0,76 77 89,0
732101,'3_merged_15727751',729,,224483,46,0,76 77 89,0,29,,224482,46,0,76 77 89,0,71,,224481,46,0,76 77 89,0,30,,224480,46,0,76 77 89,0,71,,224479,46,0,76 77 89,0,71,,224478,46,0,76 77 89,0,30,,224477,46,0,76 77 89,0,69,,224461,46,0,76 77 89,0,30,,224476,46,0,76 77 89,0,20,,224460,46,0,76 77 89,0,60,,224475,46,0,76 77 89,0,20,,224484,46,0,76 77 89,0,21,,224459,46,0,76 77 89,0,60,,224474,46,0,76 77 89,0,20,,224485,46,0,76 77 89,0,20,,224458,46,0,76 77 89,0,60,,224473,46,0,76 77 89,0,22,,224486,46,0,76 77 89,0,21,,224457,46,0,76 77 89,0,60,,224472,46,0,76 77 89,0,20,,224487,46,0,76 77 89,0,20,,224465,46,0,76 77 89,0,60,,224471,46,0,76 77 89,0,20,,224488,46,0,76 77 89,0,21,,224464,46,0,76 77 89,0,60,,224470,46,0,76 77 89,0,19,,224489,46,0,76 77 89,0,20,,224463,46,0,76 77 89,0,61,,224469,46,0,76 77 89,0,21,,224490,46,0,76 77 89,0,20,,224462,46,0,76 77 89,0,60,,224491,46,0,76 77 89,0,20,,224468,46,0,76 77 89,0,66,,224492,46,0,76 77 89,0,32,,224467,46,0,76 77 89,0,73,,224493,46,0,76 77 89,0,32,,224466,46,0,76 77 89,0,101,,224494,46,0,76 77 89,0,103,,224495,46,0,76 77 89,0,101,,224496,46,0,76 77 89,0
3181600,'1_merged_15727750',612,,232948,34,,,0,31,,232949,34,,,0,73,,232950,34,,,0,32,,232951,34,,,0,70,,232952,34,,,0,30,,232928,34,,,0,70,,232929,34,,,0,31,,232930,34,,,0,70,,232953,34,,,0,30,,232954,34,,,0,71,,232931,34,,,0,30,,232932,34,,,0,71,,232933,34,,,0,31,,232934,34,,,0,70,,232935,34,,,0,30,,232936,34,,,0,70,,232937,34,,,0,33,,232938,34,,,0,70,,232939,34,,,0,28,,232940,34,,,0,70,,232941,34,,,0,31,,232942,34,,,0,69,,232943,34,,,0,28,,232944,34,,,0,69,,232945,34,,,0,30,,232946,34,,,0,69,,232947,34,,,0
3181600,'2_merged_15727752',750,,232955,34,,,0,97,,232956,34,,,0,100,,232957,34,,,0,104,,232958,34,,,0,99,,232959,34,,,0,101,,232960,34,,,0,100,,232961,34,,,0,100,,232962,34,,,0,100,,232963,34,,,0,101,,232964,34,,,0,99,,232965,34,,,0,99,,232966,34,,,0,100,,232967,34,,,0,101,,232968,34,,,0,100,,232969,34,,,0
3181600,'3_merged_15727751',852,,232976,34,,,0,100,,232977,34,,,0,100,,232978,34,,,0,100,,232979,34,,,0,100,,232980,34,,,0,100,,232970,34,,,0,100,,232971,34,,,0,99,,232972,34,,,0,100,,232973,34,,,0,100,,232974,34,,,0,100,,232975,34,,,0
3181901,'1_merged_15727750',639,,233440,33,,,0,70,,233441,33,,,0,30,,233442,33,,,0,70,,233443,33,,,0,32,,233444,33,,,0,70,,233445,33,,,0,30,,233446,33,,,0,70,,233447,33,,,0,30,,233448,33,,,0,70,,233449,33,,,0,30,,233450,33,,,0,71,,233451,33,,,0,30,,233452,33,,,0,70,,233453,33,,,0,30,,233454,33,,,0,72,,233455,33,,,0,30,,233456,33,,,0,69,,233457,33,,,0,30,,233458,33,,,0,70,,233424,33,,,0,30,,233425,33,,,0,72,,233426,33,,,0,26,,233427,33,,,0,70,,233428,33,,,0,30,,233429,33,,,0,68,,233430,33,,,0,30,,233431,33,,,0,70,,233432,33,,,0,11,,233433,33,,,0,28,,233438,33,,,0,74,,233434,33,,,0,24,,233437,33,,,0,70,,233435,33,,,0,29,,233439,33,,,0,70,,233436,33,,,0,30,,233459,33,,,0
3181901,'2_merged_15727752',802,,233491,33,,,0,30,,233475,33,,,0,70,,233461,33,,,0,33,,233476,33,,,0,70,,233462,33,,,0,30,,233477,33,,,0,70,,233463,33,,,0,30,,233478,33,,,0,70,,233464,33,,,0,32,,233479,33,,,0,71,,233465,33,,,0,30,,233480,33,,,0,70,,233466,33,,,0,30,,233481,33,,,0,70,,233467,33,,,0,30,,233482,33,,,0,70,,233468,33,,,0,30,,233483,33,,,0,70,,233469,33,,,0,30,,233484,33,,,0,67,,233470,33,,,0,29,,233485,33,,,0,69,,233460,33,,,0,25,,233486,33,,,0,22,,233471,33,,,0,70,,233487,33,,,0,31,,233472,33,,,0,70,,233488,33,,,0,30,,233473,33,,,0,70,,233489,33,,,0,30,,233474,33,,,0,70,,233490,33,,,0,30,,233492,33,,,0
3181901,'3_merged_15727751',803,,233516,33,,,0,30,,233497,33,,,0,70,,233517,33,,,0,31,,233498,33,,,0,70,,233518,33,,,0,31,,233499,33,,,0,70,,233519,33,,,0,31,,233500,33,,,0,70,,233515,33,,,0,30,,233501,33,,,0,71,,233520,33,,,0,30,,233502,33,,,0,70,,233521,33,,,0,30,,233503,33,,,0,70,,233522,33,,,0,30,,233504,33,,,0,70,,233514,33,,,0,30,,233505,33,,,0,70,,233493,33,,,0,29,,233506,33,,,0,70,,233494,33,,,0,28,,233507,33,,,0,70,,233495,33,,,0,30,,233508,33,,,0,70,,233496,33,,,0,30,,233509,33,,,0,70,,233513,33,,,0,29,,233511,33,,,0,70,,233510,33,,,0,30,,233512,33,,,0,70,,233523,33,,,0,100,,233524,33,,,0
