1671800,'152201_merged_15726445',2114,,226227,37,4,,0,16,,226228,37,4,,0,15,,226229,37,4,,0,55,,226230,37,4,,0,15,,226231,37,4,,0,20,,226232,37,4,,0,21,,226233,37,4,,0,59,,226234,37,4,,0,20,,226235,37,4,,0,70,,226236,37,4,,0,15,,226226,37,4,,0,15,,226237,37,4,,0,15,,226240,37,4,,0,55,,226238,37,4,,0,30,,226239,37,4,,0
1671800,'152301_merged_15726453',2114,,226243,37,4,,0,16,,226244,37,4,,0,15,,226245,37,4,,0,55,,226246,37,4,,0,15,,226247,37,4,,0,20,,226248,37,4,,0,21,,226249,37,4,,0,59,,226250,37,4,,0,20,,226251,37,4,,0,70,,226252,37,4,,0,15,,226241,37,4,,0,15,,226253,37,4,,0,15,,226242,37,4,,0,55,,226254,37,4,,0,30,,226255,37,4,,0
1671800,'1_merged_15726439',330,,226328,37,4,,0,70,,226329,37,4,,0,38,,226330,37,4,,0,1490,,226281,37,4,,0,15,,226282,37,4,,0,15,,226283,37,4,,0,55,,226287,37,4,,0,15,,226288,37,4,,0,15,,226290,37,4,,0,16,,226289,37,4,,0
1671800,'2_merged_15726441',330,,226432,37,4,,0,70,,226433,37,4,,0,39,,226428,39,4,,0,1493,,226339,39,4,,0,15,,226340,39,4,,0,55,,226341,39,4,,0,15,,226342,39,4,,0,14,,226343,39,4,,0,15,,226344,39,4,,0,54,,226345,39,4,,0,14,,226346,37,4,,0,15,,226347,37,4,,0,15,,226348,37,4,,0,15,,226349,37,4,,0,59,,226358,37,4,,0,20,,226350,37,4,,0,20,,226351,37,4,,0,60,,226352,37,4,,0,21,,226353,37,4,,0,64,,226354,37,4,,0,30,,226355,37,4,,0,70,,226356,37,4,,0,29,,226357,37,4,,0
1671800,'3_merged_15726440',328,,226518,37,4,,0,30,,226519,37,4,,0,78,,226516,39,4,,0,70,,226517,39,4,,0,1424,,226445,39,4,,0,15,,226446,39,4,,0,56,,226447,39,4,,0,15,,226448,39,4,,0,15,,226457,39,4,,0,15,,226515,39,4,,0,55,,226499,39,4,,0,16,,226500,37,4,,0,15,,226501,37,4,,0,15,,226502,37,4,,0,55,,226514,37,4,,0,17,,226503,37,4,,0,20,,226504,37,4,,0,20,,226505,37,4,,0,59,,226506,37,4,,0,21,,226507,37,4,,0,64,,226508,37,4,,0,30,,226509,37,4,,0,70,,226510,37,4,,0,30,,226511,37,4,,0
1671801,'152201_merged_15726445',2059,,226522,1,,,0,55,,226523,1,,,0,16,,226524,1,,,0,15,,226525,1,,,0,55,,226526,1,,,0,15,,226527,1,,,0,20,,226528,1,,,0,21,,226529,1,,,0,59,,226530,1,,,0,20,,226531,1,,,0,70,,226532,1,,,0,15,,226534,1,,,0,15,,226533,1,,,0,15,,226535,1,,,0,55,,226536,1,,,0,30,,226521,1,,,0,5,,226520,1,,,0
1671801,'152301_merged_15726453',2059,,226545,1,,,0,55,,226546,1,,,0,16,,226547,1,,,0,15,,226548,1,,,0,55,,226549,1,,,0,15,,226550,1,,,0,20,,226551,1,,,0,21,,226552,1,,,0,59,,226553,1,,,0,20,,226542,1,,,0,70,,226537,1,,,0,15,,226544,1,,,0,15,,226538,1,,,0,15,,226543,1,,,0,55,,226539,1,,,0,30,,226540,1,,,0,5,,226541,1,,,0
1671801,'1_merged_15726439',330,,226620,1,,,0,70,,226621,1,,,0,38,,226622,1,,,0,67,,226554,1,,,0,30,,226555,1,,,0,1393,,226589,1,,,0,15,,226556,1,,,0,15,,226588,1,,,0,55,,226616,1,,,0,15,,226617,1,,,0,15,,226618,1,,,0
1671801,'2_merged_15726441',330,,226716,1,,,0,70,,226714,1,,,0,39,,226715,1,,,0,78,,226630,1,,,0,1415,,226701,1,,,0,15,,226702,1,,,0,55,,226703,1,,,0,15,,226704,1,,,0,14,,226705,1,,,0,15,,226706,1,,,0,54,,226707,1,,,0,14,,226708,1,,,0,15,,226709,1,,,0,15,,226710,1,,,0,15,,226711,1,,,0,59,,226712,1,,,0,20,,226713,1,,,0,20,,226624,1,,,0,60,,226625,1,,,0,21,,226626,1,,,0,64,,226627,1,,,0,30,,226628,1,,,0,70,,226629,1,,,0,29,,226632,1,,,0,11,,226633,1,,,0
1671801,'3_merged_15726440',328,,226798,1,,,0,30,,226796,1,,,0,78,,226797,1,,,0,75,,226768,1,,,0,28,,226781,1,,,0,1391,,226754,1,,,0,15,,226755,1,,,0,56,,226756,1,,,0,15,,226757,1,,,0,15,,226771,1,,,0,15,,226758,1,,,0,55,,226770,1,,,0,16,,226759,1,,,0,15,,226760,1,,,0,15,,226761,1,,,0,55,,226769,1,,,0,17,,226762,1,,,0,20,,226763,1,,,0,20,,226728,1,,,0,59,,226729,1,,,0,21,,226730,1,,,0,64,,226764,1,,,0,30,,226765,1,,,0,70,,226766,1,,,0,30,,226767,1,,,0,8,,226772,1,,,0
