2263801,'101_merged_15726436',1512,,228006,29,,,0,89,,228005,29,,,0,21,,228004,29,,,0
2263801,'1_merged_15726439',451,,228025,29,,,0,70,,228026,29,,,0,22,,228027,29,,,0,15,,228028,29,,,0,54,,228029,29,,,0,14,,228030,29,,,0,11,,228031,29,,,0,14,,228032,29,,,0,56,,228033,29,,,0,17,,228034,29,,,0,9,,228035,29,,,0,21,,228036,29,,,0,54,,228037,29,,,0,18,,228038,29,,,0,12,,228039,29,,,0,65,,228040,29,,,0,27,,228041,29,,,0,71,,228042,29,,,0,27,,228043,29,,,0,30,,228044,29,,,0,70,,228045,29,,,0,30,,228046,29,,,0,70,,228047,29,,,0,31,,228048,29,,,0,70,,228049,29,,,0,28,,228050,29,,,0,72,,228051,29,,,0,23,,228063,29,,,0,63,,228052,29,,,0,20,,228053,29,,,0,21,,228054,29,,,0,79,,228055,29,,,0,15,,228056,29,,,0,57,,228057,29,,,0,12,,228058,29,,,0,15,,228059,29,,,0,13,,228060,29,,,0,55,,228007,29,,,0,15,,228016,29,,,0,20,,228014,29,,,0,19,,228015,29,,,0,68,,228062,29,,,0,20,,228009,29,,,0,56,,228061,29,,,0,27,,228024,29,,,0,22,,228008,29,,,0,67,,228017,29,,,0,32,,228018,29,,,0,68,,228019,29,,,0,28,,228010,29,,,0,70,,228022,29,,,0,20,,228023,29,,,0,69,,228011,29,,,0,29,,228021,29,,,0,69,,228012,29,,,0,30,,228020,29,,,0,70,,228013,29,,,0
2263801,'201_merged_15726444',1622,,228064,29,,,0
2263801,'2_merged_15726441',555,,228065,29,,,0,70,,228066,29,,,0,30,,228067,29,,,0,71,,228068,29,,,0,30,,228069,29,,,0,73,,228070,29,,,0,71,,228071,29,,,0,30,,228072,29,,,0,72,,228073,29,,,0,31,,228074,29,,,0,71,,228075,29,,,0,30,,228076,29,,,0,70,,228077,29,,,0,31,,228078,29,,,0,71,,228079,29,,,0,30,,228080,29,,,0,70,,228081,29,,,0,30,,228082,29,,,0,69,,228083,29,,,0,30,,228084,29,,,0,69,,228085,29,,,0,30,,228086,29,,,0,70,,228087,29,,,0,30,,228088,29,,,0,70,,228089,29,,,0,28,,228090,29,,,0,69,,228091,29,,,0,29,,228092,29,,,0,70,,228093,29,,,0,25,,228094,29,,,0,29,,228095,29,,,0,68,,228096,29,,,0,30,,228097,29,,,0,68,,228098,29,,,0,30,,228099,29,,,0,68,,228100,29,,,0,30,,228101,29,,,0,68,,228102,29,,,0,30,,228103,29,,,0,77,,228104,29,,,0
2263801,'3_merged_15726440',704,,228110,29,,,0,30,,228111,29,,,0,71,,228109,29,,,0,30,,228115,29,,,0,71,,228116,29,,,0,31,,228117,29,,,0,72,,228121,29,,,0,30,,228122,29,,,0,71,,228123,29,,,0,30,,228124,29,,,0,70,,228105,29,,,0,30,,228106,29,,,0,70,,228107,29,,,0,32,,228125,29,,,0,72,,228126,29,,,0,30,,228127,29,,,0,69,,228128,29,,,0,30,,228129,29,,,0,69,,228130,29,,,0,30,,228131,29,,,0,69,,228132,29,,,0,30,,228133,29,,,0,69,,228112,29,,,0,28,,228135,29,,,0,70,,228136,29,,,0,28,,228137,29,,,0,70,,228138,29,,,0,30,,228139,29,,,0,70,,228140,29,,,0,28,,228141,29,,,0,75,,228108,29,,,0,29,,228113,29,,,0,70,,228114,29,,,0,28,,228118,29,,,0,70,,228119,29,,,0,30,,228120,29,,,0,70,,228134,29,,,0
3004600,'101_merged_15726436',1639,,230802,28,,,0
3004600,'1_merged_15726439',448,,230809,28,,,0,74,,230810,28,,,0,15,,230811,28,,,0,21,,230807,28,,,0,52,,230839,28,,,0,15,,230840,28,,,0,16,,230841,28,,,0,17,,230842,28,,,0,52,,230808,28,,,0,19,,230835,28,,,0,17,,230836,28,,,0,58,,230837,28,,,0,15,,230838,28,,,0,15,,230806,28,,,0,20,,230859,28,,,0,59,,230843,28,,,0,25,,230844,28,,,0,21,,230845,28,,,0,68,,230846,28,,,0,30,,230847,28,,,0,70,,230848,28,,,0,30,,230849,28,,,0,71,,230850,28,,,0,29,,230851,28,,,0,69,,230852,28,,,0,33,,230853,28,,,0,69,,230854,28,,,0,72,,230855,28,,,0,33,,230856,28,,,0,22,,230858,28,,,0,54,,230857,28,,,0,17,,230803,28,,,0,31,,230832,28,,,0,54,,230833,28,,,0,17,,230834,28,,,0,14,,230804,28,,,0,16,,230826,28,,,0,53,,230827,28,,,0,12,,230828,28,,,0,12,,230829,28,,,0,22,,230830,28,,,0,65,,230831,28,,,0,19,,230805,28,,,0,63,,230824,28,,,0,23,,230825,28,,,0,28,,230812,28,,,0,70,,230813,28,,,0,30,,230823,28,,,0,68,,230814,28,,,0,30,,230815,28,,,0,70,,230822,28,,,0,30,,230816,28,,,0,68,,230817,28,,,0,30,,230821,28,,,0,70,,230818,28,,,0,30,,230819,28,,,0,70,,230820,28,,,0
3004600,'201_merged_15726444',1639,,230860,28,,,0
3004600,'2_merged_15726441',557,,230885,28,,,0,71,,230886,28,,,0,30,,230887,28,,,0,70,,230888,28,,,0,30,,230889,28,,,0,71,,230890,28,,,0,73,,230891,28,,,0,30,,230892,28,,,0,70,,230901,28,,,0,30,,230902,28,,,0,70,,230861,28,,,0,33,,230862,28,,,0,68,,230863,28,,,0,32,,230864,28,,,0,71,,230865,28,,,0,30,,230866,28,,,0,70,,230867,28,,,0,30,,230868,28,,,0,70,,230869,28,,,0,30,,230870,28,,,0,69,,230871,28,,,0,31,,230872,28,,,0,70,,230873,28,,,0,30,,230893,28,,,0,70,,230874,28,,,0,28,,230875,28,,,0,69,,230876,28,,,0,30,,230877,28,,,0,68,,230878,28,,,0,30,,230879,28,,,0,70,,230880,28,,,0,29,,230881,28,,,0,70,,230882,28,,,0,30,,230883,28,,,0,70,,230884,28,,,0,28,,230894,28,,,0,30,,230895,28,,,0,70,,230896,28,,,0,30,,230897,28,,,0,68,,230898,28,,,0,30,,230899,28,,,0,70,,230900,28,,,0
3004600,'3_merged_15726440',557,,230919,28,,,0,70,,230921,28,,,0,30,,230922,28,,,0,73,,230923,28,,,0,70,,230924,28,,,0,31,,230925,28,,,0,70,,230926,28,,,0,31,,230927,28,,,0,70,,230928,28,,,0,30,,230929,28,,,0,70,,230930,28,,,0,30,,230931,28,,,0,71,,230932,28,,,0,30,,230933,28,,,0,70,,230934,28,,,0,31,,230935,28,,,0,70,,230936,28,,,0,30,,230937,28,,,0,71,,230938,28,,,0,30,,230939,28,,,0,70,,230940,28,,,0,30,,230941,28,,,0,69,,230942,28,,,0,30,,230920,28,,,0,70,,230905,28,,,0,30,,230906,28,,,0,69,,230907,28,,,0,27,,230908,28,,,0,70,,230909,28,,,0,30,,230903,28,,,0,29,,230904,28,,,0,69,,230910,28,,,0,30,,230911,28,,,0,70,,230912,28,,,0,30,,230913,28,,,0,69,,230914,28,,,0,30,,230915,28,,,0,69,,230916,28,,,0,30,,230917,28,,,0,70,,230918,28,,,0
3004901,'1_merged_15726439',557,,231662,12,,,0,55,,231663,12,,,0,16,,231664,12,,,0,16,,231665,12,,,0,14,,231666,12,,,0,57,,231667,12,,,0,12,,231668,12,,,0,20,,231669,12,,,0,5,,231707,12,,,0,62,,231670,12,,,0,15,,231708,12,,,0,10,,231671,12,,,0,16,,231672,12,,,0,49,,231673,12,,,0,22,,231674,12,,,0,32,,231675,12,,,0,64,,231676,12,,,0,30,,231677,12,,,0,72,,231678,12,,,0,30,,231679,12,,,0,70,,231661,12,,,0,33,,231680,12,,,0,71,,231681,12,,,0,30,,231682,12,,,0,71,,231683,12,,,0,30,,231684,12,,,0,66,,231685,12,,,0,10,,231709,12,,,0,14,,231686,12,,,0,52,,231687,12,,,0,11,,231689,12,,,0,18,,231711,12,,,0,9,,231690,12,,,0,9,,231688,12,,,0,54,,231691,12,,,0,13,,231692,12,,,0,17,,231693,12,,,0,12,,231694,12,,,0,14,,231695,12,,,0,59,,231696,12,,,0,18,,231697,12,,,0,14,,231698,12,,,0,57,,231710,12,,,0,18,,231699,12,,,0,34,,231700,12,,,0,70,,231701,12,,,0,29,,231702,12,,,0,69,,231703,12,,,0,32,,231704,12,,,0,67,,231705,12,,,0,32,,231706,12,,,0,69,,231660,12,,,0
3004901,'2_merged_15726441',557,,231712,12,,,0,70,,231718,12,,,0,30,,231719,12,,,0,70,,231720,12,,,0,31,,231721,12,,,0,72,,231723,12,,,0,70,,231724,12,,,0,30,,231725,12,,,0,72,,231726,12,,,0,25,,231727,12,,,0,76,,231728,12,,,0,29,,231729,12,,,0,71,,231730,12,,,0,30,,231731,12,,,0,69,,231732,12,,,0,30,,231733,12,,,0,70,,231734,12,,,0,30,,231735,12,,,0,70,,231736,12,,,0,30,,231737,12,,,0,69,,231738,12,,,0,33,,231739,12,,,0,20,,231748,12,,,0,60,,231740,12,,,0,20,,231741,12,,,0,19,,231749,12,,,0,60,,231742,12,,,0,19,,231743,12,,,0,18,,231750,12,,,0,59,,231744,12,,,0,21,,231747,12,,,0,19,,231751,12,,,0,58,,231745,12,,,0,19,,231746,12,,,0,30,,231722,12,,,0,69,,231713,12,,,0,30,,231714,12,,,0,69,,231715,12,,,0,30,,231716,12,,,0,68,,231717,12,,,0
3004901,'3_merged_15726440',657,,231781,12,,,0,70,,231782,12,,,0,30,,231783,12,,,0,71,,231784,12,,,0,30,,231785,12,,,0,72,,231753,12,,,0,70,,231754,12,,,0,30,,231755,12,,,0,70,,231756,12,,,0,31,,231757,12,,,0,72,,231758,12,,,0,25,,231759,12,,,0,30,,231760,12,,,0,70,,231761,12,,,0,30,,231762,12,,,0,70,,231763,12,,,0,31,,231764,12,,,0,71,,231765,12,,,0,70,,231752,12,,,0,30,,231766,12,,,0,70,,231767,12,,,0,30,,231768,12,,,0,70,,231769,12,,,0,30,,231770,12,,,0,23,,231771,12,,,0,75,,231772,12,,,0,30,,231773,12,,,0,67,,231774,12,,,0,30,,231775,12,,,0,68,,231776,12,,,0,30,,231777,12,,,0,65,,231778,12,,,0,32,,231779,12,,,0,72,,231780,12,,,0
3058401,'1_merged_15726439',552,,232837,12,,,0,68,,232838,12,,,0,30,,232826,12,,,0,67,,232858,12,,,0,17,,232859,12,,,0,18,,232839,12,,,0,60,,232840,12,,,0,18,,232860,12,,,0,21,,232841,12,,,0,74,,232842,12,,,0,24,,232843,12,,,0,66,,232844,12,,,0,30,,232845,12,,,0,67,,232846,12,,,0,36,,232847,12,,,0,67,,232848,12,,,0,24,,232849,12,,,0,75,,232850,12,,,0,33,,232851,12,,,0,70,,232852,12,,,0,37,,232853,12,,,0,67,,232854,12,,,0,35,,232855,12,,,0,72,,232856,12,,,0,78,,232857,12,,,0,26,,232827,12,,,0,75,,232836,12,,,0,37,,232828,12,,,0,60,,232835,12,,,0,23,,232829,12,,,0,73,,232834,12,,,0,26,,232830,12,,,0,31,,232833,12,,,0,69,,232831,12,,,0,33,,232832,12,,,0,96,,232861,12,,,0
3058401,'2_merged_15726441',616,,232862,12,,,0,28,,232863,12,,,0,75,,232864,12,,,0,32,,232865,12,,,0,70,,232866,12,,,0,30,,232867,12,,,0,71,,232868,12,,,0,34,,232869,12,,,0,72,,232870,12,,,0,30,,232871,12,,,0,71,,232872,12,,,0,30,,232873,12,,,0,70,,232874,12,,,0,72,,232875,12,,,0,31,,232876,12,,,0,70,,232877,12,,,0,31,,232878,12,,,0,71,,232879,12,,,0,30,,232880,12,,,0,68,,232881,12,,,0,30,,232882,12,,,0,69,,232883,12,,,0,30,,232884,12,,,0,70,,232885,12,,,0,27,,232886,12,,,0,29,,232887,12,,,0,70,,232888,12,,,0,29,,232889,12,,,0,70,,232890,12,,,0,30,,232893,12,,,0,73,,232891,12,,,0,30,,232892,12,,,0,142,,232894,12,,,0,100,,232895,12,,,0
3058401,'3_merged_15726440',757,,232896,12,,,0,72,,232897,12,,,0,30,,232898,12,,,0,70,,232899,12,,,0,71,,232900,12,,,0,31,,232901,12,,,0,71,,232902,12,,,0,33,,232903,12,,,0,71,,232907,12,,,0,32,,232908,12,,,0,71,,232909,12,,,0,30,,232910,12,,,0,70,,232911,12,,,0,30,,232912,12,,,0,69,,232913,12,,,0,29,,232914,12,,,0,69,,232915,12,,,0,30,,232916,12,,,0,70,,232917,12,,,0,31,,232918,12,,,0,71,,232919,12,,,0,28,,232920,12,,,0,69,,232921,12,,,0,29,,232922,12,,,0,68,,232923,12,,,0,28,,232904,12,,,0,71,,232905,12,,,0,31,,232906,12,,,0,68,,232924,12,,,0,101,,232925,12,,,0,100,,232926,12,,,0
