662201,'101_merged_15727747',1621,,190703,31,,,0
662201,'152201_merged_15727756',2058,,190704,31,,,0,56,,190705,31,,,0,18,,190706,31,,,0,20,,190707,31,,,0,60,,190708,31,,,0,21,,190709,31,,,0,19,,190710,31,,,0,62,,190711,31,,,0,19,,190712,31,,,0,24,,190713,31,,,0,71,,190714,31,,,0,30,,190715,31,,,0,70,,190716,31,,,0
662201,'152301_merged_15727764',2058,,190717,31,,,0,56,,190718,31,,,0,18,,190719,31,,,0,20,,190720,31,,,0,60,,190721,31,,,0,21,,190722,31,,,0,19,,190723,31,,,0,62,,190724,31,,,0,19,,190725,31,,,0,24,,190726,31,,,0,71,,190727,31,,,0,30,,190728,31,,,0,70,,190729,31,,,0
662201,'1_merged_15727750',532,,190731,36,,,0,17,,190732,36,,,0,58,,190733,36,,,0,20,,190734,36,,,0,13,,190735,31,,,0,12,,190736,36,,,0,52,,190737,31,,,0,12,,190738,31,,,0,14,,190739,31,,,0,12,,190740,31,,,0,10,,190741,36,,,0,52,,190742,31,,,0,14,,190743,31,,,0,12,,190744,31,,,0,12,,190745,31,,,0,10,,190746,31,,,0,50,,190747,31,,,0,10,,190748,31,,,0,10,,190749,31,,,0,11,,190750,31,,,0,10,,190807,31,,,0,10,,190751,31,,,0,52,,190752,31,,,0,12,,190753,31,,,0,12,,190754,31,,,0,12,,190809,31,,,0,12,,190755,31,,,0,52,,190756,31,,,0,12,,190757,31,,,0,12,,190758,31,,,0,12,,190810,31,,,0,12,,190759,31,,,0,52,,190760,31,,,0,12,,190761,31,,,0,13,,190762,31,,,0,12,,190811,31,,,0,12,,190763,31,,,0,52,,190764,31,,,0,12,,190765,31,,,0,12,,190766,31,,,0,12,,190812,31,,,0,12,,190767,31,,,0,52,,190768,31,,,0,12,,190769,31,,,0,12,,190770,31,,,0,12,,190771,31,,,0,12,,190772,31,,,0,53,,190773,31,,,0,12,,190774,31,,,0,12,,190775,31,,,0,11,,190776,31,,,0,8,,190777,31,,,0,8,,190778,31,,,0,48,,190779,31,,,0,7,,190780,31,,,0,15,,190781,31,,,0,8,,190782,31,,,0,7,,190783,31,,,0,8,,190784,31,,,0,7,,190785,31,,,0,48,,190786,31,,,0,6,,190787,31,,,0,8,,190808,31,,,0,7,,190788,31,,,0,8,,190789,31,,,0,8,,190790,31,,,0,8,,190791,31,,,0,8,,190792,31,,,0,48,,190793,31,,,0,8,,190794,31,,,0,9,,190795,31,,,0,10,,190796,31,,,0,10,,190797,31,,,0,10,,190798,31,,,0,52,,190799,31,,,0,12,,190800,31,,,0,13,,190801,31,,,0,15,,190802,31,,,0,55,,190803,31,,,0,15,,190804,31,,,0,15,,190805,31,,,0,15,,190806,31,,,0
662201,'201_merged_15727755',1621,,190813,31,,,0
662201,'2_merged_15727752',536,,190875,36,,,0,20,,190823,36,,,0,60,,190885,36,,,0,20,,190883,31,,,0,19,,190819,36,,,0,56,,190816,31,,,0,15,,190878,36,,,0,18,,190824,31,,,0,15,,190882,31,,,0,55,,190821,36,,,0,16,,190814,31,,,0,15,,190879,31,,,0,55,,190877,31,,,0,15,,190892,31,,,0,16,,190820,31,,,0,15,,190888,31,,,0,59,,190815,31,,,0,15,,190825,31,,,0,13,,190832,31,,,0,12,,190898,31,,,0,12,,190833,31,,,0,52,,190834,31,,,0,12,,190835,31,,,0,12,,190844,31,,,0,12,,190899,31,,,0,11,,190837,31,,,0,52,,190881,31,,,0,12,,190838,31,,,0,12,,190839,31,,,0,12,,190900,31,,,0,12,,190840,31,,,0,52,,190841,31,,,0,12,,190842,31,,,0,12,,190843,31,,,0,12,,190845,31,,,0,12,,190846,31,,,0,52,,190847,31,,,0,11,,190848,31,,,0,10,,190849,31,,,0,9,,190850,31,,,0,9,,190851,31,,,0,9,,190893,31,,,0,50,,190852,31,,,0,10,,190853,31,,,0,10,,190854,31,,,0,10,,190855,31,,,0,10,,190856,31,,,0,11,,190896,31,,,0,50,,190857,31,,,0,10,,190858,31,,,0,10,,190859,31,,,0,10,,190860,31,,,0,10,,190861,31,,,0,10,,190894,31,,,0,50,,190862,31,,,0,10,,190863,31,,,0,10,,190864,31,,,0,10,,190865,31,,,0,11,,190866,31,,,0,10,,190895,31,,,0,50,,190867,31,,,0,10,,190868,31,,,0,11,,190869,31,,,0,10,,190870,31,,,0,10,,190871,31,,,0,9,,190872,31,,,0,52,,190897,31,,,0,12,,190873,31,,,0,11,,190826,31,,,0,16,,190827,31,,,0,55,,190836,31,,,0,15,,190828,31,,,0,14,,190829,31,,,0,15,,190830,31,,,0,54,,190831,31,,,0,15,,190891,31,,,0,17,,190822,31,,,0,19,,190818,31,,,0,60,,190876,31,,,0,20,,190886,31,,,0,19,,190890,31,,,0,65,,190874,31,,,0,23,,190887,31,,,0,65,,190817,31,,,0,25,,190880,31,,,0,70,,190884,31,,,0,30,,190889,31,,,0
662201,'3_merged_15727751',625,,190901,36,,,0,21,,190902,36,,,0,59,,190903,36,,,0,21,,190904,36,,,0,21,,190905,36,,,0,63,,190906,36,,,0,18,,190907,31,,,0,16,,190908,36,,,0,15,,190909,31,,,0,55,,190910,31,,,0,16,,190911,31,,,0,15,,190912,31,,,0,55,,190913,31,,,0,15,,190914,31,,,0,15,,190915,31,,,0,15,,190916,31,,,0,55,,190917,31,,,0,13,,190918,31,,,0,13,,190919,31,,,0,12,,190920,31,,,0,12,,190921,31,,,0,52,,190922,31,,,0,12,,190923,31,,,0,14,,190924,31,,,0,12,,190925,31,,,0,12,,190926,31,,,0,52,,190927,31,,,0,12,,190928,31,,,0,12,,190929,31,,,0,12,,190930,31,,,0,12,,190931,31,,,0,50,,190932,31,,,0,12,,190933,31,,,0,12,,190934,31,,,0,12,,190935,31,,,0,12,,190936,31,,,0,52,,190937,31,,,0,12,,190938,31,,,0,13,,190939,31,,,0,12,,190940,31,,,0,12,,190941,31,,,0,52,,190942,31,,,0,12,,190943,31,,,0,12,,190944,31,,,0,12,,190945,31,,,0,12,,190946,31,,,0,52,,190947,31,,,0,13,,190948,31,,,0,14,,190949,31,,,0,14,,190950,31,,,0,14,,190951,31,,,0,55,,190952,31,,,0,15,,190953,31,,,0,15,,190954,31,,,0,15,,190955,31,,,0,55,,190956,31,,,0,13,,190957,31,,,0,15,,190958,31,,,0,15,,190959,31,,,0,57,,190960,31,,,0,20,,190961,31,,,0,20,,190962,31,,,0,60,,190963,31,,,0,19,,190964,31,,,0,20,,190965,31,,,0,60,,190966,31,,,0,19,,190967,31,,,0,20,,190968,31,,,0,60,,190969,31,,,0,19,,190970,31,,,0,27,,190971,31,,,0,72,,190972,31,,,0,30,,190973,31,,,0,70,,190974,36,,,0
662500,'1_merged_15727750',512,,192047,28,,,0,17,,192048,39,,,0,22,,192049,39,,,0,58,,192050,39,,,0,13,,192051,28,,,0,12,,192052,39,,,0,13,,192053,39,,,0,12,,192054,39,,,0,52,,192055,39,,,0,12,,192056,39,,,0,12,,192057,39,,,0,14,,192058,39,,,0,51,,192059,39,,,0,10,,192060,39,,,0,10,,192061,39,,,0,10,,192062,39,,,0,11,,192063,39,,,0,10,,192064,39,,,0,50,,192065,39,,,0,10,,192066,39,,,0,11,,192067,39,,,0,10,,192068,39,,,0,12,,192069,39,,,0,12,,192070,39,,,0,52,,192071,39,,,0,12,,192072,39,,,0,12,,192074,39,,,0,12,,192075,39,,,0,12,,192076,39,,,0,52,,192077,39,,,0,12,,192078,39,,,0,12,,192079,39,,,0,12,,192080,39,,,0,12,,192081,39,,,0,52,,192082,39,,,0,12,,192083,39,,,0,12,,192084,39,,,0,12,,192085,39,,,0,13,,192086,39,,,0,52,,192087,39,,,0,12,,192088,39,,,0,12,,192089,39,,,0,12,,192090,39,,,0,12,,192091,39,,,0,52,,192092,39,,,0,12,,192093,39,,,0,12,,192094,39,,,0,12,,192095,39,,,0,12,,192096,39,,,0,52,,192097,39,,,0,12,,192098,39,,,0,12,,192099,39,,,0,12,,192100,39,,,0,12,,192101,39,,,0,52,,192102,39,,,0,12,,192103,39,,,0,12,,192104,39,,,0,12,,192105,39,,,0,12,,192106,39,,,0,52,,192107,39,,,0,12,,192108,39,,,0,12,,192109,39,,,0,12,,192110,39,,,0,12,,192111,39,,,0,52,,192112,39,,,0,12,,192113,39,,,0,12,,192114,39,,,0,12,,192115,39,,,0,10,,192116,39,,,0,52,,192117,39,,,0,12,,192118,39,,,0,12,,192120,39,,,0,12,,192121,39,,,0,12,,192122,39,,,0,52,,192123,39,,,0,12,,192124,39,,,0,12,,192125,39,,,0,12,,192126,39,,,0,11,,192128,39,,,0,52,,192129,39,,,0,11,,192130,39,,,0,14,,192131,39,,,0,14,,192133,39,,,0,14,,192134,39,,,0,54,,192135,39,,,0,14,,192136,39,,,0,15,,192138,39,,,0,15,,192139,39,,,0,55,,192140,39,,,0,13,,192141,39,,,0,13,,192142,39,,,0,14,,192143,39,,,0,55,,192145,39,,,0,16,,192146,39,,,0,22,,192148,39,,,0,60,,192149,39,,,0,19,,192150,39,,,0,21,,192151,39,,,0
662500,'2_merged_15727752',527,,192154,39,,,0,20,,192155,39,,,0,60,,192156,39,,,0,22,,192157,39,,,0,19,,192158,39,,,0,55,,192159,39,,,0,12,,192160,39,,,0,12,,192161,39,,,0,12,,192162,39,,,0,12,,192163,39,,,0,52,,192164,39,,,0,12,,192165,39,,,0,12,,192166,39,,,0,12,,192167,39,,,0,12,,192168,39,,,0,53,,192169,39,,,0,12,,192170,39,,,0,12,,192171,39,,,0,12,,192172,39,,,0,13,,192173,39,,,0,52,,192174,39,,,0,13,,192175,39,,,0,12,,192176,39,,,0,12,,192177,39,,,0,14,,192178,39,,,0,52,,192179,39,,,0,12,,192180,39,,,0,12,,192181,39,,,0,12,,192182,39,,,0,12,,192183,39,,,0,52,,192184,39,,,0,12,,192185,39,,,0,12,,192186,39,,,0,12,,192187,39,,,0,12,,192188,39,,,0,52,,192189,39,,,0,13,,192190,39,,,0,12,,192191,39,,,0,12,,192192,39,,,0,11,,192193,39,,,0,52,,192194,39,,,0,12,,192195,39,,,0,12,,192196,39,,,0,12,,192197,39,,,0,12,,192198,39,,,0,52,,192199,39,,,0,12,,192200,39,,,0,12,,192201,39,,,0,12,,192202,39,,,0,12,,192203,39,,,0,52,,192204,39,,,0,12,,192205,39,,,0,12,,192206,39,,,0,12,,192207,39,,,0,12,,192208,39,,,0,52,,192209,39,,,0,12,,192210,39,,,0,12,,192211,39,,,0,12,,192212,39,,,0,12,,192213,39,,,0,52,,192215,39,,,0,12,,192216,39,,,0,12,,192217,39,,,0,12,,192218,39,,,0,12,,192219,39,,,0,52,,192220,39,,,0,12,,192221,39,,,0,12,,192222,39,,,0,12,,192223,39,,,0,12,,192224,39,,,0,52,,192225,39,,,0,12,,192226,39,,,0,12,,192227,39,,,0,12,,192229,39,,,0,11,,192230,39,,,0,52,,192231,39,,,0,12,,192232,39,,,0,13,,192233,39,,,0,15,,192235,39,,,0,55,,192236,39,,,0,13,,192238,39,,,0,15,,192239,39,,,0,15,,192240,39,,,0,55,,192241,39,,,0,14,,192242,39,,,0,15,,192243,39,,,0,24,,192245,39,,,0,70,,192247,39,,,0,30,,192249,39,,,0,69,,192251,39,,,0
662500,'3_merged_15727751',522,,192256,28,,,0,20,,192257,39,,,0,60,,192258,39,,,0,20,,192259,39,,,0,19,,192260,39,,,0,60,,192261,39,,,0,20,,192262,39,,,0,20,,192263,39,,,0,61,,192264,39,,,0,19,,192265,39,,,0,17,,192266,39,,,0,17,,192267,39,,,0,55,,192268,39,,,0,18,,192269,39,,,0,15,,192270,39,,,0,15,,192271,39,,,0,54,,192272,39,,,0,12,,192273,39,,,0,12,,192274,39,,,0,12,,192275,39,,,0,52,,192276,39,,,0,12,,192277,39,,,0,12,,192278,39,,,0,12,,192279,39,,,0,12,,192280,39,,,0,52,,192281,39,,,0,12,,192282,39,,,0,14,,192283,39,,,0,12,,192284,39,,,0,12,,192285,39,,,0,52,,192286,39,,,0,12,,192287,39,,,0,12,,192288,39,,,0,12,,192289,39,,,0,12,,192290,39,,,0,52,,192291,39,,,0,12,,192292,39,,,0,12,,192293,39,,,0,12,,192294,39,,,0,12,,192295,39,,,0,52,,192296,39,,,0,12,,192297,39,,,0,12,,192298,39,,,0,12,,192299,39,,,0,11,,192300,39,,,0,52,,192301,39,,,0,12,,192302,39,,,0,12,,192303,39,,,0,12,,192304,39,,,0,12,,192305,39,,,0,52,,192306,39,,,0,12,,192307,39,,,0,12,,192308,39,,,0,12,,192309,39,,,0,12,,192310,39,,,0,52,,192311,39,,,0,12,,192312,39,,,0,12,,192313,39,,,0,12,,192314,39,,,0,12,,192315,39,,,0,52,,192317,39,,,0,12,,192318,39,,,0,12,,192319,39,,,0,12,,192320,39,,,0,11,,192321,39,,,0,52,,192322,39,,,0,12,,192323,39,,,0,15,,192324,39,,,0,15,,192326,39,,,0,15,,192327,39,,,0,55,,192328,39,,,0,13,,192330,39,,,0,15,,192331,39,,,0,15,,192333,39,,,0,55,,192334,39,,,0,15,,192335,39,,,0,15,,192336,39,,,0,14,,192337,39,,,0,55,,192338,39,,,0,14,,192339,39,,,0,15,,192340,39,,,0,15,,192341,39,,,0,71,,192344,39,,,0,30,,192346,39,,,0,71,,192348,39,,,0
683500,'1_merged_15727750',2552,,223763,48,,,0,55,,223762,48,,,0,15,,223765,48,,,0,30,,223766,48,,,0,70,,223764,48,,,0,30,,223767,48,,,0,70,,223768,48,,,0,30,,223769,48,,,0
683500,'2_merged_15727752',2557,,223773,48,,,0,55,,223770,48,,,0,15,,223772,48,,,0,28,,223771,48,,,0,70,,223774,48,,,0,30,,223775,48,,,0,70,,223776,48,,,0,30,,223777,48,,,0
683500,'3_merged_15727751',2552,,223780,48,,,0,70,,223779,48,,,0,30,,223778,48,,,0
683801,'1_merged_15727750',2526,,223898,40,,,0,29,,223894,40,,,0,70,,223893,40,,,0,30,,223892,40,,,0,73,,223895,40,,,0,27,,223896,40,,,0,69,,223897,40,,,0,80,,223890,40,,,0,30,,223891,40,,,0
683801,'2_merged_15727752',2557,,223900,40,,,0,77,,223902,40,,,0,21,,223901,40,,,0,60,,223903,40,,,0,22,,223904,40,,,0,21,,223905,40,,,0,60,,223906,40,,,0,27,,223907,40,,,0,70,,223908,40,,,0,29,,223899,40,,,0
683801,'3_merged_15727751',2554,,223910,40,,,0,70,,223909,40,,,0,31,,223911,40,,,0,76,,223912,40,,,0,20,,223913,40,,,0,74,,223914,40,,,0,30,,223915,40,,,0,80,,223916,40,,,0
1671801,'1_merged_15727750',547,,226597,16,,,0,54,,226598,16,,,0,13,,226599,16,,,0,13,,226623,16,,,0,14,,226600,16,,,0,13,,226601,16,,,0,53,,226602,16,,,0,15,,226603,16,,,0,15,,226619,16,,,0,15,,226604,16,,,0,55,,226605,16,,,0,16,,226606,16,,,0,15,,226607,16,,,0,15,,226608,16,,,0,54,,226609,16,,,0,14,,226610,16,,,0,14,,226611,16,,,0,15,,226612,16,,,0,54,,226613,16,,,0,15,,226614,16,,,0,15,,226615,16,,,0,15,,226590,16,,,0,55,,226591,16,,,0,15,,226592,16,,,0,15,,226593,16,,,0,15,,226594,16,,,0,55,,226595,16,,,0,15,,226596,16,,,0,15,,226557,16,,,0,16,,226558,16,,,0,55,,226559,16,,,0,16,,226560,16,,,0,15,,226561,16,,,0,15,,226562,16,,,0,55,,226563,16,,,0,15,,226564,16,,,0,15,,226565,16,,,0,15,,226566,16,,,0,55,,226567,16,,,0,13,,226568,16,,,0,12,,226569,16,,,0,12,,226570,16,,,0,11,,226571,16,,,0,50,,226572,16,,,0,10,,226573,16,,,0,10,,226574,16,,,0,11,,226575,16,,,0,12,,226576,16,,,0,12,,226577,16,,,0,52,,226578,16,,,0,12,,226579,16,,,0,12,,226580,16,,,0,12,,226581,16,,,0,12,,226582,16,,,0,54,,226583,16,,,0,15,,226584,16,,,0,15,,226585,16,,,0,15,,226586,16,,,0,55,,226587,16,,,0
1671801,'2_merged_15727752',547,,226672,16,,,0,57,,226673,16,,,0,15,,226685,16,,,0,14,,226686,16,,,0,18,,226687,16,,,0,55,,226688,16,,,0,12,,226689,16,,,0,15,,226690,16,,,0,15,,226691,16,,,0,56,,226641,16,,,0,15,,226692,16,,,0,15,,226693,16,,,0,16,,226694,16,,,0,56,,226695,16,,,0,15,,226696,16,,,0,15,,226697,16,,,0,16,,226698,16,,,0,56,,226699,16,,,0,16,,226700,16,,,0,12,,226684,16,,,0,12,,226635,16,,,0,52,,226636,16,,,0,13,,226637,16,,,0,12,,226638,16,,,0,11,,226634,16,,,0,12,,226639,16,,,0,52,,226640,16,,,0,12,,226642,16,,,0,12,,226643,16,,,0,12,,226666,16,,,0,10,,226644,16,,,0,10,,226645,16,,,0,50,,226646,16,,,0,10,,226647,16,,,0,10,,226648,16,,,0,10,,226667,16,,,0,10,,226658,16,,,0,10,,226659,16,,,0,50,,226660,16,,,0,10,,226661,16,,,0,10,,226662,16,,,0,10,,226668,16,,,0,10,,226663,16,,,0,10,,226664,16,,,0,50,,226665,16,,,0,10,,226649,16,,,0,10,,226631,16,,,0,10,,226669,16,,,0,10,,226650,16,,,0,10,,226651,16,,,0,50,,226652,16,,,0,10,,226653,16,,,0,10,,226654,16,,,0,10,,226670,16,,,0,10,,226655,16,,,0,10,,226656,16,,,0,50,,226657,16,,,0,10,,226674,16,,,0,10,,226675,16,,,0,10,,226671,16,,,0,12,,226676,16,,,0,52,,226677,16,,,0,12,,226678,16,,,0,12,,226679,16,,,0,12,,226680,16,,,0,12,,226681,16,,,0,53,,226682,16,,,0,13,,226683,16,,,0
1671801,'3_merged_15727751',619,,226782,16,,,0,22,,226783,16,,,0,62,,226784,16,,,0,22,,226785,16,,,0,16,,226795,16,,,0,15,,226786,16,,,0,56,,226787,16,,,0,17,,226788,16,,,0,15,,226789,16,,,0,15,,226790,16,,,0,55,,226791,16,,,0,15,,226792,16,,,0,15,,226793,16,,,0,15,,226794,16,,,0,55,,226717,16,,,0,15,,226719,16,,,0,15,,226720,16,,,0,15,,226721,16,,,0,55,,226722,16,,,0,15,,226723,16,,,0,15,,226773,16,,,0,15,,226724,16,,,0,55,,226725,16,,,0,13,,226726,16,,,0,12,,226774,16,,,0,12,,226727,16,,,0,51,,226731,16,,,0,12,,226732,16,,,0,12,,226733,16,,,0,12,,226775,16,,,0,12,,226734,16,,,0,52,,226735,16,,,0,12,,226736,16,,,0,12,,226737,16,,,0,12,,226776,16,,,0,12,,226738,16,,,0,52,,226718,16,,,0,12,,226739,16,,,0,12,,226740,16,,,0,12,,226777,16,,,0,12,,226741,16,,,0,52,,226742,16,,,0,12,,226743,16,,,0,12,,226744,16,,,0,13,,226778,16,,,0,12,,226745,16,,,0,53,,226746,16,,,0,12,,226747,16,,,0,12,,226748,16,,,0,13,,226779,16,,,0,13,,226749,16,,,0,53,,226780,16,,,0,15,,226750,16,,,0,15,,226751,16,,,0,15,,226752,16,,,0,55,,226753,16,,,0
