674900,'101_merged_15727747',737,,219156,34,0,62 63 64,0,66,,219157,15,0,62 63 129,0
674900,'1_merged_15727750',549,,219221,34,0,62 63 129,0,51,,219222,34,0,62 63 129,0,19,,219223,34,0,62 63 129,0,17,,219224,34,0,62 63 129,0,15,,219225,34,0,62 63 129,0,58,,219226,34,0,62 63 129,0,15,,219227,34,0,62 63 129,0,34,,219228,34,0,62 63 129,0,54,,219229,34,0,58 59,0,15,,219230,34,0,58 59,0,13,,219167,34,0,62 63 129,0,15,,219212,34,0,58 59,0,62,,219213,34,0,62 63 129,0,11,,219214,34,0,58 59,0,13,,219215,34,0,62 63 129,0,8,,219216,34,0,60 61 8,0,9,,219217,34,0,58 59,0,48,,219218,34,0,62 63 129,0,15,,219219,34,0,58 59,0,17,,219220,34,0,62 63 129,0,15,,219168,34,0,58 59,0,55,,219193,34,0,62 63 129,0,15,,219194,34,0,58 59,0,17,,219195,34,0,62 63 129,0,15,,219196,34,0,58 59,0,56,,219197,34,0,62 63 129,0,15,,219198,34,0,58 59,0,15,,219199,34,0,62 63 129,0,12,,219200,34,0,58 59,0,57,,219201,34,0,62 63 129,0,16,,219202,34,0,58 59,0,15,,219203,34,0,62 63 129,0,17,,219204,34,0,58 59,0,53,,219205,34,0,62 63 129,0,18,,219206,34,0,60 61 8,0,80,,219207,34,0,62 63 129,0,18,,219208,34,0,62 63 129,0,15,,219209,34,0,62 63 129,0,13,,219210,34,0,62 63 129,0,57,,219211,34,0,62 63 129,0,14,,219159,34,0,62 63 129,0,14,,219165,34,0,62 63 129,0,63,,219187,34,0,62 63 129,0,7,,219169,34,0,62 63 129,0,22,,219158,34,0,62 63 129,0,7,,219188,34,0,62 63 129,0,62,,219189,34,0,62 63 129,0,3,,219190,34,0,62 63 129,0,15,,219191,34,0,62 63 129,0,21,,219192,34,0,62 63 129,0,9,,219166,34,0,62 63 129,0,55,,219160,34,0,62 63 129,0,10,,219170,34,0,62 63 129,0,15,,219171,34,0,62 63 129,0,14,,219182,34,0,62 63 129,0,16,,219183,34,0,62 63 129,0,52,,219184,34,0,62 63 129,0,13,,219185,34,0,60 61 8,0,15,,219186,34,0,62 63 129,0,15,,219164,34,0,62 63 129,0,54,,219161,34,0,62 63 129,0,16,,219174,34,0,60 61 8,0,14,,219175,34,0,62 63 129,0,70,,219176,34,0,62 63 129,0,30,,219177,34,0,62 63 129,0,70,,219162,34,0,62 63 129,0,29,,219179,34,0,62 63 129,0,70,,219173,34,0,62 63 129,0,25,,219178,34,0,62 63 129,0,70,,219163,34,0,62 63 129,0,30,,219181,34,0,58 59,0,69,,219172,34,0,58 59,0,30,,219180,34,0,58 59,0
674900,'201_merged_15727755',736,,219231,34,0,62 63 129,0
674900,'2_merged_15727752',635,,219234,34,0,62 63 129,0,71,,219235,34,0,62 63 129,0,26,,219236,34,0,62 63 129,0,15,,219237,34,0,62 63 129,0,55,,219238,34,0,58 59,0,15,,219239,34,0,62 63 129,0,10,,219240,34,0,58 59,0,15,,219241,34,0,62 63 129,0,17,,219242,34,0,58 59,0,56,,219243,34,0,62 63 129,0,17,,219244,34,0,58 59,0,14,,219245,34,0,62 63 129,0,55,,219246,34,0,58 59,0,18,,219247,34,0,62 63 129,0,15,,219248,34,0,58 59,0,14,,219249,34,0,62 63 129,0,55,,219250,34,0,58 59,0,15,,219251,34,0,62 63 129,0,15,,219252,34,0,58 59,0,17,,219253,34,0,62 63 129,0,56,,219254,34,0,58 59,0,16,,219255,34,0,62 63 129,0,17,,219256,34,0,58 59,0,15,,219257,34,0,62 63 129,0,52,,219258,34,0,58 59,0,15,,219259,34,0,62 63 129,0,15,,219260,34,0,58 59,0,18,,219261,34,0,62 63 129,0,55,,219262,34,0,58 59,0,15,,219263,34,0,62 63 129,0,15,,219264,34,0,58 59,0,15,,219265,34,0,62 63 129,0,55,,219266,34,0,58 59,0,17,,219267,34,0,62 63 129,0,14,,219268,34,0,58 59,0,16,,219269,34,0,62 63 129,0,55,,219270,34,0,58 59,0,15,,219271,34,0,62 63 129,0,10,,219272,34,0,58 59,0,17,,219273,34,0,62 63 129,0,55,,219274,34,0,58 59,0,14,,219275,34,0,62 63 129,0,15,,219276,34,0,58 59,0,14,,219277,34,0,62 63 129,0,55,,219278,34,0,58 59,0,15,,219279,34,0,62 63 129,0,15,,219280,34,0,58 59,0,12,,219281,34,0,62 63 129,0,55,,219282,34,0,62 63 129,0,15,,219283,34,0,62 63 129,0,20,,219284,34,0,62 63 129,0,20,,219285,34,0,62 63 129,0,58,,219286,34,0,62 63 129,0,21,,219287,34,0,62 63 129,0,20,,219288,34,0,62 63 129,0,59,,219289,34,0,62 63 129,0,26,,219290,34,0,62 63 129,0,70,,219291,34,0,62 63 129,0,26,,219292,34,0,62 63 129,0,70,,219293,34,0,62 63 129,0,28,,219294,34,0,62 63 129,0,70,,219295,34,0,62 63 129,0,29,,219296,34,0,62 63 129,0,70,,219297,34,0,62 63 129,0,28,,219298,34,0,58 59,0,75,,219232,34,0,58 59,0,25,,219233,34,0,58 59,0
674900,'3_merged_15727751',640,,219328,34,0,62 63 129,0,72,,219327,34,0,62 63 129,0,23,,219333,34,0,62 63 129,0,70,,219332,34,0,62 63 129,0,15,,219344,34,0,58 59,0,16,,219343,34,0,62 63 129,0,15,,219342,34,0,58 59,0,54,,219341,34,0,62 63 129,0,18,,219340,34,0,58 59,0,18,,219339,34,0,62 63 129,0,15,,219363,34,0,58 59,0,56,,219362,34,0,62 63 129,0,15,,219338,34,0,58 59,0,17,,219337,34,0,62 63 129,0,15,,219336,34,0,58 59,0,55,,219335,34,0,62 63 129,0,10,,219334,34,0,58 59,0,14,,219331,34,0,62 63 129,0,16,,219330,34,0,58 59,0,55,,219329,34,0,62 63 129,0,13,,219355,34,0,58 59,0,17,,219303,34,0,62 63 129,0,15,,219302,34,0,58 59,0,55,,219301,34,0,62 63 129,0,14,,219300,34,0,58 59,0,17,,219299,34,0,62 63 129,0,15,,219361,34,0,58 59,0,49,,219360,34,0,62 63 129,0,21,,219359,34,0,58 59,0,15,,219358,34,0,62 63 129,0,15,,219357,34,0,58 59,0,55,,219356,34,0,62 63 129,0,15,,219354,34,0,58 59,0,18,,219353,34,0,62 63 129,0,14,,219352,34,0,58 59,0,56,,219351,34,0,62 63 129,0,5,,219350,34,0,58 59,0,21,,219349,34,0,62 63 129,0,15,,219348,34,0,58 59,0,55,,219347,34,0,62 63 129,0,13,,219346,34,0,58 59,0,15,,219345,34,0,62 63 129,0,15,,219316,34,0,58 59,0,55,,219326,34,0,62 63 129,0,15,,219325,34,0,58 59,0,20,,219324,34,0,62 63 129,0,15,,219323,34,0,58 59,0,55,,219322,34,0,62 63 129,0,15,,219321,34,0,58 59,0,14,,219320,34,0,62 63 129,0,15,,219319,34,0,58 59,0,53,,219318,34,0,62 63 129,0,15,,219317,34,0,58 59,0,15,,219315,34,0,62 63 129,0,15,,219314,34,0,58 59,0,51,,219313,34,0,62 63 129,0,20,,219312,34,0,62 63 129,0,19,,219311,34,0,62 63 129,0,71,,219310,34,0,62 63 129,0,31,,219309,34,0,62 63 129,0,70,,219308,34,0,62 63 129,0,28,,219307,34,0,62 63 129,0,69,,219306,34,0,62 63 129,0,30,,219305,34,0,62 63 129,0,102,,219304,34,0,58 59,0
674900,'701_merged_15727744',1454,,219364,34,0,62 63 121 122 123,0
674900,'801_merged_15727766',1449,,219365,34,0,62 63 129,0
722400,'1_merged_15727750',600,,224208,40,,,0,21,,224206,40,,,0,24,,224183,40,,,0,7,,224181,40,,,0,65,,224209,40,,,0,7,,224213,40,,,0,23,,224207,40,,,0,63,,224204,40,,,0,11,,224210,40,,,0,26,,224203,40,,,0,58,,224202,40,,,0,24,,224214,40,,,0,17,,224199,40,,,0,77,,224198,40,,,0,21,,224196,40,,,0,69,,224195,40,,,0,30,,224194,40,,,0,73,,224193,40,,,0,31,,224192,40,,,0,70,,224191,40,,,0,31,,224197,40,,,0,73,,224190,40,,,0,33,,224205,40,,,0,70,,224201,40,,,0,31,,224211,40,,,0,62,,224200,40,,,0,21,,224189,40,,,0,66,,224212,40,,,0,16,,224188,40,,,0,19,,224180,40,,,0,15,,224178,40,,,0,53,,224215,40,,,0,13,,224187,40,,,0,21,,224186,40,,,0,70,,224185,40,,,0,20,,224184,40,,,0,18,,224179,40,,,0,63,,224182,40,,,0,35,,224219,40,,,0
3404301,'101_merged_15727747',738,,235237,21,,,0,803,,235240,20,,,0,8,,235238,20,,,0
3404301,'1_merged_15727750',542,,235261,21,,,0,70,,235245,21,,,0,23,,235260,21,,,0,5,,235244,21,,,0,64,,235262,21,,,0,7,,235242,21,,,0,23,,235259,21,,,0,110,,235258,20,,,0,67,,235241,20,,,0,27,,235257,20,,,0,100,,235256,20,,,0,100,,235255,20,,,0,106,,235254,20,,,0,98,,235253,20,,,0,99,,235252,20,,,0,76,,235263,20,,,0,42,,235251,20,,,0,63,,235264,20,,,0,19,,235266,21,,,0,15,,235250,21,,,0,152,,235249,21,,,0,36,,235248,21,,,0,57,,235267,21,,,0,20,,235265,21,,,0,102,,235247,20,,,0,97,,235246,20,,,0
3404301,'201_merged_15727755',738,,235268,21,,,0
3404301,'2_merged_15727752',842,,235274,20,,,0,101,,235275,20,,,0,102,,235273,20,,,0,100,,235276,20,,,0,100,,235272,20,,,0,100,,235277,20,,,0,99,,235271,20,,,0,100,,235278,20,,,0,101,,235270,20,,,0,99,,235279,20,,,0,100,,235269,20,,,0
3404301,'3_merged_15727751',836,,235285,20,,,0,103,,235286,20,,,0,100,,235284,20,,,0,100,,235287,20,,,0,100,,235283,20,,,0,103,,235288,20,,,0,97,,235282,20,,,0,101,,235289,20,,,0,99,,235281,20,,,0,100,,235290,20,,,0,100,,235280,20,,,0
