3003901,'101_merged_15727747',1540,,229902,21,,,0
3003901,'1_merged_15727750',526,,229935,21,,,0,24,,229924,21,,,0,7,,229936,21,,,0,63,,229934,21,,,0,10,,229937,21,,,0,20,,229933,21,,,0,50,,229938,21,,,0,19,,229932,21,,,0,11,,229939,21,,,0,20,,229931,21,,,0,50,,229940,21,,,0,23,,229925,21,,,0,17,,229941,21,,,0,68,,229942,21,,,0,30,,229943,21,,,0,66,,229944,21,,,0,31,,229945,21,,,0,72,,229946,21,,,0,27,,229947,21,,,0,76,,229948,21,,,0,25,,229903,21,,,0,70,,229904,21,,,0,30,,229905,21,,,0,78,,229906,21,,,0,33,,229907,21,,,0,67,,229908,21,,,0,29,,229909,21,,,0,71,,229910,21,,,0,30,,229911,21,,,0,73,,229912,21,,,0,9,,229930,21,,,0,17,,229913,21,,,0,15,,229929,21,,,0,53,,229914,21,,,0,11,,229928,21,,,0,29,,229915,21,,,0,51,,229927,21,,,0,10,,229916,21,,,0,26,,229917,21,,,0,8,,229926,21,,,0,59,,229918,21,,,0,34,,229919,21,,,0,97,,229920,21,,,0,100,,229921,21,,,0,98,,229922,21,,,0,98,,229923,21,,,0
3003901,'2_merged_15727752',632,,229963,21,,,0,70,,229952,21,,,0,30,,229964,21,,,0,70,,229949,21,,,0,31,,229965,21,,,0,70,,229950,21,,,0,33,,229966,21,,,0,69,,229953,21,,,0,32,,229967,21,,,0,70,,229954,21,,,0,30,,229968,21,,,0,70,,229955,21,,,0,30,,229969,21,,,0,70,,229956,21,,,0,30,,229970,21,,,0,70,,229957,21,,,0,30,,229971,21,,,0,70,,229958,21,,,0,30,,229972,21,,,0,70,,229959,21,,,0,30,,229973,21,,,0,70,,229960,21,,,0,30,,229974,21,,,0,68,,229961,21,,,0,30,,229977,21,,,0,69,,229962,21,,,0,30,,229975,21,,,0,99,,229976,21,,,0,100,,229978,21,,,0,100,,229979,21,,,0,100,,229980,21,,,0,100,,229951,21,,,0
3003901,'3_merged_15727751',631,,229982,21,,,0,100,,229983,21,,,0,101,,229984,21,,,0,101,,229985,21,,,0,101,,229986,21,,,0,101,,229987,21,,,0,70,,230000,21,,,0,30,,229988,21,,,0,70,,230001,21,,,0,30,,229989,21,,,0,70,,230002,21,,,0,30,,229990,21,,,0,70,,230003,21,,,0,30,,229991,21,,,0,70,,230004,21,,,0,33,,229992,21,,,0,67,,230005,21,,,0,30,,229993,21,,,0,69,,230006,21,,,0,30,,229994,21,,,0,101,,229995,21,,,0,97,,229996,21,,,0,100,,229997,21,,,0,99,,229998,21,,,0,100,,229999,21,,,0,100,,229981,21,,,0
3004001,'101_merged_15727747',757,,230112,27,,,0
3004001,'1_merged_15727750',531,,230125,27,,,0,21,,230140,27,,,0,49,,230126,27,,,0,20,,230139,27,,,0,10,,230127,27,,,0,18,,230138,27,,,0,9,,230128,27,,,0,57,,230137,27,,,0,15,,230142,27,,,0,71,,230143,27,,,0,20,,230129,27,,,0,20,,230144,27,,,0,81,,230145,27,,,0,30,,230146,27,,,0,70,,230147,27,,,0,31,,230148,27,,,0,65,,230149,27,,,0,34,,230150,27,,,0,70,,230151,27,,,0,30,,230152,27,,,0,74,,230135,27,,,0,25,,230136,27,,,0,74,,230153,27,,,0,32,,230154,27,,,0,71,,230141,27,,,0,27,,230155,27,,,0,71,,230156,27,,,0,30,,230157,27,,,0,60,,230113,27,,,0,7,,230134,27,,,0,21,,230114,27,,,0,8,,230133,27,,,0,63,,230115,27,,,0,7,,230132,27,,,0,30,,230116,27,,,0,48,,230131,27,,,0,12,,230117,27,,,0,24,,230118,27,,,0,10,,230130,27,,,0,56,,230119,27,,,0,55,,230120,27,,,0,144,,230121,27,,,0,103,,230122,27,,,0,96,,230123,27,,,0,100,,230124,27,,,0
3004001,'201_merged_15727755',757,,230158,27,,,0
3004001,'2_merged_15727752',718,,230166,27,,,0,30,,230184,27,,,0,71,,230167,27,,,0,30,,230185,27,,,0,69,,230168,27,,,0,31,,230188,27,,,0,71,,230169,27,,,0,30,,230159,27,,,0,72,,230170,27,,,0,28,,230160,27,,,0,72,,230171,27,,,0,30,,230161,27,,,0,70,,230172,27,,,0,30,,230162,27,,,0,70,,230173,27,,,0,30,,230186,27,,,0,70,,230174,27,,,0,30,,230187,27,,,0,70,,230175,27,,,0,30,,230163,27,,,0,69,,230176,27,,,0,30,,230164,27,,,0,70,,230177,27,,,0,30,,230165,27,,,0,70,,230178,27,,,0,86,,230179,27,,,0,95,,230180,27,,,0,100,,230181,27,,,0,101,,230182,27,,,0,102,,230183,27,,,0
3004001,'3_merged_15727751',720,,230190,27,,,0,100,,230191,27,,,0,100,,230192,27,,,0,100,,230193,27,,,0,32,,230207,27,,,0,70,,230194,27,,,0,30,,230208,27,,,0,70,,230195,27,,,0,30,,230209,27,,,0,70,,230196,27,,,0,30,,230210,27,,,0,69,,230197,27,,,0,30,,230211,27,,,0,69,,230198,27,,,0,30,,230212,27,,,0,71,,230199,27,,,0,30,,230213,27,,,0,70,,230200,27,,,0,30,,230214,27,,,0,70,,230201,27,,,0,30,,230215,27,,,0,60,,230203,27,,,0,99,,230189,27,,,0,99,,230202,27,,,0,98,,230204,27,,,0,100,,230205,27,,,0,100,,230206,27,,,0
3004101,'1_merged_15727750',624,,230242,8,,,0,16,,230254,8,,,0,15,,230243,8,,,0,55,,230255,8,,,0,15,,230253,8,,,0,15,,230256,8,,,0,15,,230244,8,,,0,55,,230257,8,,,0,15,,230245,8,,,0,14,,230258,8,,,0,15,,230246,8,,,0,670,,230247,8,,,0,13,,230259,8,,,0,16,,230248,8,,,0,55,,230260,8,,,0,23,5,230249,8,,,0,11,5,230261,8,,,0,8,,230264,8,,,0,9,5,230250,8,,,0,53,5,230262,8,,,0,16,5,230251,8,,,0,80,5,230252,8,,,0,50,5,230263,8,,,0
