662000,'152201_merged_15727756',2057,,189517,28,,,0,55,,189508,28,,,0,15,,189518,28,,,0,15,,189507,28,,,0,60,,189509,28,,,0,20,,189511,28,,,0,21,,189516,28,,,0,60,,189510,28,,,0,20,,189515,28,,,0,23,,189513,28,,,0,70,,189512,28,,,0,30,,189514,28,,,0,70,,189506,28,,,0
662000,'152301_merged_15727764',2057,,189521,28,,,0,55,,189522,28,,,0,15,,189523,28,,,0,15,,189524,28,,,0,60,,189525,28,,,0,20,,189527,28,,,0,21,,189529,28,,,0,60,,189526,28,,,0,20,,189528,28,,,0,23,,189530,28,,,0,70,,189531,28,,,0,30,,189519,28,,,0,70,,189520,28,,,0
662000,'1_merged_15727750',424,,189548,28,,,0,20,,189549,28,,,0,60,,189551,28,,,0,2,,189555,23,,,0,6,,189558,23,0,23 15,0,10,,189554,23,,,0,2,,189552,28,,,0,10,,189559,23,0,23 15,0,2,,189610,23,,,0,5,,189550,28,,,0,13,,189553,28,,,0,55,,189561,28,,,0,11,,189578,28,,,0,5,,189557,23,0,23 15,0,7,,189579,28,,,0,12,,189580,28,,,0,1,,189556,23,0,23 15,0,11,,189581,28,,,0,52,,189582,28,,,0,12,,189592,28,,,0,3,,189613,23,,,0,8,,189593,28,,,0,9,,189612,23,0,23 15,0,1,,189605,28,,,0,9,,189541,28,,,0,50,,189543,28,,,0,10,,189544,28,,,0,2,,189611,23,,,0,6,,189588,28,,,0,10,,189589,28,,,0,10,,189590,28,,,0,10,,189591,28,,,0,52,,189583,28,,,0,14,,189584,28,,,0,15,,189594,28,,,0,15,,189545,28,,,0,15,,189562,28,,,0,54,,189563,28,,,0,15,,189564,28,,,0,15,,189565,28,,,0,15,,189542,28,,,0,55,,189566,28,,,0,15,,189567,28,,,0,15,,189568,28,,,0,15,,189569,28,,,0,54,,189570,28,,,0,15,,189571,28,,,0,15,,189572,28,,,0,15,,189573,28,,,0,55,,189574,28,,,0,15,,189575,28,,,0,16,,189576,28,,,0,15,,189577,28,,,0,55,,189585,28,,,0,15,,189586,28,,,0,14,,189587,28,,,0,14,,189595,28,,,0,55,,189596,28,,,0,15,,189597,28,,,0,12,,189598,28,,,0,12,,189599,28,,,0,52,,189600,28,,,0,13,,189601,28,,,0,12,,189602,28,,,0,13,,189603,28,,,0,12,,189604,28,,,0,52,,189536,28,,,0,12,,189537,28,,,0,13,,189538,28,,,0,13,,189539,28,,,0,13,,189540,28,,,0,54,,189535,28,,,0,14,,189560,28,,,0,15,,189547,28,,,0,15,,189534,28,,,0,55,,189532,28,,,0,16,,189546,28,,,0,15,,189606,28,,,0,15,,189608,28,,,0,55,,189609,28,,,0,15,,189533,28,,,0,15,,189607,28,,,0
662000,'2_merged_15727752',455,,189614,28,,,0,60,,189615,28,,,0,19,,189616,28,,,0,21,,189617,28,,,0,60,,189618,28,,,0,19,,189619,28,,,0,15,,189620,28,,,0,55,,189621,28,,,0,14,,189622,28,,,0,14,,189623,28,,,0,15,,189624,28,,,0,53,,189625,28,,,0,15,,189626,28,,,0,15,,189627,28,,,0,15,,189628,28,,,0,55,,189629,28,,,0,15,,189630,28,,,0,15,,189631,28,,,0,15,,189632,28,,,0,55,,189633,28,,,0,15,,189634,28,,,0,15,,189635,28,,,0,13,,189636,28,,,0,15,,189637,28,,,0,55,,189638,28,,,0,15,,189639,28,,,0,15,,189640,28,,,0,15,,189641,28,,,0,53,,189642,28,,,0,15,,189643,28,,,0,15,,189644,28,,,0,15,,189645,28,,,0,55,,189646,28,,,0,15,,189647,28,,,0,15,,189648,28,,,0,15,,189649,28,,,0,55,,189650,28,,,0,15,,189651,28,,,0,15,,189652,28,,,0,15,,189653,28,,,0,56,,189654,28,,,0,15,,189655,28,,,0,15,,189656,28,,,0,15,,189657,28,,,0,55,,189658,28,,,0,15,,189659,28,,,0,15,,189660,28,,,0,15,,189661,28,,,0,55,,189662,28,,,0,15,,189663,28,,,0,15,,189664,28,,,0,15,,189665,28,,,0,56,,189666,28,,,0,15,,189667,28,,,0,15,,189668,28,,,0,15,,189669,28,,,0,55,,189670,28,,,0,15,,189671,28,,,0,15,,189672,28,,,0,15,,189673,28,,,0,55,,189674,28,,,0,15,,189675,28,,,0,16,,189676,28,,,0,56,,189677,28,,,0,20,,189678,28,,,0,20,,189679,28,,,0,60,,189680,28,,,0,20,,189681,28,,,0,20,,189682,28,,,0,64,,189683,28,,,0,20,,189684,28,,,0,25,,189685,28,,,0,70,,189686,28,,,0,30,,189687,28,,,0,70,,189688,28,,,0
662000,'3_merged_15727751',542,,189689,28,,,0,60,,189690,28,,,0,20,,189691,28,,,0,18,,189692,28,,,0,60,,189693,28,,,0,20,,189694,28,,,0,20,,189695,28,,,0,15,,189696,28,,,0,54,,189697,28,,,0,15,,189698,28,,,0,15,,189699,28,,,0,15,,189700,28,,,0,55,,189701,28,,,0,13,,189702,28,,,0,15,,189703,28,,,0,15,,189704,28,,,0,53,,189705,28,,,0,12,,189706,28,,,0,15,,189707,28,,,0,15,,189708,28,,,0,55,,189709,28,,,0,15,,189710,28,,,0,15,,189711,28,,,0,16,,189712,28,,,0,55,,189713,28,,,0,15,,189714,28,,,0,15,,189715,28,,,0,15,,189716,28,,,0,55,,189717,28,,,0,14,,189718,28,,,0,15,,189719,28,,,0,15,,189720,28,,,0,55,,189721,28,,,0,15,,189722,28,,,0,15,,189723,28,,,0,15,,189724,28,,,0,55,,189725,28,,,0,15,,189726,28,,,0,15,,189727,28,,,0,16,,189728,28,,,0,55,,189729,28,,,0,15,,189730,28,,,0,15,,189731,28,,,0,15,,189732,28,,,0,55,,189733,28,,,0,15,,189734,28,,,0,15,,189735,28,,,0,15,,189736,28,,,0,55,,189737,28,,,0,15,,189738,28,,,0,15,,189739,28,,,0,15,,189740,28,,,0,55,,189741,28,,,0,15,,189742,28,,,0,16,,189743,28,,,0,15,,189744,28,,,0,55,,189745,28,,,0,15,,189746,28,,,0,15,,189747,28,,,0,19,,189748,28,,,0,60,,189749,28,,,0,20,,189750,28,,,0,20,,189751,28,,,0,60,,189752,28,,,0,20,,189753,28,,,0,20,,189754,28,,,0,60,,189755,28,,,0,20,,189756,28,,,0,16,,189757,28,,,0,70,,189758,28,,,0,30,,189759,28,,,0,70,,189760,28,,,0
662200,'101_merged_15727747',1532,,190428,28,0,10,0
662200,'152201_merged_15727756',2054,,190429,28,0,24 14 8,0,58,,190430,28,0,24 14 8,0,24,,190431,28,0,24 14 8,0,17,,190432,28,0,24 14 8,0,61,,190433,28,0,24 14 8,0,25,,190434,28,0,24 14 8,0,19,,190435,28,0,24 14 8,0,56,,190436,28,0,24 14 8,0,23,,190437,28,0,24 14 8,0,70,,190438,28,0,24 14 8,0,29,,190439,28,,,0,73,,190440,28,,,0
662200,'152301_merged_15727764',2054,,190441,28,0,24 14 8,0,58,,190442,28,0,24 14 8,0,24,,190443,28,0,24 14 8,0,17,,190444,28,0,24 14 8,0,61,,190445,28,0,24 14 8,0,25,,190446,28,0,24 14 8,0,19,,190447,28,0,24 14 8,0,56,,190448,28,0,24 14 8,0,23,,190449,28,0,24 14 8,0,70,,190450,28,0,24 14 8,0,29,,190451,28,,,0,73,,190452,28,,,0
662200,'1_merged_15727750',540,,190454,28,0,24 14 8,0,12,,190455,1,0,24 14 8,0,56,,190456,28,0,24 14 8,0,11,,190457,1,0,24 14 8,0,13,,190458,28,0,24 14 8,0,12,,190459,28,0,24 14 8,0,12,,190460,28,0,24 14 8,0,50,,190461,28,0,24 14 8,0,10,,190462,28,0,24 14 8,0,8,,190463,28,0,24 14 8,0,6,,190464,28,0,24 14 8,0,8,,190465,28,0,24 14 8,0,7,,190466,28,0,24 14 8,0,7,,190467,28,0,24 14 8,0,6,,190468,28,0,24 14 8,0,46,,190533,28,0,24 14 8,0,6,,190469,28,0,24 14 8,0,8,,190470,28,0,24 14 8,0,6,,190471,28,0,24 14 8,0,7,,190472,28,0,24 14 8,0,7,,190473,28,0,24 14 8,0,7,,190474,28,0,24 14 8,0,8,,190475,28,0,24 14 8,0,47,,190476,28,0,24 14 8,0,8,,190477,28,0,24 14 8,0,9,,190478,28,0,24 14 8,0,10,,190479,28,0,24 14 8,0,11,,190480,28,0,24 14 8,0,11,,190481,28,0,24 14 8,0,52,,190537,28,0,24 14 8,0,12,,190482,28,0,24 14 8,0,9,,190483,28,0,24 14 8,0,11,,190484,28,0,24 14 8,0,11,,190485,28,0,24 14 8,0,11,,190538,28,0,24 14 8,0,52,,190486,28,0,24 14 8,0,12,,190487,28,0,24 14 8,0,12,,190488,28,0,24 14 8,0,10,,190489,28,0,24 14 8,0,12,,190539,28,0,24 14 8,0,52,,190490,28,0,24 14 8,0,13,,190491,28,0,24 14 8,0,12,,190492,28,0,24 14 8,0,12,,190493,28,0,24 14 8,0,12,,190540,28,0,24 14 8,0,52,,190494,28,0,24 14 8,0,12,,190495,28,0,24 14 8,0,12,,190496,28,0,24 14 8,0,10,,190541,28,0,24 14 8,0,12,,190497,28,0,24 14 8,0,52,,190498,28,0,24 14 8,0,13,,190499,28,0,24 14 8,0,13,,190500,28,0,24 14 8,0,13,,190529,28,0,24 14 8,0,9,,190530,28,0,24 14 8,0,48,,190534,28,0,24 14 8,0,8,,190531,28,0,24 14 8,0,8,,190532,28,0,24 14 8,0,7,,190501,28,0,24 14 8,0,8,,190535,28,0,24 14 8,0,8,,190536,28,0,24 14 8,0,8,,190502,28,0,24 14 8,0,8,,190503,28,0,24 14 8,0,48,,190504,28,0,24 14 8,0,8,,190505,28,0,24 14 8,0,8,,190506,28,0,24 14 8,0,8,,190507,28,0,24 14 8,0,8,,190508,28,0,24 14 8,0,8,,190509,28,0,24 14 8,0,11,,190510,28,0,24 14 8,0,49,,190511,28,0,24 14 8,0,10,,190512,28,0,24 14 8,0,9,,190513,28,0,24 14 8,0,10,,190514,28,0,24 14 8,0,10,,190515,28,0,24 14 8,0,10,,190516,28,0,24 14 8,0,50,,190517,28,0,24 14 8,0,11,,190518,28,0,24 14 8,0,10,,190519,28,0,24 14 8,0,12,,190520,28,0,24 14 8,0,12,,190521,28,0,24 14 8,0,12,,190522,28,0,24 14 8,0,52,,190542,28,0,24 14 8,0,14,,190523,28,0,24 14 8,0,13,,190524,28,0,24 14 8,0,15,,190525,28,0,24 14 8,0,55,,190526,28,0,24 14 8,0,16,,190527,28,0,24 14 8,0,15,,190528,28,0,24 14 8,0
662200,'2_merged_15727752',602,,190621,1,0,24 14 8,0,24,,190544,28,0,24 14 8,0,20,,190618,28,0,24 14 8,0,60,,190553,28,0,24 14 8,0,18,,190620,28,0,24 14 8,0,15,,190555,28,0,24 14 8,0,12,,190547,28,0,24 14 8,0,55,,190615,28,0,24 14 8,0,13,,190617,28,0,24 14 8,0,15,,190616,28,0,24 14 8,0,14,,190546,28,0,24 14 8,0,55,,190613,28,0,24 14 8,0,15,,190614,28,0,24 14 8,0,12,,190566,28,0,24 14 8,0,12,,190567,28,0,24 14 8,0,12,,190627,28,0,24 14 8,0,52,,190568,28,0,24 14 8,0,9,,190569,28,0,24 14 8,0,12,,190570,28,0,24 14 8,0,12,,190571,28,0,24 14 8,0,12,,190628,28,0,24 14 8,0,52,,190572,28,0,24 14 8,0,6,,190573,28,0,24 14 8,0,12,,190574,28,0,24 14 8,0,12,,190575,28,0,24 14 8,0,12,,190576,28,0,24 14 8,0,12,,190577,28,0,24 14 8,0,52,,190578,28,0,24 14 8,0,12,,190579,28,0,24 14 8,0,10,,190580,28,0,24 14 8,0,10,,190581,28,0,24 14 8,0,10,,190582,28,0,24 14 8,0,50,,190583,28,0,24 14 8,0,9,,190622,28,0,24 14 8,0,10,,190584,28,0,24 14 8,0,10,,190585,28,0,24 14 8,0,10,,190586,28,0,24 14 8,0,10,,190587,28,0,24 14 8,0,50,,190588,28,0,24 14 8,0,10,,190623,28,0,24 14 8,0,10,,190589,28,0,24 14 8,0,10,,190590,28,0,24 14 8,0,10,,190559,28,0,24 14 8,0,10,,190591,28,0,24 14 8,0,50,,190592,28,0,24 14 8,0,10,,190624,28,0,24 14 8,0,10,,190593,28,0,24 14 8,0,10,,190594,28,0,24 14 8,0,12,,190595,28,0,24 14 8,0,11,,190596,28,0,24 14 8,0,51,,190597,28,0,24 14 8,0,10,,190625,28,0,24 14 8,0,10,,190598,28,0,24 14 8,0,10,,190599,28,0,24 14 8,0,10,,190600,28,0,24 14 8,0,10,,190601,28,0,24 14 8,0,50,,190626,28,0,24 14 8,0,11,,190602,28,0,24 14 8,0,10,,190603,28,0,24 14 8,0,10,,190604,28,0,24 14 8,0,10,,190605,28,0,24 14 8,0,12,,190619,28,0,24 14 8,0,56,,190607,28,0,24 14 8,0,15,,190565,28,0,24 14 8,0,15,,190551,28,0,24 14 8,0,15,,190556,28,0,24 14 8,0,55,,190557,28,0,24 14 8,0,15,,190558,28,0,24 14 8,0,16,,190560,28,0,24 14 8,0,15,,190561,28,0,24 14 8,0,56,,190562,28,0,24 14 8,0,15,,190563,28,0,24 14 8,0,14,,190564,28,0,24 14 8,0,15,,190606,28,0,24 14 8,0,55,,190549,28,0,24 14 8,0,16,,190543,28,0,24 14 8,0,17,,190545,28,0,24 14 8,0,62,,190554,28,0,24 14 8,0,26,,190611,28,0,24 14 8,0,22,,190552,28,0,24 14 8,0,62,,190609,28,0,24 14 8,0,21,,190608,28,0,24 14 8,0,66,,190548,28,0,24 14 8,0,30,,190610,28,,,0,70,,190612,28,,,0
662200,'3_merged_15727751',618,,190629,28,,,0,30,,190630,28,,,0,65,,190631,28,0,24 14 8,0,20,,190632,28,0,24 14 8,0,21,,190633,28,0,24 14 8,0,59,,190634,28,0,24 14 8,0,11,,190635,28,0,24 14 8,0,15,,190636,28,0,24 14 8,0,13,,190637,28,0,24 14 8,0,55,,190638,28,0,24 14 8,0,15,,190639,28,0,24 14 8,0,15,,190640,28,0,24 14 8,0,13,,190641,28,0,24 14 8,0,54,,190642,28,0,24 14 8,0,15,,190643,28,0,24 14 8,0,15,,190644,28,0,24 14 8,0,15,,190645,28,0,24 14 8,0,55,,190646,28,0,24 14 8,0,11,,190647,28,0,24 14 8,0,12,,190648,28,0,24 14 8,0,12,,190649,28,0,24 14 8,0,10,,190650,28,0,24 14 8,0,52,,190651,28,0,24 14 8,0,12,,190652,28,0,24 14 8,0,12,,190653,28,0,24 14 8,0,13,,190654,28,0,24 14 8,0,12,,190655,28,0,24 14 8,0,52,,190656,28,0,24 14 8,0,11,,190657,28,0,24 14 8,0,12,,190658,28,0,24 14 8,0,12,,190659,28,0,24 14 8,0,12,,190660,28,0,24 14 8,0,52,,190661,28,0,24 14 8,0,12,,190662,28,0,24 14 8,0,12,,190663,28,0,24 14 8,0,13,,190664,28,0,24 14 8,0,12,,190665,28,0,24 14 8,0,52,,190666,28,0,24 14 8,0,12,,190667,28,0,24 14 8,0,12,,190668,28,0,24 14 8,0,13,,190669,28,0,24 14 8,0,13,,190670,28,0,24 14 8,0,53,,190671,28,0,24 14 8,0,13,,190672,28,0,24 14 8,0,12,,190673,28,0,24 14 8,0,12,,190674,28,0,24 14 8,0,14,,190675,28,0,24 14 8,0,52,,190676,28,0,24 14 8,0,14,,190677,28,0,24 14 8,0,15,,190678,28,0,24 14 8,0,16,,190679,28,0,24 14 8,0,55,,190680,28,0,24 14 8,0,17,,190681,28,0,24 14 8,0,15,,190682,28,0,24 14 8,0,15,,190683,28,0,24 14 8,0,55,,190684,28,0,24 14 8,0,14,,190685,28,0,24 14 8,0,15,,190686,28,0,24 14 8,0,15,,190687,28,0,24 14 8,0,56,,190688,28,0,24 14 8,0,18,,190689,28,0,24 14 8,0,16,,190690,28,0,24 14 8,0,57,,190691,28,0,24 14 8,0,16,,190692,28,0,24 14 8,0,18,,190693,28,0,24 14 8,0,18,,190694,28,0,24 14 8,0,59,,190695,28,0,24 14 8,0,20,,190696,28,0,24 14 8,0,20,,190697,28,0,24 14 8,0,60,,190698,28,0,24 14 8,0,27,,190699,28,0,24 14 8,0,67,,190700,28,,,0,30,,190701,28,,,0,69,,190702,28,,,0
683000,'1_merged_15727750',2556,,223628,48,,,0,72,,223629,48,,,0,28,,223630,48,,,0,70,,223631,48,,,0,30,,223632,48,,,0,72,,223633,48,,,0
683000,'2_merged_15727752',2558,,223640,48,,,0,75,,223639,48,,,0,70,,223638,48,,,0,30,,223635,48,,,0,72,,223637,48,,,0,34,,223636,48,,,0
683000,'3_merged_15727751',2557,,223647,48,,,0,70,,223646,48,,,0,30,,223641,48,,,0,70,,223645,48,,,0,30,,223644,48,,,0,80,,223643,48,,,0
1671800,'1_merged_15727750',451,,226298,1,,,0,63,,226331,1,,,0,744,,226295,1,,,0,271,,226332,1,,,0
1671800,'2_merged_15727752',514,,226359,1,,,0,14,,226360,1,,,0,98,,226361,1,,,0,301,,226429,1,,,0,30,,226371,1,,,0,84,,226362,1,,,0,102,,226430,1,,,0,92,,226431,1,,,0
1671800,'3_merged_15727751',646,,226435,1,,,0,264,,226434,1,,,0,229,,226498,1,,,0
