661400,'2_merged_15726441',555,,186258,23,,,0,57,,186246,1,,,0,17,,186250,23,,,0,15,,186241,23,,,0,60,,186245,23,,,0,21,,186290,23,,,0,20,,186262,23,,,0,60,,186261,23,,,0,16,,186247,1,,,0,4,,186232,23,,,0,18,,186274,23,,,0,15,,186275,23,,,0,56,,186276,23,,,0,15,,186277,28,,,0,14,,186278,28,,,0,14,,186249,28,,,0,54,,186266,28,,,0,14,,186264,28,,,0,13,,186229,28,,,0,13,,186230,28,,,0,53,,186231,28,,,0,12,,186299,28,,,0,12,,186252,28,,,0,12,,186234,28,,,0,12,,186233,28,,,0,52,,186282,28,,,0,13,,186251,28,,,0,11,,186253,28,,,0,12,,186292,28,,,0,11,,186254,28,,,0,51,,186255,28,,,0,11,,186300,28,,,0,11,,186283,28,,,0,11,,186288,28,,,0,11,,186242,28,,,0,11,,186293,28,,,0,52,,186228,28,,,0,13,,186237,28,,,0,12,,186238,28,,,0,12,,186239,28,,,0,12,,186294,28,,,0,52,,186279,28,,,0,12,,186295,28,,,0,12,,186289,28,,,0,12,,186248,28,,,0,12,,186268,28,,,0,52,,186281,28,,,0,12,,186296,28,,,0,12,,186270,28,,,0,13,,186284,28,,,0,12,,186256,28,,,0,52,,186287,28,,,0,12,,186260,28,,,0,12,,186297,28,,,0,12,,186291,28,,,0,12,,186225,28,,,0,52,,186226,28,,,0,13,,186227,28,,,0,12,,186298,28,,,0,11,,186301,28,,,0,53,,186235,28,,,0,13,,186236,28,,,0,16,,186269,28,,,0,21,,186257,28,,,0,64,,186271,28,0,10,0,20,,186285,28,0,10,0,20,,186267,28,0,10,0
661400,'3_merged_15726440',606,,186302,1,,,0,37,,186303,1,,,0,70,,186304,1,,,0,16,,186305,23,,,0,29,,186306,23,,,0,70,,186307,23,,,0,22,,186308,1,,,0,7,,186309,23,,,0,67,,186310,23,,,0,20,,186311,23,,,0,57,,186312,23,,,0,14,,186313,28,,,0,16,,186314,28,,,0,15,,186315,28,,,0,55,,186316,28,,,0,15,,186317,28,,,0,16,,186318,28,,,0,16,,186319,28,,,0,54,,186320,28,,,0,15,,186321,28,,,0,15,,186322,28,,,0,14,,186323,28,,,0,12,,186324,28,,,0,52,,186325,28,,,0,12,,186326,28,,,0,12,,186327,28,,,0,12,,186328,28,,,0,12,,186329,28,,,0,53,,186330,28,,,0,12,,186331,28,,,0,12,,186332,28,,,0,12,,186333,28,,,0,12,,186334,28,,,0,53,,186335,28,,,0,13,,186336,28,,,0,13,,186337,28,,,0,12,,186338,28,,,0,52,,186339,28,,,0,12,,186340,28,,,0,13,,186341,28,,,0,14,,186342,28,,,0,15,,186343,28,,,0,55,,186344,28,,,0,15,,186345,28,,,0,15,,186346,28,,,0,14,,186347,28,,,0,55,,186348,28,,,0,15,,186349,28,,,0,15,,186350,28,,,0,15,,186351,28,,,0,59,,186352,28,,,0,19,,186353,28,,,0,19,,186354,28,,,0,62,,186355,28,0,10,0,19,,186356,28,0,10,0
661700,'2_merged_15726441',550,,187976,1,,,0,69,,187977,33,,,0,20,,187978,33,,,0,61,,187979,33,,,0,21,,187980,33,,,0,20,,187981,33,,,0,60,,187982,33,,,0,20,,187983,33,,,0,15,,187984,33,,,0,15,,187985,33,,,0,55,,187986,33,,,0,15,,187987,33,,,0,15,,187988,33,,,0,16,,187989,33,,,0,55,,187990,33,,,0,15,,187991,33,,,0,15,,187992,33,,,0,15,,187993,33,,,0,55,,187994,33,,,0,16,,187995,33,,,0,15,,187996,33,,,0,15,,187997,33,,,0,55,,187998,33,,,0,15,,187999,33,,,0,15,,188000,33,,,0,16,,188001,33,,,0,56,,188002,33,,,0,16,,188003,33,,,0,17,,188004,33,,,0,15,,188005,33,,,0,55,,188006,33,,,0,15,,188007,33,,,0,16,,188008,33,,,0,15,,188009,33,,,0,55,,188010,33,,,0,12,,188011,33,,,0,12,,188012,33,,,0,12,,188013,33,,,0,53,,188014,33,,,0,13,,188015,33,,,0,13,,188016,33,,,0,13,,188017,33,,,0,12,,188018,33,,,0,52,,188019,33,,,0,12,,188020,33,,,0,11,,188021,33,,,0,12,,188022,33,,,0,12,,188023,33,,,0,52,,188024,33,,,0,13,,188025,33,,,0,15,,188026,33,,,0,15,,188027,33,,,0,55,,188028,33,,,0,15,,188029,33,,,0,15,,188030,33,,,0,15,,188031,33,,,0,55,,188032,33,,,0,20,,188033,33,,,0,20,,188034,33,,,0
661700,'3_merged_15726440',613,,188047,33,,,0,30,,188048,33,,,0,71,,188049,33,,,0,29,,188050,33,,,0,72,,188051,33,,,0,34,,188052,33,,,0,66,,188053,33,,,0,20,,188054,33,,,0,22,,188055,33,,,0,63,,188056,33,,,0,22,,188057,33,,,0,60,,188058,33,,,0,14,,188059,33,,,0,15,,188060,33,,,0,15,,188061,33,,,0,54,,188062,33,,,0,15,,188063,33,,,0,15,,188064,33,,,0,16,,188065,33,,,0,55,,188066,33,,,0,15,,188067,33,,,0,14,,188068,33,,,0,14,,188069,33,,,0,15,,188070,33,,,0,55,,188071,33,,,0,15,,188072,33,,,0,14,,188073,33,,,0,15,,188074,33,,,0,55,,188075,33,,,0,15,,188076,33,,,0,15,,188077,33,,,0,16,,188078,33,,,0,55,,188079,33,,,0,15,,188080,33,,,0,15,,188081,33,,,0,15,,188082,33,,,0,55,,188083,33,,,0,14,,188084,33,,,0,14,,188085,33,,,0,15,,188086,33,,,0,55,,188087,33,,,0,20,,188088,33,,,0,20,,188089,33,,,0,60,,188090,33,,,0,20,,188091,33,,,0,20,,188092,33,,,0,57,,188093,33,,,0,20,,188094,33,,,0,20,,188095,33,,,0
662000,'2_merged_15726441',505,,189614,35,,,0,20,,189615,35,,,0,19,,189616,35,,,0,61,,189617,35,,,0,20,,189618,35,,,0,20,,189619,35,,,0,55,,189620,35,,,0,15,,189621,35,,,0,15,,189622,35,,,0,14,,189623,35,,,0,15,,189624,35,,,0,54,,189625,35,,,0,15,,189626,35,,,0,15,,189627,35,,,0,15,,189628,35,,,0,55,,189629,35,,,0,15,,189630,35,,,0,15,,189631,35,,,0,15,,189632,35,,,0,55,,189633,35,,,0,15,,189634,35,,,0,15,,189635,35,,,0,15,,189636,35,,,0,55,,189637,35,,,0,15,,189638,35,,,0,15,,189639,35,,,0,15,,189640,35,,,0,55,,189641,35,,,0,15,,189642,35,,,0,15,,189643,35,,,0,15,,189644,35,,,0,55,,189645,35,,,0,15,,189646,35,,,0,15,,189647,35,,,0,15,,189648,35,,,0,55,,189649,35,,,0,15,,189650,35,,,0,15,,189651,35,,,0,15,,189652,35,,,0,55,,189653,35,,,0,15,,189654,35,,,0,15,,189655,35,,,0,15,,189656,35,,,0,55,,189657,35,,,0,15,,189658,35,,,0,15,,189659,35,,,0,15,,189660,35,,,0,55,,189661,35,,,0,15,,189662,35,,,0,15,,189663,35,,,0,15,,189664,35,,,0,55,,189665,35,,,0,15,,189666,35,,,0,15,,189667,35,,,0,15,,189668,35,,,0,55,,189669,35,,,0,15,,189670,35,,,0,15,,189671,35,,,0,15,,189672,35,,,0,55,,189673,35,,,0,15,,189674,35,,,0,15,,189675,35,,,0
662000,'3_merged_15726440',551,,189689,35,,,0,60,,189690,35,,,0,20,,189691,35,,,0,20,,189692,35,,,0,60,,189693,35,,,0,20,,189694,35,,,0,20,,189695,35,,,0,55,,189696,35,,,0,14,,189697,35,,,0,15,,189698,35,,,0,16,,189699,35,,,0,55,,189700,35,,,0,15,,189701,35,,,0,14,,189702,35,,,0,15,,189703,35,,,0,55,,189704,35,,,0,13,,189705,35,,,0,13,,189706,35,,,0,15,,189707,35,,,0,55,,189708,35,,,0,15,,189709,35,,,0,15,,189710,35,,,0,15,,189711,35,,,0,55,,189712,35,,,0,15,,189713,35,,,0,15,,189714,35,,,0,15,,189715,35,,,0,55,,189716,35,,,0,15,,189717,35,,,0,15,,189718,35,,,0,15,,189719,35,,,0,55,,189720,35,,,0,15,,189721,35,,,0,15,,189722,35,,,0,15,,189723,35,,,0,55,,189724,35,,,0,15,,189725,35,,,0,15,,189726,35,,,0,15,,189727,35,,,0,55,,189728,35,,,0,15,,189729,35,,,0,15,,189730,35,,,0,15,,189731,35,,,0,55,,189732,35,,,0,15,,189733,35,,,0,15,,189734,35,,,0,15,,189735,35,,,0,55,,189736,35,,,0,15,,189737,35,,,0,15,,189738,35,,,0,15,,189739,35,,,0,55,,189740,35,,,0,15,,189741,35,,,0,15,,189742,35,,,0,16,,189743,35,,,0,55,,189744,35,,,0,15,,189745,35,,,0,15,,189746,35,,,0,15,,189747,35,,,0
662200,'2_merged_15726441',611,,190621,8,0,24 14 8,0,24,,190544,35,0,24 14 8,0,20,,190618,35,0,24 14 8,0,60,,190553,35,0,24 14 8,0,19,,190620,35,0,24 14 8,0,15,,190555,35,0,24 14 8,0,52,,190547,35,0,24 14 8,0,15,,190615,35,0,24 14 8,0,14,,190617,35,0,24 14 8,0,15,,190616,35,0,24 14 8,0,14,,190546,35,0,24 14 8,0,55,,190613,35,0,24 14 8,0,15,,190614,35,0,24 14 8,0,12,,190566,35,0,24 14 8,0,12,,190567,35,0,24 14 8,0,52,,190627,35,0,24 14 8,0,12,,190568,35,0,24 14 8,0,10,,190569,35,0,24 14 8,0,12,,190570,35,0,24 14 8,0,12,,190571,35,0,24 14 8,0,52,,190628,35,0,24 14 8,0,12,,190572,35,0,24 14 8,0,7,,190573,35,0,24 14 8,0,12,,190574,35,0,24 14 8,0,12,,190575,35,0,24 14 8,0,12,,190576,35,0,24 14 8,0,52,,190577,35,0,24 14 8,0,13,,190578,35,0,24 14 8,0,12,,190579,35,0,24 14 8,0,10,,190580,35,0,24 14 8,0,10,,190581,35,0,24 14 8,0,50,,190582,35,0,24 14 8,0,10,,190583,35,0,24 14 8,0,9,,190622,35,0,24 14 8,0,10,,190584,35,0,24 14 8,0,10,,190585,35,0,24 14 8,0,10,,190586,35,0,24 14 8,0,50,,190587,35,0,24 14 8,0,10,,190588,35,0,24 14 8,0,10,,190623,35,0,24 14 8,0,10,,190589,35,0,24 14 8,0,10,,190590,35,0,24 14 8,0,10,,190559,35,0,24 14 8,0,50,,190591,35,0,24 14 8,0,10,,190592,35,0,24 14 8,0,10,,190624,35,0,24 14 8,0,10,,190593,35,0,24 14 8,0,10,,190594,35,0,24 14 8,0,12,,190595,35,0,24 14 8,0,51,,190596,35,0,24 14 8,0,11,,190597,35,0,24 14 8,0,10,,190625,35,0,24 14 8,0,10,,190598,35,0,24 14 8,0,10,,190599,35,0,24 14 8,0,10,,190600,35,0,24 14 8,0,50,,190601,35,0,24 14 8,0,10,,190626,35,0,24 14 8,0,10,,190602,35,0,24 14 8,0,10,,190603,35,0,24 14 8,0,10,,190604,35,0,24 14 8,0,10,,190605,35,0,24 14 8,0,52,,190619,35,0,24 14 8,0,16,,190607,35,0,24 14 8,0,15,,190565,35,0,24 14 8,0,15,,190551,35,0,24 14 8,0,55,,190556,35,0,24 14 8,0,15,,190557,35,0,24 14 8,0,15,,190558,35,0,24 14 8,0,16,,190560,35,0,24 14 8,0,55,,190561,35,0,24 14 8,0,15,,190562,35,0,24 14 8,0,15,,190563,35,0,24 14 8,0
662200,'3_merged_15726440',627,,190629,35,,,0,31,,190630,35,,,0,65,,190631,35,0,24 14 8,0,20,,190632,35,0,24 14 8,0,61,,190633,35,0,24 14 8,0,19,,190634,35,0,24 14 8,0,11,,190635,35,0,24 14 8,0,15,,190636,35,0,24 14 8,0,53,,190637,35,0,24 14 8,0,15,,190638,35,0,24 14 8,0,16,,190639,35,0,24 14 8,0,15,,190640,35,0,24 14 8,0,53,,190641,35,0,24 14 8,0,14,,190642,35,0,24 14 8,0,15,,190643,35,0,24 14 8,0,15,,190644,35,0,24 14 8,0,56,,190645,35,0,24 14 8,0,15,,190646,35,0,24 14 8,0,11,,190647,35,0,24 14 8,0,12,,190648,35,0,24 14 8,0,12,,190649,35,0,24 14 8,0,50,,190650,35,0,24 14 8,0,12,,190651,35,0,24 14 8,0,12,,190652,35,0,24 14 8,0,12,,190653,35,0,24 14 8,0,13,,190654,35,0,24 14 8,0,52,,190655,35,0,24 14 8,0,12,,190656,35,0,24 14 8,0,11,,190657,35,0,24 14 8,0,12,,190658,35,0,24 14 8,0,12,,190659,35,0,24 14 8,0,52,,190660,35,0,24 14 8,0,12,,190661,35,0,24 14 8,0,13,,190662,35,0,24 14 8,0,12,,190663,35,0,24 14 8,0,13,,190664,35,0,24 14 8,0,52,,190665,35,0,24 14 8,0,12,,190666,35,0,24 14 8,0,12,,190667,35,0,24 14 8,0,12,,190668,35,0,24 14 8,0,13,,190669,35,0,24 14 8,0,52,,190670,35,0,24 14 8,0,13,,190671,35,0,24 14 8,0,13,,190672,35,0,24 14 8,0,12,,190673,35,0,24 14 8,0,12,,190674,35,0,24 14 8,0,54,,190675,35,0,24 14 8,0,12,,190676,35,0,24 14 8,0,14,,190677,35,0,24 14 8,0,15,,190678,35,0,24 14 8,0,56,,190679,35,0,24 14 8,0,15,,190680,35,0,24 14 8,0,17,,190681,35,0,24 14 8,0,15,,190682,35,0,24 14 8,0,55,,190683,35,0,24 14 8,0,15,,190684,35,0,24 14 8,0,14,,190685,35,0,24 14 8,0,15,,190686,35,0,24 14 8,0,55,,190687,35,0,24 14 8,0,16,,190688,35,0,24 14 8,0,18,,190689,35,0,24 14 8,0,16,,190690,35,0,24 14 8,0
662301,'2_merged_15726441',551,,191282,4,,,0,60,,191283,4,,,0,20,,191284,4,,,0,20,,191285,4,,,0,56,,191286,4,,,0,16,,191287,4,,,0,15,,191288,4,,,0,15,,191289,4,,,0,55,,191290,4,,,0,15,,191291,4,,,0,15,,191292,4,,,0,16,,191293,4,,,0,56,,191294,4,,,0,16,,191295,4,,,0,15,,191296,4,,,0,15,,191297,4,,,0,55,,191298,4,,,0,15,,191299,4,,,0,16,,191300,4,,,0,15,,191301,4,,,0,55,,191302,4,,,0,15,,191303,4,,,0,14,,191304,4,,,0,15,,191305,4,,,0,54,,191306,4,,,0,14,,191307,4,,,0,14,,191308,4,,,0,14,,191309,4,,,0,54,,191310,4,,,0,14,,191311,4,,,0,14,,191312,4,,,0,14,,191313,4,,,0,55,,191314,4,,,0,14,,191315,4,,,0,15,,191316,4,,,0,15,,191317,4,,,0,55,,191318,4,,,0,16,,191319,4,,,0,15,,191320,4,,,0,15,,191321,4,,,0,54,,191322,4,,,0,14,,191323,4,,,0,15,,191324,4,,,0,14,,191325,4,,,0,14,,191326,4,,,0,55,,191327,4,,,0,15,,191328,4,,,0,15,,191329,4,,,0,15,,191330,4,,,0,54,,191331,4,,,0,15,,191332,4,,,0,14,,191333,4,,,0,14,,191334,4,,,0,54,,191335,4,,,0,15,,191336,4,,,0,15,,191337,4,,,0,15,,191338,4,,,0,55,,191339,4,,,0,15,,191340,4,,,0,15,,191341,4,,,0
662301,'3_merged_15726440',551,,191355,4,,,0,60,,191356,4,,,0,20,,191357,4,,,0,20,,191358,4,,,0,60,,191359,4,,,0,20,,191360,4,,,0,20,,191361,4,,,0,55,,191362,4,,,0,15,,191363,4,,,0,15,,191364,4,,,0,15,,191365,4,,,0,55,,191366,4,,,0,15,,191367,4,,,0,15,,191368,4,,,0,15,,191369,4,,,0,55,,191370,4,,,0,15,,191371,4,,,0,15,,191372,4,,,0,15,,191373,4,,,0,55,,191374,4,,,0,15,,191375,4,,,0,15,,191376,4,,,0,15,,191377,4,,,0,55,,191378,4,,,0,15,,191379,4,,,0,15,,191380,4,,,0,15,,191381,4,,,0,55,,191382,4,,,0,15,,191383,4,,,0,15,,191384,4,,,0,15,,191385,4,,,0,55,,191386,4,,,0,15,,191387,4,,,0,15,,191388,4,,,0,15,,191389,4,,,0,55,,191390,4,,,0,15,,191391,4,,,0,15,,191392,4,,,0,15,,191393,4,,,0,55,,191394,4,,,0,15,,191395,4,,,0,15,,191396,4,,,0,15,,191397,4,,,0,55,,191398,4,,,0,15,,191399,4,,,0,16,,191400,4,,,0,15,,191401,4,,,0,54,,191402,4,,,0,15,,191403,4,,,0,15,,191404,4,,,0,15,,191405,4,,,0,55,,191406,4,,,0,15,,191407,4,,,0,15,,191408,4,,,0,15,,191409,4,,,0,55,,191410,4,,,0,15,,191411,4,,,0,15,,191412,4,,,0,15,,191413,4,,,0
662501,'2_merged_15726441',537,,192485,4,,,0,20,,192487,4,,,0,60,,192488,4,,,0,23,,192490,4,,,0,60,,192492,4,,,0,15,,192493,4,,,0,12,,192494,4,,,0,12,,192495,4,,,0,12,,192496,4,,,0,52,,192498,4,,,0,12,,192499,4,,,0,12,,192500,4,,,0,12,,192501,4,,,0,13,,192503,4,,,0,57,,192504,4,,,0,13,,192505,4,,,0,12,,192506,4,,,0,12,,192507,4,,,0,12,,192508,4,,,0,55,,192510,4,,,0,12,,192511,4,,,0,13,,192512,4,,,0,12,,192513,4,,,0,52,,192514,4,,,0,14,,192515,4,,,0,12,,192516,4,,,0,12,,192517,4,,,0,12,,192518,4,,,0,52,,192519,4,,,0,12,,192520,4,,,0,12,,192521,4,,,0,12,,192523,4,,,0,12,,192524,4,,,0,52,,192525,4,,,0,13,,192526,4,,,0,12,,192527,4,,,0,13,,192528,4,,,0,12,,192529,4,,,0,52,,192530,4,,,0,11,,192531,4,,,0,12,,192532,4,,,0,12,,192533,4,,,0,12,,192534,4,,,0,52,,192535,4,,,0,12,,192536,4,,,0,12,,192537,4,,,0,12,,192538,4,,,0,12,,192539,4,,,0,52,,192540,4,,,0,12,,192541,4,,,0,12,,192542,4,,,0,12,,192543,4,,,0,12,,192544,4,,,0,52,,192545,4,,,0,7,,192546,4,,,0,12,,192547,4,,,0,12,,192548,4,,,0,12,,192549,4,,,0,52,,192550,4,,,0,12,,192551,4,,,0,12,,192552,4,,,0,12,,192553,4,,,0,12,,192554,4,,,0,52,,192555,4,,,0,12,,192556,4,,,0,12,,192557,4,,,0,12,,192558,4,,,0,12,,192559,4,,,0,52,,192560,4,,,0,11,,192561,4,,,0,12,,192562,4,,,0,10,,192563,4,,,0,12,,192564,4,,,0
662501,'3_merged_15726440',533,,192586,4,,,0,21,,192587,4,,,0,60,,192588,4,,,0,20,,192589,4,,,0,19,,192590,4,,,0,60,,192591,4,,,0,20,,192592,4,,,0,20,,192594,4,,,0,62,,192595,4,,,0,19,,192597,4,,,0,17,,192599,4,,,0,62,,192601,4,,,0,15,,192602,4,,,0,18,,192604,4,,,0,55,,192605,4,,,0,16,,192606,4,,,0,14,,192607,4,,,0,12,,192608,4,,,0,12,,192609,4,,,0,52,,192610,4,,,0,12,,192611,4,,,0,12,,192612,4,,,0,12,,192613,4,,,0,12,,192614,4,,,0,52,,192615,4,,,0,12,,192617,4,,,0,12,,192618,4,,,0,16,,192619,4,,,0,12,,192620,4,,,0,51,,192621,4,,,0,12,,192622,4,,,0,12,,192623,4,,,0,12,,192624,4,,,0,12,,192625,4,,,0,52,,192626,4,,,0,12,,192627,4,,,0,12,,192628,4,,,0,12,,192629,4,,,0,12,,192630,4,,,0,52,,192631,4,,,0,12,,192632,4,,,0,12,,192633,4,,,0,12,,192634,4,,,0,12,,192635,4,,,0,51,,192636,4,,,0,12,,192637,4,,,0,12,,192638,4,,,0,12,,192639,4,,,0,11,,192640,4,,,0,52,,192641,4,,,0,7,,192642,4,,,0,12,,192643,4,,,0,12,,192644,4,,,0,12,,192645,4,,,0,52,,192646,4,,,0,12,,192647,4,,,0,12,,192648,4,,,0,12,,192649,4,,,0,12,,192650,4,,,0,52,,192651,4,,,0,12,,192652,4,,,0,12,,192653,4,,,0,12,,192654,4,,,0,12,,192655,4,,,0,51,,192656,4,,,0,11,,192657,4,,,0,12,,192658,4,,,0,15,,192659,4,,,0,15,,192660,4,,,0
663700,'2_merged_15726441',522,,196167,14,,,0,20,,196168,14,,,0,60,,196169,14,,,0,20,,196170,14,,,0,20,,196171,14,,,0,60,,196172,14,,,0,20,,196173,14,,,0,20,,196174,14,,,0,60,,196175,14,,,0,21,,196176,14,,,0,20,,196177,14,,,0,60,,196178,14,,,0,21,,196179,14,,,0,17,,196180,14,,,0,17,,196181,14,,,0,57,,196182,14,,,0,18,,196183,14,,,0,17,,196184,14,,,0,57,,196185,14,,,0,16,,196186,14,,,0,15,,196187,14,,,0,16,,196188,14,,,0,55,,196189,14,,,0,15,,196190,14,,,0,15,,196191,14,,,0,15,,196192,14,,,0,55,,196193,14,,,0,16,,196194,14,,,0,15,,196195,14,,,0,16,,196196,14,,,0,55,,196197,14,,,0,12,,196198,14,,,0,12,,196199,14,,,0,12,,196200,14,,,0,12,,196201,14,,,0,52,,196202,14,,,0,12,,196203,14,,,0,12,,196204,14,,,0,12,,196205,14,,,0,12,,196206,14,,,0,52,,196207,14,,,0,12,,196208,14,,,0,12,,196209,14,,,0,12,,196210,14,,,0,12,,196211,14,,,0,52,,196212,14,,,0,12,,196213,14,,,0,12,,196214,14,,,0,10,,196215,14,,,0,12,,196216,14,,,0,52,,196217,14,,,0,12,,196218,14,,,0,12,,196219,14,,,0,12,,196220,14,,,0,11,,196221,14,,,0,53,,196222,14,,,0,15,,196223,14,,,0,15,,196224,14,,,0,13,,196225,14,,,0,55,,196226,14,,,0,15,,196227,14,,,0,16,,196228,14,,,0
663700,'3_merged_15726440',519,,196242,14,,,0,30,,196243,14,,,0,70,,196244,14,,,0,36,,196245,14,,,0,66,,196246,14,,,0,20,,196247,14,,,0,60,,196248,14,,,0,20,,196249,14,,,0,20,,196250,14,,,0,60,,196251,14,,,0,23,,196252,14,,,0,19,,196253,14,,,0,59,,196254,14,,,0,20,,196255,14,,,0,17,,196256,14,,,0,19,,196257,14,,,0,57,,196258,14,,,0,18,,196259,14,,,0,17,,196260,14,,,0,58,,196261,14,,,0,17,,196262,14,,,0,17,,196263,14,,,0,17,,196264,14,,,0,57,,196265,14,,,0,18,,196266,14,,,0,16,,196267,14,,,0,55,,196268,14,,,0,15,,196269,14,,,0,15,,196270,14,,,0,15,,196271,14,,,0,55,,196272,14,,,0,15,,196273,14,,,0,15,,196274,14,,,0,15,,196275,14,,,0,55,,196276,14,,,0,15,,196277,14,,,0,15,,196278,14,,,0,16,,196279,14,,,0,57,,196280,14,,,0,15,,196281,14,,,0,14,,196282,14,,,0,15,,196283,14,,,0,55,,196284,14,,,0,15,,196285,14,,,0,15,,196286,14,,,0,20,,196287,14,,,0,60,,196288,14,,,0,20,,196289,14,,,0,20,,196290,14,,,0,60,,196291,14,,,0,18,,196292,14,,,0,22,,196293,14,,,0
1671800,'2_merged_15726441',436,,226428,36,0,10,0,70,,226363,36,,,0,18,,226359,7,,,0,14,,226360,7,,,0,9,,226394,36,,,0,61,,226395,36,,,0,15,,226372,36,,,0,13,,226361,7,,,0,4,,226373,36,,,0,60,,226374,36,,,0,20,,226375,36,,,0,15,,226376,36,,,0,14,,226377,36,,,0,54,,226378,36,,,0,13,,226380,36,,,0,13,,226381,36,,,0,14,,226382,36,,,0,15,,226383,36,,,0,55,,226384,36,,,0,15,,226385,36,,,0,10,,226429,7,,,0,5,,226386,36,,,0,15,,226387,36,,,0,50,,226371,7,,,0,5,,226388,36,,,0,15,,226389,36,,,0,16,,226390,36,,,0,9,,226362,7,,,0,6,,226391,36,,,0,54,,226392,36,,,0,12,,226393,36,,,0,12,,226379,36,,,0,13,,226364,36,,,0,6,,226430,7,,,0,46,,226396,36,,,0,13,,226397,36,,,0,12,,226398,36,,,0,13,,226399,36,,,0,8,,226431,7,,,0,4,,226365,36,,,0,50,,226400,36,,,0,10,,226401,36,,,0,10,,226402,36,,,0,10,,226403,36,,,0,10,,226404,36,,,0,9,,226366,36,,,0,50,,226405,36,,,0,10,,226406,36,,,0,10,,226407,36,,,0,10,,226408,36,,,0,11,,226409,36,,,0,11,,226367,36,,,0,51,,226410,36,,,0,10,,226411,36,,,0,10,,226412,36,,,0,10,,226413,36,,,0,10,,226414,36,,,0,10,,226368,36,,,0,50,,226415,36,,,0,10,,226416,36,,,0,10,,226418,36,,,0,10,,226419,36,,,0,10,,226420,36,,,0,10,,226369,36,,,0,49,,226421,36,,,0,10,,226422,36,,,0,10,,226417,36,,,0,9,,226423,36,,,0,10,,226424,36,,,0,10,,226370,36,,,0,50,,226425,36,,,0,10,,226426,36,,,0,12,,226427,36,,,0,12,,226335,36,,,0,12,,226336,36,,,0,52,,226337,36,,,0,13,,226338,36,,,0,14,,226339,36,0,10,0,15,,226340,36,0,10,0,15,,226341,36,0,10,0,55,,226342,36,0,10,0,15,,226343,36,0,10,0,15,,226344,36,0,10,0,14,,226345,36,0,10,0
1671800,'3_merged_15726440',433,,226516,36,0,10,0,70,,226517,36,0,10,0,37,,226512,36,,,0,62,,226453,36,,,0,20,,226459,36,,,0,22,,226460,36,,,0,12,,226435,7,,,0,54,,226513,36,,,0,20,,226461,36,,,0,14,,226463,36,,,0,15,,226436,36,,,0,55,,226462,36,,,0,13,,226464,36,,,0,13,,226465,36,,,0,14,,226466,36,,,0,55,,226467,36,,,0,11,,226434,7,,,0,4,,226468,36,,,0,16,,226469,36,,,0,16,,226470,36,,,0,56,,226471,36,,,0,16,,226472,36,,,0,16,,226473,36,,,0,56,,226474,36,,,0,15,,226475,36,,,0,14,,226476,36,,,0,13,,226477,36,,,0,9,,226498,7,,,0,5,,226497,36,,,0,53,,226478,36,,,0,13,,226479,36,,,0,13,,226480,36,,,0,12,,226437,36,,,0,11,,226481,36,,,0,52,,226482,36,,,0,12,,226483,36,,,0,12,,226484,36,,,0,12,,226438,36,,,0,13,,226485,36,,,0,52,,226486,36,,,0,13,,226487,36,,,0,12,,226488,36,,,0,12,,226449,36,,,0,53,,226489,36,,,0,12,,226490,36,,,0,13,,226491,36,,,0,12,,226492,36,,,0,12,,226450,36,,,0,52,,226493,36,,,0,12,,226494,36,,,0,12,,226495,36,,,0,12,,226458,36,,,0,10,,226451,36,,,0,11,,226496,36,,,0,52,,226454,36,,,0,12,,226455,36,,,0,12,,226456,36,,,0,12,,226452,36,,,0,12,,226439,36,,,0,54,,226440,36,,,0,14,,226441,36,,,0,14,,226442,36,,,0,15,,226443,36,,,0,55,,226444,36,,,0,16,,226445,36,0,10,0,15,,226446,36,0,10,0,16,,226447,36,0,10,0,55,,226448,36,0,10,0,15,,226457,36,0,10,0,15,,226515,36,0,10,0,15,,226499,36,0,10,0
