670401,'1_merged_15727750',436,,211268,2,,,0,15,,211267,2,,,0,54,,211266,2,,,0,15,,211265,40,,,0,16,,211264,2,,,0,16,,211263,40,,,0,56,,211262,2,,,0,15,,211261,40,,,0,15,,211317,2,,,0,13,,211252,40,,,0,56,,211321,2,,,0,16,,211255,40,,,0,16,,211320,2,,,0,18,,211297,40,,,0,56,,211318,2,,,0,15,,211296,40,,,0,15,,211295,2,,,0,14,,211294,40,,,0,54,,211319,2,,,0,16,,211293,40,,,0,16,,211292,2,,,0,15,,211291,40,,,0,55,,211290,2,,,0,15,,211289,40,,,0,15,,211288,2,,,0,15,,211287,40,,,0,55,,211286,2,,,0,15,,211285,40,,,0,15,,211277,2,,,0,15,,211276,40,,,0,55,,211275,2,,,0,15,,211274,40,,,0,16,,211283,2,,,0,56,,211273,40,,,0,13,,211272,2,,,0,15,,211271,40,,,0,15,,211270,2,,,0,15,,211269,40,,,0,55,,211260,2,,,0,15,,211259,40,,,0,15,,211258,2,,,0,15,,211257,40,,,0,55,,211256,2,,,0,15,,211323,40,,,0,15,,211254,2,,,0,14,,211325,40,,,0,54,,211253,40,,,0,11,,211322,40,,,0,15,,211284,40,,,0,13,,211250,40,,,0,53,,211282,40,,,0,13,,211281,40,,,0,13,,211280,40,,,0,13,,211251,40,,,0,12,,211279,40,,,0,52,,211278,40,,,0,12,,211324,40,,,0,12,,211316,40,,,0,12,,211249,40,,,0,11,,211315,40,,,0,51,,211314,2,,,0,12,,211313,40,,,0,12,,211312,2,,,0,12,,211311,40,,,0,12,,211310,2,,,0,52,,211309,40,,,0,17,,211308,2,,,0,17,,211307,2,,,0,17,,211306,40,,,0,67,,211305,2,,,0,28,,211304,40,,,0,68,,211303,2,,,0,30,,211302,40,,,0,70,,211301,2,,,0,34,,211300,40,,,0,70,,211299,2,,,0,36,,211298,40,,,0
670401,'2_merged_15727752',542,,211393,2,,,0,4,,211392,40,,,0,57,,211353,2,,,0,17,,211394,40,,,0,17,,211355,2,,,0,20,,211349,40,,,0,61,,211354,2,,,0,21,,211376,2,,,0,63,,211379,2,,,0,22,,211383,40,,,0,22,,211380,2,,,0,62,,211384,40,,,0,15,,211381,2,,,0,15,,211385,40,,,0,12,,211382,2,,,0,53,,211386,40,,,0,12,,211387,2,,,0,12,,211347,40,,,0,12,,211388,2,,,0,12,,211348,40,,,0,52,,211350,2,,,0,15,,211389,40,,,0,15,,211390,2,,,0,15,,211391,40,,,0,55,,211326,2,,,0,15,,211327,40,,,0,15,,211328,2,,,0,15,,211329,40,,,0,55,,211330,2,,,0,15,,211331,40,,,0,17,,211332,2,,,0,16,,211333,40,,,0,56,,211334,2,,,0,16,,211335,40,,,0,16,,211356,2,,,0,15,,211357,40,,,0,55,,211358,2,,,0,15,,211359,40,,,0,15,,211360,2,,,0,15,,211361,40,,,0,55,,211362,2,,,0,15,,211363,40,,,0,15,,211364,2,,,0,15,,211365,40,,,0,55,,211366,2,,,0,15,,211367,40,,,0,15,,211368,2,,,0,15,,211369,40,,,0,55,,211345,2,,,0,15,,211370,40,,,0,15,,211346,2,,,0,15,,211371,40,,,0,55,,211343,2,,,0,15,,211372,40,,,0,14,,211373,2,,,0,15,,211344,40,,,0,55,,211374,2,,,0,15,,211352,40,,,0,15,,211375,40,,,0,17,,211377,2,,,0,60,,211351,2,,,0,20,,211378,40,,,0,20,,211336,2,,,0,70,,211337,40,,,0,30,,211338,2,,,0,73,,211339,40,,,0,73,,211340,2,,,0,33,,211341,40,,,0,98,,211342,40,,,0
670401,'3_merged_15727751',614,,211417,2,,,0,24,,211454,40,,,0,66,,211416,2,,,0,21,,211415,2,,,0,21,,211440,40,,,0,55,,211414,2,,,0,15,,211413,2,,,0,16,,211425,40,,,0,14,,211412,2,,,0,55,,211438,40,,,0,15,,211411,2,,,0,15,,211418,40,,,0,15,,211410,2,,,0,56,,211443,40,,,0,15,,211409,2,,,0,14,,211404,40,,,0,15,,211435,2,,,0,55,,211449,40,,,0,15,,211457,2,,,0,15,,211405,40,,,0,15,,211434,2,,,0,56,,211403,40,,,0,15,,211398,2,,,0,15,,211420,40,,,0,16,,211433,2,,,0,55,,211396,40,,,0,15,,211441,2,,,0,14,,211453,40,,,0,16,,211432,2,,,0,55,,211426,40,,,0,15,,211439,2,,,0,15,,211447,40,,,0,15,,211431,2,,,0,55,,211446,40,,,0,15,,211421,2,,,0,14,,211452,40,,,0,14,,211430,2,,,0,54,,211448,40,,,0,16,,211455,2,,,0,15,,211397,40,,,0,15,,211429,2,,,0,55,,211399,40,,,0,16,,211437,2,,,0,15,,211445,40,,,0,14,,211408,2,,,0,55,,211427,40,,,0,15,,211402,2,,,0,15,,211422,40,,,0,15,,211407,2,,,0,55,,211444,40,,,0,15,,211406,2,,,0,15,,211436,40,,,0,16,,211456,2,,,0,55,,211428,40,,,0,15,,211419,2,,,0,15,,211424,40,,,0,20,,211442,2,,,0,70,,211423,2,,,0,30,,211450,40,,,0,70,,211451,2,,,0,30,,211400,40,,,0,70,,211401,2,,,0,32,,211395,40,,,0
672101,'1_merged_15727750',537,,214849,35,,,0,18,,214852,35,,,0,55,,214847,35,,,0,15,,214854,35,,,0,13,,214853,35,,,0,16,,214851,35,,,0,55,,214855,35,,,0,27,,214850,35,,,0,88,,214848,35,,,0
673801,'1_merged_15727750',440,,217962,2,,,0,15,,217925,23,,,0,52,,217959,23,,,0,10,,217953,23,,,0,10,,217932,23,,,0,12,,217926,23,,,0,12,,217894,23,,,0,52,,217943,23,,,0,14,,217942,23,,,0,13,,217963,23,,,0,15,,217917,23,,,0,14,,217960,23,,,0,54,,217905,23,,,0,13,,217899,23,,,0,14,,217904,23,,,0,15,,217964,23,,,0,55,,217896,23,,,0,13,,217927,23,,,0,13,,217941,23,,,0,15,,217895,23,,,0,54,,217948,23,,,0,14,,217944,23,,,0,15,,217935,23,,,0,14,,217923,23,,,0,55,,217920,23,,,0,15,,217934,23,,,0,15,,217878,23,,,0,15,,217919,23,,,0,55,,217949,23,,,0,16,,217886,23,,,0,15,,217922,23,,,0,15,,217888,23,,,0,55,,217954,23,,,0,15,,217906,23,,,0,15,,217921,23,,,0,15,,217907,23,,,0,55,,217956,23,,,0,16,,217958,23,,,0,15,,217955,23,,,0,16,,217898,23,,,0,55,,217893,23,,,0,15,,217891,23,,,0,15,,217952,23,,,0,19,,217890,23,,,0,55,,217951,23,,,0,17,,217946,23,,,0,15,,217950,23,,,0,16,,217887,23,,,0,55,,217938,23,,,0,16,,217910,23,,,0,15,,217961,23,,,0,11,,217909,23,,,0,52,,217902,23,,,0,12,,217939,23,,,0,12,,217903,23,,,0,12,,217892,23,,,0,10,,217908,23,,,0,52,,217912,23,,,0,12,,217918,23,,,0,8,,217901,23,,,0,11,,217924,23,,,0,10,,217945,23,,,0,12,,217940,23,,,0,52,,217889,23,,,0,9,,217966,23,,,0,12,,217916,23,,,0,10,,217915,23,,,0,11,,217965,23,,,0,55,,217947,23,,,0,15,,217914,23,,,0,15,,217911,23,,,0,13,,217913,23,,,0,57,,217881,23,,,0,14,,217897,23,,,0,15,,217900,23,,,0,13,,217933,23,,,0,59,,217880,23,,,0,21,,217957,23,,,0,17,,217931,23,,,0,61,,217885,23,,,0,20,,217882,23,,,0,19,,217930,23,,,0,61,,217884,23,,,0,22,,217929,23,,,0,21,,217883,23,,,0,62,,217879,23,,,0,21,,217928,23,,,0,22,,217936,23,,,0,66,,217937,23,,,0
673801,'2_merged_15727752',558,,218045,2,,,0,52,,218046,2,,,0,3,,218043,23,,,0,13,,218047,2,,,0,2,,218034,23,,,0,14,,218048,2,,,0,2,,218044,23,,,0,56,,218049,2,,,0,1,,218035,23,,,0,18,,218006,23,,,0,15,,218007,23,,,0,17,,218008,23,,,0,55,,218009,23,,,0,16,,218010,23,,,0,15,,218011,23,,,0,17,,218022,23,,,0,55,,218012,23,,,0,15,,217975,23,,,0,15,,218013,23,,,0,15,,217986,23,,,0,55,,218014,23,,,0,15,,217976,23,,,0,15,,218037,23,,,0,15,,217989,23,,,0,55,,218015,23,,,0,17,,217984,23,,,0,15,,218016,23,,,0,17,,217990,23,,,0,57,,218017,23,,,0,15,,218000,23,,,0,16,,218026,23,,,0,55,,217991,23,,,0,17,,217967,23,,,0,15,,217999,23,,,0,15,,217968,23,,,0,55,,218001,23,,,0,16,,217996,23,,,0,15,,218021,23,,,0,15,,218038,23,,,0,55,,218002,23,,,0,15,,217995,23,,,0,15,,217983,23,,,0,15,,218039,23,,,0,55,,218023,23,,,0,14,,217994,23,,,0,15,,218030,23,,,0,15,,218040,23,,,0,55,,217985,23,,,0,15,,217993,23,,,0,15,,218031,23,,,0,15,,218041,23,,,0,55,,218020,23,,,0,14,,217992,23,,,0,15,,218032,23,,,0,14,,218042,23,,,0,55,,217987,23,,,0,13,,217969,23,,,0,15,,218033,23,,,0,13,,217970,23,,,0,15,,218019,23,,,0,54,,217971,23,,,0,15,,217988,23,,,0,14,,217972,23,,,0,15,,218025,23,,,0,54,,217973,23,,,0,15,,218036,23,,,0,14,,217974,23,,,0,15,,218029,23,,,0,55,,217982,23,,,0,15,,218018,23,,,0,13,,217979,23,,,0,15,,218024,23,,,0,55,,217981,23,,,0,15,,218027,23,,,0,13,,217978,23,,,0,15,,218003,23,,,0,55,,217980,23,,,0,15,,218028,23,,,0,14,,217977,23,,,0,15,,218004,23,,,0,69,,218005,23,,,0,30,,217998,23,,,0,70,,217997,23,,,0
673801,'3_merged_15727751',634,,218076,23,,,0,15,,218077,23,,,0,55,,218078,23,,,0,15,,218079,23,,,0,15,,218080,23,,,0,16,,218081,23,,,0,55,,218082,23,,,0,15,,218083,23,,,0,15,,218099,23,,,0,17,,218100,23,,,0,56,,218068,23,,,0,15,,218102,23,,,0,15,,218070,23,,,0,15,,218103,23,,,0,55,,218069,23,,,0,15,,218059,23,,,0,15,,218104,23,,,0,15,,218105,23,,,0,55,,218084,23,,,0,15,,218071,23,,,0,16,,218106,23,,,0,15,,218064,23,,,0,56,,218089,23,,,0,15,,218072,23,,,0,15,,218065,23,,,0,15,,218066,23,,,0,57,,218090,23,,,0,15,,218091,23,,,0,17,,218067,23,,,0,15,,218050,23,,,0,55,,218088,23,,,0,15,,218085,23,,,0,16,,218051,23,,,0,55,,218052,23,,,0,15,,218095,23,,,0,15,,218086,23,,,0,15,,218053,23,,,0,55,,218055,23,,,0,13,,218096,23,,,0,15,,218087,23,,,0,15,,218056,23,,,0,12,,218057,23,,,0,52,,218097,23,,,0,12,,218108,23,,,0,12,,218073,23,,,0,12,,218058,23,,,0,15,,218109,23,,,0,55,,218110,23,,,0,16,,218111,23,,,0,15,,218112,23,,,0,57,,218113,23,,,0,14,,218114,23,,,0,15,,218115,23,,,0,15,,218116,23,,,0,55,,218117,23,,,0,15,,218118,23,,,0,15,,218119,23,,,0,13,,218120,23,,,0,15,,218074,23,,,0,54,,218092,23,,,0,15,,218098,23,,,0,13,,218075,23,,,0,15,,218093,23,,,0,55,,218063,23,,,0,15,,218101,23,,,0,14,,218062,23,,,0,15,,218107,23,,,0,55,,218061,23,,,0,15,,218094,23,,,0,12,,218060,23,,,0,14,,218054,23,,,0
2338401,'101_merged_15727747',1611,,228567,17,,,0,19,,228565,11,,,0,83,,228566,11,,,0
2338401,'1_merged_15727750',603,,228592,11,,,0,13,,228663,11,,,0,14,,228593,11,,,0,15,,228569,44,,,0,9,,228664,11,,,0,51,,228591,44,,,0,12,,228665,11,,,0,8,,228570,44,,,0,9,,228594,44,,,0,7,,228673,11,,,0,9,,228571,44,,,0,6,,228595,44,,,0,47,,228666,11,,,0,6,,228572,44,,,0,9,,228667,11,,,0,6,,228596,44,,,0,6,,228668,11,,,0,6,,228614,44,,,0,6,,228573,44,,,0,5,,228597,44,,,0,9,,228574,44,,,0,49,,228598,11,,,0,9,,228575,44,,,0,10,,228615,44,,,0,8,,228599,11,,,0,9,,228576,44,,,0,9,,228600,11,,,0,50,,228577,44,,,0,10,,228601,11,,,0,10,,228578,44,,,0,12,,228602,11,,,0,12,,228579,44,,,0,12,,228603,11,,,0,54,,228580,44,,,0,16,,228604,11,,,0,15,,228581,44,,,0,15,,228605,11,,,0,55,,228582,44,,,0,15,,228606,11,,,0,15,,228583,44,,,0,16,,228607,11,,,0,55,,228584,44,,,0,15,,228608,11,,,0,15,,228585,44,,,0,17,,228609,11,,,0,55,,228586,44,,,0,17,,228610,11,,,0,15,,228587,44,,,0,56,,228611,11,,,0,15,,228588,44,,,0,15,,228612,11,,,0,12,,228589,44,,,0,7,,228669,11,,,0,6,,228613,44,,,0,45,,228590,11,,,0,20,,228670,44,,,0,20,,228616,44,,,0,12,,228617,11,,,0,52,,228618,44,,,0,17,,228619,44,,,0,10,,228620,11,,,0,11,,228621,44,,,0,9,,228622,11,,,0,51,,228623,44,,,0,11,,228624,44,,,0,9,,228625,44,,,0,8,,228659,44,,,0,10,,228626,44,,,0,7,,228627,44,,,0,58,,228628,44,,,0,7,,228629,44,,,0,9,,228630,44,,,0,9,,228631,44,,,0,8,,228633,44,,,0,9,,228657,44,,,0,9,,228632,44,,,0,57,,228634,44,,,0,9,,228635,44,,,0,20,,228658,44,,,0,10,,228636,44,,,0,50,,228637,44,,,0,8,,228638,44,,,0,10,,228639,44,,,0,10,,228640,44,,,0,9,,228641,44,,,0,10,,228642,44,,,0,50,,228643,44,,,0,10,,228644,11,,,0,10,,228645,44,,,0,10,,228646,11,,,0,7,,228647,44,,,0,12,,228648,11,,,0,9,,228649,44,,,0,49,,228671,11,,,0,12,,228650,44,,,0,12,,228651,11,,,0,12,,228672,44,,,0,12,,228652,11,,,0,53,,228653,44,,,0,17,,228654,44,,,0,21,,228655,44,,,0,67,,228656,44,,,0
2338401,'201_merged_15727755',1611,,228674,11,,,0,19,,228676,11,,,0,83,,228675,11,,,0
2338401,'2_merged_15727752',710,,228677,44,,,0,16,,228678,11,,,0,16,,228679,44,,,0,16,,228680,11,,,0,55,,228681,44,,,0,15,,228762,11,,,0,15,,228682,44,,,0,15,,228683,11,,,0,55,,228684,44,,,0,15,,228685,11,,,0,17,,228686,44,,,0,55,,228687,11,,,0,15,,228688,44,,,0,15,,228689,11,,,0,17,,228690,44,,,0,12,,228691,11,,,0,54,,228692,44,,,0,12,,228693,11,,,0,12,,228694,44,,,0,13,,228695,11,,,0,52,,228696,44,,,0,12,,228697,11,,,0,12,,228698,44,,,0,12,,228699,11,,,0,13,,228700,11,,,0,52,,228701,44,,,0,12,,228702,11,,,0,12,,228703,44,,,0,12,,228704,11,,,0,14,,228705,44,,,0,52,,228706,11,,,0,13,,228707,44,,,0,12,,228708,11,,,0,12,,228709,44,,,0,12,,228710,11,,,0,52,,228711,44,,,0,13,,228712,11,,,0,12,,228713,44,,,0,12,,228714,11,,,0,12,,228715,44,,,0,50,,228743,11,,,0,10,,228752,44,,,0,10,,228744,11,,,0,10,,228753,44,,,0,10,,228745,11,,,0,10,,228754,44,,,0,50,,228746,11,,,0,10,,228755,44,,,0,9,,228747,11,,,0,10,,228756,44,,,0,10,,228748,11,,,0,9,,228757,44,,,0,50,,228749,11,,,0,10,,228758,44,,,0,8,,228750,11,,,0,9,,228760,44,,,0,10,,228751,11,,,0,10,,228716,44,,,0,50,,228717,11,,,0,10,,228718,44,,,0,8,,228719,11,,,0,10,,228759,44,,,0,10,,228720,11,,,0,9,,228721,44,,,0,60,,228722,11,,,0,8,,228723,44,,,0,11,,228724,11,,,0,12,,228725,44,,,0,12,,228726,44,,,0,52,,228727,11,,,0,11,,228728,44,,,0,12,,228729,11,,,0,11,,228730,44,,,0,64,,228731,11,,,0,12,,228732,11,,,0,15,,228733,44,,,0,13,,228734,11,,,0,15,,228735,44,,,0,55,,228736,11,,,0,15,,228737,44,,,0,20,,228738,11,,,0,60,,228739,44,,,0,20,,228740,44,,,0,78,,228741,44,,,0
2338401,'3_merged_15727751',648,,228832,11,,,0,58,,228831,44,,,0,19,,228795,11,,,0,18,,228827,44,,,0,16,,228794,11,,,0,56,,228800,44,,,0,16,,228793,11,,,0,17,,228826,44,,,0,56,,228792,11,,,0,17,,228799,44,,,0,16,,228791,11,,,0,16,,228825,44,,,0,56,,228790,11,,,0,16,,228824,44,,,0,15,,228789,11,,,0,15,,228810,44,,,0,55,,228788,44,,,0,15,,228823,44,,,0,18,,228787,11,,,0,16,,228809,44,,,0,56,,228786,11,,,0,15,,228822,44,,,0,18,,228785,11,,,0,56,,228808,44,,,0,17,,228784,11,,,0,15,,228821,44,,,0,15,,228783,11,,,0,55,,228807,44,,,0,15,,228782,11,,,0,15,,228820,44,,,0,15,,228781,11,,,0,56,,228828,44,,,0,16,,228780,11,,,0,16,,228819,44,,,0,16,,228779,11,,,0,56,,228806,44,,,0,15,,228778,11,,,0,16,,228818,44,,,0,15,,228777,11,,,0,55,,228829,44,,,0,15,,228776,11,,,0,15,,228817,44,,,0,15,,228775,11,,,0,54,,228816,44,,,0,15,,228774,11,,,0,14,,228815,44,,,0,15,,228773,11,,,0,55,,228814,44,,,0,15,,228772,11,,,0,14,,228802,44,,,0,15,,228771,11,,,0,54,,228805,44,,,0,15,,228770,11,,,0,15,,228813,44,,,0,15,,228769,11,,,0,54,,228812,44,,,0,15,,228768,11,,,0,13,,228804,44,,,0,15,,228767,11,,,0,55,,228798,44,,,0,15,,228766,11,,,0,13,,228811,44,,,0,15,,228765,11,,,0,55,,228803,44,,,0,15,,228764,11,,,0,14,,228797,44,,,0,15,,228801,44,,,0,55,,228763,11,,,0,15,,228796,44,,,0,99,,228830,44,,,0
