661400,'2_merged_15726441',554,,186258,21,,,0,74,,186250,21,,,0,15,,186241,21,,,0,60,,186245,21,,,0,20,,186290,21,,,0,20,,186262,21,,,0,60,,186261,21,,,0,20,,186232,21,,,0,19,,186274,21,,,0,15,,186275,21,,,0,55,,186276,21,,,0,15,,186277,26,,,0,14,,186278,26,,,0,14,,186249,26,,,0,54,,186266,26,,,0,14,,186264,26,,,0,13,,186229,26,,,0,14,,186230,26,,,0,53,,186231,26,,,0,12,,186299,26,,,0,12,,186252,26,,,0,12,,186234,26,,,0,12,,186233,26,,,0,52,,186282,26,,,0,12,,186251,26,,,0,11,,186253,26,,,0,12,,186292,26,,,0,11,,186254,26,,,0,51,,186255,26,,,0,11,,186300,26,,,0,11,,186283,26,,,0,11,,186288,26,,,0,11,,186242,26,,,0,11,,186293,26,,,0,52,,186228,26,,,0,13,,186237,26,,,0,12,,186238,26,,,0,12,,186239,26,,,0,12,,186294,26,,,0,52,,186279,26,,,0,12,,186295,26,,,0,12,,186289,26,,,0,12,,186248,26,,,0,12,,186268,26,,,0,52,,186281,26,,,0,12,,186296,26,,,0,12,,186270,26,,,0,13,,186284,26,,,0,12,,186256,26,,,0,52,,186287,26,,,0,12,,186260,26,,,0,12,,186297,26,,,0,12,,186291,26,,,0,12,,186225,26,,,0,52,,186226,26,,,0,13,,186227,26,,,0,12,,186298,26,,,0,12,,186301,26,,,0,13,,186235,26,,,0,52,,186236,26,,,0,16,,186269,26,,,0,21,,186257,26,,,0,64,,186271,26,0,10,0,20,,186285,26,0,10,0,20,,186267,26,0,10,0
661400,'3_merged_15726440',728,,186305,21,,,0,29,,186306,21,,,0,70,,186307,21,,,0,29,,186309,21,,,0,66,,186310,21,,,0,21,,186311,21,,,0,57,,186312,21,,,0,14,,186313,26,,,0,16,,186314,26,,,0,15,,186315,26,,,0,55,,186316,26,,,0,15,,186317,26,,,0,16,,186318,26,,,0,15,,186319,26,,,0,54,,186320,26,,,0,15,,186321,26,,,0,15,,186322,26,,,0,14,,186323,26,,,0,12,,186324,26,,,0,52,,186325,26,,,0,12,,186326,26,,,0,12,,186327,26,,,0,12,,186328,26,,,0,12,,186329,26,,,0,53,,186330,26,,,0,12,,186331,26,,,0,12,,186332,26,,,0,12,,186333,26,,,0,12,,186334,26,,,0,53,,186335,26,,,0,13,,186336,26,,,0,13,,186337,26,,,0,12,,186338,26,,,0,52,,186339,26,,,0,12,,186340,26,,,0,13,,186341,26,,,0,14,,186342,26,,,0,15,,186343,26,,,0,55,,186344,26,,,0,15,,186345,26,,,0,15,,186346,26,,,0,14,,186347,26,,,0,55,,186348,26,,,0,15,,186349,26,,,0,15,,186350,26,,,0,15,,186351,26,,,0,59,,186352,26,,,0,19,,186353,26,,,0,19,,186354,26,,,0,62,,186355,26,0,10,0,19,,186356,26,0,10,0
661700,'2_merged_15726441',618,,187977,31,,,0,20,,187978,31,,,0,21,,187979,31,,,0,60,,187980,31,,,0,20,,187981,31,,,0,20,,187982,31,,,0,60,,187983,31,,,0,15,,187984,31,,,0,15,,187985,31,,,0,55,,187986,31,,,0,16,,187987,31,,,0,15,,187988,31,,,0,15,,187989,31,,,0,55,,187990,31,,,0,15,,187991,31,,,0,15,,187992,31,,,0,15,,187993,31,,,0,55,,187994,31,,,0,16,,187995,31,,,0,15,,187996,31,,,0,15,,187997,31,,,0,55,,187998,31,,,0,15,,187999,31,,,0,15,,188000,31,,,0,16,,188001,31,,,0,56,,188002,31,,,0,16,,188003,31,,,0,17,,188004,31,,,0,15,,188005,31,,,0,55,,188006,31,,,0,15,,188007,31,,,0,16,,188008,31,,,0,15,,188009,31,,,0,55,,188010,31,,,0,12,,188011,31,,,0,12,,188012,31,,,0,12,,188013,31,,,0,53,,188014,31,,,0,13,,188015,31,,,0,13,,188016,31,,,0,13,,188017,31,,,0,12,,188018,31,,,0,52,,188019,31,,,0,12,,188020,31,,,0,11,,188021,31,,,0,12,,188022,31,,,0,12,,188023,31,,,0,52,,188024,31,,,0,13,,188025,31,,,0,15,,188026,31,,,0,15,,188027,31,,,0,55,,188028,31,,,0,15,,188029,31,,,0,15,,188030,31,,,0,15,,188031,31,,,0,55,,188032,31,,,0,20,,188033,31,,,0,20,,188034,31,,,0
661700,'3_merged_15726440',612,,188047,31,,,0,30,,188048,31,,,0,70,,188049,31,,,0,29,,188050,31,,,0,72,,188051,31,,,0,34,,188052,31,,,0,66,,188053,31,,,0,20,,188054,31,,,0,22,,188055,31,,,0,63,,188056,31,,,0,22,,188057,31,,,0,60,,188058,31,,,0,14,,188059,31,,,0,15,,188060,31,,,0,15,,188061,31,,,0,14,,188062,31,,,0,55,,188063,31,,,0,15,,188064,31,,,0,16,,188065,31,,,0,15,,188066,31,,,0,55,,188067,31,,,0,14,,188068,31,,,0,14,,188069,31,,,0,15,,188070,31,,,0,55,,188071,31,,,0,15,,188072,31,,,0,14,,188073,31,,,0,15,,188074,31,,,0,55,,188075,31,,,0,15,,188076,31,,,0,15,,188077,31,,,0,16,,188078,31,,,0,55,,188079,31,,,0,15,,188080,31,,,0,15,,188081,31,,,0,15,,188082,31,,,0,55,,188083,31,,,0,14,,188084,31,,,0,14,,188085,31,,,0,15,,188086,31,,,0,55,,188087,31,,,0,20,,188088,31,,,0,20,,188089,31,,,0,60,,188090,31,,,0,20,,188091,31,,,0,20,,188092,31,,,0,58,,188093,31,,,0,20,,188094,31,,,0,20,,188095,31,,,0
662000,'2_merged_15726441',504,,189614,33,,,0,20,,189615,33,,,0,19,,189616,33,,,0,61,,189617,33,,,0,20,,189618,33,,,0,19,,189619,33,,,0,15,,189620,33,,,0,55,,189621,33,,,0,15,,189622,33,,,0,14,,189623,33,,,0,15,,189624,33,,,0,54,,189625,33,,,0,15,,189626,33,,,0,15,,189627,33,,,0,15,,189628,33,,,0,55,,189629,33,,,0,15,,189630,33,,,0,15,,189631,33,,,0,15,,189632,33,,,0,55,,189633,33,,,0,15,,189634,33,,,0,15,,189635,33,,,0,15,,189636,33,,,0,55,,189637,33,,,0,15,,189638,33,,,0,15,,189639,33,,,0,15,,189640,33,,,0,55,,189641,33,,,0,14,,189642,33,,,0,15,,189643,33,,,0,15,,189644,33,,,0,55,,189645,33,,,0,15,,189646,33,,,0,15,,189647,33,,,0,15,,189648,33,,,0,55,,189649,33,,,0,15,,189650,33,,,0,15,,189651,33,,,0,15,,189652,33,,,0,55,,189653,33,,,0,16,,189654,33,,,0,15,,189655,33,,,0,15,,189656,33,,,0,55,,189657,33,,,0,15,,189658,33,,,0,15,,189659,33,,,0,15,,189660,33,,,0,55,,189661,33,,,0,15,,189662,33,,,0,15,,189663,33,,,0,15,,189664,33,,,0,55,,189665,33,,,0,15,,189666,33,,,0,15,,189667,33,,,0,15,,189668,33,,,0,55,,189669,33,,,0,15,,189670,33,,,0,15,,189671,33,,,0,15,,189672,33,,,0,55,,189673,33,,,0,15,,189674,33,,,0,15,,189675,33,,,0
662000,'3_merged_15726440',550,,189689,33,,,0,60,,189690,33,,,0,20,,189691,33,,,0,19,,189692,33,,,0,60,,189693,33,,,0,20,,189694,33,,,0,20,,189695,33,,,0,55,,189696,33,,,0,14,,189697,33,,,0,15,,189698,33,,,0,16,,189699,33,,,0,55,,189700,33,,,0,15,,189701,33,,,0,14,,189702,33,,,0,15,,189703,33,,,0,55,,189704,33,,,0,13,,189705,33,,,0,13,,189706,33,,,0,15,,189707,33,,,0,15,,189708,33,,,0,55,,189709,33,,,0,15,,189710,33,,,0,15,,189711,33,,,0,15,,189712,33,,,0,55,,189713,33,,,0,15,,189714,33,,,0,15,,189715,33,,,0,15,,189716,33,,,0,55,,189717,33,,,0,15,,189718,33,,,0,15,,189719,33,,,0,15,,189720,33,,,0,55,,189721,33,,,0,15,,189722,33,,,0,15,,189723,33,,,0,15,,189724,33,,,0,55,,189725,33,,,0,15,,189726,33,,,0,15,,189727,33,,,0,15,,189728,33,,,0,55,,189729,33,,,0,15,,189730,33,,,0,15,,189731,33,,,0,15,,189732,33,,,0,55,,189733,33,,,0,15,,189734,33,,,0,15,,189735,33,,,0,15,,189736,33,,,0,55,,189737,33,,,0,15,,189738,33,,,0,15,,189739,33,,,0,15,,189740,33,,,0,55,,189741,33,,,0,15,,189742,33,,,0,16,,189743,33,,,0,55,,189744,33,,,0,15,,189745,33,,,0,15,,189746,33,,,0,15,,189747,33,,,0
662200,'2_merged_15726441',610,,190621,6,0,24 14 8,0,24,,190544,33,0,24 14 8,0,20,,190618,33,0,24 14 8,0,60,,190553,33,0,24 14 8,0,18,,190620,33,0,24 14 8,0,15,,190555,33,0,24 14 8,0,53,,190547,33,0,24 14 8,0,15,,190615,33,0,24 14 8,0,13,,190617,33,0,24 14 8,0,15,,190616,33,0,24 14 8,0,15,,190546,33,0,24 14 8,0,55,,190613,33,0,24 14 8,0,15,,190614,33,0,24 14 8,0,12,,190566,33,0,24 14 8,0,12,,190567,33,0,24 14 8,0,52,,190627,33,0,24 14 8,0,12,,190568,33,0,24 14 8,0,9,,190569,33,0,24 14 8,0,12,,190570,33,0,24 14 8,0,12,,190571,33,0,24 14 8,0,52,,190628,33,0,24 14 8,0,12,,190572,33,0,24 14 8,0,7,,190573,33,0,24 14 8,0,12,,190574,33,0,24 14 8,0,12,,190575,33,0,24 14 8,0,12,,190576,33,0,24 14 8,0,52,,190577,33,0,24 14 8,0,13,,190578,33,0,24 14 8,0,12,,190579,33,0,24 14 8,0,10,,190580,33,0,24 14 8,0,10,,190581,33,0,24 14 8,0,50,,190582,33,0,24 14 8,0,10,,190583,33,0,24 14 8,0,9,,190622,33,0,24 14 8,0,10,,190584,33,0,24 14 8,0,10,,190585,33,0,24 14 8,0,10,,190586,33,0,24 14 8,0,50,,190587,33,0,24 14 8,0,10,,190588,33,0,24 14 8,0,10,,190623,33,0,24 14 8,0,10,,190589,33,0,24 14 8,0,10,,190590,33,0,24 14 8,0,10,,190559,33,0,24 14 8,0,50,,190591,33,0,24 14 8,0,10,,190592,33,0,24 14 8,0,10,,190624,33,0,24 14 8,0,10,,190593,33,0,24 14 8,0,10,,190594,33,0,24 14 8,0,12,,190595,33,0,24 14 8,0,51,,190596,33,0,24 14 8,0,11,,190597,33,0,24 14 8,0,10,,190625,33,0,24 14 8,0,10,,190598,33,0,24 14 8,0,10,,190599,33,0,24 14 8,0,10,,190600,33,0,24 14 8,0,50,,190601,33,0,24 14 8,0,10,,190626,33,0,24 14 8,0,10,,190602,33,0,24 14 8,0,10,,190603,33,0,24 14 8,0,10,,190604,33,0,24 14 8,0,10,,190605,33,0,24 14 8,0,52,,190619,33,0,24 14 8,0,16,,190607,33,0,24 14 8,0,15,,190565,33,0,24 14 8,0,15,,190551,33,0,24 14 8,0,55,,190556,33,0,24 14 8,0,15,,190557,33,0,24 14 8,0,15,,190558,33,0,24 14 8,0,16,,190560,33,0,24 14 8,0,55,,190561,33,0,24 14 8,0,15,,190562,33,0,24 14 8,0,15,,190563,33,0,24 14 8,0
662200,'3_merged_15726440',625,,190629,33,,,0,31,,190630,33,,,0,65,,190631,33,0,24 14 8,0,20,,190632,33,0,24 14 8,0,61,,190633,33,0,24 14 8,0,19,,190634,33,0,24 14 8,0,12,,190635,33,0,24 14 8,0,15,,190636,33,0,24 14 8,0,53,,190637,33,0,24 14 8,0,15,,190638,33,0,24 14 8,0,16,,190639,33,0,24 14 8,0,15,,190640,33,0,24 14 8,0,53,,190641,33,0,24 14 8,0,14,,190642,33,0,24 14 8,0,15,,190643,33,0,24 14 8,0,15,,190644,33,0,24 14 8,0,15,,190645,33,0,24 14 8,0,55,,190646,33,0,24 14 8,0,11,,190647,33,0,24 14 8,0,12,,190648,33,0,24 14 8,0,12,,190649,33,0,24 14 8,0,10,,190650,33,0,24 14 8,0,52,,190651,33,0,24 14 8,0,12,,190652,33,0,24 14 8,0,12,,190653,33,0,24 14 8,0,13,,190654,33,0,24 14 8,0,52,,190655,33,0,24 14 8,0,12,,190656,33,0,24 14 8,0,11,,190657,33,0,24 14 8,0,12,,190658,33,0,24 14 8,0,12,,190659,33,0,24 14 8,0,12,,190660,33,0,24 14 8,0,52,,190661,33,0,24 14 8,0,13,,190662,33,0,24 14 8,0,12,,190663,33,0,24 14 8,0,13,,190664,33,0,24 14 8,0,52,,190665,33,0,24 14 8,0,12,,190666,33,0,24 14 8,0,12,,190667,33,0,24 14 8,0,12,,190668,33,0,24 14 8,0,13,,190669,33,0,24 14 8,0,52,,190670,33,0,24 14 8,0,13,,190671,33,0,24 14 8,0,13,,190672,33,0,24 14 8,0,12,,190673,33,0,24 14 8,0,12,,190674,33,0,24 14 8,0,54,,190675,33,0,24 14 8,0,12,,190676,33,0,24 14 8,0,14,,190677,33,0,24 14 8,0,15,,190678,33,0,24 14 8,0,56,,190679,33,0,24 14 8,0,15,,190680,33,0,24 14 8,0,17,,190681,33,0,24 14 8,0,15,,190682,33,0,24 14 8,0,55,,190683,33,0,24 14 8,0,15,,190684,33,0,24 14 8,0,14,,190685,33,0,24 14 8,0,15,,190686,33,0,24 14 8,0,55,,190687,33,0,24 14 8,0,16,,190688,33,0,24 14 8,0,18,,190689,33,0,24 14 8,0,16,,190690,33,0,24 14 8,0
663700,'2_merged_15726441',520,,196167,12,,,0,20,,196168,12,,,0,60,,196169,12,,,0,20,,196170,12,,,0,20,,196171,12,,,0,60,,196172,12,,,0,20,,196173,12,,,0,20,,196174,12,,,0,61,,196175,12,,,0,21,,196176,12,,,0,20,,196177,12,,,0,60,,196178,12,,,0,21,,196179,12,,,0,17,,196180,12,,,0,17,,196181,12,,,0,57,,196182,12,,,0,17,,196183,12,,,0,17,,196184,12,,,0,57,,196185,12,,,0,16,,196186,12,,,0,15,,196187,12,,,0,16,,196188,12,,,0,55,,196189,12,,,0,15,,196190,12,,,0,15,,196191,12,,,0,15,,196192,12,,,0,55,,196193,12,,,0,16,,196194,12,,,0,15,,196195,12,,,0,15,,196196,12,,,0,55,,196197,12,,,0,12,,196198,12,,,0,12,,196199,12,,,0,12,,196200,12,,,0,12,,196201,12,,,0,52,,196202,12,,,0,12,,196203,12,,,0,12,,196204,12,,,0,12,,196205,12,,,0,12,,196206,12,,,0,52,,196207,12,,,0,12,,196208,12,,,0,12,,196209,12,,,0,12,,196210,12,,,0,12,,196211,12,,,0,52,,196212,12,,,0,12,,196213,12,,,0,12,,196214,12,,,0,11,,196215,12,,,0,12,,196216,12,,,0,52,,196217,12,,,0,12,,196218,12,,,0,12,,196219,12,,,0,12,,196220,12,,,0,11,,196221,12,,,0,53,,196222,12,,,0,15,,196223,12,,,0,15,,196224,12,,,0,13,,196225,12,,,0,55,,196226,12,,,0,15,,196227,12,,,0,16,,196228,12,,,0
663700,'3_merged_15726440',518,,196242,12,,,0,30,,196243,12,,,0,70,,196244,12,,,0,36,,196245,12,,,0,66,,196246,12,,,0,20,,196247,12,,,0,60,,196248,12,,,0,20,,196249,12,,,0,20,,196250,12,,,0,60,,196251,12,,,0,23,,196252,12,,,0,19,,196253,12,,,0,59,,196254,12,,,0,20,,196255,12,,,0,17,,196256,12,,,0,18,,196257,12,,,0,57,,196258,12,,,0,18,,196259,12,,,0,17,,196260,12,,,0,58,,196261,12,,,0,17,,196262,12,,,0,17,,196263,12,,,0,17,,196264,12,,,0,57,,196265,12,,,0,18,,196266,12,,,0,16,,196267,12,,,0,55,,196268,12,,,0,15,,196269,12,,,0,15,,196270,12,,,0,15,,196271,12,,,0,55,,196272,12,,,0,15,,196273,12,,,0,15,,196274,12,,,0,15,,196275,12,,,0,55,,196276,12,,,0,15,,196277,12,,,0,15,,196278,12,,,0,16,,196279,12,,,0,57,,196280,12,,,0,15,,196281,12,,,0,14,,196282,12,,,0,15,,196283,12,,,0,55,,196284,12,,,0,15,,196285,12,,,0,15,,196286,12,,,0,20,,196287,12,,,0,60,,196288,12,,,0,20,,196289,12,,,0,20,,196290,12,,,0,60,,196291,12,,,0,19,,196292,12,,,0,22,,196293,12,,,0
1671800,'2_merged_15726441',434,,226428,34,0,10,0,71,,226363,34,,,0,18,,226359,5,,,0,14,,226360,5,,,0,9,,226394,34,,,0,61,,226395,34,,,0,15,,226372,34,,,0,13,,226361,5,,,0,3,,226373,34,,,0,20,,226374,34,,,0,60,,226375,34,,,0,15,,226376,34,,,0,14,,226377,34,,,0,54,,226378,34,,,0,13,,226380,34,,,0,13,,226381,34,,,0,15,,226382,34,,,0,15,,226383,34,,,0,55,,226384,34,,,0,15,,226385,34,,,0,10,,226429,5,,,0,5,,226386,34,,,0,15,,226387,34,,,0,50,,226371,5,,,0,5,,226388,34,,,0,15,,226389,34,,,0,15,,226390,34,,,0,9,,226362,5,,,0,6,,226391,34,,,0,54,,226392,34,,,0,12,,226393,34,,,0,12,,226379,34,,,0,13,,226364,34,,,0,6,,226430,5,,,0,46,,226396,34,,,0,13,,226397,34,,,0,12,,226398,34,,,0,13,,226399,34,,,0,8,,226431,5,,,0,4,,226365,34,,,0,50,,226400,34,,,0,10,,226401,34,,,0,10,,226402,34,,,0,10,,226403,34,,,0,10,,226404,34,,,0,9,,226366,34,,,0,10,,226405,34,,,0,50,,226406,34,,,0,10,,226407,34,,,0,10,,226408,34,,,0,11,,226409,34,,,0,11,,226367,34,,,0,51,,226410,34,,,0,10,,226411,34,,,0,10,,226412,34,,,0,10,,226413,34,,,0,10,,226414,34,,,0,10,,226368,34,,,0,50,,226415,34,,,0,10,,226416,34,,,0,10,,226418,34,,,0,10,,226419,34,,,0,10,,226420,34,,,0,10,,226369,34,,,0,49,,226421,34,,,0,10,,226422,34,,,0,10,,226417,34,,,0,9,,226423,34,,,0,10,,226424,34,,,0,10,,226370,34,,,0,50,,226425,34,,,0,10,,226426,34,,,0,12,,226427,34,,,0,12,,226335,34,,,0,12,,226336,34,,,0,12,,226337,34,,,0,53,,226338,34,,,0,13,,226339,34,0,10,0,15,,226340,34,0,10,0,15,,226341,34,0,10,0,55,,226342,34,0,10,0,16,,226343,34,0,10,0,15,,226344,34,0,10,0,14,,226345,34,0,10,0
1671800,'3_merged_15726440',431,,226516,34,0,10,0,70,,226517,34,0,10,0,37,,226512,34,,,0,62,,226453,34,,,0,20,,226459,34,,,0,22,,226460,34,,,0,12,,226435,5,,,0,54,,226513,34,,,0,20,,226461,34,,,0,14,,226463,34,,,0,15,,226436,34,,,0,55,,226462,34,,,0,13,,226464,34,,,0,13,,226465,34,,,0,14,,226466,34,,,0,55,,226467,34,,,0,12,,226434,5,,,0,3,,226468,34,,,0,16,,226469,34,,,0,16,,226470,34,,,0,57,,226471,34,,,0,16,,226472,34,,,0,16,,226473,34,,,0,16,,226474,34,,,0,54,,226475,34,,,0,14,,226476,34,,,0,13,,226477,34,,,0,9,,226498,5,,,0,5,,226497,34,,,0,53,,226478,34,,,0,13,,226479,34,,,0,13,,226480,34,,,0,12,,226437,34,,,0,11,,226481,34,,,0,52,,226482,34,,,0,12,,226483,34,,,0,12,,226484,34,,,0,12,,226438,34,,,0,13,,226485,34,,,0,52,,226486,34,,,0,13,,226487,34,,,0,12,,226488,34,,,0,12,,226449,34,,,0,13,,226489,34,,,0,52,,226490,34,,,0,13,,226491,34,,,0,12,,226492,34,,,0,12,,226450,34,,,0,52,,226493,34,,,0,12,,226494,34,,,0,12,,226495,34,,,0,12,,226458,34,,,0,10,,226451,34,,,0,11,,226496,34,,,0,52,,226454,34,,,0,12,,226455,34,,,0,12,,226456,34,,,0,12,,226452,34,,,0,12,,226439,34,,,0,54,,226440,34,,,0,14,,226441,34,,,0,14,,226442,34,,,0,15,,226443,34,,,0,55,,226444,34,,,0,16,,226445,34,0,10,0,15,,226446,34,0,10,0,16,,226447,34,0,10,0,55,,226448,34,0,10,0,15,,226457,34,0,10,0,15,,226515,34,0,10,0,15,,226499,34,0,10,0
