668700,'101_merged_15726436',834,,207972,7,,,0,689,,207974,7,,,0,30,,207975,7,,,0,50,,207976,7,,,0
668700,'1_merged_15726439',537,,207978,15,,,0,71,,207979,7,,,0,15,,207980,7,,,0,9,,207981,43,,,0,11,,207982,7,,,0,10,,207983,7,,,0,49,,207984,43,,,0,11,,207985,7,,,0,10,,207986,7,,,0,9,,207987,43,,,0,11,,207988,7,,,0,4,,207989,43,,,0,11,,207990,7,,,0,44,,207991,43,,,0,6,,207992,7,,,0,5,,207993,7,,,0,4,,207994,43,,,0,15,,207995,43,,,0,6,,207996,7,,,0,9,,207997,43,,,0,12,,207998,7,0,46 47,0,43,,207999,43,,,0,11,,208000,7,,,0,4,,208001,43,,,0,11,,208002,7,,,0,4,,208003,43,,,0,11,,208004,7,,,0,58,,208005,7,,,0,1,,208006,43,,,0,1,,208007,7,0,46 47,0,10,,208008,7,,,0,15,,208009,7,,,0,4,,208010,43,,,0,11,,208011,7,,,0,15,,208012,7,,,0,44,,208013,43,,,0,11,,208014,7,,,0,15,,208015,7,,,0,4,,208016,43,,,0,11,,208017,7,,,0,15,,208018,7,,,0,44,,208019,43,,,0,11,,208020,7,,,0,15,,208021,7,,,0,4,,208022,43,,,0,11,,208023,7,,,0,15,,208024,7,,,0,44,,208025,43,,,0,11,,208026,7,,,0,15,,208027,7,,,0,4,,208028,43,,,0,11,,208029,7,,,0,15,,208030,7,,,0,44,,208031,43,,,0,11,,208032,7,,,0,15,,208033,7,,,0,4,,208034,43,,,0,11,,208035,7,,,0,10,,208036,7,,,0,49,,208037,43,,,0,1,,208038,7,,,0,10,,208039,7,,,0,19,,208040,43,,,0,1,,208041,7,,,0,10,,208042,7,,,0,59,,208043,43,,,0,11,,208044,7,,,0,10,,208045,7,,,0,9,,208046,43,,,0,1,,208047,7,,,0,10,,208048,7,,,0,10,,208049,7,,,0,49,,208050,43,,,0,1,,208051,7,,,0,10,,208052,7,,,0,4,,208053,43,,,0,6,,208054,7,,,0,5,,208055,7,,,0,4,,208056,43,,,0,1,,208057,7,,,0,10,,208058,7,,,0,3,,208059,7,,,0,1,,208060,43,,,0,55,,208061,43,,,0,1,,208062,7,,,0,10,,208063,7,,,0,4,,208064,43,,,0,6,,208065,7,,,0,9,,208066,43,,,0,1,,208067,7,,,0,10,,208068,7,,,0,4,,208069,43,,,0,1,,208070,7,0,46 47,0,54,,208071,43,,,0,1,,208072,7,,,0,14,,208073,43,,,0,6,,208074,7,,,0,9,,208075,43,,,0,11,,208076,7,,,0,59,,208077,43,,,0,1,,208078,7,,,0,20,,208079,7,,,0,9,,208080,43,,,0,21,,208081,7,,,0,49,,208082,43,,,0,21,,208083,7,,,0,8,,208084,43,,,0,70,,208085,43,,,0,35,,208086,43,,,0,70,,208087,43,,,0,31,,208088,43,,,0,70,,208089,43,,,0,30,,208090,43,,,0
668700,'201_merged_15726444',834,,208091,7,,,0,689,,208092,7,,,0,30,,208093,7,,,0,50,,208094,7,,,0
668700,'2_merged_15726441',536,,208096,15,,,0,69,,208097,7,,,0,31,,208098,15,,,0,66,,208099,43,,,0,14,,208100,7,,,0,16,,208101,43,,,0,14,,208102,7,,,0,56,,208103,43,,,0,14,,208104,7,,,0,16,,208105,43,,,0,15,,208106,43,,,0,5,,208107,7,,,0,50,,208108,43,,,0,20,,208109,7,,,0,10,,208110,43,,,0,5,,208111,7,,,0,12,,208112,7,,,0,52,,208113,7,,,0,1,,208114,43,,,0,11,,208115,7,,,0,12,,208116,7,,,0,7,,208117,43,,,0,5,,208118,7,,,0,12,,208119,7,,,0,52,,208120,7,,,0,1,,208121,43,,,0,11,,208122,7,,,0,12,,208123,7,,,0,7,,208124,43,,,0,5,,208125,7,,,0,15,,208126,7,,,0,50,,208127,43,,,0,5,,208128,7,,,0,15,,208129,7,,,0,10,,208130,43,,,0,5,,208131,7,,,0,19,,208132,7,,,0,46,,208133,43,,,0,5,,208134,7,,,0,15,,208135,7,,,0,10,,208136,43,,,0,5,,208137,7,,,0,11,,208138,7,,,0,52,,208139,7,,,0,2,,208140,43,,,0,10,,208141,7,,,0,14,,208142,7,,,0,6,,208143,43,,,0,6,,208144,7,,,0,12,,208145,7,,,0,52,,208147,7,,,0,12,,208148,7,,,0,12,,208149,7,,,0,6,,208150,43,,,0,6,,208151,7,,,0,10,,208152,7,,,0,52,,208153,7,,,0,2,,208154,43,,,0,1,,208155,7,,,0,9,,208156,43,,,0,3,,208157,7,,,0,12,,208158,7,,,0,5,,208159,43,,,0,7,,208160,7,,,0,12,,208161,7,,,0,51,,208162,43,,,0,1,,208163,7,,,0,9,,208164,43,,,0,3,,208165,7,,,0,12,,208166,7,,,0,5,,208167,43,,,0,7,,208168,7,,,0,12,,208169,7,,,0,51,,208170,43,,,0,1,,208171,7,,,0,12,,208172,7,,,0,2,,208173,43,,,0,10,,208174,7,,,0,5,,208175,43,,,0,7,,208176,7,,,0,12,,208177,7,,,0,51,,208178,43,,,0,1,,208179,7,,,0,18,,208180,7,,,0,11,,208181,43,,,0,2,,208182,7,,,0,20,,208183,7,,,0,48,,208184,43,,,0,12,,208185,7,,,0,18,,208186,43,,,0,2,,208187,7,,,0,68,,208188,43,,,0,2,,208189,7,,,0,28,,208190,43,,,0,16,,208191,7,,,0,53,,208192,43,,,0,17,,208193,7,,,0,18,,208194,43,,,0,71,,208195,43,,,0,11,,208196,7,,,0,18,,208197,43,,,0,70,,208198,43,,,0,31,,208199,43,,,0
668700,'3_merged_15726440',628,,208200,7,,,0,31,,208201,7,,,0,74,,208202,43,,,0,70,,208203,43,,,0,15,,208204,7,,,0,15,,208205,43,,,0,1,,208206,7,,,0,14,,208207,43,,,0,55,,208208,43,,,0,13,,208209,7,,,0,17,,208210,43,,,0,15,,208211,43,,,0,3,,208212,7,,,0,52,,208213,43,,,0,30,,208215,43,,,0,3,,208216,7,,,0,15,,208217,7,,,0,52,,208218,43,,,0,3,,208219,7,,,0,15,,208220,7,,,0,12,,208221,43,,,0,3,,208222,7,,,0,15,,208223,7,,,0,52,,208224,43,,,0,3,,208225,7,,,0,15,,208226,7,,,0,12,,208227,43,,,0,4,,208228,7,,,0,15,,208229,7,,,0,51,,208230,43,,,0,4,,208231,7,,,0,15,,208232,7,,,0,11,,208233,43,,,0,4,,208234,7,,,0,15,,208235,7,,,0,51,,208236,43,,,0,4,,208237,7,,,0,14,,208238,7,,,0,12,,208239,43,,,0,3,,208240,7,,,0,15,,208241,7,,,0,52,,208242,43,,,0,1,,208243,7,,,0,12,,208244,7,,,0,12,,208245,7,,,0,5,,208246,43,,,0,7,,208247,7,,,0,12,,208248,7,,,0,51,,208249,43,,,0,1,,208250,7,,,0,12,,208251,7,,,0,12,,208252,7,,,0,5,,208253,43,,,0,7,,208254,7,,,0,12,,208255,7,,,0,51,,208256,43,,,0,1,,208257,7,,,0,12,,208258,7,,,0,12,,208259,7,,,0,5,,208260,43,,,0,7,,208261,7,,,0,12,,208262,7,,,0,51,,208263,43,,,0,1,,208264,7,,,0,12,,208265,7,,,0,12,,208266,7,,,0,5,,208267,43,,,0,7,,208268,7,,,0,12,,208269,7,,,0,51,,208270,43,,,0,1,,208271,7,,,0,15,,208272,7,,,0,14,,208273,43,,,0,15,,208274,7,,,0,55,,208275,43,,,0,15,,208276,7,,,0,15,,208277,43,,,0,15,,208278,7,,,0,55,,208279,43,,,0,15,,208280,43,,,0,15,,208281,43,,,0,70,,208282,43,,,0,35,,208283,43,,,0,70,,208284,43,,,0,30,,208285,43,,,0,66,,208286,7,0,46 47,0,10,,208287,7,,,0,24,,208288,43,,,0,1,,208289,7,0,46 47,0,105,,208290,7,0,46 47,0
669000,'101_merged_15726436',1522,,208839,31,0,46 47 48,0
669000,'1_merged_15726439',653,,208840,31,,,0,72,,208841,31,,,0,29,,208842,31,,,0,66,,208843,31,,,0,95,,208844,31,0,46 47 48,0,43,,208845,31,0,46 47 48,0,99,,208846,31,0,46 47 48,0,101,,208847,31,0,46 47 48,0,97,,208848,31,0,46 47 48,0,101,,208849,31,,,0,99,,208850,31,,,0,70,,208851,31,,,0,30,,208852,31,,,0,69,,208853,31,,,0,76,,208854,31,0,46 47 48,0,30,,208855,31,0,46 47 48,0,29,,208856,31,0,46 47 48,0,70,,208857,31,0,46 47 48,0,30,,208858,31,0,46 47 48,0,69,,208859,31,0,46 47 48,0,30,,208860,31,0,46 47 48,0,99,,208861,31,0,46 47 48,0,99,,208862,31,0,46 47 48,0,149,,208863,31,0,46 47 48,0
669000,'2_merged_15726441',756,,208864,31,0,46 47 48,0,100,,208865,31,0,46 47 48,0,100,,208866,31,0,46 47 48,0,100,,208867,31,0,46 47 48,0,100,,208868,31,0,46 47 48,0,100,,208869,31,0,46 47 48,0,100,,208870,31,0,46 47 48,0,100,,208871,31,0,46 47 48,0,100,,208872,31,0,46 47 48,0,100,,208873,31,0,46 47 48,0,100,,208874,31,0,46 47 48,0,100,,208875,31,0,46 47 48,0,100,,208876,31,0,46 47 48,0,100,,208877,31,0,46 47 48,0,100,,208878,31,0,46 47 48,0,149,,208879,31,0,46 47 48,0
669000,'3_merged_15726440',856,,208880,31,0,46 47 48,0,100,,208881,31,0,46 47 48,0,100,,208882,31,0,46 47 48,0,100,,208883,31,0,46 47 48,0,100,,208884,31,0,46 47 48,0,100,,208885,31,0,46 47 48,0,100,,208886,31,0,46 47 48,0,100,,208887,31,0,46 47 48,0,100,,208888,31,0,46 47 48,0,100,,208889,31,0,46 47 48,0,100,,208890,31,0,46 47 48,0,100,,208891,31,0,46 47 48,0,100,,208892,31,0,46 47 48,0,100,,208893,31,0,46 47 48,0,149,,208894,31,0,46 47 48,0
669200,'1_merged_15726439',549,,209056,7,,,0,70,,209057,7,,,0,30,,209058,7,,,0,60,,209059,7,,,0,20,,209060,7,,,0,20,,209061,7,,,0,60,,209062,7,,,0,20,,209063,7,,,0,20,,209064,7,,,0,60,,209065,7,,,0,20,,209066,7,,,0,20,,209067,7,,,0,60,,209068,7,,,0,20,,209069,7,,,0,20,,209070,7,,,0,60,,209071,7,,,0,20,,209072,7,,,0,20,,209073,7,,,0,60,,209074,7,,,0,20,,209075,7,,,0,20,,209076,7,,,0,60,,209077,7,,,0,20,,209078,7,,,0,20,,209079,7,,,0,60,,209080,7,,,0,20,,209081,7,,,0,20,,209082,7,,,0,60,,209083,7,,,0,20,,209084,7,,,0,20,,209085,7,,,0,60,,209086,7,,,0,20,,209087,7,,,0,20,,209088,7,,,0,60,,209089,7,,,0,20,,209090,7,,,0,20,,209091,7,,,0,60,,209092,7,,,0,25,,209093,7,,,0,70,,209094,7,,,0,30,,209095,7,,,0,70,,209096,7,,,0,20,,209097,7,,,0,30,,209098,7,,,0,80,,209099,7,,,0
669200,'2_merged_15726441',544,,209106,7,,,0,60,,209107,7,,,0,30,,209108,7,,,0,70,,209109,7,,,0,30,,209110,7,,,0,70,,209111,7,,,0,30,,209112,7,,,0,70,,209113,7,,,0,30,,209114,7,,,0,70,,209115,7,,,0,30,,209116,7,,,0,70,,209117,7,,,0,20,,209118,7,,,0,20,,209119,7,,,0,60,,209120,7,,,0,20,,209121,7,,,0,20,,209122,7,,,0,60,,209123,7,,,0,20,,209124,7,,,0,19,,209125,7,,,0,61,,209126,7,,,0,20,,209127,7,,,0,20,,209128,7,,,0,60,,209129,7,,,0,20,,209130,7,,,0,19,,209131,7,,,0,61,,209132,7,,,0,20,,209133,7,,,0,20,,209134,7,,,0,60,,209135,7,,,0,20,,209136,7,,,0,19,,209137,7,,,0,61,,209138,7,,,0,30,,209139,7,,,0,70,,209140,7,,,0,30,,209141,7,,,0,70,,209142,7,,,0,30,,209143,7,,,0
669200,'3_merged_15726440',634,,209151,7,,,0,70,,209152,7,,,0,30,,209153,7,,,0,70,,209154,7,,,0,30,,209155,7,,,0,70,,209156,7,,,0,30,,209157,7,,,0,70,,209158,7,,,0,30,,209159,7,,,0,70,,209160,7,,,0,20,,209161,7,,,0,20,,209162,7,,,0,60,,209163,7,,,0,20,,209164,7,,,0,20,,209165,7,,,0,60,,209166,7,,,0,20,,209167,7,,,0,20,,209168,7,,,0,60,,209169,7,,,0,20,,209170,7,,,0,20,,209171,7,,,0,60,,209172,7,,,0,20,,209173,7,,,0,20,,209174,7,,,0,60,,209175,7,,,0,20,,209176,7,,,0,20,,209177,7,,,0,60,,209178,7,,,0,20,,209179,7,,,0,20,,209180,7,,,0,60,,209181,7,,,0,30,,209182,7,,,0,70,,209183,7,,,0,30,,209184,7,,,0,70,,209185,7,,,0,30,,209186,7,,,0
1023201,'1201_merged_15726432',2051,,225018,8,,,0,100,,225019,8,,,0,100,,225020,8,,,0
1023201,'1_merged_15726439',651,,225021,8,,,0,100,,225022,8,,,0,100,,225023,8,,,0,100,,225024,8,,,0,100,,225025,8,,,0,100,,225026,8,,,0,100,,225027,8,,,0,100,,225028,8,,,0,100,,225029,8,,,0,100,,225030,8,,,0,100,,225031,8,,,0,100,,225032,8,,,0,100,,225033,8,,,0,100,,225034,8,,,0
1023201,'2_merged_15726441',751,,225035,8,,,0,100,,225036,8,,,0,100,,225037,8,,,0,100,,225038,8,,,0,100,,225039,8,,,0,100,,225040,8,,,0,100,,225041,8,,,0,100,,225042,8,,,0,100,,225043,8,,,0,100,,225044,8,,,0,100,,225045,8,,,0,100,,225046,8,,,0,100,,225047,8,,,0,100,,225048,8,,,0,100,,225049,8,,,0
1023201,'3_merged_15726440',951,,225050,8,,,0,100,,225051,8,,,0,100,,225052,8,,,0,100,,225053,8,,,0,100,,225054,8,,,0,100,,225055,8,,,0,100,,225056,8,,,0,100,,225057,8,,,0,100,,225058,8,,,0,100,,225059,8,,,0,100,,225060,8,,,0,100,,225061,8,,,0
