670800,'101_merged_15727747',712,,212981,17,,,0,791,,212982,11,,,0,52,,212980,17,,,0
670800,'1_merged_15727750',531,,213024,16,,,0,21,,213020,17,,,0,58,,212994,17,,,0,17,,212999,16,,,0,16,,213022,16,,,0,16,,212989,16,,,0,63,,213021,17,,,0,12,,213028,17,,,0,16,,213023,16,,,0,55,,213001,17,,,0,17,,212984,17,,,0,18,,213000,17,,,0,18,,212986,17,,,0,69,,212991,17,,,0,29,,212992,17,,,0,70,,213004,17,,,0,30,,212987,17,,,0,70,,213005,17,,,0,30,,213010,17,,,0,70,,213006,17,,,0,30,,212993,17,,,0,70,,213007,17,,,0,31,,213017,17,,,0,70,,213008,17,,,0,30,,212995,16,,,0,59,,212997,17,,,0,19,,213002,17,,,0,80,,212983,17,,,0,20,,212998,17,,,0,20,,213011,17,,,0,57,,213025,17,,,0,16,,213012,17,,,0,16,,213013,17,,,0,14,,213003,17,,,0,55,,213026,17,,,0,15,,213014,17,,,0,16,,213015,17,,,0,15,,213027,17,,,0,55,,212996,17,,,0,15,,213019,17,,,0,19,,213029,17,,,0,60,,213018,17,,,0,20,,213009,17,,,0,20,,213030,17,,,0,60,,212988,17,,,0,98,,212990,17,,,0,100,,213016,17,,,0,103,,212985,17,,,0
670800,'201_merged_15727755',712,,213031,17,,,0,843,,213032,16,,,0
670800,'2_merged_15727752',550,,213067,16,,,0,56,,213066,16,,,0,17,,213055,16,,,0,20,,213068,16,,,0,60,,213054,17,,,0,20,,213039,16,,,0,20,,213069,17,,,0,61,,213053,17,,,0,31,,213038,17,,,0,70,,213052,17,,,0,30,,213033,17,,,0,70,,213051,17,,,0,30,,213059,17,,,0,70,,213050,17,,,0,30,,213037,17,,,0,70,,213049,17,,,0,31,,213035,17,,,0,70,,213048,17,,,0,31,,213034,17,,,0,70,,213047,17,,,0,29,,213060,17,,,0,69,,213046,17,,,0,31,,213070,17,,,0,71,,213045,17,,,0,30,,213063,17,,,0,70,,213044,16,,,0,30,,213036,17,,,0,70,,213043,17,,,0,29,,213065,17,,,0,68,,213042,17,,,0,28,,213064,17,,,0,70,,213041,17,,,0,30,,213062,17,,,0,73,,213040,17,,,0,32,,213061,17,,,0,96,,213058,17,,,0,99,,213057,17,,,0,99,,213056,17,,,0
670800,'3_merged_15727751',631,,213071,16,,,0,21,,213102,16,,,0,60,,213101,17,,,0,20,,213100,17,,,0,70,,213079,17,,,0,31,,213099,17,,,0,70,,213089,17,,,0,30,,213098,17,,,0,71,,213088,17,,,0,30,,213097,17,,,0,70,,213084,17,,,0,30,,213096,17,,,0,70,,213083,17,,,0,23,,213095,16,,,0,20,,213105,17,,,0,60,,213082,17,,,0,21,,213106,16,,,0,20,,213094,17,,,0,60,,213081,17,,,0,20,,213093,17,,,0,20,,213107,17,,,0,60,,213085,17,,,0,20,,213076,17,,,0,20,,213108,17,,,0,60,,213080,17,,,0,20,,213075,17,,,0,20,,213109,17,,,0,60,,213086,17,,,0,20,,213103,17,,,0,21,,213110,17,,,0,60,,213092,17,,,0,21,,213074,17,,,0,21,,213104,17,,,0,61,,213087,17,,,0,30,,213073,17,,,0,69,,213077,17,,,0,30,,213072,17,,,0,72,,213091,17,,,0,90,,213078,17,,,0,99,,213090,17,,,0,99,,213111,17,,,0
670901,'101_merged_15727747',646,,213293,24,,,0
670901,'1_merged_15727750',520,,213316,24,,,0,22,,213306,24,,,0,61,,213318,24,,,0,20,,213307,24,,,0,84,,213314,24,,,0,19,,213319,24,,,0,20,,213323,24,,,0,57,,213295,24,,,0,15,,213298,24,,,0,21,,213320,24,,,0,20,,213297,24,,,0,70,,213321,24,,,0,29,,213296,24,,,0,100,,213310,24,,,0,100,,213311,24,,,0,142,,213313,24,,,0,101,,213322,24,,,0,39,,213312,24,,,0,70,,213317,24,,,0,31,,213308,24,,,0,69,,213300,24,,,0,24,,213294,24,,,0,69,,213301,24,,,0,30,,213302,24,,,0,67,,213303,24,,,0,31,,213304,24,,,0,75,,213299,24,,,0,32,,213315,24,,,0,105,,213305,24,,,0,106,,213309,24,,,0
670901,'201_merged_15727755',646,,213324,24,,,0
670901,'2_merged_15727752',821,,213337,24,,,0,99,,213335,24,,,0,100,,213334,24,,,0,102,,213332,24,,,0,101,,213331,24,,,0,101,,213330,24,,,0,101,,213329,24,,,0,100,,213333,24,,,0,100,,213326,24,,,0,99,,213328,24,,,0,100,,213336,24,,,0,99,,213327,24,,,0,99,,213325,24,,,0,102,,213338,24,,,0
670901,'3_merged_15727751',1143,,213340,24,,,0,105,,213345,24,,,0,105,,213346,24,,,0,102,,213342,24,,,0,100,,213341,24,,,0,99,,213343,24,,,0,99,,213339,24,,,0,99,,213349,24,,,0,100,,213344,24,,,0,95,,213348,24,,,0,95,,213347,24,,,0
