672700,'101_merged_15726436',1639,,216259,55,,,0
672700,'1_merged_15726439',1012,,216283,55,,,0,30,,216284,55,,,0,69,,216285,55,,,0,29,,216286,55,,,0,70,,216287,55,,,0,23,,216288,55,,,0,71,,216289,55,,,0,30,,216290,55,,,0,69,,216291,55,,,0,28,,216292,55,,,0,86,,216294,55,,,0,30,,216295,55,,,0,65,,216296,55,,,0,312,,216304,55,,,0,26,,216261,55,,,0,69,,216270,55,,,0,27,,216262,55,,,0,71,,216263,55,,,0,30,,216268,55,,,0,78,,216269,55,,,0,30,,216264,55,,,0,74,,216265,55,,,0,94,,216266,55,,,0,104,,216267,55,,,0
672700,'201_merged_15726444',1639,,216305,55,,,0
672700,'2_merged_15726441',723,,216324,55,,,0,32,,216309,55,,,0,75,,216316,55,,,0,71,,216340,55,,,0,29,,216306,55,,,0,71,,216317,55,,,0,31,,216308,55,,,0,73,,216329,55,,,0,34,,216307,55,,,0,68,,216336,55,,,0,37,,216311,55,,,0,69,,216313,55,,,0,32,,216314,55,,,0,70,,216312,55,,,0,31,,216319,55,,,0,69,,216320,55,,,0,31,,216338,55,,,0,71,,216321,55,,,0,29,,216330,55,,,0,69,,216331,55,,,0,28,,216332,55,,,0,69,,216333,55,,,0,29,,216327,55,,,0,66,,216335,55,,,0,31,,216326,55,,,0,66,,216328,55,,,0,29,,216322,55,,,0,70,,216323,55,,,0,26,,216339,55,,,0,30,,216318,55,,,0,70,,216334,55,,,0,30,,216315,55,,,0,71,,216310,55,,,0,106,,216325,55,,,0,92,,216337,55,,,0
672700,'3_merged_15726440',813,,216341,55,,,0,101,,216350,55,,,0,92,,216353,55,,,0,43,,216361,55,,,0,69,,216355,55,,,0,29,,216368,55,,,0,71,,216344,55,,,0,30,,216371,55,,,0,70,,216357,55,,,0,33,,216358,55,,,0,69,,216359,55,,,0,31,,216345,55,,,0,68,,216343,55,,,0,32,,216367,55,,,0,68,,216369,55,,,0,30,,216372,55,,,0,68,,216360,55,,,0,28,,216365,55,,,0,69,,216366,55,,,0,27,,216363,55,,,0,70,,216342,55,,,0,29,,216354,55,,,0,69,,216351,55,,,0,30,,216352,55,,,0,67,,216348,55,,,0,28,,216349,55,,,0,70,,216370,55,,,0,29,,216356,55,,,0,69,,216362,55,,,0,28,,216346,55,,,0,98,,216347,55,,,0,96,,216364,55,,,0
673000,'101_merged_15726436',1619,,217004,13,,,0
673000,'1_merged_15726439',517,,217024,13,,,0,15,,217025,13,,,0,16,,217026,13,,,0,55,,217027,13,,,0,11,,217071,13,,,0,10,,217028,13,,,0,12,,217029,13,,,0,10,,217030,13,,,0,11,,217031,13,,,0,50,,217032,13,,,0,10,,217033,13,,,0,13,,217034,13,,,0,10,,217070,13,,,0,10,,217035,13,,,0,51,,217036,13,,,0,12,,217037,13,,,0,12,,217038,13,,,0,12,,217039,13,,,0,14,,217040,13,,,0,52,,217041,13,,,0,12,,217042,13,,,0,11,,217043,13,,,0,11,,217069,13,,,0,12,,217044,13,,,0,51,,217045,13,,,0,15,,217046,13,,,0,15,,217047,13,,,0,15,,217048,13,,,0,61,,217049,13,,,0,21,,217050,13,,,0,20,,217051,13,,,0,60,,217052,13,,,0,20,,217053,13,,,0,20,,217054,13,,,0,60,,217055,13,,,0,21,,217056,13,,,0,20,,217057,13,,,0,56,,217058,13,,,0,15,,217059,13,,,0,17,,217060,13,,,0,15,,217061,13,,,0,53,,217062,13,,,0,15,,217063,13,,,0,12,,217064,13,,,0,15,,217065,13,,,0,12,,217066,13,,,0,52,,217067,13,,,0,20,,217068,13,,,0,12,,217005,13,,,0,13,,217006,13,,,0,52,,217007,13,,,0,12,,217008,13,,,0,11,,217009,13,,,0,12,,217010,13,,,0,11,,217011,13,,,0,51,,217012,13,,,0,14,,217013,13,,,0,15,,217014,13,,,0,15,,217015,13,,,0,53,,217016,13,,,0,27,,217017,13,,,0,30,,217018,13,,,0,67,,217019,13,,,0,33,,217020,13,,,0,70,,217021,13,,,0,99,,217022,13,,,0,100,,217023,13,,,0
673000,'201_merged_15726444',1619,,217072,13,,,0
673000,'2_merged_15726441',710,,217100,13,,,0,20,,217088,13,,,0,20,,217090,13,,,0,60,,217110,13,,,0,21,,217087,13,,,0,22,,217099,13,,,0,60,,217111,13,,,0,22,,217086,13,,,0,23,,217098,13,,,0,60,,217112,13,,,0,22,,217085,13,,,0,61,,217102,13,,,0,20,,217097,13,,,0,21,,217084,13,,,0,16,,217117,13,,,0,56,,217103,13,,,0,19,,217073,13,,,0,18,,217104,13,,,0,54,,217118,13,,,0,14,,217083,13,,,0,16,,217096,13,,,0,15,,217082,13,,,0,57,,217119,13,,,0,15,,217105,13,,,0,15,,217095,13,,,0,15,,217081,13,,,0,55,,217106,13,,,0,15,,217113,13,,,0,15,,217094,13,,,0,15,,217080,13,,,0,55,,217107,13,,,0,15,,217093,13,,,0,15,,217114,13,,,0,15,,217079,13,,,0,54,,217109,13,,,0,15,,217092,13,,,0,15,,217115,13,,,0,15,,217108,13,,,0,53,,217120,13,,,0,15,,217078,13,,,0,13,,217091,13,,,0,16,,217077,13,,,0,58,,217116,13,,,0,20,,217089,13,,,0,24,,217076,13,,,0,69,,217101,13,,,0,28,,217075,13,,,0,70,,217074,13,,,0,100,,217121,13,,,0,94,,217122,13,,,0
673000,'3_merged_15726440',813,,217156,13,,,0,18,,217136,13,,,0,20,,217146,13,,,0,62,,217157,13,,,0,22,,217135,13,,,0,23,,217145,13,,,0,63,,217158,13,,,0,22,,217134,13,,,0,61,,217148,13,,,0,21,,217144,13,,,0,20,,217133,13,,,0,60,,217149,13,,,0,20,,217123,13,,,0,20,,217150,13,,,0,62,,217132,13,,,0,21,,217143,13,,,0,20,,217131,13,,,0,60,,217151,13,,,0,19,,217142,13,,,0,15,,217161,13,,,0,15,,217130,13,,,0,55,,217152,13,,,0,15,,217141,13,,,0,15,,217162,13,,,0,15,,217129,13,,,0,55,,217153,13,,,0,12,,217140,13,,,0,17,,217163,13,,,0,15,,217128,13,,,0,55,,217155,13,,,0,14,,217139,13,,,0,15,,217164,13,,,0,15,,217154,13,,,0,55,,217127,13,,,0,13,,217138,13,,,0,18,,217126,13,,,0,59,,217159,13,,,0,20,,217137,13,,,0,20,,217125,13,,,0,19,,217160,13,,,0,60,,217147,13,,,0,20,,217165,13,,,0,20,,217124,13,,,0,99,,217166,13,,,0,98,,217167,13,,,0
