670401,'1_merged_15726439',442,,211265,2,,,0,71,,211263,2,,,0,30,,211261,2,,,0,65,,211252,2,,,0,30,,211255,2,,,0,70,,211297,2,,,0,31,,211296,2,,,0,69,,211294,2,,,0,32,,211293,2,,,0,74,,211291,2,,,0,31,,211289,2,,,0,70,,211287,2,,,0,30,,211285,2,,,0,70,,211276,2,,,0,30,,211274,2,,,0,68,,211273,2,,,0,24,,211271,2,,,0,70,,211269,2,,,0,28,,211259,2,,,0,24,,211257,2,,,0,70,,211323,2,,,0,29,,211325,2,,,0,55,,211253,2,,,0,11,,211322,2,,,0,16,,211284,2,,,0,13,,211250,2,,,0,53,,211282,2,,,0,13,,211281,2,,,0,13,,211280,2,,,0,14,,211251,2,,,0,13,,211279,2,,,0,56,,211278,2,,,0,12,,211324,2,,,0,12,,211316,2,,,0,16,,211249,2,,,0,51,,211315,2,,,0,25,,211313,2,,,0,26,,211311,2,,,0,64,,211309,2,,,0,92,,211306,2,,,0,101,,211304,2,,,0,98,,211302,2,,,0,104,,211300,2,,,0,106,,211298,2,,,0
670401,'2_merged_15726441',506,,211392,2,,,0,33,,211394,2,,,0,77,,211349,2,,,0,127,,211383,2,,,0,84,,211384,2,,,0,30,,211385,2,,,0,66,,211386,2,,,0,24,,211347,2,,,0,64,,211348,2,,,0,26,,211389,2,,,0,69,,211391,2,,,0,27,,211327,2,,,0,69,,211329,2,,,0,30,,211331,2,,,0,70,,211333,2,,,0,30,,211335,2,,,0,70,,211357,2,,,0,30,,211359,2,,,0,69,,211361,2,,,0,31,,211363,2,,,0,71,,211365,2,,,0,31,,211367,2,,,0,71,,211369,2,,,0,35,,211370,2,,,0,73,,211371,2,,,0,30,,211372,2,,,0,70,,211344,2,,,0,30,,211352,2,,,0,15,,211375,2,,,0,97,,211378,2,,,0,90,,211337,2,,,0,103,,211339,2,,,0,107,,211341,2,,,0,98,,211342,2,,,0
670401,'3_merged_15726440',600,,211454,2,,,0,107,,211440,2,,,0,46,,211425,2,,,0,69,,211438,2,,,0,30,,211418,2,,,0,68,,211443,2,,,0,29,,211404,2,,,0,69,,211449,2,,,0,30,,211405,2,,,0,70,,211403,2,,,0,29,,211420,2,,,0,69,,211396,2,,,0,28,,211453,2,,,0,71,,211426,2,,,0,30,,211447,2,,,0,69,,211446,2,,,0,29,,211452,2,,,0,68,,211448,2,,,0,32,,211397,2,,,0,72,,211399,2,,,0,31,,211445,2,,,0,70,,211427,2,,,0,31,,211422,2,,,0,70,,211444,2,,,0,32,,211436,2,,,0,71,,211428,2,,,0,32,,211424,2,,,0,164,,211450,2,,,0,100,,211400,2,,,0,102,,211395,2,,,0
681501,'1803_merged_15726449',1831,,221612,2,,,0,100,,221611,2,,,0,100,,221610,2,,,0,100,,221609,2,,,0
681501,'1_merged_15726439',531,,221615,2,,,0,100,,221614,2,,,0,100,,221613,2,,,0,100,,221616,2,,,0,100,,221630,2,,,0,100,,221629,2,,,0,100,,221628,2,,,0,100,,221627,2,,,0,100,,221626,2,,,0,100,,221625,2,,,0,100,,221624,2,,,0,100,,221623,2,,,0,100,,221622,2,,,0,100,,221621,2,,,0,100,,221620,2,,,0,100,,221619,2,,,0,100,,221618,2,,,0,100,,221617,2,,,0
681501,'2_merged_15726441',831,,221631,2,,,0,100,,221632,2,,,0,100,,221633,2,,,0,100,,221634,2,,,0,100,,221635,2,,,0,100,,221636,2,,,0,100,,221637,2,,,0,100,,221638,2,,,0,100,,221639,2,,,0,100,,221640,2,,,0,100,,221641,2,,,0,100,,221642,2,,,0,100,,221643,2,,,0,100,,221644,2,,,0,100,,221645,2,,,0
681501,'3_merged_15726440',931,,221651,2,,,0,100,,221650,2,,,0,100,,221649,2,,,0,100,,221648,2,,,0,100,,221647,2,,,0,100,,221646,2,,,0,100,,221654,2,,,0,100,,221653,2,,,0,100,,221652,2,,,0
681600,'1_merged_15726439',701,,221669,2,,,0,100,,221668,2,,,0,100,,221667,2,,,0,100,,221666,2,,,0,100,,221665,2,,,0,100,,221664,2,,,0,100,,221663,2,,,0,100,,221662,2,,,0,100,,221660,2,,,0,100,,221659,2,,,0,100,,221658,2,,,0,100,,221657,2,,,0,100,,221656,2,,,0,100,,221655,2,,,0,100,,221661,2,,,0
681600,'2_merged_15726441',901,,221670,2,,,0,100,,221671,2,,,0,100,,221672,2,,,0,100,,221673,2,,,0,100,,221674,2,,,0,100,,221675,2,,,0,100,,221676,2,,,0,100,,221677,2,,,0,100,,221678,2,,,0,100,,221679,2,,,0,100,,221680,2,,,0,100,,221681,2,,,0,100,,221682,2,,,0
681600,'3_merged_15726440',901,,221685,2,,,0,100,,221684,2,,,0,100,,221683,2,,,0,100,,221692,2,,,0,100,,221691,2,,,0,100,,221690,2,,,0,100,,221689,2,,,0,100,,221688,2,,,0,100,,221687,2,,,0,100,,221686,2,,,0
1870501,'1_merged_15726439',535,,227530,11,,,0,11,,227488,11,,,0,55,,227490,11,,,0,15,,227525,11,,,0,17,,227515,11,,,0,21,,227489,11,,,0,60,,227516,11,,,0,20,,227491,11,,,0,21,,227492,11,,,0,61,,227517,11,,,0,20,,227493,11,,,0,20,,227494,11,,,0,60,,227518,11,,,0,20,,227495,11,,,0,20,,227496,11,,,0,60,,227526,11,,,0,20,,227497,11,,,0,64,,227498,11,,,0,30,,227511,11,,,0,70,,227499,11,,,0,30,,227487,11,,,0,70,,227500,11,,,0,30,,227501,11,,,0,70,,227502,11,,,0,17,,227523,11,,,0,17,,227503,11,,,0,20,,227504,11,,,0,56,,227519,11,,,0,17,,227505,11,,,0,17,,227524,11,,,0,57,,227506,11,,,0,17,,227520,11,,,0,21,,227507,11,,,0,61,,227508,11,,,0,20,,227521,11,,,0,22,,227510,11,,,0,61,,227509,11,,,0,20,,227522,11,,,0,21,,227512,11,,,0,61,,227513,11,,,0,23,,227514,11,,,0,29,,227484,11,,,0,70,,227485,11,,,0,30,,227486,11,,,0,96,,227527,11,,,0,100,,227528,11,,,0,100,,227529,11,,,0
1870501,'2_merged_15726441',554,,227531,11,,,0,67,,227535,11,,,0,27,,227536,11,,,0,71,,227537,11,,,0,31,,227538,11,,,0,70,,227539,11,,,0,28,,227540,11,,,0,70,,227541,11,,,0,30,,227542,11,,,0,71,,227543,11,,,0,30,,227544,11,,,0,70,,227545,11,,,0,30,,227546,11,,,0,70,,227547,11,,,0,31,,227548,11,,,0,70,,227549,11,,,0,30,,227550,11,,,0,70,,227551,11,,,0,30,,227552,11,,,0,69,,227553,11,,,0,30,,227554,11,,,0,70,,227555,11,,,0,29,,227556,11,,,0,70,,227557,11,,,0,30,,227558,11,,,0,70,,227559,11,,,0,30,,227560,11,,,0,70,,227561,11,,,0,34,,227562,11,,,0,74,,227563,11,,,0,74,,227564,11,,,0,58,,227532,11,,,0,100,,227533,11,,,0,100,,227534,11,,,0
1870501,'3_merged_15726440',556,,227591,11,,,0,70,,227592,11,,,0,30,,227593,11,,,0,70,,227594,11,,,0,31,,227565,11,,,0,70,,227566,11,,,0,30,,227567,11,,,0,70,,227568,11,,,0,30,,227569,11,,,0,71,,227570,11,,,0,30,,227571,11,,,0,70,,227572,11,,,0,30,,227573,11,,,0,70,,227574,11,,,0,30,,227575,11,,,0,72,,227576,11,,,0,72,,227577,11,,,0,30,,227578,11,,,0,70,,227579,11,,,0,30,,227580,11,,,0,70,,227581,11,,,0,30,,227582,11,,,0,70,,227583,11,,,0,30,,227584,11,,,0,70,,227585,11,,,0,30,,227586,11,,,0,70,,227587,11,,,0,30,,227588,11,,,0,70,,227589,11,,,0,30,,227595,11,,,0,70,,227590,11,,,0,56,,227596,11,,,0,100,,227597,11,,,0,100,,227598,11,,,0
2903801,'1_merged_15726439',447,,229033,2,,,0,9,,229040,2,,,0,50,,229015,2,,,0,19,,229014,2,,,0,18,,229023,2,,,0,16,,229013,2,,,0,57,,229012,2,,,0,16,,229024,2,,,0,12,,229037,2,,,0,11,,229011,2,,,0,52,,229038,2,,,0,15,,229010,2,,,0,16,,229025,2,,,0,17,,229009,2,,,0,55,,229008,2,,,0,16,,229007,2,,,0,16,,229026,2,,,0,16,,229006,2,,,0,54,,229005,2,,,0,14,,229017,2,,,0,15,,229027,2,,,0,15,,229004,2,,,0,55,,229003,2,,,0,15,,229018,2,,,0,15,,229002,2,,,0,16,,229001,2,,,0,60,,229019,2,,,0,20,,229000,2,,,0,20,,228999,2,,,0,60,,229020,2,,,0,20,,228998,2,,,0,20,,228997,2,,,0,60,,229021,2,,,0,20,,228996,2,,,0,20,,228992,2,,,0,60,,228995,2,,,0,17,,229039,2,,,0,16,,229022,2,,,0,55,,228994,2,,,0,15,,228993,2,,,0,15,,229016,2,,,0,15,,229028,2,,,0,55,,228991,2,,,0,16,,228990,2,,,0,15,,229029,2,,,0,15,,228989,2,,,0,55,,229030,2,,,0,15,,228988,2,,,0,15,,228987,2,,,0,20,,228986,2,,,0,60,,228985,2,,,0,20,,229031,2,,,0,18,,228984,2,,,0,61,,228983,2,,,0,21,,229032,2,,,0,20,,228982,2,,,0,59,,228981,2,,,0,33,,228980,2,,,0,74,,228979,2,,,0,100,,229034,2,,,0,100,,229035,2,,,0,100,,229036,2,,,0
2903801,'2_merged_15726441',640,,229086,2,,,0,61,,229082,2,,,0,21,,229058,2,,,0,20,,229068,2,,,0,59,,229059,2,,,0,19,,229060,2,,,0,20,,229069,2,,,0,60,,229070,2,,,0,20,,229061,2,,,0,20,,229071,2,,,0,61,,229062,2,,,0,20,,229063,2,,,0,20,,229072,2,,,0,60,,229064,2,,,0,20,,229065,2,,,0,20,,229073,2,,,0,60,,229066,2,,,0,20,,229056,2,,,0,20,,229081,2,,,0,60,,229067,2,,,0,20,,229041,2,,,0,20,,229074,2,,,0,60,,229042,2,,,0,20,,229043,2,,,0,20,,229075,2,,,0,59,,229044,2,,,0,20,,229045,2,,,0,21,,229076,2,,,0,61,,229046,2,,,0,20,,229047,2,,,0,20,,229077,2,,,0,60,,229048,2,,,0,20,,229057,2,,,0,20,,229078,2,,,0,60,,229049,2,,,0,20,,229050,2,,,0,20,,229079,2,,,0,60,,229051,2,,,0,20,,229052,2,,,0,20,,229080,2,,,0,59,,229053,2,,,0,20,,229054,2,,,0,29,,229055,2,,,0,100,,229083,2,,,0,100,,229084,2,,,0,100,,229085,2,,,0
2903801,'3_merged_15726440',700,,229088,2,,,0,30,,229089,2,,,0,70,,229090,2,,,0,30,,229091,2,,,0,70,,229092,2,,,0,30,,229093,2,,,0,70,,229094,2,,,0,30,,229095,2,,,0,71,,229096,2,,,0,30,,229097,2,,,0,70,,229098,2,,,0,30,,229099,2,,,0,70,,229100,2,,,0,30,,229101,2,,,0,70,,229102,2,,,0,30,,229103,2,,,0,26,,229104,2,,,0,60,,229116,2,,,0,20,,229105,2,,,0,20,,229117,2,,,0,60,,229106,2,,,0,20,,229107,2,,,0,20,,229118,2,,,0,60,,229108,2,,,0,20,,229109,2,,,0,20,,229119,2,,,0,60,,229110,2,,,0,20,,229111,2,,,0,70,,229112,2,,,0,30,,229113,2,,,0,69,,229114,2,,,0,30,,229115,2,,,0,70,,229087,2,,,0,99,,229120,2,,,0,99,,229121,2,,,0
3404500,'101_merged_15726436',815,,235393,2,0,101 102,0
3404500,'1_merged_15726439',606,,235411,2,,,0,100,,235409,2,,,0,100,,235408,2,,,0,100,,235407,2,,,0,100,,235406,2,,,0,100,,235405,2,,,0,100,,235404,2,,,0,100,,235403,2,,,0,100,,235402,2,,,0,103,,235401,2,,,0,97,,235400,2,,,0,100,,235399,2,,,0,100,,235398,2,,,0,100,,235397,2,,,0,100,,235396,2,,,0,100,,235395,2,,,0,100,,235394,2,,,0,100,,235410,2,,,0
3404500,'2_merged_15726441',706,,235412,2,,,0,100,,235413,2,,,0,100,,235414,2,,,0,100,,235415,2,,,0,100,,235416,2,,,0,100,,235417,2,,,0,100,,235418,2,,,0,100,,235419,2,,,0,100,,235420,2,,,0,100,,235421,2,,,0,100,,235422,2,,,0,100,,235423,2,,,0,100,,235424,2,,,0,100,,235425,2,,,0,100,,235426,2,,,0,100,,235427,2,,,0,100,,235428,2,,,0
3404500,'3_merged_15726440',806,,235443,2,,,0,100,,235442,2,,,0,100,,235441,2,,,0,100,,235440,2,,,0,100,,235439,2,,,0,100,,235438,2,,,0,100,,235437,2,,,0,100,,235436,2,,,0,100,,235435,2,,,0,100,,235434,2,,,0,100,,235433,2,,,0,100,,235432,2,,,0,100,,235431,2,,,0,100,,235430,2,,,0,100,,235429,2,,,0,100,,235444,2,,,0
