672201,'1_merged_15727750',453,,215041,29,,,0,60,,215042,29,,,0,18,,215043,29,,,0,72,,215045,29,,,0,15,,215046,29,,,0,16,,215047,29,,,0,15,,215048,29,,,0,54,,215049,29,,,0,19,,215050,29,,,0,16,,215051,29,,,0,17,,215052,29,,,0,55,,215053,29,,,0,16,,215054,29,,,0,14,,215055,29,,,0,17,,215056,29,,,0,56,,215057,29,,,0,13,,215058,29,,,0,15,,215059,29,,,0,13,,215060,29,,,0,55,,215061,29,,,0,15,,215062,29,,,0,15,,215063,29,,,0,18,,215064,29,,,0,54,,215065,29,,,0,15,,215066,29,,,0,15,,215067,29,,,0,15,,215068,29,,,0,55,,215069,29,,,0,15,,215070,29,,,0,15,,215071,29,,,0,15,,215072,29,,,0,55,,215073,29,,,0,15,,215074,29,,,0,15,,215075,29,,,0,15,,215076,29,,,0,55,,215077,29,,,0,18,,215078,29,,,0,13,,215079,29,,,0,16,,215080,29,,,0,55,,215081,29,,,0,14,,215082,29,,,0,18,,215083,29,,,0,55,,215084,29,,,0,15,,215085,29,,,0,16,,215086,29,,,0,15,,215087,29,,,0,55,,215088,29,,,0,15,,215089,29,,,0,15,,215090,29,,,0,15,,215091,29,,,0,55,,215092,29,,,0,15,,215093,29,,,0,16,,215094,29,,,0,15,,215095,29,,,0,54,,215096,29,,,0,15,,215097,29,,,0,14,,215098,29,,,0,15,,215099,29,,,0,68,,215101,29,,,0,33,,215103,29,,,0,70,,215104,29,,,0,32,,215105,29,,,0,70,,215106,29,,,0,28,,215107,29,,,0,71,,215108,29,,,0,97,,215110,29,,,0,196,,215112,29,,,0
672201,'2_merged_15727752',554,,215144,29,,,0,70,,215143,29,,,0,31,,215131,29,,,0,70,,215141,29,,,0,21,,215177,29,,,0,62,,215119,29,,,0,17,,215126,29,,,0,17,,215156,29,,,0,16,,215176,29,,,0,55,,215120,29,,,0,14,,215142,29,,,0,15,,215145,29,,,0,16,,215175,29,,,0,55,,215152,29,,,0,15,,215153,29,,,0,15,,215154,29,,,0,15,,215174,29,,,0,55,,215151,29,,,0,17,,215150,29,,,0,15,,215139,29,,,0,55,,215173,29,,,0,16,,215136,29,,,0,16,,215134,29,,,0,15,,215135,29,,,0,54,,215172,29,,,0,15,,215160,29,,,0,15,,215114,29,,,0,14,,215124,29,,,0,55,,215171,29,,,0,15,,215128,29,,,0,15,,215123,29,,,0,15,,215130,29,,,0,55,,215170,29,,,0,15,,215138,29,,,0,15,,215155,29,,,0,14,,215158,29,,,0,15,,215169,29,,,0,55,,215159,29,,,0,15,,215161,29,,,0,15,,215162,29,,,0,14,,215168,29,,,0,55,,215163,29,,,0,15,,215137,29,,,0,14,,215157,29,,,0,14,,215167,29,,,0,55,,215140,29,,,0,16,,215149,29,,,0,15,,215117,29,,,0,74,,215118,29,,,0,20,,215129,29,,,0,20,,215165,29,,,0,62,,215132,29,,,0,20,,215125,29,,,0,21,,215164,29,,,0,61,,215127,29,,,0,19,,215121,29,,,0,72,,215122,29,,,0,31,,215116,29,,,0,68,,215146,29,,,0,97,,215147,29,,,0,99,,215148,29,,,0,101,,215115,29,,,0
672201,'3_merged_15727751',600,,215201,29,,,0,30,,215202,29,,,0,70,,215206,29,,,0,30,,215200,29,,,0,70,,215205,29,,,0,32,,215203,29,,,0,22,,215178,29,,,0,59,,215214,29,,,0,21,,215204,29,,,0,20,,215179,29,,,0,60,,215213,29,,,0,20,,215221,29,,,0,21,,215180,29,,,0,60,,215219,29,,,0,21,,215227,29,,,0,64,,215181,29,,,0,20,,215217,29,,,0,20,,215216,29,,,0,60,,215182,29,,,0,20,,215215,29,,,0,21,,215229,29,,,0,60,,215183,29,,,0,20,,215199,29,,,0,22,,215192,29,,,0,58,,215184,29,,,0,20,,215193,29,,,0,20,,215210,29,,,0,60,,215185,29,,,0,20,,215194,29,,,0,20,,215212,29,,,0,60,,215186,29,,,0,20,,215209,29,,,0,20,,215196,29,,,0,60,,215187,29,,,0,20,,215211,29,,,0,18,,215220,29,,,0,20,,215188,29,,,0,60,,215191,29,,,0,20,,215228,29,,,0,20,,215189,29,,,0,60,,215208,29,,,0,19,,215197,29,,,0,80,,215195,29,,,0,28,,215198,29,,,0,70,,215225,29,,,0,29,,215222,29,,,0,71,,215226,29,,,0,99,,215207,29,,,0,99,,215224,29,,,0,99,,215223,29,,,0
672301,'1_merged_15727750',549,,215357,35,,,0,71,,215358,35,,,0,14,,215359,35,,,0,15,,215360,35,,,0,57,,215361,35,,,0,14,,215362,35,,,0,15,,215363,35,,,0,17,,215364,35,,,0,56,,215365,35,,,0,16,,215366,35,,,0,16,,215367,35,,,0,15,,215368,35,,,0,55,,215369,35,,,0,15,,215370,35,,,0,15,,215371,35,,,0,15,,215372,35,,,0,59,,215373,35,,,0,23,,215374,35,,,0,67,,215375,35,,,0,29,,215376,35,,,0,71,,215377,35,,,0,30,,215378,35,,,0,70,,215379,35,,,0,29,,215380,35,,,0,26,,215381,35,,,0,71,,215382,35,,,0,21,,215383,35,,,0,62,,215384,35,,,0,19,,215385,35,,,0,21,,215386,35,,,0,55,,215387,35,,,0,13,,215388,35,,,0,15,,215389,35,,,0,15,,215390,35,,,0,55,,215391,35,,,0,16,,215392,35,,,0,15,,215393,35,,,0,15,,215394,35,,,0,54,,215395,35,,,0,14,,215396,35,,,0,14,,215397,35,,,0,70,,215399,35,,,0,15,,215400,35,,,0,13,,215401,35,,,0,15,,215402,35,,,0,58,,215411,35,,,0,30,,215403,35,,,0,70,,215410,35,,,0,29,,215404,35,,,0,70,,215409,35,,,0,32,,215405,35,,,0,110,,215406,35,,,0,108,,215407,35,,,0,152,,215408,35,,,0
672301,'2_merged_15727752',620,,215430,35,,,0,215,,215418,35,,,0,1003,,215442,35,,,0,70,,215438,35,,,0,30,,215412,35,,,0,318,,215427,35,,,0,96,,215443,35,,,0
672301,'3_merged_15727751',710,,215470,35,,,0,100,,215471,35,,,0,29,,215472,35,,,0,68,,215469,35,,,0,31,,215468,35,,,0,70,,215477,35,,,0,34,,215467,35,,,0,801,,215458,35,,,0,70,,215459,35,,,0,30,,215460,35,,,0,70,,215462,35,,,0,30,,215463,35,,,0,69,,215456,35,,,0,30,,215455,35,,,0,70,,215475,35,,,0,29,,215447,35,,,0,70,,215446,35,,,0,29,,215476,35,,,0,95,,215478,35,,,0
672701,'1_merged_15727750',714,,216374,59,,,0,837,,216375,61,,,0,302,,216391,59,,,0,48,,216392,59,,,0,47,,216394,55,,,0,167,,216398,55,,,0,134,,216401,55,,,0
672701,'2_merged_15727752',735,,216450,55,,,0,172,,216453,55,,,0,31,,216430,55,,,0,70,,216432,55,,,0,31,,216421,55,,,0,73,,216441,55,,,0,33,,216452,55,,,0,69,,216443,55,,,0,30,,216444,55,,,0,71,,216445,55,,,0,30,,216446,55,,,0,70,,216454,55,,,0,31,,216449,55,,,0,70,,216423,55,,,0,33,,216424,55,,,0,68,,216437,55,,,0,31,,216435,55,,,0,68,,216436,55,,,0,32,,216438,55,,,0,67,,216439,55,,,0,200,,216420,55,,,0,31,,216427,55,,,0,69,,216422,55,,,0,25,,216434,55,,,0,70,,216428,55,,,0,221,,216447,55,,,0
672701,'3_merged_15727751',1103,,216475,55,,,0,33,,216472,55,,,0,72,,216458,55,,,0,26,,216468,55,,,0,69,,216467,55,,,0,32,,216470,55,,,0,71,,216469,55,,,0,29,,216455,55,,,0,69,,216471,55,,,0,32,,216473,55,,,0,69,,216462,55,,,0,32,,216461,55,,,0,71,,216474,55,,,0,29,,216477,55,,,0,74,,216465,55,,,0
682801,'101_merged_15727747',1534,,223544,28,0,32,0
682801,'1101_merged_15727765',2059,,223545,40,,,0
682801,'1201_merged_15727743',2059,,223548,40,,,0,146,,223547,40,,,0,107,,223546,40,,,0
682801,'1_merged_15727750',912,,223564,40,,,0,40,,223565,40,,,0,80,,223562,40,,,0,78,,223563,40,,,0,40,,223561,40,,,0,80,,223549,40,,,0,80,,223566,40,,,0,42,,223560,40,,,0,80,,223559,40,,,0,80,,223558,40,,,0,42,,223557,40,,,0,82,,223556,40,,,0,77,,223555,40,,,0,39,,223554,40,,,0,76,,223553,40,,,0,80,,223552,40,,,0,39,,223551,40,,,0,82,,223550,40,,,0
682801,'2_merged_15727752',941,,223578,40,,,0,81,,223577,40,,,0,80,,223576,40,,,0,42,,223575,40,,,0,79,,223574,40,,,0,80,,223573,40,,,0,40,,223572,40,,,0,80,,223571,40,,,0,80,,223570,40,,,0,40,,223569,40,,,0,79,,223568,40,,,0,80,,223567,40,,,0,39,,223586,40,,,0,80,,223585,40,,,0,80,,223584,40,,,0,31,,223583,40,,,0,104,,223582,40,,,0,107,,223581,40,,,0,107,,223580,40,,,0,104,,223579,40,,,0
682801,'3_merged_15727751',1137,,223587,40,,,0,80,,223599,40,,,0,41,,223598,40,,,0,80,,223597,40,,,0,80,,223596,40,,,0,37,,223595,40,,,0,82,,223594,40,,,0,80,,223593,40,,,0,40,,223592,40,,,0,80,,223591,40,,,0,80,,223590,40,,,0,40,,223589,40,,,0,80,,223588,40,,,0
