671201,'101_merged_15727747',1520,,213656,41,,,0,5,,213657,28,,,0,115,,213658,41,,,0,80,,213655,46,,,0
671201,'1_merged_15727750',458,,213706,45,,,0,60,,213707,45,,,0,19,,213738,45,,,0,12,,213717,45,,,0,10,,213739,45,,,0,49,,213734,45,,,0,12,,213725,45,,,0,9,,213735,46,,,0,6,,213713,45,,,0,6,,213726,45,,,0,13,,213756,46,,,0,5,,213736,14,,,0,50,,213758,45,,,0,7,,213681,46,,,0,5,,213746,14,,,0,7,,213682,46,,,0,6,,213664,46,,,0,6,,213683,14,,,0,6,,213759,46,,,0,10,,213727,46,,,0,47,,213684,14,,,0,7,,213757,46,,,0,8,,213760,46,,,0,7,,213762,14,,,0,8,,213685,46,,,0,7,,213680,46,,,0,5,,213761,14,,,0,9,,213737,46,,,0,52,,213686,46,,,0,12,,213724,46,,,0,14,,213659,46,,,0,14,,213718,46,,,0,13,,213668,46,,,0,55,,213709,46,,,0,15,,213669,46,,,0,15,,213728,46,,,0,15,,213670,46,,,0,55,,213675,46,,,0,15,,213671,46,,,0,15,,213660,46,,,0,56,,213672,46,,,0,15,,213710,46,,,0,15,,213673,46,,,0,15,,213661,46,,,0,56,,213674,46,,,0,15,,213711,46,,,0,16,,213676,46,,,0,15,,213662,46,,,0,55,,213677,46,,,0,15,,213712,46,,,0,17,,213678,46,,,0,15,,213663,46,,,0,57,,213679,46,,,0,15,,213714,46,,,0,10,,213755,46,,,0,11,,213715,46,,,0,9,,213747,45,,,0,49,,213692,46,,,0,9,,213748,46,,,0,9,,213693,45,,,0,8,,213705,46,,,0,8,,213730,46,,,0,10,,213732,46,,,0,10,,213694,46,,,0,48,,213667,46,,,0,7,,213695,46,,,0,18,,213700,45,,,0,7,,213733,46,,,0,8,,213701,46,,,0,7,,213665,46,,,0,7,,213702,46,,,0,47,,213697,46,,,0,7,,213696,46,,,0,9,,213716,45,,,0,7,,213703,46,,,0,11,,213699,46,,,0,10,,213698,46,,,0,7,,213708,46,,,0,50,,213704,46,,,0,10,,213666,46,,,0,8,,213749,46,,,0,10,,213731,46,,,0,11,,213719,46,,,0,11,,213729,46,,,0,52,,213720,46,,,0,11,,213750,46,,,0,12,,213721,46,,,0,12,,213740,46,,,0,14,,213722,46,,,0,56,,213741,46,,,0,16,,213751,46,,,0,15,,213742,46,,,0,14,,213723,46,,,0,56,,213743,46,,,0,15,,213752,46,,,0,15,,213744,46,,,0,12,,213687,46,,,0,55,,213688,46,,,0,15,,213753,46,,,0,15,,213745,46,,,0,16,,213689,46,,,0,60,,213690,46,,,0,20,,213754,46,,,0,20,,213691,46,,,0
671201,'201_merged_15727755',1720,,213763,45,,,0
671201,'2_merged_15727752',647,,213772,45,,,0,60,,213835,45,,,0,20,,213771,45,,,0,20,,213832,45,,,0,57,,213770,46,,,0,14,,213836,45,,,0,16,,213783,46,,,0,15,,213812,46,,,0,55,,213813,46,,,0,15,,213814,46,,,0,15,,213815,46,,,0,16,,213816,46,,,0,55,,213817,46,,,0,15,,213818,46,,,0,15,,213819,46,,,0,15,,213820,46,,,0,55,,213821,46,,,0,17,,213822,46,,,0,15,,213823,46,,,0,16,,213824,46,,,0,56,,213825,46,,,0,17,,213826,46,,,0,16,,213827,46,,,0,16,,213828,46,,,0,55,,213829,46,,,0,16,,213830,46,,,0,15,,213831,46,,,0,15,,213782,46,,,0,55,,213786,46,,,0,16,,213809,46,,,0,15,,213796,46,,,0,55,,213764,46,,,0,15,,213781,46,,,0,15,,213810,46,,,0,15,,213797,46,,,0,55,,213780,45,,,0,15,,213779,46,,,0,15,,213811,46,,,0,13,,213798,46,,,0,13,,213778,46,,,0,52,,213777,46,,,0,12,,213776,46,,,0,11,,213775,46,,,0,12,,213833,46,,,0,9,,213799,46,,,0,50,,213774,46,,,0,10,,213807,46,,,0,9,,213834,46,,,0,10,,213773,46,,,0,10,,213769,46,,,0,9,,213800,46,,,0,50,,213768,46,,,0,11,,213808,46,,,0,11,,213784,46,,,0,12,,213785,46,,,0,13,,213801,46,,,0,55,,213795,46,,,0,14,,213787,46,,,0,14,,213767,46,,,0,13,,213802,46,,,0,13,,213788,46,,,0,53,,213803,46,,,0,21,,213789,46,,,0,21,,213790,46,,,0,61,,213804,46,,,0,20,,213791,46,,,0,18,,213792,46,,,0,61,,213805,46,,,0,21,,213793,46,,,0,16,,213794,46,,,0,60,,213806,46,,,0,25,,213766,46,,,0,68,,213765,46,,,0
671201,'3_merged_15727751',815,,213841,45,,,0,20,,213840,45,,,0,15,,213842,45,,,0,55,,213843,45,,,0,15,,213844,45,,,0,15,,213845,45,,,0,17,,213846,46,,,0,55,,213847,46,,,0,16,,213848,46,,,0,15,,213849,46,,,0,15,,213850,46,,,0,55,,213851,46,,,0,16,,213852,46,,,0,15,,213853,46,,,0,17,,213854,46,,,0,55,,213855,46,,,0,15,,213856,46,,,0,15,,213857,46,,,0,15,,213858,46,,,0,55,,213859,46,,,0,17,,213860,46,,,0,15,,213861,46,,,0,15,,213862,46,,,0,55,,213863,46,,,0,15,,213864,46,,,0,15,,213865,46,,,0,16,,213866,46,,,0,55,,213867,46,,,0,14,,213868,46,,,0,15,,213869,46,,,0,15,,213870,46,,,0,55,,213871,46,,,0,14,,213872,46,,,0,14,,213873,46,,,0,10,,213874,46,,,0,52,,213903,46,,,0,12,,213875,45,,,0,12,,213876,46,,,0,9,,213877,46,,,0,14,,213837,46,,,0,54,,213878,46,,,0,13,,213879,46,,,0,9,,213880,46,,,0,13,,213881,46,,,0,11,,213882,46,,,0,52,,213883,46,,,0,13,,213884,46,,,0,11,,213885,46,,,0,12,,213886,46,,,0,12,,213887,46,,,0,55,,213839,46,,,0,14,,213888,46,,,0,15,,213889,46,,,0,15,,213890,46,,,0,56,,213891,46,,,0,16,,213892,46,,,0,16,,213893,46,,,0,14,,213894,46,,,0,55,,213895,46,,,0,15,,213896,46,,,0,14,,213897,46,,,0,11,,213898,46,,,0,54,,213899,46,,,0,14,,213900,46,,,0,15,,213901,46,,,0,17,,213838,46,,,0,75,,213902,46,,,0
681800,'101_merged_15727747',742,,222001,18,,,0
681800,'1_merged_15727750',553,,222035,18,,,0,70,,222030,18,,,0,20,,222031,18,,,0,60,,222032,18,,,0,20,,222033,18,,,0,21,,222034,18,,,0,73,,222002,18,,,0,16,,222003,18,,,0,70,,222004,18,,,0,30,,222005,18,,,0,70,,222006,18,,,0,31,,222007,18,,,0,70,,222008,18,,,0,30,,222009,18,,,0,70,,222010,18,,,0,31,,222011,18,,,0,70,,222012,18,,,0,29,,222013,18,,,0,70,,222014,18,,,0,30,,222015,18,,,0,70,,222016,18,,,0,22,,222017,18,,,0,75,,222018,18,,,0,33,,222019,18,,,0,70,,222020,18,,,0,31,,222021,18,,,0,70,,222022,18,,,0,24,,222023,18,,,0,29,,222024,18,,,0,70,,222025,18,,,0,100,,222026,18,,,0,94,,222027,18,,,0,102,,222028,18,,,0,107,,222029,18,,,0
681800,'2_merged_15727752',628,,222063,18,,,0,100,,222064,18,,,0,100,,222047,18,,,0,30,,222052,18,,,0,70,,222046,18,,,0,30,,222053,18,,,0,70,,222045,18,,,0,30,,222054,18,,,0,70,,222044,18,,,0,30,,222055,18,,,0,70,,222043,18,,,0,30,,222056,18,,,0,70,,222042,18,,,0,30,,222057,18,,,0,70,,222041,18,,,0,30,,222058,18,,,0,70,,222040,18,,,0,30,,222059,18,,,0,70,,222039,18,,,0,30,,222060,18,,,0,70,,222038,18,,,0,30,,222061,18,,,0,67,,222037,18,,,0,32,,222062,18,,,0,66,,222036,18,,,0,101,,222051,18,,,0,100,,222050,18,,,0,99,,222049,18,,,0,100,,222048,18,,,0,100,,222065,18,,,0
681800,'3_merged_15727751',727,,222084,18,,,0,100,,222085,18,,,0,100,,222076,18,,,0,101,,222075,18,,,0,100,,222074,18,,,0,100,,222073,18,,,0,30,,222079,18,,,0,70,,222072,18,,,0,30,,222080,18,,,0,70,,222071,18,,,0,30,,222081,18,,,0,69,,222070,18,,,0,30,,222082,18,,,0,70,,222066,18,,,0,30,,222083,18,,,0,70,,222069,18,,,0,100,,222068,18,,,0,100,,222067,18,,,0,100,,222078,18,,,0,100,,222077,18,,,0,100,,222086,18,,,0,100,,222087,18,,,0
681901,'101_merged_15727747',808,,222351,14,,,0,695,,222352,14,,,0
681901,'1_merged_15727750',508,,222355,31,,,0,15,,222356,31,,,0,8,,222412,17,,,0,7,,222357,31,,,0,8,,222413,17,,,0,7,,222358,31,,,0,48,,222414,17,,,0,7,,222359,31,,,0,8,,222415,17,,,0,7,,222360,31,,,0,8,,222416,17,,,0,5,,222361,31,,,0,10,,222417,17,,,0,8,,222362,31,,,0,47,,222418,17,,,0,6,,222363,31,,,0,6,,222419,17,,,0,6,,222364,31,,,0,6,,222425,17,,,0,6,,222426,31,,,0,6,,222420,17,,,0,10,,222365,31,,,0,2,,222421,17,,,0,8,,222366,31,,,0,44,,222422,17,,,0,8,,222427,31,,,0,5,,222367,17,,,0,10,,222423,31,,,0,5,,222428,17,,,0,10,,222368,31,,,0,5,,222429,17,,,0,10,,222424,31,,,0,5,,222430,17,,,0,50,,222369,31,,,0,13,,222370,31,,,0,20,,222371,31,,,0,60,,222372,31,,,0,20,,222373,31,,,0,18,,222374,31,,,0,63,,222375,31,,,0,18,,222376,31,,,0,23,,222377,31,,,0,56,,222378,31,,,0,20,,222379,31,,,0,20,,222380,31,,,0,60,,222381,31,,,0,20,,222382,31,,,0,20,,222383,31,,,0,60,,222384,31,,,0,22,,222385,31,,,0,20,,222386,31,,,0,60,,222387,31,,,0,11,,222388,31,,,0,29,,222389,31,,,0,61,,222390,31,,,0,9,,222391,31,,,0,12,,222392,31,,,0,15,,222393,31,,,0,15,,222394,31,,,0,55,,222395,31,,,0,15,,222396,31,,,0,14,,222397,31,,,0,14,,222398,31,,,0,55,,222399,31,,,0,10,,222400,31,,,0,20,,222401,31,,,0,16,,222402,31,,,0,54,,222403,31,,,0,15,,222404,31,,,0,14,,222405,31,,,0,12,,222406,31,,,0,53,,222407,31,,,0,18,,222408,31,,,0,19,,222409,31,,,0,62,,222410,31,,,0,27,,222411,31,,,0,105,,222353,31,,,0,101,,222354,31,,,0
681901,'2_merged_15727752',657,,222482,31,,,0,80,,222483,31,,,0,100,,222484,31,,,0,100,,222431,31,,,0,20,,222432,31,,,0,60,,222433,31,,,0,20,,222434,31,,,0,20,,222435,31,,,0,60,,222436,31,,,0,15,,222437,31,,,0,15,,222438,31,,,0,60,,222439,31,,,0,20,,222440,31,,,0,15,,222441,31,,,0,15,,222442,31,,,0,55,,222443,31,,,0,15,,222444,31,,,0,17,,222445,31,,,0,56,,222446,31,,,0,15,,222447,31,,,0,15,,222448,31,,,0,15,,222449,31,,,0,55,,222450,31,,,0,15,,222451,31,,,0,15,,222452,31,,,0,14,,222453,31,,,0,14,,222454,31,,,0,55,,222455,31,,,0,15,,222456,31,,,0,15,,222457,31,,,0,15,,222458,31,,,0,55,,222459,31,,,0,15,,222460,31,,,0,15,,222461,31,,,0,15,,222462,31,,,0,55,,222463,31,,,0,15,,222464,31,,,0,15,,222465,31,,,0,15,,222466,31,,,0,55,,222467,31,,,0,15,,222468,31,,,0,15,,222469,31,,,0,15,,222470,31,,,0,55,,222471,31,,,0,15,,222472,31,,,0,20,,222473,31,,,0,60,,222474,31,,,0,19,,222475,31,,,0,19,,222476,31,,,0,63,,222477,31,,,0,27,,222478,31,,,0,70,,222479,31,,,0,30,,222480,31,,,0,70,,222481,31,,,0
681901,'3_merged_15727751',731,,222531,31,,,0,101,,222529,31,,,0,100,,222510,31,,,0,20,,222518,31,,,0,60,,222485,31,,,0,20,,222486,31,,,0,21,,222519,31,,,0,61,,222487,31,,,0,20,,222488,31,,,0,19,,222520,31,,,0,61,,222489,31,,,0,23,,222490,31,,,0,20,,222521,31,,,0,60,,222491,31,,,0,22,,222492,31,,,0,62,,222522,31,,,0,20,,222493,31,,,0,21,,222494,31,,,0,58,,222523,31,,,0,21,,222495,31,,,0,20,,222496,31,,,0,60,,222524,31,,,0,20,,222497,31,,,0,19,,222511,31,,,0,19,,222498,31,,,0,60,,222499,31,,,0,21,,222512,31,,,0,15,,222525,31,,,0,55,,222500,31,,,0,15,,222513,31,,,0,15,,222526,31,,,0,14,,222501,31,,,0,55,,222502,31,,,0,15,,222514,31,,,0,14,,222527,31,,,0,15,,222503,31,,,0,55,,222504,31,,,0,15,,222515,31,,,0,15,,222528,31,,,0,15,,222505,31,,,0,54,,222506,31,,,0,18,,222516,31,,,0,20,,222507,31,,,0,60,,222508,31,,,0,19,,222517,31,,,0,21,,222509,31,,,0,99,,222530,31,,,0
