673900,'101_merged_15726436',832,,218123,38,,,0,716,,218124,38,,,0
673900,'1_merged_15726439',848,,218132,38,,,0
681401,'1803_merged_15726449',2042,,221465,39,,,0,100,,221466,39,,,0,100,,221467,39,,,0,100,,221468,39,,,0
681401,'1_merged_15726439',606,,221469,39,,,0,123,,221470,39,,,0,80,,221471,39,,,0,20,,221472,39,,,0,20,,221473,39,,,0,60,,221474,39,,,0,20,,221475,39,,,0,20,,221476,39,,,0,60,,221477,39,,,0,20,,221478,39,,,0,20,,221502,39,,,0,60,,221479,39,,,0,20,,221480,39,,,0,20,,221503,39,,,0,60,,221481,39,,,0,20,,221482,39,,,0,20,,221504,39,,,0,60,,221483,39,,,0,20,,221484,39,,,0,20,,221505,39,,,0,60,,221485,39,,,0,20,,221486,39,,,0,20,,221506,39,,,0,60,,221487,39,,,0,20,,221488,39,,,0,20,,221507,39,,,0,60,,221489,39,,,0,20,,221490,39,,,0,20,,221508,39,,,0,60,,221491,39,,,0,20,,221492,39,,,0,20,,221509,39,,,0,60,,221493,39,,,0,20,,221494,39,,,0,20,,221510,39,,,0,60,,221495,39,,,0,40,,221496,39,,,0,100,,221497,39,,,0,100,,221498,39,,,0,100,,221499,39,,,0,100,,221500,39,,,0,100,,221501,39,,,0
681401,'2_merged_15726441',919,,221511,39,,,0,20,,221512,39,,,0,20,,221513,39,,,0,60,,221514,39,,,0,20,,221515,39,,,0,20,,221516,39,,,0,60,,221517,39,,,0,20,,221518,39,,,0,20,,221519,39,,,0,60,,221520,39,,,0,20,,221521,39,,,0,20,,221522,39,,,0,60,,221523,39,,,0,20,,221524,39,,,0,20,,221525,39,,,0,60,,221526,39,,,0,20,,221527,39,,,0,20,,221528,39,,,0,60,,221529,39,,,0,20,,221530,39,,,0,20,,221531,39,,,0,60,,221532,39,,,0,20,,221533,39,,,0,20,,221534,39,,,0,60,,221535,39,,,0,20,,221536,39,,,0,68,,221537,39,,,0,32,,221538,39,,,0,70,,221539,39,,,0,30,,221540,39,,,0,100,,221541,39,,,0,100,,221542,39,,,0,100,,221543,39,,,0,100,,221544,39,,,0,103,,221545,39,,,0
681401,'3_merged_15726440',942,,221546,39,,,0,100,,221547,39,,,0,100,,221548,39,,,0,100,,221549,39,,,0,100,,221550,39,,,0,100,,221551,39,,,0,100,,221552,39,,,0,100,,221553,39,,,0,100,,221554,39,,,0,100,,221555,39,,,0,100,,221556,39,,,0
3182000,'1803_merged_15726449',1807,,233525,20,,,0,100,,233526,20,,,0,95,,233527,20,,,0,100,,233528,20,,,0
3182000,'1_merged_15726439',708,,233560,20,,,0,29,,233559,20,,,0,72,,233558,20,,,0,28,,233557,20,,,0,70,,233556,20,,,0,30,,233555,20,,,0,70,,233554,20,,,0,30,,233553,20,,,0,70,,233552,20,,,0,30,,233551,20,,,0,70,,233550,20,,,0,30,,233549,20,,,0,70,,233548,20,,,0,30,,233547,20,,,0,70,,233546,20,,,0,20,,233561,20,,,0,20,,233545,20,,,0,60,,233544,20,,,0,30,,233543,20,,,0,70,,233542,20,,,0,30,,233541,20,,,0,70,,233540,20,,,0,30,,233539,20,,,0,70,,233538,20,,,0,30,,233537,20,,,0,70,,233536,20,,,0,30,,233535,20,,,0,70,,233534,20,,,0,30,,233533,20,,,0,70,,233532,20,,,0,30,,233531,20,,,0,70,,233530,20,,,0,40,,233529,20,,,0
3182000,'2_merged_15726441',807,,233562,20,,,0,30,,233563,20,,,0,70,,233564,20,,,0,30,,233565,20,,,0,70,,233566,20,,,0,30,,233567,20,,,0,70,,233568,20,,,0,30,,233569,20,,,0,70,,233570,20,,,0,30,,233571,20,,,0,70,,233572,20,,,0,30,,233573,20,,,0,70,,233574,20,,,0,30,,233575,20,,,0,70,,233576,20,,,0,30,,233577,20,,,0,70,,233578,20,,,0,30,,233579,20,,,0,70,,233580,20,,,0,30,,233581,20,,,0,70,,233582,20,,,0,30,,233583,20,,,0,70,,233584,20,,,0,30,,233585,20,,,0,70,,233586,20,,,0,30,,233587,20,,,0,70,,233588,20,,,0,30,,233589,20,,,0
3182000,'32603_merged_15726431',1807,,233590,20,,,0,100,,233591,20,,,0,95,,233592,20,,,0,100,,233593,20,,,0
3182000,'3_merged_15726440',907,,233594,20,,,0,30,,233595,20,,,0,70,,233596,20,,,0,30,,233597,20,,,0,70,,233598,20,,,0,30,,233599,20,,,0,70,,233600,20,,,0,30,,233601,20,,,0,70,,233602,20,,,0,30,,233603,20,,,0,70,,233604,20,,,0,30,,233605,20,,,0,70,,233606,20,,,0,30,,233607,20,,,0,70,,233608,20,,,0,30,,233609,20,,,0,70,,233610,20,,,0,30,,233611,20,,,0,100,,233612,20,,,0,95,,233613,20,,,0,100,,233614,20,,,0,100,,233615,20,,,0
