664600,'101_merged_15727747',814,,199368,47,,,0
664600,'1_merged_15727750',607,,199389,21,,,0,9,,199375,47,,,0,31,,199374,47,,,0,70,,199404,47,,,0,20,,199403,47,,,0,63,,199399,47,,,0,20,,199402,47,,,0,22,,199386,47,,,0,59,,199371,47,,,0,25,,199370,47,,,0,20,,199388,47,,,0,60,,199411,47,,,0,29,,199410,47,,,0,70,,199409,47,,,0,30,,199378,47,,,0,70,,199382,47,,,0,30,,199381,47,,,0,71,,199380,47,,,0,30,,199391,47,,,0,71,,199405,47,,,0,31,,199414,47,,,0,79,,199396,47,,,0,27,,199395,47,,,0,71,,199392,47,,,0,21,,199400,47,,,0,21,,199372,47,,,0,60,,199412,47,,,0,18,,199397,47,,,0,19,,199390,47,,,0,60,,199394,47,,,0,16,,199373,47,,,0,15,,199383,47,,,0,60,,199387,47,,,0,24,,199398,47,,,0,30,,199408,47,,,0,68,,199369,47,,,0,30,,199377,47,,,0,70,,199376,47,,,0,27,,199406,47,,,0,70,,199379,47,,,0,23,,199407,47,,,0,70,,199385,47,,,0,35,,199393,47,,,0,71,,199384,47,,,0,77,,199401,47,,,0,46,,199413,47,,,0
664600,'2_merged_15727752',638,,199449,47,,,0,70,,199419,47,,,0,30,,199428,47,,,0,72,,199446,47,,,0,31,,199447,47,,,0,79,,199435,47,,,0,36,,199415,47,,,0,74,,199439,47,,,0,71,,199427,47,,,0,31,,199450,47,,,0,72,,199429,47,,,0,30,,199430,47,,,0,70,,199422,47,,,0,31,,199431,47,,,0,72,,199432,47,,,0,30,,199433,47,,,0,66,,199416,47,,,0,30,,199444,47,,,0,69,,199436,47,,,0,30,,199437,47,,,0,71,,199438,47,,,0,28,,199417,47,,,0,69,,199420,47,,,0,31,,199421,47,,,0,70,,199448,47,,,0,30,,199440,47,,,0,28,,199441,47,,,0,71,,199418,47,,,0,71,,199442,47,,,0,31,,199423,47,,,0,68,,199424,47,,,0,23,,199426,47,,,0,29,,199425,47,,,0,70,,199443,47,,,0,86,,199445,47,,,0,100,,199434,47,,,0
664600,'3_merged_15727751',811,,199469,47,,,0,31,,199464,47,,,0,71,,199481,47,,,0,31,,199452,47,,,0,70,,199453,47,,,0,31,,199468,47,,,0,71,,199455,47,,,0,30,,199456,47,,,0,72,,199457,47,,,0,30,,199459,47,,,0,70,,199458,47,,,0,30,,199472,47,,,0,71,,199476,47,,,0,29,,199460,47,,,0,70,,199461,47,,,0,31,,199462,47,,,0,71,,199465,47,,,0,30,,199473,47,,,0,70,,199483,47,,,0,30,,199474,47,,,0,69,,199454,47,,,0,28,,199466,47,,,0,70,,199467,47,,,0,30,,199471,47,,,0,69,,199470,47,,,0,29,,199451,47,,,0,68,,199475,47,,,0,29,,199477,47,,,0,70,,199478,47,,,0,29,,199479,47,,,0,70,,199482,47,,,0,100,,199480,47,,,0,99,,199463,47,,,0
666401,'1_merged_15727750',619,,204003,48,,,0,30,,204004,48,,,0,69,,203986,48,,,0,34,,204019,48,,,0,75,,203987,48,,,0,28,,203988,48,,,0,73,,203989,48,,,0,25,,203990,48,,,0,65,,203992,48,,,0,32,,203993,48,,,0,72,,203994,48,,,0,31,,203995,48,,,0,71,,203997,48,,,0,30,,203996,48,,,0,66,,203991,48,,,0,31,,203998,48,,,0,75,,203999,48,,,0,30,,204005,48,,,0,72,,204006,48,,,0,30,,204009,48,,,0,70,,204007,48,,,0,30,,204008,48,,,0,70,,204000,48,,,0,29,,204010,48,,,0,68,,204011,48,,,0,32,,204012,48,,,0,73,,204013,48,,,0,71,,204014,48,,,0,31,,204015,48,,,0,24,,204016,48,,,0,86,,204022,48,,,0,80,,204001,48,,,0,80,,204021,48,,,0,39,,204002,48,,,0,80,,204017,48,,,0,80,,204020,48,,,0,40,,204018,48,,,0
666401,'2_merged_15727752',553,,204023,48,,,0,70,,204024,48,,,0,30,,204025,48,,,0,70,,204026,48,,,0,33,,204027,48,,,0,70,,204028,48,,,0,33,,204029,48,,,0,72,,204030,48,,,0,71,,204031,48,,,0,30,,204032,48,,,0,70,,204033,48,,,0,30,,204034,48,,,0,69,,204035,48,,,0,31,,204036,48,,,0,69,,204037,48,,,0,34,,204038,48,,,0,70,,204039,48,,,0,30,,204040,48,,,0,70,,204041,48,,,0,30,,204042,48,,,0,70,,204043,48,,,0,31,,204044,48,,,0,70,,204045,48,,,0,28,,204046,48,,,0,70,,204047,48,,,0,30,,204048,48,,,0,69,,204049,48,,,0,29,,204050,48,,,0,68,,204051,48,,,0,29,,204052,48,,,0,30,,204053,48,,,0,100,,204054,48,,,0,97,,204055,48,,,0,100,,204056,48,,,0,185,,204057,48,,,0
666401,'3_merged_15727751',700,,204065,48,,,0,102,,204066,48,,,0,101,,204067,48,,,0,45,,204068,48,,,0,102,,204069,48,,,0,100,,204070,48,,,0,69,,204083,48,,,0,33,,204071,48,,,0,69,,204077,48,,,0,31,,204072,48,,,0,71,,204078,48,,,0,29,,204073,48,,,0,66,,204079,48,,,0,34,,204074,48,,,0,68,,204080,48,,,0,32,,204064,48,,,0,68,,204081,48,,,0,32,,204075,48,,,0,69,,204082,48,,,0,31,,204076,48,,,0,99,,204061,48,,,0,98,,204058,48,,,0,97,,204063,48,,,0,101,,204059,48,,,0,175,,204060,48,,,0,124,,204062,48,,,0
684101,'1_merged_15727750',354,,224000,31,,,0,69,,223999,31,,,0,12,,223998,31,,,0,2006,,224002,31,,,0,70,,223996,31,,,0,35,,223995,31,,,0,70,,223994,31,,,0,30,,223997,31,,,0,75,,224001,31,,,0
684101,'2_merged_15727752',349,,224003,31,,,0,72,,224008,31,,,0,32,,224009,31,,,0,68,,224010,31,,,0,28,,224007,31,,,0,1890,,224012,31,,,0,75,,224004,31,,,0,37,,224011,31,,,0,61,,224005,31,,,0,29,,224006,31,,,0,78,,224013,31,,,0
684101,'3_merged_15727751',353,,224022,31,,,0,70,,224024,31,,,0,28,,224021,31,,,0,70,,224020,31,,,0,15,,224027,31,,,0,15,,224017,31,,,0,53,,224028,31,,,0,15,,224019,31,,,0,1793,,224025,31,,,0,32,,224026,31,,,0,70,,224014,31,,,0,27,,224015,31,,,0,70,,224016,31,,,0,38,,224018,31,,,0,70,,224023,31,,,0
3004301,'101_merged_15727747',1543,,230418,25,,,0
3004301,'1_merged_15727750',501,,230461,30,,,0,21,,230460,30,,,0,19,,230459,30,,,0,61,,230458,30,,,0,18,,230473,30,,,0,18,,230472,30,,,0,14,,230471,30,,,0,54,,230470,30,,,0,18,,230469,30,,,0,18,,230468,30,,,0,15,,230467,30,,,0,56,,230466,30,,,0,16,,230465,30,,,0,17,,230464,30,,,0,13,,230463,30,,,0,57,,230462,30,,,0,17,,230439,30,,,0,13,,230438,30,,,0,56,,230483,30,,,0,19,,230437,30,,,0,13,,230482,30,,,0,15,,230436,30,,,0,55,,230481,30,,,0,15,,230435,30,,,0,15,,230480,30,,,0,15,,230434,30,,,0,55,,230479,30,,,0,15,,230433,30,,,0,15,,230478,30,,,0,15,,230420,30,,,0,55,,230477,30,,,0,15,,230432,30,,,0,15,,230476,30,,,0,15,,230431,30,,,0,55,,230475,30,,,0,15,,230457,30,,,0,15,,230474,30,,,0,24,,230456,30,,,0,67,,230455,30,,,0,23,,230454,30,,,0,11,,230453,30,,,0,54,,230452,30,,,0,16,,230451,30,,,0,16,,230450,30,,,0,59,,230449,30,,,0,11,,230448,30,,,0,14,,230447,30,,,0,19,,230446,30,,,0,10,,230445,30,,,0,59,,230444,30,,,0,11,,230443,30,,,0,15,,230442,30,,,0,16,,230441,30,,,0,53,,230440,30,,,0,12,,230430,30,,,0,19,,230429,30,,,0,60,,230484,30,,,0,20,,230428,30,,,0,20,,230427,30,,,0,59,,230485,30,,,0,20,,230426,30,,,0,30,,230425,30,,,0,68,,230419,30,,,0,30,,230424,30,,,0,69,,230423,30,,,0,30,,230422,30,,,0,71,,230421,30,,,0
3004301,'2_merged_15727752',626,,230487,30,,,0,30,,230518,30,,,0,70,,230517,30,,,0,30,,230516,30,,,0,71,,230515,30,,,0,31,,230514,30,,,0,70,,230513,30,,,0,30,,230512,30,,,0,72,,230511,30,,,0,18,,230510,30,,,0,60,,230520,30,,,0,21,,230509,30,,,0,19,,230508,30,,,0,60,,230521,30,,,0,20,,230507,30,,,0,20,,230506,30,,,0,60,,230522,30,,,0,20,,230505,30,,,0,20,,230504,30,,,0,60,,230523,30,,,0,21,,230503,30,,,0,20,,230502,30,,,0,61,,230524,30,,,0,20,,230501,30,,,0,20,,230500,30,,,0,58,,230525,30,,,0,20,,230499,30,,,0,20,,230498,30,,,0,60,,230526,30,,,0,15,,230486,30,,,0,25,,230497,30,,,0,59,,230527,30,,,0,14,,230496,30,,,0,36,,230495,30,,,0,65,,230494,30,,,0,36,,230493,30,,,0,69,,230492,30,,,0,30,,230491,30,,,0,70,,230490,30,,,0,30,,230519,30,,,0,69,,230489,30,,,0,32,,230528,30,,,0,68,,230488,30,,,0
3004301,'3_merged_15727751',726,,230555,30,,,0,30,,230554,30,,,0,71,,230553,30,,,0,30,,230552,30,,,0,69,,230551,30,,,0,31,,230550,30,,,0,71,,230549,30,,,0,20,,230556,30,,,0,60,,230548,30,,,0,24,,230547,30,,,0,17,,230557,30,,,0,55,,230546,30,,,0,22,,230545,30,,,0,20,,230558,30,,,0,61,,230544,30,,,0,20,,230543,30,,,0,20,,230559,30,,,0,60,,230542,30,,,0,18,,230541,30,,,0,20,,230560,30,,,0,59,,230540,30,,,0,20,,230539,30,,,0,20,,230561,30,,,0,61,,230537,30,,,0,20,,230536,30,,,0,20,,230562,30,,,0,59,,230535,30,,,0,20,,230534,30,,,0,25,,230563,30,,,0,59,,230533,30,,,0,30,,230532,30,,,0,70,,230566,30,,,0,29,,230567,30,,,0,76,,230538,30,,,0,22,,230531,30,,,0,20,,230530,30,,,0,78,,230529,30,,,0,70,,230564,30,,,0,30,,230569,30,,,0,70,,230568,30,,,0,30,,230565,30,,,0
