672200,'101_merged_15727747',1503,,214857,3,,,0,42,,214856,3,,,0
672200,'1_merged_15727750',441,,214921,3,,,0,61,,214922,3,,,0,18,,214923,3,,,0,11,,214924,3,,,0,11,,214925,3,,,0,17,,214926,3,,,0,55,,214858,3,,,0,15,,214859,3,,,0,15,,214860,3,,,0,14,,214861,3,,,0,55,,214862,3,,,0,10,,214863,3,,,0,16,,214864,3,,,0,15,,214865,3,,,0,54,,214866,3,,,0,15,,214867,3,,,0,17,,214868,3,,,0,15,,214869,3,,,0,56,,214870,3,,,0,15,,214871,3,,,0,15,,214872,3,,,0,15,,214873,3,,,0,55,,214874,3,,,0,15,,214875,3,,,0,15,,214876,3,,,0,15,,214877,3,,,0,55,,214878,3,,,0,15,,214879,3,,,0,15,,214880,3,,,0,15,,214881,3,,,0,55,,214882,3,,,0,15,,214883,3,,,0,15,,214884,3,,,0,15,,214885,3,,,0,56,,214886,3,,,0,15,,214887,3,,,0,13,,214888,3,,,0,15,,214889,3,,,0,55,,214890,3,,,0,15,,214891,3,,,0,14,,214892,3,,,0,13,,214893,3,,,0,56,,214894,3,,,0,15,,214895,3,,,0,34,,214896,3,,,0,55,,214897,3,,,0,16,,214898,3,,,0,14,,214899,3,,,0,15,,214900,3,,,0,56,,214901,3,,,0,15,,214902,3,,,0,18,,214903,3,,,0,55,,214904,3,,,0,15,,214905,3,,,0,15,,214906,3,,,0,16,,214907,3,,,0,55,,214908,3,,,0,16,,214909,3,,,0,17,,214910,3,,,0,20,,214911,3,,,0,70,,214912,3,,,0,30,,214913,3,,,0,70,,214914,3,,,0,33,,214915,3,,,0,71,,214916,3,,,0,27,,214917,3,,,0,69,,214918,3,,,0,102,,214919,3,,,0,100,,214920,3,,,0
672200,'201_merged_15727755',1545,,214927,3,,,0
672200,'2_merged_15727752',502,,214937,3,,,0,33,,214988,3,,,0,68,,214982,3,,,0,30,,214989,3,,,0,70,,214951,3,,,0,18,,214973,3,,,0,20,,214978,3,,,0,60,,214939,3,,,0,18,,214945,3,,,0,15,,214977,3,,,0,15,,214954,3,,,0,54,,214936,3,,,0,15,,214985,3,,,0,15,,214976,3,,,0,14,,214972,3,,,0,55,,214967,3,,,0,14,,214947,3,,,0,15,,214935,3,,,0,14,,214938,3,,,0,55,,214957,3,,,0,15,,214958,3,,,0,15,,214934,3,,,0,15,,214959,3,,,0,55,,214981,3,,,0,14,,214956,3,,,0,15,,214933,3,,,0,15,,214970,3,,,0,15,,214952,3,,,0,55,,214987,3,,,0,15,,214932,3,,,0,15,,214979,3,,,0,15,,214940,3,,,0,53,,214941,3,,,0,15,,214931,3,,,0,15,,214942,3,,,0,15,,214943,3,,,0,56,,214963,3,,,0,15,,214930,3,,,0,15,,214944,3,,,0,15,,214984,3,,,0,55,,214955,3,,,0,15,,214929,3,,,0,16,,214961,3,,,0,15,,214962,3,,,0,55,,214968,3,,,0,15,,214928,3,,,0,17,,214969,3,,,0,59,,214964,3,,,0,21,,214946,3,,,0,20,,214971,3,,,0,60,,214975,3,,,0,22,,214948,3,,,0,21,,214949,3,,,0,60,,214974,3,,,0,20,,214950,3,,,0,20,,214980,3,,,0,70,,214960,3,,,0,32,,214983,3,,,0,73,,214953,3,,,0,100,,214965,3,,,0,102,,214986,3,,,0,99,,214966,3,,,0
672200,'3_merged_15727751',511,,215013,3,,,0,30,,215001,3,,,0,70,,215012,3,,,0,30,,215000,3,,,0,70,,215011,3,,,0,27,,215010,3,,,0,65,,215040,3,,,0,19,,215028,3,,,0,21,,215033,3,,,0,60,,214990,3,,,0,20,,215018,3,,,0,20,,215030,3,,,0,60,,214991,3,,,0,21,,215029,3,,,0,19,,215008,3,,,0,60,,214992,3,,,0,20,,215026,3,,,0,21,,215036,3,,,0,58,,214993,3,,,0,20,,215025,3,,,0,21,,215024,3,,,0,63,,214994,3,,,0,20,,215023,3,,,0,18,,215022,3,,,0,60,,214995,3,,,0,20,,215021,3,,,0,20,,215020,3,,,0,60,,214996,3,,,0,20,,215009,3,,,0,22,,215019,3,,,0,59,,214997,3,,,0,20,,215017,3,,,0,20,,215016,3,,,0,60,,214998,3,,,0,22,,215015,3,,,0,20,,215027,3,,,0,61,,214999,3,,,0,20,,215006,3,,,0,20,,215007,3,,,0,60,,215038,3,,,0,20,,215005,3,,,0,21,,215004,3,,,0,60,,215039,3,,,0,20,,215002,3,,,0,30,,215031,3,,,0,70,,215035,3,,,0,29,,215037,3,,,0,70,,215003,3,,,0,99,,215014,3,,,0,100,,215032,3,,,0,100,,215034,3,,,0
672301,'1_merged_15727750',547,,215357,31,,,0,71,,215358,31,,,0,14,,215359,31,,,0,15,,215360,31,,,0,57,,215361,31,,,0,14,,215362,31,,,0,15,,215363,31,,,0,17,,215364,31,,,0,55,,215365,31,,,0,16,,215366,31,,,0,16,,215367,31,,,0,15,,215368,31,,,0,55,,215369,31,,,0,15,,215370,31,,,0,15,,215371,31,,,0,15,,215372,31,,,0,59,,215373,31,,,0,23,,215374,31,,,0,67,,215375,31,,,0,29,,215376,31,,,0,71,,215377,31,,,0,30,,215378,31,,,0,70,,215379,31,,,0,29,,215380,31,,,0,26,,215381,31,,,0,71,,215382,31,,,0,21,,215383,31,,,0,62,,215384,31,,,0,19,,215385,31,,,0,21,,215386,31,,,0,55,,215387,31,,,0,13,,215388,31,,,0,15,,215389,31,,,0,15,,215390,31,,,0,55,,215391,31,,,0,16,,215392,31,,,0,15,,215393,31,,,0,15,,215394,31,,,0,54,,215395,31,,,0,14,,215396,31,,,0,14,,215397,31,,,0,70,,215399,31,,,0,15,,215400,31,,,0,13,,215401,31,,,0,15,,215402,31,,,0,58,,215411,31,,,0,30,,215403,31,,,0,70,,215410,31,,,0,30,,215404,31,,,0,70,,215409,31,,,0,32,,215405,31,,,0,110,,215406,31,,,0,108,,215407,31,,,0,152,,215408,31,,,0
672301,'2_merged_15727752',618,,215430,31,,,0,215,,215418,31,,,0,1002,,215442,31,,,0,70,,215438,31,,,0,30,,215412,31,,,0,319,,215427,31,,,0,96,,215443,31,,,0
672301,'3_merged_15727751',708,,215470,31,,,0,100,,215471,31,,,0,29,,215472,31,,,0,68,,215469,31,,,0,31,,215468,31,,,0,70,,215477,31,,,0,33,,215467,31,,,0,801,,215458,31,,,0,70,,215459,31,,,0,30,,215460,31,,,0,70,,215462,31,,,0,30,,215463,31,,,0,70,,215456,31,,,0,30,,215455,31,,,0,70,,215475,31,,,0,29,,215447,31,,,0,70,,215446,31,,,0,29,,215476,31,,,0,95,,215478,31,,,0
682801,'101_merged_15727747',1531,,223544,24,0,32,0
682801,'1101_merged_15727765',2057,,223545,36,,,0
682801,'1201_merged_15727743',2057,,223548,36,,,0,146,,223547,36,,,0,107,,223546,36,,,0
682801,'1_merged_15727750',910,,223564,36,,,0,40,,223565,36,,,0,80,,223562,36,,,0,78,,223563,36,,,0,40,,223561,36,,,0,80,,223549,36,,,0,80,,223566,36,,,0,42,,223560,36,,,0,80,,223559,36,,,0,80,,223558,36,,,0,41,,223557,36,,,0,82,,223556,36,,,0,78,,223555,36,,,0,39,,223554,36,,,0,76,,223553,36,,,0,80,,223552,36,,,0,39,,223551,36,,,0,82,,223550,36,,,0
682801,'2_merged_15727752',939,,223578,36,,,0,81,,223577,36,,,0,80,,223576,36,,,0,41,,223575,36,,,0,79,,223574,36,,,0,80,,223573,36,,,0,40,,223572,36,,,0,80,,223571,36,,,0,80,,223570,36,,,0,40,,223569,36,,,0,80,,223568,36,,,0,80,,223567,36,,,0,39,,223586,36,,,0,80,,223585,36,,,0,40,,223584,36,,,0,71,,223583,36,,,0,104,,223582,36,,,0,107,,223581,36,,,0,107,,223580,36,,,0,104,,223579,36,,,0
682801,'3_merged_15727751',1135,,223587,36,,,0,80,,223599,36,,,0,41,,223598,36,,,0,80,,223597,36,,,0,80,,223596,36,,,0,37,,223595,36,,,0,82,,223594,36,,,0,80,,223593,36,,,0,40,,223592,36,,,0,80,,223591,36,,,0,80,,223590,36,,,0,40,,223589,36,,,0,80,,223588,36,,,0
