670501,'1_merged_15726439',512,,211792,38,0,76 77 89,0,24,,211785,38,0,76 77 89,0,14,,211769,38,0,76 77 57,0,7,,211793,38,0,76 77 89,0,53,,211875,38,0,76 77 57,0,10,,211772,38,0,76 77 57,0,8,,211791,38,0,76 77 89,0,10,,211794,38,0,76 77 89,0,12,,211771,38,0,76 77 57,0,50,,211876,38,0,76 77 57,0,9,,211879,38,0,76 77 57,0,6,,211822,44,0,76 77 89,0,13,,211774,44,0,76 77 57,0,9,,211783,44,0,76 77 57,0,9,,211795,44,0,76 77 57,0,9,,211878,44,0,76 77 57,0,50,,211796,44,0,76 77 57,0,10,,211828,44,0,76 77 57,0,10,,211829,44,0,76 77 57,0,10,,211797,44,0,76 77 57,0,10,,211831,44,0,76 77 57,0,10,,211798,44,0,76 77 57,0,50,,211830,44,0,76 77 57,0,10,,211799,44,0,76 77 57,0,9,,211800,44,0,76 77 57,0,10,,211832,44,0,76 77 57,0,10,,211838,44,0,76 77 57,0,10,,211801,44,0,76 77 57,0,50,,211839,38,0,76 77 57,0,10,,211840,38,0,76 77 57,0,10,,211841,38,0,76 77 57,0,10,,211842,38,0,76 77 57,0,10,,211843,38,0,76 77 57,0,10,,211844,38,0,76 77 57,0,50,,211845,38,0,76 77 57,0,10,,211846,38,0,76 77 57,0,11,,211847,38,0,76 77 57,0,10,,211848,38,0,76 77 57,0,10,,211849,38,0,76 77 57,0,10,,211850,38,0,76 77 57,0,50,,211851,38,0,76 77 57,0,10,,211852,38,0,76 77 57,0,10,,211853,38,0,76 77 57,0,10,,211854,38,0,76 77 57,0,10,,211855,38,0,76 77 57,0,11,,211856,38,0,76 77 57,0,50,,211857,38,0,76 77 57,0,10,,211858,38,0,76 77 57,0,11,,211859,38,0,76 77 57,0,10,,211860,38,0,76 77 57,0,10,,211861,38,0,76 77 57,0,10,,211862,38,0,76 77 57,0,50,,211863,38,0,76 77 57,0,10,,211864,38,0,76 77 57,0,11,,211865,38,0,76 77 57,0,10,,211866,38,0,76 77 57,0,10,,211867,38,0,76 77 57,0,11,,211868,38,0,76 77 57,0,50,,211869,38,0,76 77 57,0,10,,211870,38,0,76 77 57,0,11,,211871,38,0,76 77 57,0,10,,211823,38,0,76 77 57,0,10,,211802,38,0,76 77 57,0,50,,211833,38,0,76 77 57,0,10,,211803,38,0,76 77 57,0,10,,211804,44,0,76 77 57,0,11,,211805,44,0,76 77 57,0,10,,211824,44,0,76 77 57,0,10,,211806,44,0,76 77 57,0,50,,211834,44,0,76 77 57,0,10,,211807,44,0,76 77 57,0,9,,211808,44,0,76 77 57,0,7,,211880,44,0,76 77 57,0,7,,211825,44,0,76 77 57,0,7,,211809,44,0,76 77 57,0,7,,211881,44,0,76 77 57,0,7,,211810,44,0,76 77 57,0,45,,211835,44,0,76 77 57,0,9,,211811,44,0,76 77 57,0,6,,211882,44,0,76 77 57,0,7,,211812,44,0,76 77 57,0,5,,211883,44,0,76 77 57,0,6,,211813,44,0,76 77 57,0,6,,211826,44,0,76 77 57,0,7,,211884,44,0,76 77 57,0,9,,211814,44,0,76 77 57,0,47,,211815,44,0,76 77 57,0,8,,211885,44,0,76 77 57,0,10,,211816,44,0,76 77 57,0,9,,211817,44,0,76 77 57,0,9,,211818,44,0,76 77 57,0,7,,211886,44,0,76 77 57,0,8,,211776,44,0,76 77 57,0,49,,211872,38,0,76 77 57,0,9,,211820,38,0,76 77 57,0,11,,211781,38,0,76 77 57,0,12,,211777,38,0,76 77 57,0,11,,211782,38,0,76 77 57,0,10,,211821,38,0,76 77 89,0,52,,211778,38,0,76 77 57,0,13,,211784,38,0,76 77 89,0,12,,211873,38,0,76 77 57,0,12,,211779,38,0,76 77 89,0,12,,211827,38,0,76 77 57,0,51,,211773,38,0,76 77 89,0,13,,211874,38,0,76 77 57,0,15,,211780,38,0,76 77 57,0,14,,211770,38,0,76 77 89,0,55,,211877,38,0,76 77 89,0,15,,211768,38,0,76 77 57,0,15,,211836,38,0,76 77 57,0,19,,211819,38,0,76 77 89,0,60,,211837,38,0,76 77 89,0,20,,211775,38,0,76 77 57,0,20,,211786,38,0,76 77 57,0,60,,211787,38,0,76 77 89,0,30,,211788,38,0,76 77 57,0,89,,211789,38,0,76 77 57,0
670501,'2_merged_15726441',543,,211889,19,0,76 77 57,0,11,,211937,19,0,76 77 89,0,55,,211901,19,0,76 77 57,0,13,,211927,38,0,76 77 57,0,10,,211939,19,0,76 77 57,0,10,,211947,19,0,76 77 57,0,8,,211888,38,0,76 77 89,0,50,,211936,38,0,76 77 89,0,12,,211925,38,0,76 77 57,0,11,,211902,38,0,76 77 57,0,11,,211941,38,0,76 77 57,0,9,,211924,38,0,76 77 89,0,14,,211948,38,0,76 77 57,0,51,,211900,38,0,76 77 57,0,11,,211942,38,0,76 77 57,0,8,,211923,38,0,76 77 89,0,14,,211904,38,0,76 77 57,0,12,,211926,38,0,76 77 57,0,52,,211903,38,0,76 77 57,0,12,,211943,38,0,76 77 57,0,12,,211928,38,0,76 77 57,0,12,,211908,38,0,76 77 57,0,12,,211930,38,0,76 77 57,0,52,,211891,38,0,76 77 57,0,12,,211944,38,0,76 77 57,0,12,,211897,38,0,76 77 57,0,12,,211887,38,0,76 77 57,0,12,,211921,38,0,76 77 57,0,52,,211909,38,0,76 77 57,0,12,,211945,38,0,76 77 57,0,12,,211931,38,0,76 77 57,0,12,,211896,38,0,76 77 57,0,12,,211954,38,0,76 77 57,0,51,,211955,38,0,76 77 57,0,10,,211956,38,0,76 77 57,0,10,,211957,38,0,76 77 57,0,10,,211958,38,0,76 77 57,0,10,,211959,38,0,76 77 57,0,10,,211960,38,0,76 77 57,0,50,,211961,38,0,76 77 57,0,9,,211962,38,0,76 77 57,0,9,,211963,38,0,76 77 57,0,9,,211964,38,0,76 77 57,0,10,,211965,38,0,76 77 57,0,10,,211966,38,0,76 77 57,0,50,,211967,38,0,76 77 57,0,10,,211968,38,0,76 77 57,0,10,,211969,38,0,76 77 57,0,10,,211970,38,0,76 77 57,0,10,,211971,38,0,76 77 57,0,10,,211972,38,0,76 77 57,0,50,,211973,38,0,76 77 57,0,10,,211974,38,0,76 77 57,0,10,,211975,38,0,76 77 57,0,10,,211976,38,0,76 77 57,0,10,,211977,38,0,76 77 57,0,10,,211978,38,0,76 77 57,0,50,,211979,38,0,76 77 57,0,10,,211980,38,0,76 77 57,0,10,,211981,38,0,76 77 57,0,10,,211982,38,0,76 77 57,0,10,,211983,38,0,76 77 57,0,11,,211984,38,0,76 77 57,0,50,,211985,38,0,76 77 57,0,10,,211986,38,0,76 77 57,0,10,,211987,38,0,76 77 57,0,9,,211988,38,0,76 77 57,0,10,,211989,38,0,76 77 57,0,10,,211990,38,0,76 77 57,0,49,,211915,38,0,76 77 57,0,10,,211905,38,0,76 77 57,0,10,,211991,38,0,76 77 57,0,10,,211949,38,0,76 77 57,0,10,,211932,38,0,76 77 57,0,11,,211919,38,0,76 77 57,0,49,,211992,38,0,76 77 57,0,10,,211899,38,0,76 77 57,0,10,,211933,38,0,76 77 57,0,10,,211907,38,0,76 77 57,0,9,,211950,38,0,76 77 89,0,11,,211934,38,0,76 77 57,0,50,,211922,38,0,76 77 57,0,10,,211993,38,0,76 77 57,0,10,,211898,38,0,76 77 57,0,9,,211951,38,0,76 77 57,0,9,,211911,38,0,76 77 89,0,12,,211918,38,0,76 77 57,0,52,,211910,38,0,76 77 57,0,13,,211892,38,0,76 77 57,0,12,,211952,38,0,76 77 89,0,11,,211890,38,0,76 77 57,0,12,,211935,38,0,76 77 57,0,52,,211913,38,0,76 77 57,0,13,,211929,38,0,76 77 57,0,12,,211912,38,0,76 77 57,0,13,,211953,38,0,76 77 57,0,13,,211994,38,0,76 77 57,0,53,,211895,38,0,76 77 57,0,13,,211914,38,0,76 77 89,0,13,,211916,38,0,76 77 57,0,20,,211938,38,0,76 77 57,0,62,,211917,38,0,76 77 57,0,22,,211920,38,0,76 77 57,0,23,,211940,38,0,76 77 57,0,62,,211906,38,0,76 77 89,0,107,,211894,38,0,76 77 57,0
670501,'3_merged_15726440',541,,212033,38,0,76 77 57,0,62,,212011,38,0,76 77 57,0,16,,212034,38,0,76 77 57,0,16,,212073,38,0,76 77 57,0,15,,212003,38,0,76 77 57,0,55,,212009,38,0,76 77 57,0,15,,212035,38,0,76 77 57,0,15,,212013,38,0,76 77 57,0,15,,212001,38,0,76 77 57,0,52,,212008,38,0,76 77 57,0,11,,212002,45,0,76 77 57,0,10,,212007,38,0,76 77 89,0,15,,212006,38,0,76 77 57,0,13,,212081,38,0,76 77 57,0,53,,212005,38,0,76 77 57,0,11,,211999,38,0,76 77 89,0,18,,211998,38,0,76 77 57,0,15,,212012,38,0,76 77 57,0,55,,212023,38,0,76 77 57,0,15,,212022,38,0,76 77 57,0,16,,212021,38,0,76 77 57,0,15,,212020,38,0,76 77 57,0,55,,212032,38,0,76 77 57,0,16,,212031,38,0,76 77 57,0,15,,212030,38,0,76 77 57,0,15,,212029,38,0,76 77 57,0,55,,212028,38,0,76 77 57,0,15,,212027,38,0,76 77 57,0,15,,212026,38,0,76 77 57,0,12,,212025,38,0,76 77 57,0,12,,212074,38,0,76 77 57,0,52,,212024,38,0,76 77 57,0,12,,212016,38,0,76 77 57,0,13,,212015,38,0,76 77 57,0,13,,212068,38,0,76 77 57,0,52,,212014,38,0,76 77 57,0,12,,212036,38,0,76 77 57,0,12,,212037,38,0,76 77 57,0,12,,212038,38,0,76 77 57,0,12,,212069,38,0,76 77 57,0,52,,212039,38,0,76 77 57,0,12,,212040,38,0,76 77 57,0,12,,212041,38,0,76 77 57,0,10,,212042,38,0,76 77 57,0,10,,212070,38,0,76 77 57,0,10,,212043,38,0,76 77 57,0,50,,212044,38,0,76 77 57,0,10,,212082,38,0,76 77 57,0,10,,212045,38,0,76 77 57,0,10,,212046,38,0,76 77 57,0,10,,212071,38,0,76 77 57,0,10,,212083,38,0,76 77 57,0,50,,212047,38,0,76 77 57,0,10,,212048,38,0,76 77 57,0,10,,212049,38,0,76 77 57,0,12,,212050,38,0,76 77 57,0,12,,212075,38,0,76 77 57,0,52,,212051,38,0,76 77 57,0,12,,212052,38,0,76 77 57,0,11,,212053,38,0,76 77 57,0,12,,212054,38,0,76 77 57,0,12,,212076,38,0,76 77 57,0,52,,212055,38,0,76 77 57,0,12,,212056,38,0,76 77 57,0,12,,212057,38,0,76 77 57,0,12,,212077,38,0,76 77 57,0,9,,212058,38,0,76 77 89,0,13,,212059,38,0,76 77 57,0,51,,212060,38,0,76 77 57,0,10,,212061,38,0,76 77 57,0,10,,212084,38,0,76 77 57,0,7,,212062,38,0,76 77 89,0,14,,212063,38,0,76 77 57,0,50,,212064,38,0,76 77 57,0,11,,212079,38,0,76 77 57,0,12,,212065,38,0,76 77 57,0,15,,212066,38,0,76 77 57,0,15,,212067,38,0,76 77 57,0,52,,212019,38,0,76 77 89,0,17,,212004,38,0,76 77 57,0,15,,212018,38,0,76 77 57,0,14,,212072,38,0,76 77 89,0,57,,212017,38,0,76 77 57,0,15,,212078,38,0,76 77 57,0,16,,211997,38,0,76 77 57,0,20,,212080,38,0,76 77 89,0,64,,211996,38,0,76 77 57,0,24,,211995,38,0,76 77 57,0,76,,212000,38,0,76 77 57,0
671501,'1_merged_15726439',546,,214515,7,,,0,62,,214516,7,,,0,17,,214517,7,,,0,10,,214518,7,,,0,10,,214519,7,,,0,13,,214520,7,,,0,50,,214521,7,,,0,11,,214522,7,,,0,10,,214523,7,,,0,12,,214524,7,,,0,10,,214525,7,,,0,50,,214526,7,,,0,13,,214527,7,,,0,12,,214528,7,,,0,12,,214529,7,,,0,13,,214530,7,,,0,51,,214531,7,,,0,13,,214532,7,,,0,13,,214533,7,,,0,15,,214534,7,,,0,15,,214535,7,,,0,55,,214536,7,,,0,15,,214537,7,,,0,17,,214538,7,,,0,55,,214539,7,,,0,15,,214540,7,,,0,15,,214541,7,,,0,18,,214542,7,,,0,56,,214543,7,,,0,14,,214544,7,,,0,14,,214545,7,,,0,15,,214546,7,,,0,55,,214547,7,,,0,15,,214548,7,,,0,15,,214549,7,,,0,15,,214550,7,,,0,55,,214551,7,,,0,16,,214552,7,,,0,10,,214553,7,,,0,12,,214554,7,,,0,10,,214555,7,,,0,52,,214556,7,,,0,14,,214557,7,,,0,12,,214558,7,,,0,12,,214559,7,,,0,16,,214560,7,,,0,53,,214561,7,,,0,12,,214562,7,,,0,12,,214563,7,,,0,12,,214564,7,,,0,11,,214565,7,,,0,50,,214566,7,,,0,9,,214567,7,,,0,10,,214568,7,,,0,10,,214569,7,,,0,12,,214570,7,,,0,11,,214571,7,,,0,52,,214572,7,,,0,11,,214573,7,,,0,12,,214574,7,,,0,11,,214575,7,,,0,9,,214576,7,,,0,52,,214577,7,,,0,10,,214578,7,,,0,12,,214579,7,,,0,12,,214580,7,,,0,13,,214581,7,,,0,55,,214582,7,,,0,14,,214583,7,,,0,15,,214584,7,,,0,15,,214585,7,,,0,55,,214586,7,,,0,15,,214587,7,,,0,15,,214588,7,,,0,21,,214589,7,,,0,70,,214590,7,,,0,29,,214591,7,,,0,70,,214592,7,,,0,30,,214593,7,,,0,70,,214594,7,,,0,27,,214595,7,,,0,83,,214596,7,,,0,100,,214597,7,,,0
671501,'2_merged_15726441',555,,214643,7,,,0,60,,214642,7,,,0,20,,214641,7,,,0,20,,214640,7,,,0,61,,214622,7,,,0,20,,214639,7,,,0,15,,214621,7,,,0,55,,214638,7,,,0,15,,214620,7,,,0,17,,214637,7,,,0,15,,214619,7,,,0,54,,214636,7,,,0,15,,214618,7,,,0,17,,214635,7,,,0,15,,214617,7,,,0,56,,214664,7,,,0,15,,214616,7,,,0,19,,214663,7,,,0,56,,214615,7,,,0,16,,214662,7,,,0,15,,214614,7,,,0,16,,214665,7,,,0,55,,214613,7,,,0,15,,214661,7,,,0,15,,214612,7,,,0,17,,214660,7,,,0,55,,214611,7,,,0,15,,214659,7,,,0,15,,214610,7,,,0,15,,214658,7,,,0,55,,214609,7,,,0,15,,214657,7,,,0,15,,214608,7,,,0,15,,214656,7,,,0,55,,214607,7,,,0,16,,214634,7,,,0,15,,214606,7,,,0,15,,214633,7,,,0,57,,214644,7,,,0,16,,214632,7,,,0,15,,214605,7,,,0,15,,214631,7,,,0,54,,214604,7,,,0,15,,214630,7,,,0,15,,214603,7,,,0,15,,214629,7,,,0,55,,214602,7,,,0,15,,214628,7,,,0,15,,214601,7,,,0,13,,214627,7,,,0,55,,214600,7,,,0,14,,214626,7,,,0,15,,214599,7,,,0,12,,214625,7,,,0,55,,214598,7,,,0,14,,214646,7,,,0,15,,214655,7,,,0,15,,214624,7,,,0,55,,214654,7,,,0,15,,214653,7,,,0,15,,214666,7,,,0,15,,214623,7,,,0,55,,214652,7,,,0,21,,214667,7,,,0,20,,214651,7,,,0,64,,214645,7,,,0,40,,214650,7,,,0,70,,214668,7,,,0,28,,214649,7,,,0,93,,214648,7,,,0,90,,214647,7,,,0
671501,'3_merged_15726440',555,,214714,7,,,0,59,,214713,7,,,0,20,,214712,7,,,0,20,,214711,7,,,0,60,,214693,7,,,0,20,,214710,7,,,0,17,,214692,7,,,0,55,,214709,7,,,0,16,,214691,7,,,0,15,,214708,7,,,0,16,,214690,7,,,0,55,,214707,7,,,0,15,,214689,7,,,0,16,,214706,7,,,0,15,,214688,7,,,0,55,,214735,7,,,0,15,,214687,7,,,0,15,,214734,7,,,0,15,,214686,7,,,0,55,,214733,7,,,0,16,,214685,7,,,0,16,,214736,7,,,0,15,,214684,7,,,0,55,,214732,7,,,0,15,,214683,7,,,0,16,,214731,7,,,0,15,,214682,7,,,0,55,,214730,7,,,0,15,,214681,7,,,0,16,,214729,7,,,0,15,,214680,7,,,0,55,,214728,7,,,0,15,,214679,7,,,0,17,,214727,7,,,0,55,,214678,7,,,0,16,,214705,7,,,0,15,,214677,7,,,0,15,,214704,7,,,0,55,,214715,7,,,0,15,,214703,7,,,0,15,,214676,7,,,0,15,,214702,7,,,0,55,,214675,7,,,0,14,,214701,7,,,0,15,,214674,7,,,0,15,,214700,7,,,0,14,,214673,7,,,0,54,,214699,7,,,0,15,,214672,7,,,0,15,,214698,7,,,0,15,,214671,7,,,0,53,,214697,7,,,0,15,,214670,7,,,0,15,,214696,7,,,0,15,,214669,7,,,0,55,,214717,7,,,0,15,,214726,7,,,0,14,,214695,7,,,0,15,,214725,7,,,0,55,,214724,7,,,0,17,,214737,7,,,0,14,,214694,7,,,0,15,,214723,7,,,0,62,,214738,7,,,0,20,,214722,7,,,0,65,,214716,7,,,0,44,,214721,7,,,0,70,,214739,7,,,0,25,,214720,7,,,0,94,,214719,7,,,0,90,,214718,7,,,0
671701,'101_merged_15726436',1702,,214771,6,0,76 77 89,0,19,,214772,6,0,76 77 89,0
671701,'1_merged_15726439',1733,,214773,6,0,76 77 89,0,13,,214774,6,0,76 77 89,0,9,,214775,6,0,76 77 89,0,59,,214776,6,0,76 77 89,0,18,,214777,6,0,76 77 89,0,21,,214778,6,0,76 77 89,0
671701,'201_merged_15726444',1702,,214779,6,0,76 77 89,0,19,,214780,6,0,76 77 89,0
672001,'1_merged_15726439',536,,214824,17,,,0,66,,214826,17,,,0,28,,214827,17,,,0,73,,214828,17,,,0,32,,214829,17,,,0,70,,214830,17,,,0,796,,214825,17,,,0,29,,214823,17,,,0,71,,214831,17,,,0,31,,214832,17,,,0,80,,214833,17,,,0,26,,214834,17,,,0,72,,214835,17,,,0,26,,214822,17,,,0
675401,'101_merged_15726436',739,,219580,3,0,32,0
