672401,'1_merged_15726439',509,,215689,11,,,0,30,,215678,11,,,0,68,,215704,11,,,0,34,,215688,11,,,0,73,,215705,11,,,0,15,,215712,11,,,0,16,,215713,11,,,0,58,,215714,11,,,0,14,,215715,11,,,0,16,,215716,11,,,0,17,,215717,11,,,0,53,,215718,11,,,0,17,,215719,11,,,0,15,,215720,11,,,0,16,,215721,11,,,0,55,,215706,11,,,0,16,,215722,11,,,0,18,,215693,11,,,0,60,,215690,11,,,0,20,,215694,11,,,0,20,,215691,11,,,0,62,,215692,11,,,0,20,,215695,11,,,0,20,,215677,11,,,0,17,,215679,11,,,0,62,,215696,11,,,0,21,,215682,11,,,0,60,,215683,11,,,0,20,,215697,11,,,0,17,,215676,11,,,0,17,,215707,11,,,0,57,,215703,11,,,0,16,,215711,11,,,0,16,,215702,11,,,0,55,,215723,11,,,0,15,,215724,11,,,0,15,,215725,11,,,0,15,,215726,11,,,0,55,,215727,11,,,0,15,,215728,11,,,0,14,,215729,11,,,0,17,,215730,11,,,0,55,,215731,11,,,0,13,,215732,11,,,0,14,,215733,11,,,0,15,,215734,11,,,0,13,,215735,11,,,0,55,,215736,11,,,0,15,,215737,11,,,0,22,,215698,11,,,0,74,,215699,11,,,0,31,,215700,11,,,0,69,,215701,11,,,0,30,,215684,11,,,0,69,,215685,11,,,0,30,,215686,11,,,0,68,,215687,11,,,0,30,,215708,11,,,0,70,,215680,11,,,0,26,,215709,11,,,0,69,,215681,11,,,0,37,,215710,11,,,0
672401,'2_merged_15726441',502,,215774,11,,,0,38,,215776,11,,,0,72,,215777,11,,,0,31,,215778,11,,,0,70,,215779,11,,,0,31,,215780,11,,,0,69,,215781,11,,,0,21,,215782,11,,,0,21,,215783,11,,,0,62,,215738,11,,,0,19,,215739,11,,,0,15,,215740,11,,,0,54,,215741,11,,,0,16,,215742,11,,,0,14,,215743,11,,,0,15,,215744,11,,,0,55,,215745,11,,,0,14,,215746,11,,,0,15,,215747,11,,,0,17,,215748,11,,,0,55,,215749,11,,,0,16,,215750,11,,,0,15,,215751,11,,,0,15,,215752,11,,,0,55,,215753,11,,,0,15,,215754,11,,,0,15,,215755,11,,,0,15,,215756,11,,,0,55,,215757,11,,,0,16,,215758,11,,,0,15,,215759,11,,,0,13,,215760,11,,,0,55,,215761,11,,,0,14,,215762,11,,,0,15,,215763,11,,,0,15,,215764,11,,,0,55,,215765,11,,,0,14,,215766,11,,,0,15,,215767,11,,,0,14,,215768,11,,,0,55,,215769,11,,,0,15,,215770,11,,,0,15,,215771,11,,,0,15,,215772,11,,,0,57,,215773,11,,,0,19,,215784,11,,,0,20,,215785,11,,,0,60,,215786,11,,,0,18,,215787,11,,,0,20,,215800,11,,,0,59,,215788,11,,,0,20,,215789,11,,,0,21,,215790,11,,,0,68,,215791,11,,,0,30,,215792,11,,,0,74,,215793,11,,,0,31,,215794,11,,,0,68,,215795,11,,,0,30,,215796,11,,,0,79,,215797,11,,,0,30,,215798,11,,,0,77,,215799,11,,,0,29,,215775,11,,,0
672401,'3_merged_15726440',513,,215807,11,,,0,30,,215809,11,,,0,70,,215810,11,,,0,30,,215811,11,,,0,70,,215812,11,,,0,30,,215813,11,,,0,65,,215814,11,,,0,20,,215815,11,,,0,20,,215816,11,,,0,62,,215817,11,,,0,20,,215818,11,,,0,23,,215819,11,,,0,60,,215820,11,,,0,20,,215821,11,,,0,20,,215822,11,,,0,60,,215823,11,,,0,20,,215824,11,,,0,20,,215825,11,,,0,61,,215826,11,,,0,20,,215827,11,,,0,20,,215828,11,,,0,61,,215829,11,,,0,20,,215830,11,,,0,20,,215831,11,,,0,58,,215832,11,,,0,17,,215801,11,,,0,15,,215833,11,,,0,55,,215834,11,,,0,15,,215835,11,,,0,15,,215802,11,,,0,14,,215836,11,,,0,56,,215837,11,,,0,14,,215838,11,,,0,15,,215803,11,,,0,15,,215839,11,,,0,15,,215840,11,,,0,55,,215841,11,,,0,15,,215804,11,,,0,15,,215842,11,,,0,15,,215843,11,,,0,54,,215844,11,,,0,15,,215805,11,,,0,15,,215845,11,,,0,60,,215846,11,,,0,19,,215847,11,,,0,20,,215848,11,,,0,58,,215806,11,,,0,20,,215849,11,,,0,34,,215850,11,,,0,70,,215851,11,,,0,32,,215852,11,,,0,70,,215853,11,,,0,32,,215854,11,,,0,71,,215855,11,,,0,75,,215856,11,,,0,29,,215857,11,,,0,85,,215858,11,,,0,30,,215808,11,,,0
672601,'1_merged_15726439',643,,216174,26,,,0,70,,216175,26,,,0,34,,216176,26,,,0,70,,216177,26,,,0,32,,216178,26,,,0,70,,216179,26,,,0,35,,216180,26,,,0,65,,216181,20,,,0,30,,216182,20,,,0,70,,216183,20,,,0,36,,216184,20,,,0,70,,216185,20,,,0,30,,216186,20,,,0,70,,216187,20,,,0,31,,216188,20,,,0,72,,216189,20,,,0,27,,216190,20,,,0,65,,216191,20,,,0,33,,216192,26,,,0,71,,216193,26,,,0,76,,216194,26,,,0,27,,216195,26,,,0,29,,216196,26,,,0,70,,216197,26,,,0,32,,216198,20,,,0,73,,216199,20,,,0,69,,216200,20,,,0,30,,216167,20,,,0,70,,216172,20,,,0,30,,216168,20,,,0,72,,216169,20,,,0,103,,216171,20,,,0,109,,216170,20,,,0
672601,'2_merged_15726441',700,,216221,20,,,0,100,,216208,20,,,0,31,,216223,20,,,0,69,,216224,20,,,0,29,,216222,20,,,0,30,,216225,20,,,0,70,,216206,20,,,0,29,,216226,20,,,0,69,,216207,20,,,0,30,,216227,20,,,0,70,,216209,20,,,0,73,,216228,20,,,0,24,,216210,20,,,0,26,,216229,20,,,0,70,,216212,20,,,0,32,,216213,20,,,0,70,,216230,20,,,0,29,,216201,20,,,0,71,,216220,20,,,0,30,,216202,20,,,0,71,,216211,20,,,0,30,,216203,20,,,0,75,,216215,20,,,0,29,,216204,20,,,0,69,,216214,20,,,0,28,,216231,20,,,0,70,,216205,20,,,0,98,,216216,20,,,0,100,,216217,20,,,0,98,,216218,20,,,0,95,,216219,20,,,0
672601,'3_merged_15726440',812,,216258,20,,,0,36,,216248,20,,,0,70,,216232,20,,,0,40,,216249,20,,,0,73,,216245,20,,,0,79,,216250,20,,,0,31,,216240,20,,,0,63,,216251,20,,,0,31,,216233,20,,,0,67,,216252,20,,,0,29,,216234,20,,,0,72,,216257,20,,,0,31,,216244,20,,,0,69,,216253,20,,,0,30,,216235,20,,,0,69,,216254,20,,,0,30,,216236,20,,,0,69,,216255,20,,,0,31,,216237,20,,,0,69,,216256,20,,,0,30,,216238,20,,,0,102,,216241,20,,,0,100,,216239,20,,,0,100,,216242,20,,,0,100,,216243,20,,,0,94,,216246,20,,,0,100,,216247,20,,,0
672801,'101_merged_15726436',1712,,216747,45,,,0
672801,'1_merged_15726439',455,,216769,29,,,0,55,,216768,29,,,0,6,,216767,45,,,0,18,,216817,45,,,0,12,,216766,45,,,0,13,,216845,29,,,0,49,,216811,45,,,0,8,,216754,45,,,0,8,,216755,45,,,0,13,,216756,45,,,0,11,,216771,45,,,0,11,,216841,45,,,0,48,,216806,45,,,0,8,,216757,45,,,0,11,,216807,45,,,0,12,,216846,45,,,0,9,,216765,45,,,0,9,,216802,45,,,0,48,,216805,45,,,0,9,,216758,45,,,0,8,,216753,45,,,0,8,,216803,45,,,0,8,,216840,45,,,0,9,,216752,45,,,0,8,,216750,45,,,0,48,,216764,45,,,0,9,,216779,45,,,0,11,,216847,45,,,0,7,,216848,45,,,0,9,,216795,45,,,0,8,,216849,45,,,0,11,,216751,45,,,0,47,,216797,34,,,0,15,,216798,34,,,0,16,,216800,34,,,0,15,,216826,34,,,0,54,,216827,34,,,0,15,,216828,34,,,0,15,,216829,34,,,0,15,,216830,34,,,0,53,,216831,34,,,0,15,,216832,34,,,0,16,,216833,34,,,0,15,,216834,34,,,0,55,,216835,34,,,0,15,,216836,34,,,0,11,,216837,34,,,0,11,,216838,34,,,0,11,,216785,34,,,0,50,,216823,34,,,0,10,,216775,34,,,0,9,,216842,34,,,0,13,,216786,34,,,0,10,,216794,34,,,0,10,,216839,34,,,0,50,,216781,34,,,0,10,,216821,34,,,0,15,,216843,34,,,0,8,,216801,34,,,0,8,,216820,34,,,0,8,,216819,34,,,0,48,,216759,45,,,0,6,,216776,45,,,0,13,,216822,45,,,0,11,,216761,45,,,0,10,,216818,45,,,0,13,,216814,45,,,0,52,,216748,45,,,0,15,,216844,45,,,0,10,,216825,45,,,0,6,,216784,45,,,0,8,,216778,45,,,0,9,,216783,45,,,0,48,,216749,45,,,0,13,,216773,45,,,0,13,,216793,45,,,0,10,,216777,45,,,0,11,,216796,45,,,0,53,,216760,45,,,0,12,,216780,45,,,0,15,,216787,45,,,0,8,,216812,45,,,0,15,,216788,34,,,0,52,,216813,34,,,0,14,,216763,34,,,0,6,,216772,34,,,0,13,,216762,34,,,0,14,,216810,34,,,0,55,,216791,34,,,0,16,,216809,34,,,0,17,,216789,34,,,0,11,,216808,34,,,0,56,,216790,34,,,0,18,,216799,34,,,0,18,,216824,34,,,0,16,,216792,34,,,0,59,,216816,34,,,0,22,,216782,34,,,0,64,,216770,34,,,0,29,,216804,34,,,0,22,,216815,34,,,0,71,,216774,34,,,0
672801,'201_merged_15726444',1712,,216850,45,,,0
672801,'2_merged_15726441',455,,216886,29,,,0,70,,216885,29,,,0,20,,216851,29,,,0,60,,216873,29,,,0,18,,216868,34,,,0,18,,216852,34,,,0,59,,216859,34,,,0,18,,216874,34,,,0,19,,216853,34,,,0,18,,216875,34,,,0,55,,216854,34,,,0,13,,216876,34,,,0,15,,216855,34,,,0,12,,216884,34,,,0,55,,216877,34,,,0,15,,216856,34,,,0,17,,216878,34,,,0,14,,216857,34,,,0,55,,216858,34,,,0,15,,216867,34,,,0,15,,216887,34,,,0,16,,216888,34,,,0,54,,216889,34,,,0,15,,216890,34,,,0,15,,216891,34,,,0,15,,216892,34,,,0,54,,216893,34,,,0,14,,216894,34,,,0,11,,216925,34,,,0,12,,216895,34,,,0,14,,216896,34,,,0,53,,216897,34,,,0,12,,216898,34,,,0,12,,216926,34,,,0,12,,216899,34,,,0,12,,216900,34,,,0,52,,216901,34,,,0,12,,216902,34,,,0,12,,216927,34,,,0,12,,216903,34,,,0,13,,216904,34,,,0,52,,216905,34,,,0,12,,216906,34,,,0,12,,216928,34,,,0,12,,216907,34,,,0,11,,216908,34,,,0,52,,216909,34,,,0,11,,216910,34,,,0,16,,216929,34,,,0,12,,216911,34,,,0,52,,216912,34,,,0,13,,216913,34,,,0,19,,216914,34,,,0,13,,216915,34,,,0,14,,216916,34,,,0,53,,216917,34,,,0,13,,216918,34,,,0,15,,216919,34,,,0,13,,216920,34,,,0,55,,216921,34,,,0,19,,216922,34,,,0,13,,216923,34,,,0,17,,216924,34,,,0,55,,216864,34,,,0,15,,216865,34,,,0,15,,216879,34,,,0,15,,216866,34,,,0,58,,216861,34,,,0,18,,216862,34,,,0,18,,216880,34,,,0,60,,216860,34,,,0,22,,216883,34,,,0,19,,216872,34,,,0,61,,216881,34,,,0,20,,216871,34,,,0,21,,216863,34,,,0,70,,216882,34,,,0,30,,216870,34,,,0,90,,216869,34,,,0
672801,'3_merged_15726440',445,,217001,29,,,0,74,,217000,29,,,0,30,,216999,29,,,0,56,,216947,34,,,0,20,,216991,34,,,0,27,,216935,34,,,0,61,,216984,34,,,0,15,,216983,34,,,0,14,,216982,34,,,0,15,,216949,34,,,0,55,,216981,34,,,0,15,,216980,34,,,0,15,,216979,34,,,0,15,,216978,34,,,0,54,,216977,34,,,0,17,,216943,34,,,0,14,,216950,34,,,0,15,,216948,34,,,0,54,,216942,34,,,0,14,,216946,34,,,0,18,,217003,34,,,0,13,,216941,34,,,0,55,,216940,34,,,0,15,,216939,34,,,0,14,,216938,34,,,0,14,,216931,34,,,0,55,,216937,34,,,0,14,,216936,34,,,0,14,,216933,34,,,0,16,,216932,34,,,0,57,,216951,34,,,0,15,,217002,34,,,0,15,,216952,34,,,0,15,,216990,34,,,0,55,,216989,34,,,0,17,,216988,34,,,0,13,,216953,34,,,0,16,,216987,34,,,0,55,,216986,34,,,0,15,,216934,34,,,0,16,,216985,34,,,0,14,,216976,34,,,0,55,,216975,34,,,0,18,,216974,34,,,0,15,,216973,34,,,0,13,,216972,34,,,0,54,,216971,34,,,0,15,,216944,34,,,0,15,,216970,34,,,0,16,,216969,34,,,0,55,,216968,34,,,0,16,,216967,34,,,0,13,,216966,34,,,0,18,,216992,34,,,0,55,,216945,34,,,0,16,,216961,34,,,0,14,,216960,34,,,0,15,,216959,34,,,0,53,,216958,34,,,0,15,,216957,34,,,0,16,,216930,34,,,0,58,,216996,34,,,0,22,,216995,34,,,0,20,,216954,34,,,0,60,,216994,34,,,0,20,,216993,34,,,0,19,,216997,34,,,0,60,,216962,34,,,0,27,,216965,34,,,0,21,,216998,34,,,0,64,,216964,34,,,0,30,,216963,34,,,0,92,,216956,34,,,0,70,,216955,34,,,0
682901,'1_merged_15726439',650,,223626,27,,,0,73,,223625,27,,,0,35,,223624,27,,,0,81,,223623,27,,,0,75,,223622,27,,,0,40,,223621,27,,,0,73,,223620,27,,,0,529,,223627,27,,,0,79,,223619,27,,,0,75,,223618,27,,,0,38,,223617,27,,,0,75,,223615,27,,,0,36,,223616,27,,,0,73,,223614,27,,,0
683001,'1_merged_15726439',2701,,223648,54,,,0,31,,223649,54,,,0,70,,223650,54,,,0,30,,223651,54,,,0,70,,223652,54,,,0,29,,223653,54,,,0
683001,'2_merged_15726441',2714,,223659,54,,,0,34,,223655,54,,,0,70,,223654,54,,,0,30,,223658,54,,,0,72,,223657,54,,,0,34,,223656,54,,,0
683001,'3_merged_15726440',2705,,223661,54,,,0,30,,223660,54,,,0,70,,223665,54,,,0,30,,223664,54,,,0,70,,223663,54,,,0,40,,223662,54,,,0
