666701,'101_merged_15727747',918,,204730,56,4,,0
666701,'1_merged_15727750',524,,204758,56,4,,0,18,,204798,56,4,,0,64,,204731,56,4,,0,21,,204732,56,4,,0,22,,204733,56,4,,0,57,,204734,56,4,,0,14,,204735,56,4,,0,8,,204736,56,4,,0,10,,204737,56,4,,0,15,,204802,56,4,,0,56,,204803,56,4,,0,18,,204738,56,4,,0,11,,204739,56,4,,0,62,,204740,56,4,,0,32,,204741,56,4,,0,15,,204742,56,4,,0,53,,204743,56,4,,0,14,,204801,56,4,,0,17,,204759,56,4,,0,13,,204760,56,4,,0,56,,204797,56,4,,0,15,,204744,56,4,,0,15,,204745,56,4,,0,15,,204746,56,4,,0,57,,204747,56,4,,0,14,,204748,56,4,,0,15,,204749,56,4,,0,14,,204750,56,4,,0,56,,204800,56,4,,0,15,,204761,56,4,,0,15,,204762,56,4,,0,17,,204796,56,4,,0,54,,204751,56,4,,0,17,,204752,56,4,,0,14,,204753,56,4,,0,15,,204754,56,4,,0,57,,204755,56,4,,0,16,,204756,56,4,,0,18,,204757,56,4,,0,15,,204799,56,4,,0,55,,204763,56,4,,0,13,,204764,56,4,,0,16,,204795,56,4,,0,14,,204765,56,4,,0,54,,204766,56,4,,0,16,,204767,56,4,,0,15,,204768,56,4,,0,14,,204769,56,4,,0,53,,204770,56,4,,0,11,,204771,56,4,,0,19,,204772,56,4,,0,14,,204794,56,4,,0,52,,204779,56,4,,0,15,,204791,56,4,,0,13,,204792,56,4,,0,15,,204773,56,4,,0,13,,204774,56,4,,0,55,,204775,56,4,,0,13,,204776,56,4,,0,15,,204777,56,4,,0,16,,204778,56,4,,0,57,,204793,56,4,,0,15,,204780,56,4,,0,16,,204790,56,4,,0,59,,204781,56,4,,0,25,,204782,56,4,,0,30,,204783,56,4,,0,72,,204784,56,4,,0,30,,204785,56,4,,0,70,,204786,56,4,,0,26,,204787,56,4,,0,70,,204788,56,4,,0,28,,204789,56,4,,0
666701,'201_merged_15727755',918,,204804,56,4,,0
666701,'2_merged_15727752',633,,204813,56,4,,0,69,,204814,56,4,,0,20,,204831,56,4,,0,21,,204832,56,4,,0,62,,204828,56,4,,0,15,,204833,56,4,,0,16,,204834,56,4,,0,18,,204835,56,4,,0,56,,204836,56,4,,0,11,,204837,56,4,,0,8,,204805,56,4,,0,12,,204838,56,4,,0,18,,204839,56,4,,0,54,,204840,56,4,,0,15,,204841,56,4,,0,16,,204842,56,4,,0,57,,204843,56,4,,0,16,,204844,56,4,,0,17,,204845,56,4,,0,16,,204846,56,4,,0,52,,204848,56,4,,0,15,,204849,56,4,,0,16,,204850,56,4,,0,15,,204847,56,4,,0,58,,204851,56,4,,0,14,,204827,56,4,,0,13,,204852,56,4,,0,16,,204853,56,4,,0,54,,204854,56,4,,0,15,,204856,56,4,,0,18,,204857,56,4,,0,15,,204858,56,4,,0,56,,204859,56,4,,0,15,,204860,56,4,,0,17,,204861,56,4,,0,15,,204862,56,4,,0,54,,204863,56,4,,0,15,,204864,56,4,,0,11,,204865,56,4,,0,15,,204866,56,4,,0,56,,204867,56,4,,0,15,,204868,56,4,,0,14,,204869,56,4,,0,15,,204870,56,4,,0,55,,204871,56,4,,0,13,,204806,56,4,,0,14,,204807,56,4,,0,20,,204808,56,4,,0,54,,204809,56,4,,0,11,,204830,56,4,,0,14,,204810,56,4,,0,15,,204811,56,4,,0,55,,204829,56,4,,0,14,,204812,56,4,,0,14,,204816,56,4,,0,20,,204815,56,4,,0,61,,204817,56,4,,0,19,,204818,56,4,,0,72,,204855,56,4,,0,33,,204819,56,4,,0,69,,204820,56,4,,0,35,,204821,56,4,,0,66,,204822,56,4,,0,29,,204823,56,4,,0,72,,204824,56,4,,0,30,,204825,56,4,,0,21,,204826,56,4,,0
666701,'3_merged_15727751',745,,204887,56,4,,0,60,,204888,56,4,,0,17,,204873,56,4,,0,16,,204889,56,4,,0,16,,204890,56,4,,0,54,,204886,56,4,,0,13,,204872,56,4,,0,13,,204891,56,4,,0,15,,204892,56,4,,0,52,,204893,56,4,,0,9,,204894,56,4,,0,14,,204895,56,4,,0,19,,204896,56,4,,0,16,,204897,56,4,,0,55,,204898,56,4,,0,13,,204899,56,4,,0,17,,204900,56,4,,0,56,,204901,56,4,,0,15,,204902,56,4,,0,15,,204881,56,4,,0,15,,204882,56,4,,0,57,,204883,56,4,,0,16,,204903,56,4,,0,14,,204904,56,4,,0,15,,204905,56,4,,0,55,,204906,56,4,,0,15,,204907,56,4,,0,18,,204908,56,4,,0,14,,204909,56,4,,0,57,,204910,56,4,,0,13,,204911,56,4,,0,17,,204912,56,4,,0,16,,204880,56,4,,0,53,,204913,56,4,,0,9,,204914,56,4,,0,15,,204915,56,4,,0,20,,204916,56,4,,0,55,,204917,56,4,,0,16,,204918,56,4,,0,17,,204919,56,4,,0,14,,204920,56,4,,0,51,,204921,56,4,,0,15,,204922,56,4,,0,11,,204923,56,4,,0,16,,204924,56,4,,0,56,,204925,56,4,,0,15,,204885,56,4,,0,15,,204926,56,4,,0,12,,204927,56,4,,0,15,,204884,56,4,,0,55,,204928,56,4,,0,13,,204929,56,4,,0,20,,204930,56,4,,0,61,,204931,56,4,,0,26,,204932,56,4,,0,70,,204933,56,4,,0,27,,204874,56,4,,0,74,,204875,56,4,,0,31,,204876,56,4,,0,24,,204877,56,4,,0,70,,204878,56,4,,0,28,,204879,56,4,,0
683801,'1_merged_15727750',2515,,223898,25,,,0,29,,223894,25,,,0,70,,223893,25,,,0,30,,223892,25,,,0,73,,223895,25,,,0,27,,223896,25,,,0,69,,223897,25,,,0,40,,223890,25,,,0,70,,223891,25,,,0
683801,'2_merged_15727752',2545,,223900,25,,,0,77,,223902,25,,,0,21,,223901,25,,,0,60,,223903,25,,,0,22,,223904,25,,,0,21,,223905,25,,,0,60,,223906,25,,,0,27,,223907,25,,,0,70,,223908,25,,,0,29,,223899,25,,,0
683801,'3_merged_15727751',2542,,223910,25,,,0,70,,223909,25,,,0,31,,223911,25,,,0,76,,223912,25,,,0,20,,223913,25,,,0,74,,223914,25,,,0,30,,223915,25,,,0,80,,223916,25,,,0
3780701,'1_merged_15727750',509,,237197,7,,,0,29,,237208,9,,,0,17,,237231,9,,,0,3,,237232,2,0,20 8,0,48,,237233,2,0,20 8,0,5,,237201,9,,,0,10,,237247,9,,,0,2,,237234,2,0,20 8,0,4,,237237,2,,,0,8,,237235,2,0,20 8,0,4,,237207,9,,,0,8,,237238,2,,,0,11,,237157,9,,,0,44,,237239,2,,,0,11,,237177,9,,,0,4,,237248,2,0,20 8,0,3,,237227,9,,,0,1,,237255,2,,,0,6,,237196,9,,,0,6,,237240,9,,,0,5,,237202,9,,,0,7,,237249,9,,,0,8,,237147,9,,,0,6,,237172,9,,,0,46,,237257,9,,,0,6,,237146,9,,,0,6,,237230,9,,,0,6,,237171,9,,,0,6,,237253,9,,,0,5,,237145,9,,,0,8,,237250,9,,,0,8,,237144,9,,,0,7,,237170,9,,,0,47,,237236,9,,,0,8,,237143,9,,,0,7,,237205,9,,,0,7,,237204,9,,,0,7,,237179,9,,,0,8,,237142,9,,,0,15,,237224,9,,,0,55,,237178,9,,,0,10,,237225,9,,,0,8,,237206,9,,,0,14,,237226,9,,,0,15,,237141,9,,,0,55,,237140,9,,,0,13,,237139,9,,,0,14,,237222,9,,,0,16,,237138,9,,,0,55,,237137,9,,,0,16,,237221,9,,,0,15,,237220,9,,,0,15,,237223,9,,,0,55,,237219,9,,,0,16,,237217,9,,,0,16,,237154,9,,,0,11,,237258,2,0,20 8,0,3,,237218,9,,,0,54,,237153,9,,,0,11,,237254,2,,,0,9,,237241,9,,,0,8,,237216,9,,,0,9,,237256,2,0,20 8,0,3,,237151,9,,,0,5,,237242,2,,,0,49,,237215,9,,,0,9,,237152,9,,,0,5,,237243,2,,,0,9,,237150,9,,,0,5,,237244,2,,,0,5,,237189,9,,,0,7,,237245,9,,,0,6,,237214,9,,,0,48,,237187,9,,,0,3,,237246,2,,,0,8,,237188,9,,,0,8,,237186,9,,,0,4,,237213,9,,,0,1,,237252,2,0,20 8,0,2,,237251,2,,,0,8,,237185,9,,,0,7,,237169,9,,,0,8,,237184,9,,,0,8,,237212,9,,,0,48,,237228,9,,,0,7,,237165,9,,,0,6,,237183,9,,,0,8,,237211,9,,,0,8,,237210,9,,,0,4,,237182,9,,,0,8,,237168,9,,,0,8,,237181,9,,,0,50,,237229,9,,,0,8,,237209,9,,,0,7,,237180,9,,,0,4,,237167,9,,,0,11,,237166,9,,,0,14,,237199,9,,,0,54,,237155,9,,,0,12,,237164,9,,,0,17,,237176,9,,,0,17,,237191,9,,,0,53,,237156,9,,,0,17,,237163,9,,,0,14,,237175,9,,,0,15,,237162,9,,,0,55,,237161,9,,,0,16,,237160,9,,,0,15,,237159,9,,,0,14,,237174,9,,,0,54,,237158,9,,,0,15,,237149,9,,,0,13,,237195,9,,,0,15,,237194,9,,,0,15,,237190,9,,,0,55,,237193,9,,,0,14,,237192,9,,,0,17,,237173,9,,,0,61,,237148,9,,,0,21,,237200,9,,,0,20,,237198,9,,,0,61,,237203,9,,,0
3780701,'2_merged_15727752',500,,237342,2,,,0,27,,237269,9,,,0,82,,237264,7,,,0,17,,237292,9,,,0,13,,237343,2,,,0,13,,237291,9,,,0,53,,237344,2,,,0,16,,237265,9,,,0,18,,237260,9,,,0,16,,237266,9,,,0,55,,237262,9,,,0,15,,237261,9,,,0,8,,237345,2,,,0,7,,237274,9,,,0,19,,237263,9,,,0,53,,237295,9,,,0,15,,237296,9,,,0,15,,237297,9,,,0,13,,237298,9,,,0,55,,237299,9,,,0,14,,237303,9,,,0,19,,237300,9,,,0,9,,237346,2,,,0,49,,237301,9,,,0,13,,237302,9,,,0,13,,237304,9,,,0,15,,237305,9,,,0,15,,237306,9,,,0,55,,237307,9,,,0,14,,237308,9,,,0,14,,237309,9,,,0,15,,237310,9,,,0,57,,237311,9,,,0,15,,237312,9,,,0,15,,237313,9,,,0,16,,237314,9,,,0,55,,237315,9,,,0,16,,237316,9,,,0,15,,237317,9,,,0,57,,237318,9,,,0,8,,237319,9,,,0,20,,237320,9,,,0,11,,237323,2,,,0,8,,237321,9,,,0,52,,237322,9,,,0,15,,237324,9,,,0,14,,237325,9,,,0,12,,237326,9,,,0,12,,237327,9,,,0,54,,237328,9,,,0,12,,237329,9,,,0,12,,237330,9,,,0,11,,237331,9,,,0,14,,237332,9,,,0,50,,237333,9,,,0,12,,237334,9,,,0,11,,237335,9,,,0,12,,237336,9,,,0,12,,237337,9,,,0,53,,237338,9,,,0,12,,237339,9,,,0,11,,237340,9,,,0,12,,237282,9,,,0,13,,237288,9,,,0,50,,237281,9,,,0,12,,237280,9,,,0,11,,237279,9,,,0,12,,237278,9,,,0,12,,237287,9,,,0,54,,237276,9,,,0,12,,237277,9,,,0,12,,237293,9,,,0,12,,237273,9,,,0,12,,237286,9,,,0,52,,237275,9,,,0,12,,237341,9,,,0,13,,237290,9,,,0,11,,237268,9,,,0,15,,237272,9,,,0,55,,237285,9,,,0,16,,237289,9,,,0,17,,237270,9,,,0,57,,237284,9,,,0,17,,237267,9,,,0,18,,237271,9,,,0,15,,237259,9,,,0,57,,237283,9,,,0,17,,237294,9,,,0
3780701,'3_merged_15727751',456,,237426,2,,,0,72,,237392,9,,,0,78,,237378,7,,,0,14,,237423,9,,,0,19,,237427,2,,,0,16,,237422,9,,,0,53,,237428,2,,,0,9,,237379,9,,,0,17,,237361,9,,,0,16,,237381,9,,,0,53,,237375,9,,,0,15,,237371,9,,,0,15,,237396,9,,,0,15,,237376,9,,,0,55,,237383,9,,,0,16,,237385,9,,,0,14,,237425,9,,,0,15,,237356,9,,,0,56,,237398,9,,,0,14,,237397,9,,,0,15,,237358,9,,,0,15,,237370,9,,,0,55,,237355,9,,,0,17,,237372,9,,,0,16,,237357,9,,,0,15,,237374,9,,,0,54,,237364,9,,,0,14,,237362,9,,,0,14,,237386,9,,,0,7,,237391,9,,,0,17,,237387,9,,,0,56,,237367,9,,,0,17,,237377,9,,,0,17,,237369,9,,,0,56,,237380,9,,,0,15,,237366,9,,,0,15,,237390,9,,,0,15,,237368,9,,,0,55,,237365,9,,,0,14,,237363,9,,,0,12,,237359,9,,,0,11,,237429,2,,,0,9,,237388,9,,,0,54,,237354,9,,,0,14,,237353,9,,,0,13,,237352,9,,,0,13,,237430,2,,,0,1,,237351,9,,,0,15,,237350,9,,,0,55,,237348,9,,,0,7,,237347,9,,,0,12,,237349,9,,,0,12,,237420,9,,,0,12,,237413,9,,,0,52,,237412,9,,,0,12,,237411,9,,,0,10,,237410,9,,,0,12,,237415,9,,,0,12,,237409,9,,,0,52,,237408,9,,,0,11,,237407,9,,,0,15,,237382,9,,,0,15,,237406,9,,,0,54,,237419,9,,,0,16,,237405,9,,,0,15,,237404,9,,,0,15,,237403,9,,,0,56,,237402,9,,,0,12,,237418,9,,,0,15,,237400,9,,,0,15,,237401,9,,,0,55,,237424,9,,,0,14,,237395,9,,,0,18,,237417,9,,,0,15,,237399,9,,,0,55,,237421,9,,,0,15,,237384,9,,,0,15,,237394,9,,,0,16,,237416,9,,,0,54,,237389,9,,,0,16,,237373,9,,,0,16,,237393,9,,,0,22,,237360,9,,,0,59,,237414,9,,,0
3831101,'1_merged_15727750',532,,239686,8,,,0,12,,239688,8,,,0,12,,239690,8,,,0,52,,239692,9,,,0,6,,239693,8,,,0,6,,239694,9,,,0,6,,239695,8,,,0,6,,239696,9,,,0,6,,239697,8,,,0,6,,239698,8,,,0,5,,239699,9,,,0,4,,239701,8,,,0,6,,239702,8,,,0,46,,239703,8,,,0,6,,239704,9,,,0,6,,239705,8,,,0,6,,239706,9,,,0,6,,239707,8,,,0,6,,239708,9,,,0,6,,239709,9,,,0,6,,239710,9,,,0,6,,239711,9,,,0,6,,239712,9,,,0,46,,239713,9,,,0,6,,239714,9,,,0,6,,239715,9,,,0,6,,239716,9,,,0,6,,239717,8,,,0,6,,239718,9,,,0,6,,239719,9,,,0,6,,239720,9,,,0,8,,239721,9,,,0,48,,239722,9,,,0,7,,239723,9,,,0,8,,239724,9,,,0,7,,239725,9,,,0,8,,239726,9,,,0,7,,239727,9,,,0,8,,239728,9,,,0,10,,239729,9,,,0,50,,239730,9,,,0,10,,239731,9,,,0,10,,239732,9,,,0,10,,239733,9,,,0,10,,239734,9,,,0,9,,239735,9,,,0,50,,239736,9,,,0,10,,239737,9,,,0,10,,239738,9,,,0,10,,239739,9,,,0,10,,239740,9,,,0,10,,239741,9,,,0,50,,239742,9,,,0,10,,239743,9,,,0,10,,239744,9,,,0,10,,239745,9,,,0,10,,239746,8,,,0,10,,239747,9,,,0,50,,239748,9,,,0,10,,239749,9,,,0,10,,239750,9,,,0,10,,239751,9,,,0,8,,239752,9,,,0,9,,239754,9,,,0,48,,239755,9,,,0,9,,239756,8,,,0,9,,239757,9,,,0,8,,239758,9,,,0,8,,239759,9,,,0,9,,239760,9,,,0,8,,239761,9,,,0,47,,239762,9,,,0,8,,239763,9,,,0,7,,239764,9,,,0,8,,239765,9,,,0,7,,239766,9,,,0,8,,239767,9,,,0,7,,239768,9,,,0,9,,239769,9,,,0,47,,239770,9,,,0,8,,239771,9,,,0,7,,239772,9,,,0,8,,239773,9,,,0,7,,239774,9,,,0,8,,239775,9,,,0,7,,239776,9,,,0,8,,239777,9,,,0,47,,239778,9,,,0,8,,239779,9,,,0,7,,239780,9,,,0,8,,239781,9,,,0,7,,239782,9,,,0,8,,239783,9,,,0,7,,239784,9,,,0,9,,239785,9,,,0,48,,239786,9,,,0,9,,239787,9,,,0,8,,239788,9,,,0,9,,239789,9,,,0,8,,239790,9,,,0,9,,239791,9,,,0,8,,239792,9,,,0,49,,239793,9,,,0,8,,239794,9,,,0,9,,239822,9,,,0,8,,239795,9,,,0,10,,239796,9,,,0,12,,239797,9,,,0,52,,239798,9,,,0,12,,239799,9,,,0,12,,239800,9,,,0,12,,239801,9,,,0,13,,239802,9,,,0,52,,239803,9,,,0,12,,239804,9,,,0,12,,239805,9,,,0,12,,239806,9,,,0,12,,239807,9,,,0,52,,239808,9,,,0,12,,239823,9,,,0,12,,239809,9,,,0,15,,239810,9,,,0,16,,239811,9,,,0,55,,239812,9,,,0,15,,239813,9,,,0,15,,239814,9,,,0,15,,239815,9,,,0,55,,239816,9,,,0,15,,239817,9,,,0,15,,239818,9,,,0,15,,239819,9,,,0,55,,239820,9,,,0,16,,239821,9,,,0
3831101,'2_merged_15727752',533,,239826,8,,,0,15,,239827,8,,,0,53,,239828,8,,,0,15,,239829,8,,,0,15,,239830,8,,,0,15,,239831,9,,,0,55,,239833,8,,,0,12,,239834,9,,,0,12,,239835,9,,,0,12,,239836,9,,,0,19,,239838,8,,,0,55,,239839,9,,,0,12,,239840,9,,,0,9,,239841,8,,,0,15,,239842,9,,,0,12,,239843,9,,,0,52,,239844,9,,,0,12,,239845,9,,,0,12,,239846,9,,,0,12,,239847,9,,,0,12,,239848,9,,,0,52,,239849,9,,,0,12,,239850,9,,,0,12,,239851,9,,,0,12,,239853,9,,,0,11,,239854,9,,,0,52,,239855,9,,,0,12,,239856,9,,,0,12,,239857,9,,,0,12,,239858,9,,,0,12,,239859,9,,,0,52,,239860,9,,,0,12,,239861,9,,,0,12,,239862,9,,,0,12,,239863,8,,,0,11,,239864,9,,,0,52,,239865,9,,,0,12,,239866,9,,,0,12,,239867,9,,,0,12,,239868,9,,,0,12,,239869,9,,,0,52,,239870,9,,,0,12,,239871,9,,,0,12,,239872,9,,,0,12,,239873,9,,,0,12,,239874,9,,,0,52,,239875,9,,,0,12,,239876,9,,,0,12,,239877,9,,,0,12,,239878,9,,,0,13,,239879,9,,,0,52,,239880,9,,,0,12,,239881,9,,,0,12,,239882,9,,,0,12,,239883,9,,,0,12,,239884,9,,,0,52,,239885,9,,,0,12,,239886,9,,,0,12,,239887,9,,,0,12,,239888,9,,,0,13,,239889,9,,,0,52,,239890,9,,,0,12,,239891,9,,,0,12,,239892,9,,,0,12,,239893,9,,,0,12,,239894,9,,,0,52,,239895,9,,,0,12,,239896,9,,,0,12,,239897,9,,,0,12,,239898,9,,,0,53,,239899,9,,,0,12,,239900,9,,,0,12,,239901,9,,,0,12,,239902,9,,,0,12,,239903,9,,,0,52,,239904,9,,,0,12,,239905,9,,,0,12,,239906,9,,,0,12,,239907,9,,,0,12,,239908,9,,,0,52,,239909,9,,,0,15,,239910,9,,,0,15,,239911,9,,,0,15,,239912,9,,,0,56,,239913,9,,,0,15,,239914,9,,,0,15,,239915,9,,,0,15,,239916,9,,,0,55,,239917,9,,,0,15,,239918,9,,,0,15,,239919,9,,,0,15,,239920,9,,,0,55,,239921,9,,,0,15,,239922,9,,,0,15,,239923,9,0,11 12,0,15,,239924,9,0,11 12,0,55,,239925,9,0,11 12,0
3831101,'3_merged_15727751',610,,239930,8,,,0,15,,239931,8,,,0,13,,239932,8,,,0,18,,239934,8,,,0,55,,239935,9,,,0,15,,239936,9,,,0,15,,239937,9,,,0,15,,239938,9,,,0,55,,239940,9,,,0,15,,239941,9,,,0,12,,239942,9,,,0,7,,239943,8,,,0,57,,239944,9,,,0,12,,239945,9,,,0,12,,239946,9,,,0,3,,239947,8,,,0,13,,239948,9,,,0,14,,239949,9,,,0,52,,239950,9,,,0,12,,239951,9,,,0,13,,239952,9,,,0,12,,239953,9,,,0,9,,239954,8,,,0,53,,239955,9,,,0,12,,239956,9,,,0,12,,239957,9,,,0,12,,239958,9,,,0,12,,239959,9,,,0,52,,239960,9,,,0,12,,239961,9,,,0,12,,239962,9,,,0,12,,239963,9,,,0,10,,239964,8,,,0,53,,239965,9,,,0,12,,239966,9,,,0,12,,239967,9,,,0,12,,239968,9,,,0,12,,239969,9,,,0,52,,239970,9,,,0,12,,239971,9,,,0,12,,239973,9,,,0,12,,239974,9,,,0,13,,239975,9,,,0,52,,239976,9,,,0,12,,239977,9,,,0,12,,239978,9,,,0,12,,239979,9,,,0,12,,239980,9,,,0,52,,239981,9,,,0,12,,239982,9,,,0,12,,239983,9,,,0,12,,239984,9,,,0,13,,239985,9,,,0,52,,239986,9,,,0,12,,239987,9,,,0,11,,239988,9,,,0,12,,239989,9,,,0,12,,239990,9,,,0,52,,239991,9,,,0,12,,239992,9,,,0,12,,239993,9,,,0,12,,239994,9,,,0,12,,239995,9,,,0,52,,239996,9,,,0,12,,239997,9,,,0,11,,239998,9,,,0,11,,239999,9,,,0,13,,240000,9,,,0,52,,240001,9,,,0,12,,240002,9,,,0,11,,240003,9,,,0,11,,240004,9,,,0,13,,240005,9,,,0,52,,240006,9,,,0,13,,240007,9,,,0,12,,240008,9,,,0,12,,240009,9,,,0,11,,240010,9,,,0,51,,240011,9,,,0,12,,240012,9,,,0,13,,240013,9,,,0,12,,240014,9,,,0,15,,240015,9,,,0,55,,240016,9,,,0,13,,240017,9,,,0,15,,240018,9,,,0,15,,240019,9,,,0,55,,240020,9,,,0,15,,240021,9,,,0,15,,240022,9,,,0,15,,240023,9,,,0,55,,240024,9,,,0
