661500,'1_merged_15727750',541,,186581,13,,,0,62,,186582,13,,,0,20,,186583,13,,,0,20,,186584,13,,,0,12,,186585,13,,,0,50,,186586,13,,,0,10,,186587,13,,,0,10,,186588,13,,,0,10,,186589,13,,,0,12,,186590,13,,,0,10,,186591,13,,,0,48,,186592,13,,,0,7,,186706,13,,,0,8,,186593,13,,,0,7,,186594,13,,,0,9,,186595,13,,,0,7,,186596,13,,,0,8,,186597,13,,,0,7,,186598,13,,,0,48,,186599,13,,,0,7,,186600,13,,,0,8,,186601,13,,,0,10,,186602,13,,,0,10,,186603,13,,,0,10,,186604,13,,,0,50,,186605,13,,,0,10,,186606,13,,,0,12,,186607,13,,,0,12,,186608,13,,,0,12,,186609,13,,,0,12,,186610,13,,,0,52,,186611,13,,,0,12,,186612,13,,,0,12,,186613,13,,,0,12,,186614,13,,,0,54,,186615,13,,,0,12,,186616,13,,,0,12,,186617,13,,,0,12,,186618,13,,,0,12,,186619,13,,,0,52,,186620,13,,,0,12,,186621,13,,,0,12,,186622,13,,,0,12,,186623,13,,,0,12,,186624,13,,,0,52,,186625,13,,,0,12,,186626,13,,,0,10,,186627,13,,,0,9,,186628,13,,,0,8,,186629,13,,,0,9,,186630,13,,,0,8,,186631,13,,,0,49,,186632,13,,,0,8,,186633,13,,,0,8,,186634,13,,,0,8,,186635,13,,,0,7,,186636,13,,,0,8,,186637,13,,,0,7,,186638,13,,,0,48,,186639,13,,,0,7,,186640,13,,,0,8,,186641,13,,,0,7,,186642,13,,,0,6,,186643,13,,,0,6,,186644,13,,,0,8,,186645,13,,,0,6,,186646,13,,,0,6,,186647,13,,,0,46,,186648,13,,,0,6,,186649,13,,,0,6,,186650,13,,,0,6,,186651,13,,,0,6,,186652,13,,,0,6,,186653,13,,,0,5,,186654,13,,,0,6,,186655,13,,,0,5,,186656,13,,,0,6,,186657,13,,,0,5,,186658,13,,,0,46,,186659,13,,,0,3,,186660,13,,,0,6,,186661,13,,,0,5,,186662,13,,,0,4,,186663,13,,,0,5,,186664,13,,,0,6,,186665,13,,,0,5,,186666,13,,,0,6,,186667,13,,,0,5,,186668,13,,,0,6,,186669,13,,,0,47,,186670,13,,,0,6,,186671,13,,,0,7,,186672,13,,,0,5,,186673,13,,,0,7,,186674,13,,,0,8,,186675,13,,,0,7,,186676,13,,,0,8,,186677,13,,,0,9,,186678,13,,,0,48,,186679,13,,,0,9,,186680,13,,,0,10,,186681,13,,,0,10,,186682,13,,,0,10,,186683,13,,,0,9,,186684,13,,,0,50,,186685,13,,,0,10,,186686,13,,,0,11,,186687,13,,,0,15,,186688,13,,,0,15,,186689,13,,,0,55,,186690,13,,,0,15,,186691,13,,,0,15,,186692,13,,,0,15,,186693,13,,,0,55,,186694,13,,,0,14,,186695,13,,,0,15,,186696,13,,,0,12,,186697,13,,,0,55,,186698,13,,,0,13,,186699,13,,,0,17,,186700,13,,,0,20,,186701,13,,,0,60,,186702,13,,,0,20,,186703,13,,,0
661500,'2_merged_15727752',546,,186794,13,,,0,70,,186714,13,,,0,19,,186715,13,,,0,22,,186739,13,,,0,61,,186745,13,,,0,16,,186773,13,,,0,16,,186717,13,,,0,55,,186719,13,,,0,15,,186749,13,,,0,15,,186775,13,,,0,15,,186754,13,,,0,55,,186756,13,,,0,17,,186758,13,,,0,15,,186722,13,,,0,15,,186779,13,,,0,55,,186781,13,,,0,15,,186723,13,,,0,15,,186732,13,,,0,18,,186724,13,,,0,55,,186731,13,,,0,15,,186725,13,,,0,15,,186791,13,,,0,15,,186750,13,,,0,55,,186747,13,,,0,12,,186713,13,,,0,12,,186712,13,,,0,12,,186752,13,,,0,12,,186741,13,,,0,52,,186782,13,,,0,12,,186733,13,,,0,12,,186774,13,,,0,12,,186757,13,,,0,12,,186798,13,,,0,52,,186790,13,,,0,14,,186770,13,,,0,9,,186771,13,,,0,8,,186776,13,,,0,9,,186804,13,,,0,8,,186777,13,,,0,49,,186748,13,,,0,8,,186789,13,,,0,9,,186783,13,,,0,8,,186800,13,,,0,8,,186785,13,,,0,8,,186805,13,,,0,9,,186716,13,,,0,48,,186708,13,,,0,9,,186803,13,,,0,8,,186742,13,,,0,7,,186709,13,,,0,8,,186784,13,,,0,7,,186806,13,,,0,8,,186730,13,,,0,7,,186735,13,,,0,48,,186720,13,,,0,7,,186796,13,,,0,8,,186769,13,,,0,7,,186740,13,,,0,8,,186753,13,,,0,7,,186729,13,,,0,8,,186807,13,,,0,7,,186743,13,,,0,48,,186721,13,,,0,7,,186736,13,,,0,7,,186737,13,,,0,7,,186778,13,,,0,8,,186751,13,,,0,7,,186786,13,,,0,8,,186808,13,,,0,8,,186799,13,,,0,48,,186755,13,,,0,8,,186766,13,,,0,8,,186707,13,,,0,8,,186801,13,,,0,8,,186809,13,,,0,8,,186793,13,,,0,8,,186718,13,,,0,50,,186795,13,,,0,10,,186727,13,,,0,10,,186726,13,,,0,10,,186746,13,,,0,10,,186810,13,,,0,10,,186764,13,,,0,50,,186728,13,,,0,10,,186738,13,,,0,10,,186772,13,,,0,12,,186797,13,,,0,12,,186711,13,,,0,52,,186734,13,,,0,12,,186787,13,,,0,12,,186802,13,,,0,12,,186767,13,,,0,12,,186710,13,,,0,52,,186780,13,,,0,12,,186761,13,,,0,14,,186792,13,,,0,20,,186760,13,,,0,56,,186744,13,,,0,19,,186763,13,,,0,22,,186788,13,,,0,59,,186768,13,,,0,22,,186762,13,,,0
661500,'3_merged_15727751',642,,186894,13,,,0,60,,186838,13,,,0,20,,186839,13,,,0,20,,186840,13,,,0,60,,186841,13,,,0,20,,186842,13,,,0,20,,186843,13,,,0,62,,186844,13,,,0,20,,186895,13,,,0,21,,186896,13,,,0,55,,186897,13,,,0,15,,186898,13,,,0,15,,186899,13,,,0,15,,186900,13,,,0,55,,186901,13,,,0,17,,186812,13,,,0,13,,186813,13,,,0,11,,186814,13,,,0,12,,186815,13,,,0,52,,186816,13,,,0,13,,186817,13,,,0,12,,186818,13,,,0,12,,186819,13,,,0,12,,186820,13,,,0,50,,186821,13,,,0,10,,186822,13,,,0,9,,186823,13,,,0,8,,186824,13,,,0,8,,186825,13,,,0,8,,186826,13,,,0,9,,186827,13,,,0,48,,186828,13,,,0,8,,186829,13,,,0,9,,186852,13,,,0,8,,186853,13,,,0,7,,186854,13,,,0,8,,186855,13,,,0,8,,186856,13,,,0,48,,186890,13,,,0,8,,186891,13,,,0,8,,186892,13,,,0,6,,186830,13,,,0,7,,186831,13,,,0,7,,186832,13,,,0,7,,186903,13,,,0,7,,186833,13,,,0,7,,186834,13,,,0,47,,186811,13,,,0,7,,186857,13,,,0,7,,186858,13,,,0,8,,186859,13,,,0,7,,186860,13,,,0,8,,186861,13,,,0,7,,186904,13,,,0,7,,186862,13,,,0,48,,186836,13,,,0,8,,186871,13,,,0,8,,186872,13,,,0,8,,186873,13,,,0,9,,186874,13,,,0,8,,186875,13,,,0,9,,186902,13,,,0,48,,186876,13,,,0,9,,186877,13,,,0,8,,186878,13,,,0,9,,186879,13,,,0,8,,186880,13,,,0,9,,186881,13,,,0,7,,186882,13,,,0,49,,186883,13,,,0,8,,186884,13,,,0,9,,186885,13,,,0,10,,186886,13,,,0,12,,186887,13,,,0,12,,186909,13,,,0,52,,186888,13,,,0,14,,186889,13,,,0,15,,186905,13,,,0,15,,186835,13,,,0,55,,186907,13,,,0,15,,186837,13,,,0,15,,186906,13,,,0,15,,186845,13,,,0,55,,186908,13,,,0,14,,186846,13,,,0,15,,186847,13,,,0,15,,186848,13,,,0,55,,186869,13,,,0,15,,186868,13,,,0,15,,186849,13,,,0,15,,186870,13,,,0,11,,186867,13,,,0,55,,186850,13,,,0,20,,186866,13,,,0,20,,186851,13,,,0,60,,186893,13,,,0,20,,186865,13,,,0
662301,'152201_merged_15727756',2101,,191195,6,,,0,20,,191196,6,,,0,20,,191197,6,,,0,60,,191198,6,,,0,20,,191199,6,,,0,20,,191200,6,,,0,60,,191201,6,,,0,24,,191202,6,,,0,20,,191203,6,,,0,61,,191204,6,,,0,25,,191205,6,,,0,73,,191206,6,,,0,27,,191207,6,,,0
662301,'152301_merged_15727764',2101,,191208,6,,,0,20,,191209,6,,,0,20,,191210,6,,,0,60,,191211,6,,,0,20,,191212,6,,,0,20,,191213,6,,,0,60,,191214,6,,,0,24,,191215,6,,,0,20,,191216,6,,,0,61,,191217,6,,,0,25,,191218,6,,,0,73,,191219,6,,,0,27,,191220,6,,,0
662301,'1_merged_15727750',546,,191221,6,,,0,55,,191222,6,,,0,14,,191223,6,,,0,15,,191224,6,,,0,14,,191225,6,,,0,15,,191226,6,,,0,54,,191227,6,,,0,15,,191228,6,,,0,14,,191229,6,,,0,15,,191230,6,,,0,54,,191231,6,,,0,15,,191232,6,,,0,14,,191233,6,,,0,15,,191234,6,,,0,55,,191235,6,,,0,15,,191236,6,,,0,15,,191237,6,,,0,15,,191238,6,,,0,55,,191239,6,,,0,15,,191240,6,,,0,15,,191241,6,,,0,15,,191242,6,,,0,56,,191243,6,,,0,15,,191244,6,,,0,15,,191245,6,,,0,15,,191246,6,,,0,55,,191247,6,,,0,16,,191248,6,,,0,14,,191249,6,,,0,15,,191250,6,,,0,55,,191251,6,,,0,15,,191252,6,,,0,15,,191253,6,,,0,15,,191254,6,,,0,55,,191255,6,,,0,15,,191256,6,,,0,15,,191257,6,,,0,15,,191258,6,,,0,55,,191259,6,,,0,15,,191260,6,,,0,16,,191261,6,,,0,15,,191262,6,,,0,55,,191263,6,,,0,15,,191264,6,,,0,16,,191265,6,,,0,15,,191266,6,,,0,54,,191267,6,,,0,15,,191268,6,,,0,13,,191269,6,,,0,15,,191270,6,,,0,53,,191271,6,,,0,15,,191272,6,,,0,13,,191273,6,,,0,15,,191274,6,,,0,54,,191275,6,,,0,15,,191276,6,,,0,15,,191277,6,,,0,15,,191278,6,,,0,55,,191279,6,,,0,16,,191280,6,,,0,20,,191281,6,,,0
662301,'2_merged_15727752',553,,191282,7,,,0,60,,191283,7,,,0,20,,191284,7,,,0,20,,191285,7,,,0,57,,191286,7,,,0,16,,191287,7,,,0,15,,191288,7,,,0,15,,191289,7,,,0,55,,191290,7,,,0,15,,191291,7,,,0,15,,191292,7,,,0,15,,191293,7,,,0,56,,191294,7,,,0,16,,191295,7,,,0,16,,191296,7,,,0,15,,191297,7,,,0,56,,191298,7,,,0,15,,191299,7,,,0,15,,191300,7,,,0,55,,191301,7,,,0,15,,191302,7,,,0,15,,191303,7,,,0,14,,191304,7,,,0,15,,191305,7,,,0,54,,191306,7,,,0,14,,191307,7,,,0,14,,191308,7,,,0,14,,191309,7,,,0,54,,191310,7,,,0,14,,191311,7,,,0,14,,191312,7,,,0,14,,191313,7,,,0,56,,191314,7,,,0,14,,191315,7,,,0,15,,191316,7,,,0,15,,191317,7,,,0,55,,191318,7,,,0,15,,191319,7,,,0,15,,191320,7,,,0,15,,191321,7,,,0,54,,191322,7,,,0,14,,191323,7,,,0,15,,191324,7,,,0,15,,191325,7,,,0,54,,191326,7,,,0,15,,191327,7,,,0,15,,191328,7,,,0,15,,191329,7,,,0,55,,191330,7,,,0,14,,191331,7,,,0,15,,191332,7,,,0,14,,191333,7,,,0,54,,191334,7,,,0,14,,191335,7,,,0,15,,191336,7,,,0,15,,191337,7,,,0,15,,191338,7,,,0,54,,191339,7,,,0,15,,191340,7,,,0,15,,191341,7,,,0,15,,191342,6,,,0,58,,191343,6,,,0,20,,191344,6,,,0,20,,191345,6,,,0,59,,191346,6,,,0,20,,191347,6,,,0,20,,191348,6,,,0,60,,191349,6,,,0,20,,191350,6,,,0,71,,191351,6,,,0,30,,191352,6,,,0,70,,191353,6,,,0,31,,191354,6,,,0
662301,'3_merged_15727751',553,,191355,7,,,0,60,,191356,7,,,0,20,,191357,7,,,0,20,,191358,7,,,0,60,,191359,7,,,0,20,,191360,7,,,0,20,,191361,7,,,0,55,,191362,7,,,0,15,,191363,7,,,0,15,,191364,7,,,0,15,,191365,7,,,0,56,,191366,7,,,0,15,,191367,7,,,0,15,,191368,7,,,0,15,,191369,7,,,0,54,,191370,7,,,0,15,,191371,7,,,0,16,,191372,7,,,0,15,,191373,7,,,0,55,,191374,7,,,0,15,,191375,7,,,0,15,,191376,7,,,0,15,,191377,7,,,0,55,,191378,7,,,0,15,,191379,7,,,0,16,,191380,7,,,0,15,,191381,7,,,0,55,,191382,7,,,0,15,,191383,7,,,0,15,,191384,7,,,0,15,,191385,7,,,0,55,,191386,7,,,0,15,,191387,7,,,0,15,,191388,7,,,0,15,,191389,7,,,0,55,,191390,7,,,0,15,,191391,7,,,0,15,,191392,7,,,0,15,,191393,7,,,0,55,,191394,7,,,0,15,,191395,7,,,0,15,,191396,7,,,0,15,,191397,7,,,0,55,,191398,7,,,0,15,,191399,7,,,0,15,,191400,7,,,0,15,,191401,7,,,0,55,,191402,7,,,0,15,,191403,7,,,0,15,,191404,7,,,0,15,,191405,7,,,0,55,,191406,7,,,0,15,,191407,7,,,0,15,,191408,7,,,0,15,,191409,7,,,0,55,,191410,7,,,0,15,,191411,7,,,0,14,,191412,7,,,0,15,,191413,7,,,0,54,,191414,6,,,0,15,,191415,6,,,0,15,,191416,6,,,0,15,,191417,6,,,0,60,,191418,6,,,0,20,,191419,6,,,0,20,,191420,6,,,0,60,,191421,6,,,0,20,,191422,6,,,0,20,,191423,6,,,0,61,,191424,6,,,0,28,,191425,6,,,0,70,,191426,6,,,0,30,,191427,6,,,0
662400,'152201_merged_15727756',2406,,191428,11,,,0,29,,191429,11,,,0,75,,191430,11,,,0,36,,191431,11,,,0
662400,'152301_merged_15727764',2406,,191432,11,,,0,29,,191433,11,,,0,75,,191434,11,,,0,36,,191435,11,,,0
662400,'1_merged_15727750',608,,191443,11,,,0,15,,191445,11,,,0,15,,191446,11,,,0,12,,191447,11,,,0,52,,191449,11,,,0,12,,191450,11,,,0,12,,191451,11,,,0,12,,191452,11,,,0,11,,191453,11,,,0,52,,191454,11,,,0,12,,191455,11,,,0,12,,191456,11,,,0,11,,191457,11,,,0,12,,191458,11,,,0,52,,191459,11,,,0,12,,191460,11,,,0,12,,191461,11,,,0,12,,191462,11,,,0,12,,191463,11,,,0,52,,191464,11,,,0,12,,191465,11,,,0,12,,191467,11,,,0,12,,191468,11,,,0,12,,191469,11,,,0,52,,191470,11,,,0,12,,191471,11,,,0,11,,191472,11,,,0,12,,191473,11,,,0,12,,191474,11,,,0,12,,191475,11,,,0,52,,191476,11,,,0,12,,191477,11,,,0,12,,191478,11,,,0,12,,191479,11,,,0,12,,191480,11,,,0,52,,191481,11,,,0,12,,191482,11,,,0,12,,191484,11,,,0,12,,191485,11,,,0,12,,191486,11,,,0,52,,191487,11,,,0,10,,191488,11,,,0,12,,191490,11,,,0,12,,191491,11,,,0,12,,191492,11,,,0,52,,191493,11,,,0,12,,191494,11,,,0,12,,191496,11,,,0,12,,191497,11,,,0,12,,191498,11,,,0,52,,191499,11,,,0,11,,191500,11,,,0,11,,191501,11,,,0,11,,191502,11,,,0,11,,191503,11,,,0,50,,191504,11,,,0,10,,191505,11,,,0,10,,191506,11,,,0,9,,191507,11,,,0,11,,191508,11,,,0,11,,191509,11,,,0,51,,191510,11,,,0,12,,191512,11,,,0,12,,191513,11,,,0,13,,191514,11,,,0,12,,191515,11,,,0,52,,191516,11,,,0,14,,191517,11,,,0,12,,191519,11,,,0,12,,191520,11,,,0,12,,191521,11,,,0,52,,191522,11,,,0,12,,191523,11,,,0,12,,191524,11,,,0,12,,191525,11,,,0,15,,191526,11,,,0,56,,191527,11,,,0,15,,191530,11,,,0,13,,191531,11,,,0,13,,191532,11,,,0,55,,191533,11,,,0,19,,191534,11,,,0,16,,191535,11,,,0,60,,191536,11,,,0,20,,191537,11,,,0,20,,191538,11,,,0
662400,'2_merged_15727752',545,,191543,4,,,0,70,,191545,4,,,0,27,,191546,11,,,0,60,,191548,11,,,0,20,,191550,11,,,0,15,,191551,11,,,0,12,,191602,11,,,0,52,,191603,11,,,0,11,,191604,11,,,0,12,,191605,11,,,0,11,,191606,11,,,0,12,,191607,11,,,0,12,,191608,11,,,0,52,,191609,11,,,0,10,,191610,11,,,0,12,,191611,11,,,0,12,,191612,11,,,0,12,,191613,11,,,0,52,,191614,11,,,0,12,,191615,11,,,0,12,,191616,11,,,0,11,,191617,11,,,0,12,,191618,11,,,0,52,,191619,11,,,0,11,,191620,11,,,0,12,,191621,11,,,0,12,,191622,11,,,0,12,,191623,11,,,0,52,,191624,11,,,0,12,,191625,11,,,0,12,,191626,11,,,0,12,,191627,11,,,0,12,,191628,11,,,0,52,,191629,11,,,0,12,,191630,11,,,0,12,,191631,11,,,0,12,,191632,11,,,0,12,,191633,11,,,0,52,,191634,11,,,0,11,,191635,11,,,0,12,,191636,11,,,0,12,,191554,11,,,0,12,,191555,11,,,0,52,,191556,11,,,0,12,,191557,11,,,0,12,,191558,11,,,0,12,,191559,11,,,0,12,,191560,11,,,0,53,,191561,11,,,0,12,,191562,11,,,0,12,,191563,11,,,0,12,,191564,11,,,0,12,,191565,11,,,0,52,,191566,11,,,0,12,,191567,11,,,0,14,,191568,11,,,0,12,,191569,11,,,0,12,,191570,11,,,0,52,,191571,11,,,0,12,,191572,11,,,0,12,,191573,11,,,0,13,,191574,11,,,0,12,,191575,11,,,0,52,,191576,11,,,0,14,,191577,11,,,0,13,,191578,11,,,0,15,,191580,11,,,0,56,,191581,11,,,0,17,,191583,11,,,0,17,,191584,11,,,0,17,,191585,11,,,0,55,,191587,11,,,0,16,,191588,11,,,0,14,,191589,11,,,0,15,,191590,11,,,0,55,,191591,11,,,0,17,,191592,11,,,0,19,,191593,11,,,0,60,,191594,11,,,0,21,,191595,11,,,0,16,,191596,11,,,0,62,,191597,11,,,0,20,,191598,11,,,0,21,,191599,11,,,0,60,,191600,11,,,0,28,,191601,11,,,0
662400,'3_merged_15727751',556,,191647,4,,,0,58,,191648,4,,,0,16,,191649,11,,,0,18,,191651,11,,,0,58,,191652,11,,,0,18,,191653,11,,,0,15,,191654,11,,,0,15,,191655,11,,,0,52,,191716,11,,,0,12,,191717,11,,,0,12,,191718,11,,,0,12,,191719,11,,,0,11,,191720,11,,,0,52,,191721,11,,,0,11,,191722,11,,,0,12,,191723,11,,,0,12,,191724,11,,,0,12,,191725,11,,,0,52,,191726,11,,,0,10,,191727,11,,,0,12,,191728,11,,,0,12,,191729,11,,,0,12,,191730,11,,,0,52,,191731,11,,,0,12,,191732,11,,,0,12,,191733,11,,,0,12,,191734,11,,,0,12,,191735,11,,,0,52,,191736,11,,,0,12,,191737,11,,,0,12,,191738,11,,,0,12,,191739,11,,,0,12,,191740,11,,,0,52,,191741,11,,,0,12,,191742,11,,,0,12,,191743,11,,,0,12,,191744,11,,,0,12,,191745,11,,,0,52,,191746,11,,,0,10,,191747,11,,,0,12,,191660,11,,,0,10,,191661,11,,,0,10,,191662,11,,,0,10,,191663,11,,,0,50,,191664,11,,,0,10,,191665,11,,,0,10,,191666,11,,,0,10,,191667,11,,,0,11,,191668,11,,,0,9,,191669,11,,,0,50,,191670,11,,,0,10,,191671,11,,,0,10,,191672,11,,,0,10,,191673,11,,,0,10,,191674,11,,,0,10,,191675,11,,,0,51,,191676,11,,,0,10,,191677,11,,,0,10,,191678,11,,,0,10,,191679,11,,,0,10,,191680,11,,,0,10,,191681,11,,,0,50,,191682,11,,,0,9,,191683,11,,,0,12,,191685,11,,,0,15,,191686,11,,,0,16,,191688,11,,,0,55,,191689,11,,,0,14,,191691,11,,,0,15,,191692,11,,,0,15,,191694,11,,,0,55,,191695,11,,,0,15,,191698,11,,,0,16,,191699,11,,,0,16,,191700,11,,,0,55,,191701,11,,,0,6,,191702,11,,,0,15,,191703,11,,,0,13,,191704,11,,,0,55,,191705,11,,,0,15,,191706,11,,,0,15,,191707,11,,,0,18,,191708,11,,,0,59,,191709,11,,,0,21,,191710,11,,,0,20,,191711,11,,,0,65,,191712,11,,,0,30,,191713,11,,,0,74,,191714,11,,,0,25,,191715,11,,,0
662600,'1_merged_15727750',548,,192758,5,0,106 45 82,0,62,,192770,5,0,106 45 82,0,20,,192698,5,0,106 45 82,0,21,,192689,5,0,106 45 82,0,57,,192706,5,0,106 45 82,0,10,,192772,5,0,106 45 82,0,9,,192729,5,0,106 45 82,0,9,,192703,5,0,106 45 82,0,10,,192721,5,0,106 45 82,0,8,,192761,5,0,106 45 82,0,49,,192679,5,0,106 45 82,0,9,,192767,5,0,106 45 82,0,9,,192690,5,0,5 14,0,7,,192684,5,0,5 14,0,6,,192752,5,0,106 45 82,0,6,,192776,5,0,5 14,0,6,,192678,5,0,5 14,0,6,,192779,5,0,106 45 82,0,6,,192743,5,0,5 14,0,46,,192720,5,0,106 45 82,0,9,,192777,5,0,5 14,0,9,,192719,5,0,106 45 82,0,9,,192677,5,0,106 45 82,0,11,,192744,5,0,106 45 82,0,11,,192702,5,0,106 45 82,0,55,,192691,5,0,106 45 82,0,15,,192763,5,0,106 45 82,0,15,,192774,5,0,106 45 82,0,15,,192717,5,0,106 45 82,0,55,,192731,5,0,106 45 82,0,15,,192756,5,0,106 45 82,0,16,,192755,5,0,106 45 82,0,15,,192762,5,0,106 45 82,0,55,,192735,5,0,106 45 82,0,15,,192683,5,0,106 45 82,0,15,,192686,5,0,106 45 82,0,15,,192768,5,0,106 45 82,0,55,,192753,5,0,106 45 82,0,15,,192728,5,0,106 45 82,0,15,,192742,5,0,106 45 82,0,15,,192741,5,0,106 45 82,0,55,,192734,5,0,106 45 82,0,15,,192697,5,0,106 45 82,0,15,,192696,5,0,106 45 82,0,15,,192695,5,0,106 45 82,0,55,,192723,5,0,106 45 82,0,14,,192722,5,0,106 45 82,0,14,,192773,5,0,106 45 82,0,11,,192738,5,0,106 45 82,0,11,,192748,5,0,106 45 82,0,51,,192739,5,0,5 14,0,11,,192732,5,0,106 45 82,0,11,,192681,5,0,106 45 82,0,11,,192694,5,0,106 45 82,0,11,,192766,5,0,106 45 82,0,51,,192765,5,0,5 14,0,11,,192737,5,0,106 45 82,0,11,,192769,5,0,106 45 82,0,11,,192713,5,0,5 14,0,11,,192745,5,0,106 45 82,0,10,,192688,5,0,5 14,0,50,,192687,5,0,106 45 82,0,11,,192747,5,0,5 14,0,12,,192709,5,0,106 45 82,0,12,,192754,5,0,106 45 82,0,15,,192730,5,0,106 45 82,0,55,,192682,5,0,106 45 82,0,15,,192736,5,0,5 14,0,15,,192751,5,0,106 45 82,0,15,,192750,5,0,106 45 82,0,55,,192749,5,0,106 45 82,0,15,,192764,5,0,106 45 82,0,15,,192724,5,0,106 45 82,0,15,,192746,5,0,106 45 82,0,55,,192680,5,0,106 45 82,0,15,,192699,5,0,106 45 82,0,15,,192718,5,0,106 45 82,0,15,,192716,5,0,106 45 82,0,54,,192715,5,0,106 45 82,0,16,,192714,5,0,106 45 82,0,14,,192733,5,0,5 14,0,15,,192712,5,0,106 45 82,0,55,,192711,5,0,5 14,0,15,,192710,5,0,106 45 82,0,15,,192685,5,0,5 14,0,61,,192708,5,0,106 45 82,0,29,,192707,5,0,106 45 82,0,70,,192693,5,0,106 45 82,0
662600,'2_merged_15727752',609,,192786,5,0,106 45 82,0,20,,192800,5,0,106 45 82,0,16,,192805,5,0,106 45 82,0,55,,192860,5,0,106 45 82,0,15,,192816,5,0,106 45 82,0,15,,192837,5,0,106 45 82,0,15,,192857,5,0,106 45 82,0,55,,192785,5,0,106 45 82,0,15,,192821,5,0,106 45 82,0,15,,192855,5,0,106 45 82,0,15,,192814,5,0,106 45 82,0,55,,192790,5,0,106 45 82,0,15,,192833,5,0,106 45 82,0,15,,192817,5,0,106 45 82,0,15,,192829,5,0,106 45 82,0,55,,192831,5,0,106 45 82,0,15,,192820,5,0,106 45 82,0,15,,192856,5,0,106 45 82,0,15,,192853,5,0,106 45 82,0,55,,192835,5,0,106 45 82,0,16,,192797,5,0,106 45 82,0,15,,192844,5,0,106 45 82,0,15,,192809,5,0,106 45 82,0,55,,192807,5,0,106 45 82,0,15,,192840,5,0,106 45 82,0,15,,192845,5,0,106 45 82,0,15,,192851,5,0,106 45 82,0,55,,192789,5,0,106 45 82,0,15,,192792,5,0,106 45 82,0,15,,192846,5,0,106 45 82,0,15,,192859,5,0,106 45 82,0,55,,192802,5,0,106 45 82,0,15,,192847,5,0,106 45 82,0,15,,192804,5,0,106 45 82,0,15,,192810,5,0,106 45 82,0,55,,192843,5,0,106 45 82,0,15,,192788,5,0,106 45 82,0,15,,192848,5,0,106 45 82,0,15,,192812,5,0,106 45 82,0,55,,192791,5,0,106 45 82,0,15,,192796,5,0,106 45 82,0,15,,192801,5,0,106 45 82,0,15,,192815,5,0,106 45 82,0,55,,192795,5,0,106 45 82,0,15,,192842,5,0,5 14,0,15,,192808,5,0,106 45 82,0,15,,192838,5,0,106 45 82,0,55,,192794,5,0,106 45 82,0,15,,192841,5,0,106 45 82,0,15,,192784,5,0,106 45 82,0,15,,192813,5,0,106 45 82,0,55,,192836,5,0,106 45 82,0,15,,192798,5,0,106 45 82,0,15,,192824,5,0,106 45 82,0,15,,192827,5,0,106 45 82,0,55,,192825,5,0,5 14,0,15,,192826,5,0,106 45 82,0,15,,192828,5,0,106 45 82,0,15,,192803,5,0,106 45 82,0,55,,192861,5,0,106 45 82,0,15,,192850,5,0,106 45 82,0,15,,192819,5,0,106 45 82,0,15,,192822,5,0,106 45 82,0,55,,192849,5,0,106 45 82,0,16,,192858,5,0,106 45 82,0,16,,192818,5,0,106 45 82,0,16,,192783,5,0,5 14,0,56,,192854,5,0,106 45 82,0,15,,192799,5,0,5 14,0,15,,192806,5,0,106 45 82,0,15,,192834,5,0,5 14,0,58,,192811,5,0,106 45 82,0,23,,192852,5,0,106 45 82,0,69,,192793,5,0,106 45 82,0
662600,'3_merged_15727751',649,,192920,5,0,106 45 82,0,60,,192900,5,0,106 45 82,0,19,,192880,5,0,106 45 82,0,21,,192911,5,0,106 45 82,0,60,,192909,5,0,106 45 82,0,20,,192905,5,0,106 45 82,0,20,,192881,5,0,106 45 82,0,58,,192876,5,0,106 45 82,0,15,,192917,5,0,106 45 82,0,15,,192868,5,0,106 45 82,0,15,,192914,5,0,106 45 82,0,55,,192899,5,0,106 45 82,0,15,,192922,5,0,106 45 82,0,15,,192935,5,0,106 45 82,0,15,,192898,5,0,106 45 82,0,55,,192906,5,0,106 45 82,0,15,,192926,5,0,106 45 82,0,15,,192877,5,0,106 45 82,0,15,,192897,5,0,106 45 82,0,55,,192871,5,0,106 45 82,0,15,,192872,5,0,106 45 82,0,15,,192930,5,0,106 45 82,0,15,,192896,5,0,106 45 82,0,56,,192927,5,0,106 45 82,0,15,,192907,5,0,106 45 82,0,15,,192901,5,0,106 45 82,0,15,,192895,5,0,106 45 82,0,55,,192934,5,0,106 45 82,0,15,,192933,5,0,106 45 82,0,15,,192910,5,0,106 45 82,0,15,,192894,5,0,106 45 82,0,55,,192878,5,0,106 45 82,0,15,,192874,5,0,106 45 82,0,15,,192908,5,0,106 45 82,0,15,,192893,5,0,106 45 82,0,55,,192888,5,0,106 45 82,0,14,,192865,5,0,106 45 82,0,15,,192902,5,0,106 45 82,0,15,,192892,5,0,106 45 82,0,55,,192886,5,0,106 45 82,0,15,,192925,5,0,106 45 82,0,15,,192937,5,0,106 45 82,0,15,,192891,5,0,106 45 82,0,55,,192887,5,0,106 45 82,0,15,,192879,5,0,106 45 82,0,15,,192873,5,0,106 45 82,0,15,,192889,5,0,106 45 82,0,55,,192931,5,0,106 45 82,0,15,,192885,5,0,5 14,0,15,,192866,5,0,106 45 82,0,15,,192913,5,0,106 45 82,0,55,,192870,5,0,106 45 82,0,15,,192924,5,0,106 45 82,0,15,,192864,5,0,106 45 82,0,15,,192936,5,0,106 45 82,0,55,,192918,5,0,106 45 82,0,15,,192932,5,0,106 45 82,0,15,,192919,5,0,106 45 82,0,15,,192916,5,0,106 45 82,0,55,,192929,5,0,106 45 82,0,15,,192867,5,0,106 45 82,0,15,,192884,5,0,5 14,0,15,,192890,5,0,106 45 82,0,54,,192882,5,0,5 14,0,15,,192883,5,0,106 45 82,0,15,,192904,5,0,5 14,0,15,,192869,5,0,106 45 82,0,62,,192915,5,0,106 45 82,0,24,,192903,5,0,5 14,0,72,,192928,5,0,5 14,0,37,,192912,5,0,5 14,0
683101,'1_merged_15727750',2611,,223677,5,,,0,30,,223676,5,,,0,70,,223675,5,,,0
683101,'2_merged_15727752',2612,,223679,5,,,0,30,,223678,5,,,0,70,,223680,5,,,0
683101,'3_merged_15727751',2611,,223683,5,,,0,30,,223682,5,,,0,70,,223681,5,,,0
683400,'1201_merged_15727743',2558,,223705,5,,,0,62,,223708,5,,,0,25,,223706,5,0,6 7 8,0,104,,223707,5,,,0
683400,'1_merged_15727750',2543,,223715,5,,,0,67,,223713,5,,,0,21,,223710,5,0,6 7 8,0,28,,223714,5,,,0,56,,223712,5,,,0,18,,223711,5,,,0,71,,223709,5,,,0,25,,223716,5,,,0
683400,'2_merged_15727752',438,,223726,5,,,0,14,,223725,5,,,0,71,,223729,5,,,0,20,,223724,5,,,0,69,,223723,5,,,0,1903,,223730,5,,,0,19,,223731,5,,,0,20,,223728,5,,,0,60,,223732,5,,,0,15,,223721,5,,,0,15,,223718,5,,,0,15,,223720,5,,,0,60,,223719,5,,,0,20,,223722,5,0,6 7 8,0,20,,223717,5,0,6 7 8,0,65,,223727,5,,,0
683400,'3_merged_15727751',439,,223742,5,,,0,72,,223743,5,,,0,15,,223744,5,,,0,15,,223750,5,,,0,14,,223749,5,,,0,57,,223745,5,,,0,22,,223733,5,,,0,19,,223751,5,,,0,58,,223746,5,,,0,1736,,223748,5,,,0,66,,223747,5,,,0,22,,223737,5,,,0,78,,223734,5,,,0,20,,223739,5,0,6 7 8,0,20,,223735,5,,,0,62,,223736,5,,,0,20,,223738,5,0,6 7 8,0,20,,223740,5,0,6 7 8,0,61,,223741,5,,,0
683700,'1101_merged_15727765',2624,,223818,5,,,0
683700,'1201_merged_15727743',2624,,223819,5,,,0
683700,'1_merged_15727750',2504,,223820,5,,,0,20,,223821,5,,,0,20,,223822,5,,,0,69,,223823,5,,,0,34,,223824,5,,,0,59,,223825,5,,,0,28,,223826,5,,,0
683700,'2_merged_15727752',2505,,223829,5,,,0,23,,223834,5,,,0,14,,223828,5,,,0,59,,223833,5,,,0,20,,223830,5,,,0,30,,223832,5,,,0,52,,223831,5,,,0,34,,223827,5,,,0
683700,'3_merged_15727751',2338,,223842,5,,,0,72,,223843,5,,,0,30,,223844,5,,,0,79,,223845,5,,,0,31,,223846,5,,,0,64,,223847,5,,,0,88,,223848,5,,,0,25,,223849,5,,,0
