662000,'152201_merged_15727756',2058,,189517,29,,,0,55,,189508,29,,,0,15,,189518,29,,,0,15,,189507,29,,,0,60,,189509,29,,,0,20,,189511,29,,,0,21,,189516,29,,,0,60,,189510,29,,,0,20,,189515,29,,,0,23,,189513,29,,,0,70,,189512,29,,,0,30,,189514,29,,,0,70,,189506,29,,,0
662000,'152301_merged_15727764',2058,,189521,29,,,0,55,,189522,29,,,0,15,,189523,29,,,0,15,,189524,29,,,0,60,,189525,29,,,0,20,,189527,29,,,0,21,,189529,29,,,0,60,,189526,29,,,0,20,,189528,29,,,0,23,,189530,29,,,0,70,,189531,29,,,0,30,,189519,29,,,0,70,,189520,29,,,0
662000,'1_merged_15727750',425,,189548,29,,,0,20,,189549,29,,,0,60,,189551,29,,,0,2,,189555,24,,,0,6,,189558,24,0,23 15,0,10,,189554,24,,,0,2,,189552,29,,,0,10,,189559,24,0,23 15,0,2,,189610,24,,,0,5,,189550,29,,,0,13,,189553,29,,,0,55,,189561,29,,,0,11,,189578,29,,,0,5,,189557,24,0,23 15,0,7,,189579,29,,,0,12,,189580,29,,,0,1,,189556,24,0,23 15,0,11,,189581,29,,,0,52,,189582,29,,,0,12,,189592,29,,,0,3,,189613,24,,,0,8,,189593,29,,,0,9,,189612,24,0,23 15,0,1,,189605,29,,,0,9,,189541,29,,,0,50,,189543,29,,,0,10,,189544,29,,,0,2,,189611,24,,,0,6,,189588,29,,,0,10,,189589,29,,,0,10,,189590,29,,,0,10,,189591,29,,,0,52,,189583,29,,,0,14,,189584,29,,,0,15,,189594,29,,,0,15,,189545,29,,,0,55,,189562,29,,,0,14,,189563,29,,,0,15,,189564,29,,,0,15,,189565,29,,,0,15,,189542,29,,,0,55,,189566,29,,,0,15,,189567,29,,,0,15,,189568,29,,,0,15,,189569,29,,,0,54,,189570,29,,,0,15,,189571,29,,,0,15,,189572,29,,,0,15,,189573,29,,,0,55,,189574,29,,,0,15,,189575,29,,,0,16,,189576,29,,,0,15,,189577,29,,,0,55,,189585,29,,,0,15,,189586,29,,,0,14,,189587,29,,,0,14,,189595,29,,,0,55,,189596,29,,,0,15,,189597,29,,,0,12,,189598,29,,,0,12,,189599,29,,,0,52,,189600,29,,,0,13,,189601,29,,,0,12,,189602,29,,,0,13,,189603,29,,,0,12,,189604,29,,,0,52,,189536,29,,,0,12,,189537,29,,,0,13,,189538,29,,,0,13,,189539,29,,,0,13,,189540,29,,,0,54,,189535,29,,,0,14,,189560,29,,,0,15,,189547,29,,,0,15,,189534,29,,,0,55,,189532,29,,,0,16,,189546,29,,,0,15,,189606,29,,,0,15,,189608,29,,,0,55,,189609,29,,,0,15,,189533,29,,,0,15,,189607,29,,,0
662000,'2_merged_15727752',456,,189614,29,,,0,60,,189615,29,,,0,19,,189616,29,,,0,21,,189617,29,,,0,60,,189618,29,,,0,19,,189619,29,,,0,15,,189620,29,,,0,55,,189621,29,,,0,14,,189622,29,,,0,14,,189623,29,,,0,15,,189624,29,,,0,53,,189625,29,,,0,15,,189626,29,,,0,15,,189627,29,,,0,15,,189628,29,,,0,55,,189629,29,,,0,15,,189630,29,,,0,15,,189631,29,,,0,15,,189632,29,,,0,55,,189633,29,,,0,15,,189634,29,,,0,15,,189635,29,,,0,13,,189636,29,,,0,15,,189637,29,,,0,55,,189638,29,,,0,15,,189639,29,,,0,15,,189640,29,,,0,15,,189641,29,,,0,53,,189642,29,,,0,15,,189643,29,,,0,15,,189644,29,,,0,15,,189645,29,,,0,55,,189646,29,,,0,15,,189647,29,,,0,15,,189648,29,,,0,15,,189649,29,,,0,55,,189650,29,,,0,15,,189651,29,,,0,15,,189652,29,,,0,15,,189653,29,,,0,56,,189654,29,,,0,15,,189655,29,,,0,15,,189656,29,,,0,15,,189657,29,,,0,55,,189658,29,,,0,15,,189659,29,,,0,15,,189660,29,,,0,15,,189661,29,,,0,55,,189662,29,,,0,15,,189663,29,,,0,15,,189664,29,,,0,15,,189665,29,,,0,56,,189666,29,,,0,15,,189667,29,,,0,15,,189668,29,,,0,15,,189669,29,,,0,55,,189670,29,,,0,15,,189671,29,,,0,15,,189672,29,,,0,15,,189673,29,,,0,55,,189674,29,,,0,15,,189675,29,,,0,16,,189676,29,,,0,56,,189677,29,,,0,20,,189678,29,,,0,20,,189679,29,,,0,60,,189680,29,,,0,20,,189681,29,,,0,20,,189682,29,,,0,64,,189683,29,,,0,20,,189684,29,,,0,25,,189685,29,,,0,70,,189686,29,,,0,30,,189687,29,,,0,70,,189688,29,,,0
662000,'3_merged_15727751',542,,189689,29,,,0,60,,189690,29,,,0,20,,189691,29,,,0,19,,189692,29,,,0,60,,189693,29,,,0,20,,189694,29,,,0,20,,189695,29,,,0,15,,189696,29,,,0,54,,189697,29,,,0,15,,189698,29,,,0,15,,189699,29,,,0,15,,189700,29,,,0,55,,189701,29,,,0,13,,189702,29,,,0,15,,189703,29,,,0,15,,189704,29,,,0,53,,189705,29,,,0,12,,189706,29,,,0,15,,189707,29,,,0,15,,189708,29,,,0,55,,189709,29,,,0,15,,189710,29,,,0,15,,189711,29,,,0,16,,189712,29,,,0,55,,189713,29,,,0,15,,189714,29,,,0,15,,189715,29,,,0,15,,189716,29,,,0,55,,189717,29,,,0,14,,189718,29,,,0,15,,189719,29,,,0,15,,189720,29,,,0,55,,189721,29,,,0,15,,189722,29,,,0,15,,189723,29,,,0,15,,189724,29,,,0,55,,189725,29,,,0,15,,189726,29,,,0,15,,189727,29,,,0,16,,189728,29,,,0,55,,189729,29,,,0,15,,189730,29,,,0,15,,189731,29,,,0,15,,189732,29,,,0,55,,189733,29,,,0,15,,189734,29,,,0,15,,189735,29,,,0,15,,189736,29,,,0,55,,189737,29,,,0,15,,189738,29,,,0,15,,189739,29,,,0,15,,189740,29,,,0,55,,189741,29,,,0,15,,189742,29,,,0,16,,189743,29,,,0,15,,189744,29,,,0,55,,189745,29,,,0,15,,189746,29,,,0,15,,189747,29,,,0,19,,189748,29,,,0,60,,189749,29,,,0,20,,189750,29,,,0,20,,189751,29,,,0,60,,189752,29,,,0,20,,189753,29,,,0,20,,189754,29,,,0,60,,189755,29,,,0,20,,189756,29,,,0,16,,189757,29,,,0,70,,189758,29,,,0,30,,189759,29,,,0,70,,189760,29,,,0
662200,'101_merged_15727747',1533,,190428,29,0,10,0
662200,'152201_merged_15727756',2055,,190429,29,0,24 14 8,0,58,,190430,29,0,24 14 8,0,24,,190431,29,0,24 14 8,0,17,,190432,29,0,24 14 8,0,61,,190433,29,0,24 14 8,0,25,,190434,29,0,24 14 8,0,19,,190435,29,0,24 14 8,0,56,,190436,29,0,24 14 8,0,23,,190437,29,0,24 14 8,0,70,,190438,29,0,24 14 8,0,29,,190439,29,,,0,73,,190440,29,,,0
662200,'152301_merged_15727764',2055,,190441,29,0,24 14 8,0,58,,190442,29,0,24 14 8,0,24,,190443,29,0,24 14 8,0,17,,190444,29,0,24 14 8,0,61,,190445,29,0,24 14 8,0,25,,190446,29,0,24 14 8,0,19,,190447,29,0,24 14 8,0,56,,190448,29,0,24 14 8,0,23,,190449,29,0,24 14 8,0,70,,190450,29,0,24 14 8,0,29,,190451,29,,,0,73,,190452,29,,,0
662200,'1_merged_15727750',541,,190454,29,0,24 14 8,0,12,,190455,2,0,24 14 8,0,56,,190456,29,0,24 14 8,0,11,,190457,2,0,24 14 8,0,13,,190458,29,0,24 14 8,0,12,,190459,29,0,24 14 8,0,12,,190460,29,0,24 14 8,0,50,,190461,29,0,24 14 8,0,10,,190462,29,0,24 14 8,0,8,,190463,29,0,24 14 8,0,6,,190464,29,0,24 14 8,0,8,,190465,29,0,24 14 8,0,7,,190466,29,0,24 14 8,0,7,,190467,29,0,24 14 8,0,6,,190468,29,0,24 14 8,0,46,,190533,29,0,24 14 8,0,6,,190469,29,0,24 14 8,0,8,,190470,29,0,24 14 8,0,6,,190471,29,0,24 14 8,0,7,,190472,29,0,24 14 8,0,7,,190473,29,0,24 14 8,0,7,,190474,29,0,24 14 8,0,8,,190475,29,0,24 14 8,0,47,,190476,29,0,24 14 8,0,8,,190477,29,0,24 14 8,0,9,,190478,29,0,24 14 8,0,10,,190479,29,0,24 14 8,0,11,,190480,29,0,24 14 8,0,11,,190481,29,0,24 14 8,0,52,,190537,29,0,24 14 8,0,12,,190482,29,0,24 14 8,0,9,,190483,29,0,24 14 8,0,11,,190484,29,0,24 14 8,0,11,,190485,29,0,24 14 8,0,11,,190538,29,0,24 14 8,0,52,,190486,29,0,24 14 8,0,12,,190487,29,0,24 14 8,0,12,,190488,29,0,24 14 8,0,10,,190489,29,0,24 14 8,0,12,,190539,29,0,24 14 8,0,52,,190490,29,0,24 14 8,0,13,,190491,29,0,24 14 8,0,12,,190492,29,0,24 14 8,0,12,,190493,29,0,24 14 8,0,12,,190540,29,0,24 14 8,0,52,,190494,29,0,24 14 8,0,12,,190495,29,0,24 14 8,0,12,,190496,29,0,24 14 8,0,10,,190541,29,0,24 14 8,0,12,,190497,29,0,24 14 8,0,52,,190498,29,0,24 14 8,0,13,,190499,29,0,24 14 8,0,13,,190500,29,0,24 14 8,0,13,,190529,29,0,24 14 8,0,9,,190530,29,0,24 14 8,0,48,,190534,29,0,24 14 8,0,8,,190531,29,0,24 14 8,0,8,,190532,29,0,24 14 8,0,7,,190501,29,0,24 14 8,0,8,,190535,29,0,24 14 8,0,8,,190536,29,0,24 14 8,0,8,,190502,29,0,24 14 8,0,8,,190503,29,0,24 14 8,0,48,,190504,29,0,24 14 8,0,8,,190505,29,0,24 14 8,0,8,,190506,29,0,24 14 8,0,8,,190507,29,0,24 14 8,0,8,,190508,29,0,24 14 8,0,8,,190509,29,0,24 14 8,0,11,,190510,29,0,24 14 8,0,49,,190511,29,0,24 14 8,0,10,,190512,29,0,24 14 8,0,9,,190513,29,0,24 14 8,0,10,,190514,29,0,24 14 8,0,10,,190515,29,0,24 14 8,0,10,,190516,29,0,24 14 8,0,50,,190517,29,0,24 14 8,0,11,,190518,29,0,24 14 8,0,10,,190519,29,0,24 14 8,0,12,,190520,29,0,24 14 8,0,12,,190521,29,0,24 14 8,0,52,,190522,29,0,24 14 8,0,12,,190542,29,0,24 14 8,0,14,,190523,29,0,24 14 8,0,13,,190524,29,0,24 14 8,0,15,,190525,29,0,24 14 8,0,55,,190526,29,0,24 14 8,0,16,,190527,29,0,24 14 8,0,15,,190528,29,0,24 14 8,0
662200,'2_merged_15727752',602,,190621,2,0,24 14 8,0,24,,190544,29,0,24 14 8,0,20,,190618,29,0,24 14 8,0,60,,190553,29,0,24 14 8,0,18,,190620,29,0,24 14 8,0,15,,190555,29,0,24 14 8,0,13,,190547,29,0,24 14 8,0,55,,190615,29,0,24 14 8,0,13,,190617,29,0,24 14 8,0,15,,190616,29,0,24 14 8,0,14,,190546,29,0,24 14 8,0,55,,190613,29,0,24 14 8,0,15,,190614,29,0,24 14 8,0,12,,190566,29,0,24 14 8,0,12,,190567,29,0,24 14 8,0,12,,190627,29,0,24 14 8,0,52,,190568,29,0,24 14 8,0,9,,190569,29,0,24 14 8,0,12,,190570,29,0,24 14 8,0,12,,190571,29,0,24 14 8,0,12,,190628,29,0,24 14 8,0,52,,190572,29,0,24 14 8,0,6,,190573,29,0,24 14 8,0,12,,190574,29,0,24 14 8,0,12,,190575,29,0,24 14 8,0,12,,190576,29,0,24 14 8,0,12,,190577,29,0,24 14 8,0,52,,190578,29,0,24 14 8,0,12,,190579,29,0,24 14 8,0,10,,190580,29,0,24 14 8,0,10,,190581,29,0,24 14 8,0,10,,190582,29,0,24 14 8,0,50,,190583,29,0,24 14 8,0,9,,190622,29,0,24 14 8,0,10,,190584,29,0,24 14 8,0,10,,190585,29,0,24 14 8,0,10,,190586,29,0,24 14 8,0,10,,190587,29,0,24 14 8,0,50,,190588,29,0,24 14 8,0,10,,190623,29,0,24 14 8,0,10,,190589,29,0,24 14 8,0,10,,190590,29,0,24 14 8,0,10,,190559,29,0,24 14 8,0,10,,190591,29,0,24 14 8,0,50,,190592,29,0,24 14 8,0,10,,190624,29,0,24 14 8,0,10,,190593,29,0,24 14 8,0,10,,190594,29,0,24 14 8,0,12,,190595,29,0,24 14 8,0,11,,190596,29,0,24 14 8,0,51,,190597,29,0,24 14 8,0,10,,190625,29,0,24 14 8,0,10,,190598,29,0,24 14 8,0,10,,190599,29,0,24 14 8,0,10,,190600,29,0,24 14 8,0,10,,190601,29,0,24 14 8,0,50,,190626,29,0,24 14 8,0,11,,190602,29,0,24 14 8,0,10,,190603,29,0,24 14 8,0,10,,190604,29,0,24 14 8,0,10,,190605,29,0,24 14 8,0,12,,190619,29,0,24 14 8,0,56,,190607,29,0,24 14 8,0,15,,190565,29,0,24 14 8,0,15,,190551,29,0,24 14 8,0,15,,190556,29,0,24 14 8,0,55,,190557,29,0,24 14 8,0,15,,190558,29,0,24 14 8,0,16,,190560,29,0,24 14 8,0,55,,190561,29,0,24 14 8,0,16,,190562,29,0,24 14 8,0,15,,190563,29,0,24 14 8,0,14,,190564,29,0,24 14 8,0,55,,190606,29,0,24 14 8,0,15,,190549,29,0,24 14 8,0,16,,190543,29,0,24 14 8,0,17,,190545,29,0,24 14 8,0,62,,190554,29,0,24 14 8,0,26,,190611,29,0,24 14 8,0,22,,190552,29,0,24 14 8,0,62,,190609,29,0,24 14 8,0,21,,190608,29,0,24 14 8,0,65,,190548,29,0,24 14 8,0,30,,190610,29,,,0,70,,190612,29,,,0
662200,'3_merged_15727751',618,,190629,29,,,0,30,,190630,29,,,0,65,,190631,29,0,24 14 8,0,20,,190632,29,0,24 14 8,0,21,,190633,29,0,24 14 8,0,59,,190634,29,0,24 14 8,0,12,,190635,29,0,24 14 8,0,15,,190636,29,0,24 14 8,0,13,,190637,29,0,24 14 8,0,55,,190638,29,0,24 14 8,0,15,,190639,29,0,24 14 8,0,15,,190640,29,0,24 14 8,0,13,,190641,29,0,24 14 8,0,54,,190642,29,0,24 14 8,0,15,,190643,29,0,24 14 8,0,15,,190644,29,0,24 14 8,0,15,,190645,29,0,24 14 8,0,55,,190646,29,0,24 14 8,0,11,,190647,29,0,24 14 8,0,12,,190648,29,0,24 14 8,0,12,,190649,29,0,24 14 8,0,10,,190650,29,0,24 14 8,0,52,,190651,29,0,24 14 8,0,12,,190652,29,0,24 14 8,0,12,,190653,29,0,24 14 8,0,13,,190654,29,0,24 14 8,0,12,,190655,29,0,24 14 8,0,52,,190656,29,0,24 14 8,0,11,,190657,29,0,24 14 8,0,12,,190658,29,0,24 14 8,0,12,,190659,29,0,24 14 8,0,12,,190660,29,0,24 14 8,0,52,,190661,29,0,24 14 8,0,12,,190662,29,0,24 14 8,0,12,,190663,29,0,24 14 8,0,13,,190664,29,0,24 14 8,0,12,,190665,29,0,24 14 8,0,52,,190666,29,0,24 14 8,0,12,,190667,29,0,24 14 8,0,12,,190668,29,0,24 14 8,0,13,,190669,29,0,24 14 8,0,13,,190670,29,0,24 14 8,0,53,,190671,29,0,24 14 8,0,13,,190672,29,0,24 14 8,0,12,,190673,29,0,24 14 8,0,12,,190674,29,0,24 14 8,0,14,,190675,29,0,24 14 8,0,52,,190676,29,0,24 14 8,0,14,,190677,29,0,24 14 8,0,15,,190678,29,0,24 14 8,0,16,,190679,29,0,24 14 8,0,55,,190680,29,0,24 14 8,0,17,,190681,29,0,24 14 8,0,15,,190682,29,0,24 14 8,0,15,,190683,29,0,24 14 8,0,55,,190684,29,0,24 14 8,0,14,,190685,29,0,24 14 8,0,15,,190686,29,0,24 14 8,0,15,,190687,29,0,24 14 8,0,56,,190688,29,0,24 14 8,0,18,,190689,29,0,24 14 8,0,16,,190690,29,0,24 14 8,0,57,,190691,29,0,24 14 8,0,16,,190692,29,0,24 14 8,0,18,,190693,29,0,24 14 8,0,18,,190694,29,0,24 14 8,0,59,,190695,29,0,24 14 8,0,20,,190696,29,0,24 14 8,0,20,,190697,29,0,24 14 8,0,60,,190698,29,0,24 14 8,0,27,,190699,29,0,24 14 8,0,66,,190700,29,,,0,30,,190701,29,,,0,69,,190702,29,,,0
683000,'1_merged_15727750',2557,,223628,49,,,0,72,,223629,49,,,0,28,,223630,49,,,0,70,,223631,49,,,0,30,,223632,49,,,0,72,,223633,49,,,0
683000,'2_merged_15727752',2559,,223640,49,,,0,75,,223639,49,,,0,70,,223638,49,,,0,30,,223635,49,,,0,72,,223637,49,,,0,34,,223636,49,,,0
683000,'3_merged_15727751',2557,,223647,49,,,0,70,,223646,49,,,0,30,,223641,49,,,0,70,,223645,49,,,0,30,,223644,49,,,0,80,,223643,49,,,0
683300,'1_merged_15727750',2559,,223684,29,,,0,73,,223686,29,,,0,72,,223685,29,,,0
683300,'2_merged_15727752',2557,,223687,29,,,0,70,,223689,29,,,0,28,,223688,29,,,0
683300,'3_merged_15727751',2557,,223690,29,,,0,70,,223692,29,,,0,30,,223691,29,,,0,78,,223693,29,,,0
684101,'1_merged_15727750',433,,224000,77,,,0,69,,223999,77,,,0,12,,223998,77,,,0,2004,,224002,77,,,0,30,,223996,77,,,0,75,,223995,77,,,0,30,,223994,77,,,0,70,,223997,77,,,0,35,,224001,77,,,0
684101,'2_merged_15727752',430,,224003,77,,,0,72,,224008,77,,,0,32,,224009,77,,,0,70,,224010,77,,,0,28,,224007,77,,,0,1888,,224012,77,,,0,35,,224004,77,,,0,77,,224011,77,,,0,21,,224005,77,,,0,69,,224006,77,,,0,78,,224013,77,,,0
684101,'3_merged_15727751',432,,224022,77,,,0,70,,224024,77,,,0,30,,224021,77,,,0,69,,224020,77,,,0,15,,224027,77,,,0,15,,224017,77,,,0,16,,224028,77,,,0,55,,224019,77,,,0,1749,,224025,77,,,0,71,,224026,77,,,0,30,,224014,77,,,0,67,,224015,77,,,0,30,,224016,77,,,0,78,,224018,77,,,0,30,,224023,77,,,0
1671800,'1_merged_15727750',451,,226298,2,,,0,63,,226331,2,,,0,745,,226295,2,,,0,271,,226332,2,,,0
1671800,'2_merged_15727752',515,,226359,2,,,0,14,,226360,2,,,0,98,,226361,2,,,0,301,,226429,2,,,0,30,,226371,2,,,0,84,,226362,2,,,0,102,,226430,2,,,0,92,,226431,2,,,0
1671800,'3_merged_15727751',646,,226435,2,,,0,265,,226434,2,,,0,229,,226498,2,,,0
