661400,'152201_merged_15726445',2039,,186136,3,0,10,0,20,,186137,3,0,10,0,60,,186141,3,0,10,0,22,,186138,3,0,10,0,60,,186142,3,0,10,0,20,,186143,3,0,10,0,22,,186139,3,0,10,0,60,,186135,3,0,10,0,18,,186140,3,0,10,0,29,,186134,3,0,10,0
661400,'152301_merged_15726453',2039,,186144,3,0,10,0,20,,186145,3,0,10,0,60,,186146,3,0,10,0,22,,186147,3,0,10,0,60,,186148,3,0,10,0,20,,186149,3,0,10,0,22,,186150,3,0,10,0,60,,186151,3,0,10,0,18,,186152,3,0,10,0,29,,186153,3,0,10,0
661400,'1_merged_15726439',710,,186189,3,,,0,14,,186190,3,,,0,13,,186197,3,,,0,13,,186203,3,,,0,55,,186217,3,,,0,15,,186191,3,,,0,17,,186157,3,,,0,15,,186158,3,,,0,55,,186199,3,,,0,15,,186200,3,,,0,15,,186201,3,,,0,15,,186202,3,,,0,52,,186218,3,,,0,15,,186219,3,,,0,15,,186214,3,,,0,15,,186194,3,,,0,55,,186159,3,,,0,15,,186186,3,,,0,14,,186161,3,,,0,14,,186195,3,,,0,54,,186198,3,,,0,13,,186154,3,,,0,14,,186155,3,,,0,14,,186181,3,,,0,12,,186224,3,,,0,52,,186179,3,,,0,12,,186182,3,,,0,12,,186183,3,,,0,12,,186192,3,,,0,12,,186212,3,,,0,50,,186213,3,,,0,12,,186193,3,,,0,12,,186165,3,,,0,12,,186166,3,,,0,12,,186167,3,,,0,50,,186209,3,,,0,12,,186168,3,,,0,12,,186169,3,,,0,10,,186170,3,,,0,10,,186172,3,,,0,10,,186207,3,,,0,52,,186221,3,,,0,10,,186196,3,,,0,10,,186220,3,,,0,10,,186206,3,,,0,10,,186208,3,,,0,10,,186175,3,,,0,49,,186222,3,,,0,8,,186210,3,,,0,9,,186223,3,,,0,8,,186211,3,,,0,9,,186174,3,,,0,12,,186184,3,,,0,54,,186173,3,,,0,12,,186160,3,,,0,15,,186205,3,,,0,20,,186163,3,,,0,61,,186204,3,,,0,24,,186171,3,0,10,0,20,,186185,3,0,10,0,60,,186156,3,0,10,0
661400,'2_merged_15726441',857,,186277,3,,,0,54,,186278,3,,,0,14,,186249,3,,,0,10,,186266,3,,,0,14,,186264,3,,,0,53,,186229,3,,,0,11,,186230,3,,,0,13,,186231,3,,,0,12,,186299,3,,,0,12,,186252,3,,,0,53,,186234,3,,,0,12,,186233,3,,,0,12,,186282,3,,,0,12,,186251,3,,,0,11,,186253,3,,,0,51,,186292,3,,,0,11,,186254,3,,,0,11,,186255,3,,,0,9,,186300,3,,,0,11,,186283,3,,,0,11,,186288,3,,,0,51,,186242,3,,,0,11,,186293,3,,,0,12,,186228,3,,,0,12,,186237,3,,,0,12,,186238,3,,,0,52,,186239,3,,,0,12,,186294,3,,,0,12,,186279,3,,,0,12,,186295,3,,,0,12,,186289,3,,,0,52,,186248,3,,,0,12,,186268,3,,,0,12,,186281,3,,,0,12,,186296,3,,,0,12,,186270,3,,,0,53,,186284,3,,,0,14,,186256,3,,,0,12,,186287,3,,,0,12,,186260,3,,,0,12,,186297,3,,,0,52,,186291,3,,,0,12,,186225,3,,,0,14,,186226,3,,,0,13,,186227,3,,,0,12,,186298,3,,,0,52,,186301,3,,,0,13,,186235,3,,,0,13,,186236,3,,,0,16,,186269,3,,,0,61,,186257,3,,,0,22,,186271,3,0,10,0,20,,186285,3,0,10,0,61,,186267,3,0,10,0,20,,186272,3,0,10,0,21,,186280,3,0,10,0,61,,186240,3,0,10,0,22,,186265,3,0,10,0,60,,186244,3,0,10,0,20,,186273,3,0,10,0,23,,186243,3,0,10,0,60,,186286,3,0,10,0,19,,186263,3,0,10,0,31,,186259,3,0,10,0
661400,'3_merged_15726440',944,,186313,3,,,0,56,,186314,3,,,0,14,,186315,3,,,0,15,,186316,3,,,0,14,,186317,3,,,0,16,,186318,3,,,0,55,,186319,3,,,0,14,,186320,3,,,0,13,,186321,3,,,0,15,,186322,3,,,0,54,,186323,3,,,0,12,,186324,3,,,0,11,,186325,3,,,0,12,,186326,3,,,0,12,,186327,3,,,0,52,,186328,3,,,0,12,,186329,3,,,0,12,,186330,3,,,0,12,,186331,3,,,0,12,,186332,3,,,0,52,,186333,3,,,0,12,,186334,3,,,0,13,,186335,3,,,0,13,,186336,3,,,0,53,,186337,3,,,0,12,,186338,3,,,0,12,,186339,3,,,0,12,,186340,3,,,0,13,,186341,3,,,0,54,,186342,3,,,0,15,,186343,3,,,0,15,,186344,3,,,0,16,,186345,3,,,0,55,,186346,3,,,0,15,,186347,3,,,0,15,,186348,3,,,0,15,,186349,3,,,0,55,,186350,3,,,0,15,,186351,3,,,0,20,,186352,3,,,0,19,,186353,3,,,0,59,,186354,3,,,0,21,,186355,3,0,10,0,19,,186356,3,0,10,0,60,,186357,3,0,10,0,20,,186358,3,0,10,0,20,,186359,3,0,10,0,64,,186360,3,0,10,0,26,,186361,3,0,10,0,60,,186362,3,0,10,0,19,,186363,3,0,10,0,22,,186364,3,0,10,0,63,,186365,3,0,10,0,19,,186366,3,0,10,0,25,,186367,3,0,10,0
661900,'1_merged_15726439',752,,188888,3,,,0,57,,188890,3,,,0,15,,188892,3,,,0,19,,188894,3,,,0,57,,188896,3,,,0,18,,188898,3,,,0,24,,188900,3,,,0,64,,188902,3,,,0,23,,188904,3,,,0,22,,188906,3,,,0,463,,188936,3,,,0,13,,188938,3,,,0,16,,188939,3,,,0,58,,188941,3,,,0,13,,188943,3,,,0,14,,188945,3,,,0,14,,188947,3,,,0,16,,188949,3,,,0,49,,188950,3,,,0,24,,188952,3,,,0,28,,188954,3,,,0,55,,188955,3,,,0
683300,'1_merged_15726439',2540,,223684,3,,,0,73,,223686,3,,,0,32,,223685,3,,,0
683300,'2_merged_15726441',2537,,223687,3,,,0,70,,223689,3,,,0,28,,223688,3,,,0
683300,'3_merged_15726440',2539,,223690,3,,,0,70,,223692,3,,,0,30,,223691,3,,,0,78,,223693,3,,,0
1671800,'152201_merged_15726445',2036,,226227,3,0,10,0,16,,226228,3,0,10,0,55,,226229,3,0,10,0,15,,226230,3,0,10,0,18,,226231,3,0,10,0,60,,226232,3,0,10,0,21,,226233,3,0,10,0,20,,226234,3,0,10,0,60,,226235,3,0,10,0,30,,226236,3,0,10,0,16,,226226,3,0,10,0,55,,226237,3,0,10,0,15,,226240,3,0,10,0,15,,226238,3,0,10,0,70,,226239,3,0,10,0
1671800,'152301_merged_15726453',2036,,226243,3,0,10,0,16,,226244,3,0,10,0,55,,226245,3,0,10,0,15,,226246,3,0,10,0,18,,226247,3,0,10,0,60,,226248,3,0,10,0,21,,226249,3,0,10,0,20,,226250,3,0,10,0,60,,226251,3,0,10,0,30,,226252,3,0,10,0,16,,226241,3,0,10,0,55,,226253,3,0,10,0,15,,226242,3,0,10,0,15,,226254,3,0,10,0,70,,226255,3,0,10,0
1671800,'1_merged_15726439',300,,226328,3,0,10,0,30,,226329,3,0,10,0,78,,226330,3,0,10,0,30,,226297,3,,,0,78,,226299,3,,,0,17,,226294,3,,,0,26,,226301,3,,,0,54,,226302,3,,,0,15,,226303,3,,,0,12,,226304,3,,,0,12,,226291,3,,,0,54,,226292,3,,,0,13,,226308,3,,,0,14,,226309,3,,,0,12,,226310,3,,,0,13,,226311,3,,,0,53,,226312,3,,,0,12,,226313,3,,,0,13,,226314,3,,,0,14,,226315,3,,,0,54,,226316,3,,,0,14,,226317,3,,,0,15,,226318,3,,,0,15,,226319,3,,,0,55,,226320,3,,,0,15,,226321,3,,,0,14,,226322,3,,,0,15,,226323,3,,,0,55,,226324,3,,,0,16,,226325,3,,,0,14,,226326,3,,,0,15,,226327,3,,,0,55,,226305,3,,,0,15,,226306,3,,,0,15,,226307,3,,,0,15,,226284,3,,,0,55,,226285,3,,,0,15,,226286,3,,,0,16,,226256,3,,,0,15,,226257,3,,,0,53,,226258,3,,,0,8,,226259,3,,,0,8,,226296,3,,,0,14,,226260,3,,,0,15,,226261,3,,,0,12,,226262,3,,,0,53,,226263,3,,,0,12,,226264,3,,,0,10,,226334,3,,,0,10,,226265,3,,,0,10,,226266,3,,,0,50,,226267,3,,,0,10,,226268,3,,,0,10,,226269,3,,,0,10,,226270,3,,,0,9,,226271,3,,,0,9,,226272,3,,,0,51,,226333,3,,,0,9,,226273,3,,,0,9,,226274,3,,,0,10,,226275,3,,,0,10,,226276,3,,,0,12,,226277,3,,,0,54,,226278,3,,,0,12,,226279,3,,,0,13,,226280,3,,,0,12,,226281,3,0,10,0,15,,226282,3,0,10,0,55,,226283,3,0,10,0,15,,226287,3,0,10,0,17,,226288,3,0,10,0,55,,226290,3,0,10,0,18,,226289,3,0,10,0
1671800,'2_merged_15726441',301,,226432,3,0,10,0,30,,226433,3,0,10,0,76,,226428,3,0,10,0,30,,226363,3,,,0,81,,226394,3,,,0,21,,226395,3,,,0,15,,226372,3,,,0,56,,226373,3,,,0,19,,226374,3,,,0,20,,226375,3,,,0,55,,226376,3,,,0,14,,226377,3,,,0,13,,226378,3,,,0,13,,226380,3,,,0,11,,226381,3,,,0,53,,226382,3,,,0,14,,226383,3,,,0,15,,226384,3,,,0,15,,226385,3,,,0,53,,226386,3,,,0,15,,226387,3,,,0,15,,226388,3,,,0,15,,226389,3,,,0,54,,226390,3,,,0,15,,226391,3,,,0,12,,226392,3,,,0,12,,226393,3,,,0,12,,226379,3,,,0,51,,226364,3,,,0,12,,226396,3,,,0,13,,226397,3,,,0,12,,226398,3,,,0,13,,226399,3,,,0,49,,226365,3,,,0,10,,226400,3,,,0,11,,226401,3,,,0,10,,226402,3,,,0,10,,226403,3,,,0,10,,226404,3,,,0,49,,226366,3,,,0,10,,226405,3,,,0,10,,226406,3,,,0,10,,226407,3,,,0,10,,226408,3,,,0,11,,226409,3,,,0,51,,226367,3,,,0,11,,226410,3,,,0,10,,226411,3,,,0,10,,226412,3,,,0,10,,226413,3,,,0,10,,226414,3,,,0,50,,226368,3,,,0,10,,226415,3,,,0,10,,226416,3,,,0,10,,226418,3,,,0,10,,226419,3,,,0,10,,226420,3,,,0,50,,226369,3,,,0,9,,226421,3,,,0,12,,226422,3,,,0,10,,226417,3,,,0,9,,226423,3,,,0,10,,226424,3,,,0,50,,226370,3,,,0,11,,226425,3,,,0,11,,226426,3,,,0,12,,226427,3,,,0,12,,226335,3,,,0,52,,226336,3,,,0,12,,226337,3,,,0,13,,226338,3,,,0,13,,226339,3,0,10,0,15,,226340,3,0,10,0,55,,226341,3,0,10,0,15,,226342,3,0,10,0,18,,226343,3,0,10,0,55,,226344,3,0,10,0,14,,226345,3,0,10,0,14,,226346,3,0,10,0,18,,226347,3,0,10,0,55,,226348,3,0,10,0,15,,226349,3,0,10,0,20,,226358,3,0,10,0,20,,226350,3,0,10,0,60,,226351,3,0,10,0,21,,226352,3,0,10,0,61,,226353,3,0,10,0,24,,226354,3,0,10,0,31,,226355,3,0,10,0,70,,226356,3,0,10,0,32,,226357,3,0,10,0
1671800,'3_merged_15726440',300,,226518,3,0,10,0,30,,226519,3,0,10,0,76,,226516,3,0,10,0,30,,226517,3,0,10,0,77,,226512,3,,,0,22,,226453,3,,,0,20,,226459,3,,,0,61,,226460,3,,,0,24,,226513,3,,,0,60,,226461,3,,,0,14,,226463,3,,,0,15,,226436,3,,,0,14,,226462,3,,,0,11,,226464,3,,,0,53,,226465,3,,,0,14,,226466,3,,,0,15,,226467,3,,,0,15,,226468,3,,,0,55,,226469,3,,,0,16,,226470,3,,,0,14,,226471,3,,,0,16,,226472,3,,,0,56,,226473,3,,,0,16,,226474,3,,,0,12,,226475,3,,,0,14,,226476,3,,,0,53,,226477,3,,,0,14,,226497,3,,,0,13,,226478,3,,,0,12,,226479,3,,,0,13,,226480,3,,,0,52,,226437,3,,,0,11,,226481,3,,,0,12,,226482,3,,,0,12,,226483,3,,,0,12,,226484,3,,,0,52,,226438,3,,,0,13,,226485,3,,,0,12,,226486,3,,,0,13,,226487,3,,,0,12,,226488,3,,,0,52,,226449,3,,,0,13,,226489,3,,,0,12,,226490,3,,,0,13,,226491,3,,,0,12,,226492,3,,,0,52,,226450,3,,,0,12,,226493,3,,,0,11,,226494,3,,,0,12,,226495,3,,,0,12,,226458,3,,,0,51,,226451,3,,,0,11,,226496,3,,,0,12,,226454,3,,,0,12,,226455,3,,,0,12,,226456,3,,,0,52,,226452,3,,,0,12,,226439,3,,,0,14,,226440,3,,,0,14,,226441,3,,,0,55,,226442,3,,,0,15,,226443,3,,,0,15,,226444,3,,,0,16,,226445,3,0,10,0,55,,226446,3,0,10,0,16,,226447,3,0,10,0,15,,226448,3,0,10,0,15,,226457,3,0,10,0,55,,226515,3,0,10,0,15,,226499,3,0,10,0,19,,226500,3,0,10,0,15,,226501,3,0,10,0,55,,226502,3,0,10,0,15,,226514,3,0,10,0,20,,226503,3,0,10,0,60,,226504,3,0,10,0,20,,226505,3,0,10,0,22,,226506,3,0,10,0,61,,226507,3,0,10,0,24,,226508,3,0,10,0,72,,226509,3,0,10,0,30,,226510,3,0,10,0,70,,226511,3,0,10,0
