665900,'101_merged_15727747',1635,,202662,27,4,,0
665900,'1_merged_15727750',528,,202665,27,4,,0,94,,202666,27,4,,0,30,,202664,27,4,,0,72,,202667,27,4,,0,32,,202669,27,4,,0,70,,202670,27,4,,0,31,,202671,27,4,,0,68,,202672,27,4,,0,28,,202673,27,4,,0,70,,202668,27,4,,0,30,,202674,27,4,,0,70,,202675,27,4,,0,30,,202676,27,4,,0,70,,202677,27,4,,0,32,,202678,27,4,,0,71,,202679,27,4,,0,29,,202680,27,4,,0,73,,202681,27,4,,0,78,,202683,27,4,,0,25,,202684,27,4,,0,69,,202685,27,4,,0,28,,202704,27,4,,0,74,,202686,27,4,,0,30,,202687,27,4,,0,68,,202688,27,4,,0,29,,202689,27,4,,0,29,,202690,27,4,,0,66,,202691,27,4,,0,32,,202692,27,4,,0,70,,202693,27,4,,0,30,,202694,27,4,,0,68,,202695,27,4,,0,30,,202696,27,4,,0,69,,202697,27,4,,0,30,,202698,27,4,,0,68,,202699,27,4,,0,30,,202700,27,4,,0,70,,202701,27,4,,0,30,,202702,27,4,,0,68,,202703,27,4,,0,30,,202663,27,4,,0,66,,202682,27,4,,0
665900,'201_merged_15727755',1635,,202705,27,4,,0
665900,'2_merged_15727752',646,,202706,27,4,,0,69,,202707,27,4,,0,31,,202708,27,4,,0,72,,202709,27,4,,0,31,,202710,27,4,,0,70,,202711,27,4,,0,31,,202712,27,4,,0,65,,202713,27,4,,0,29,,202714,27,4,,0,72,,202715,27,4,,0,29,,202716,27,4,,0,71,,202717,27,4,,0,30,,202718,27,4,,0,68,,202719,27,4,,0,30,,202720,27,4,,0,69,,202721,27,4,,0,31,,202722,27,4,,0,69,,202723,27,4,,0,33,,202724,27,4,,0,68,,202725,27,4,,0,33,,202726,27,4,,0,69,,202727,27,4,,0,31,,202728,27,4,,0,67,,202729,27,4,,0,32,,202730,27,4,,0,70,,202731,27,4,,0,32,,202732,27,4,,0,76,,202733,27,4,,0,29,,202734,27,4,,0,71,,202735,27,4,,0,30,,202745,27,4,,0,72,,202736,27,4,,0,22,,202744,27,4,,0,70,,202737,27,4,,0,30,,202743,27,4,,0,68,,202738,27,4,,0,30,,202742,27,4,,0,71,,202739,27,4,,0,27,,202741,27,4,,0,73,,202740,27,4,,0
665900,'3_merged_15727751',741,,202775,27,4,,0,70,,202767,27,4,,0,30,,202768,27,4,,0,72,,202769,27,4,,0,30,,202755,27,4,,0,71,,202756,27,4,,0,30,,202757,27,4,,0,70,,202776,27,4,,0,30,,202770,27,4,,0,72,,202771,27,4,,0,30,,202753,27,4,,0,70,,202779,27,4,,0,30,,202780,27,4,,0,70,,202781,27,4,,0,30,,202750,27,4,,0,70,,202754,27,4,,0,29,,202777,27,4,,0,72,,202778,27,4,,0,30,,202764,27,4,,0,70,,202746,27,4,,0,28,,202758,27,4,,0,70,,202766,27,4,,0,30,,202760,27,4,,0,70,,202752,27,4,,0,30,,202773,27,4,,0,68,,202772,27,4,,0,30,,202751,27,4,,0,70,,202774,27,4,,0,30,,202759,27,4,,0,70,,202761,27,4,,0,30,,202747,27,4,,0,70,,202762,27,4,,0,29,,202748,27,4,,0,70,,202749,27,4,,0,28,,202763,27,4,,0,70,,202765,27,4,,0
666001,'101_merged_15727747',832,,203025,1,,,0,680,,203026,1,,,0
666001,'1_merged_15727750',520,,203059,1,,,0,17,,203058,1,,,0,18,,203057,1,,,0,58,,203056,1,,,0,15,,203055,1,,,0,13,,203054,1,,,0,18,,203053,1,,,0,51,,203052,1,,,0,17,,203051,1,,,0,20,,203062,1,,,0,55,,203061,1,,,0,17,,203050,1,,,0,34,,203049,1,,,0,70,,203048,1,,,0,30,,203047,1,,,0,69,,203046,1,,,0,30,,203045,1,,,0,70,,203044,1,,,0,35,,203043,1,,,0,70,,203042,1,,,0,30,,203041,1,,,0,69,,203040,1,,,0,30,,203039,1,,,0,65,,203038,1,,,0,14,,203073,1,,,0,20,,203067,1,,,0,71,,203064,1,,,0,16,,203037,1,,,0,59,,203063,1,,,0,11,,203036,1,,,0,22,,203035,1,,,0,7,,203034,1,,,0,15,,203033,1,,,0,55,,203032,1,,,0,15,,203031,1,,,0,21,,203030,1,,,0,9,,203029,1,,,0,54,,203028,1,,,0,21,,203072,1,,,0,26,,203066,1,,,0,55,,203071,1,,,0,30,,203070,1,,,0,69,,203027,1,,,0,29,,203060,1,,,0,100,,203069,1,,,0,99,,203068,1,,,0,108,,203065,1,,,0
666001,'201_merged_15727755',832,,203074,1,,,0,680,,203075,1,,,0
666001,'2_merged_15727752',628,,203076,1,,,0,97,,203077,1,,,0,30,,203078,1,,,0,70,,203079,1,,,0,30,,203080,1,,,0,70,,203081,1,,,0,30,,203082,1,,,0,70,,203083,1,,,0,30,,203084,1,,,0,60,,203085,1,,,0,20,,203107,1,,,0,20,,203086,1,,,0,60,,203087,1,,,0,20,,203108,1,,,0,20,,203088,1,,,0,60,,203089,1,,,0,20,,203109,1,,,0,20,,203090,1,,,0,60,,203091,1,,,0,20,,203110,1,,,0,19,,203092,1,,,0,61,,203093,1,,,0,20,,203111,1,,,0,19,,203094,1,,,0,61,,203095,1,,,0,20,,203112,1,,,0,19,,203096,1,,,0,61,,203097,1,,,0,20,,203113,1,,,0,20,,203098,1,,,0,70,,203099,1,,,0,30,,203100,1,,,0,70,,203101,1,,,0,30,,203102,1,,,0,70,,203114,1,,,0,30,,203103,1,,,0,100,,203104,1,,,0,100,,203105,1,,,0,100,,203106,1,,,0
666001,'3_merged_15727751',700,,203122,1,,,0,100,,203123,1,,,0,30,,203124,1,,,0,70,,203125,1,,,0,30,,203121,1,,,0,70,,203126,1,,,0,30,,203128,1,,,0,70,,203129,1,,,0,30,,203130,1,,,0,70,,203131,1,,,0,30,,203132,1,,,0,70,,203133,1,,,0,30,,203134,1,,,0,70,,203135,1,,,0,30,,203136,1,,,0,70,,203137,1,,,0,30,,203138,1,,,0,70,,203139,1,,,0,30,,203140,1,,,0,70,,203141,1,,,0,30,,203142,1,,,0,70,,203143,1,,,0,30,,203115,1,,,0,70,,203127,1,,,0,30,,203116,1,,,0,70,,203117,1,,,0,30,,203145,1,,,0,70,,203118,1,,,0,100,,203120,1,,,0,57,,203144,1,,,0,101,,203119,1,,,0
666100,'101_merged_15727747',1539,,203146,18,4,,0
666100,'1_merged_15727750',603,,203176,35,4,,0,15,,203177,35,4,,0,15,,203178,35,4,,0,17,,203179,35,4,,0,53,,203180,35,4,,0,17,,203181,35,4,,0,18,,203182,35,4,,0,11,,203183,35,4,,0,61,,203184,35,4,,0,15,,203185,35,4,,0,16,,203186,35,4,,0,14,,203187,35,4,,0,58,,203188,35,4,,0,15,,203189,35,4,,0,31,,203190,35,4,,0,68,,203191,35,4,,0,29,,203192,35,4,,0,70,,203193,35,4,,0,28,,203194,35,4,,0,71,,203147,35,4,,0,30,,203148,35,4,,0,70,,203149,35,4,,0,32,,203150,35,4,,0,70,,203151,35,4,,0,29,,203152,35,4,,0,72,,203153,35,4,,0,17,,203154,35,4,,0,57,,203155,35,4,,0,8,,203156,35,4,,0,18,,203157,35,4,,0,13,,203158,35,4,,0,17,,203159,35,4,,0,62,,203160,35,4,,0,9,,203161,35,4,,0,15,,203162,35,4,,0,14,,203163,35,4,,0,52,,203164,35,4,,0,15,,203165,35,4,,0,10,,203166,35,4,,0,18,,203167,35,4,,0,58,,203168,35,4,,0,20,,203169,35,4,,0,70,,203170,35,4,,0,28,,203171,35,4,,0,30,,203172,35,4,,0,69,,203173,35,4,,0,30,,203174,35,4,,0,68,,203175,35,4,,0,100,,203195,35,4,,0
666100,'2_merged_15727752',625,,203203,35,4,,0,32,,203207,35,4,,0,70,,203201,35,4,,0,29,,203204,35,4,,0,71,,203205,35,4,,0,32,,203202,35,4,,0,70,,203198,35,4,,0,30,,203209,35,4,,0,70,,203197,35,4,,0,71,,203196,35,4,,0,30,,203220,35,4,,0,70,,203224,35,4,,0,32,,203200,35,4,,0,72,,203223,35,4,,0,30,,203222,35,4,,0,70,,203221,35,4,,0,30,,203208,35,4,,0,70,,203226,35,4,,0,30,,203219,35,4,,0,70,,203211,35,4,,0,30,,203225,35,4,,0,70,,203218,35,4,,0,30,,203217,35,4,,0,68,,203216,35,4,,0,30,,203215,35,4,,0,70,,203214,35,4,,0,30,,203199,35,4,,0,68,,203213,35,4,,0,30,,203227,35,4,,0,70,,203212,35,4,,0,30,,203228,35,4,,0,70,,203206,35,4,,0,28,,203229,35,4,,0,30,,203210,35,4,,0,100,,203230,35,4,,0
666100,'3_merged_15727751',758,,203232,35,4,,0,70,,203248,35,4,,0,30,,203233,35,4,,0,72,,203249,35,4,,0,70,,203234,35,4,,0,30,,203250,35,4,,0,71,,203235,35,4,,0,30,,203251,35,4,,0,70,,203236,35,4,,0,30,,203252,35,4,,0,70,,203237,35,4,,0,32,,203253,35,4,,0,70,,203238,35,4,,0,30,,203254,35,4,,0,70,,203239,35,4,,0,30,,203255,35,4,,0,69,,203240,35,4,,0,30,,203256,35,4,,0,70,,203241,35,4,,0,30,,203257,35,4,,0,70,,203242,35,4,,0,29,,203258,35,4,,0,70,,203243,35,4,,0,29,,203231,35,4,,0,70,,203244,35,4,,0,28,,203259,35,4,,0,31,,203245,35,4,,0,69,,203260,35,4,,0,30,,203246,35,4,,0,100,,203247,35,4,,0,100,,203261,35,4,,0
666600,'101_merged_15727747',844,,204310,48,4,,0,5,,204308,48,4,,0,868,,204309,44,4,,0
666600,'1_merged_15727750',557,,204349,25,4,,0,81,,204348,46,4,,0,73,,204331,46,4,,0,26,,204347,46,4,,0,63,,204346,46,4,,0,26,,204345,44,4,,0,87,,204344,44,4,,0,28,,204343,44,4,,0,69,,204342,44,4,,0,30,,204341,44,4,,0,70,,204327,44,4,,0,30,,204326,44,4,,0,70,,204325,44,4,,0,30,,204340,44,4,,0,70,,204324,44,4,,0,30,,204339,44,4,,0,70,,204338,44,4,,0,32,,204337,44,4,,0,73,,204336,44,4,,0,37,,204323,44,4,,0,70,,204322,44,4,,0,21,,204352,44,4,,0,15,,204313,44,4,,0,72,,204351,44,4,,0,16,,204335,44,4,,0,55,,204312,44,4,,0,14,,204334,44,4,,0,13,,204333,44,4,,0,12,,204332,44,4,,0,12,,204311,44,4,,0,55,,204330,44,4,,0,19,,204321,44,4,,0,30,,204329,44,4,,0,69,,204328,44,4,,0,27,,204314,44,4,,0,70,,204315,44,4,,0,26,,204353,44,4,,0,70,,204316,44,4,,0,38,,204317,44,4,,0,88,,204318,44,4,,0,84,,204319,44,4,,0,89,,204320,44,4,,0,41,,204350,44,4,,0
666600,'201_merged_15727755',844,,204356,44,4,,0,5,,204354,44,4,,0,868,,204355,44,4,,0
666600,'2_merged_15727752',732,,204357,44,4,,0,69,,204358,44,4,,0,30,,204359,44,4,,0,72,,204360,44,4,,0,32,,204361,44,4,,0,72,,204362,44,4,,0,30,,204363,44,4,,0,71,,204364,44,4,,0,30,,204365,44,4,,0,72,,204366,44,4,,0,34,,204367,44,4,,0,70,,204368,44,4,,0,30,,204369,44,4,,0,68,,204370,44,4,,0,30,,204371,44,4,,0,69,,204372,44,4,,0,30,,204373,44,4,,0,68,,204374,44,4,,0,31,,204375,44,4,,0,69,,204376,44,4,,0,29,,204377,44,4,,0,70,,204378,44,4,,0,29,,204379,44,4,,0,70,,204380,44,4,,0,28,,204381,44,4,,0,67,,204382,44,4,,0,30,,204390,44,4,,0,70,,204383,44,4,,0,30,,204391,44,4,,0,70,,204384,44,4,,0,99,,204385,44,4,,0,57,,204386,44,4,,0,100,,204387,44,4,,0,100,,204388,44,4,,0,74,,204389,44,4,,0
666600,'3_merged_15727751',744,,204408,44,4,,0,95,,204409,44,4,,0,100,,204392,44,4,,0,70,,204417,44,4,,0,35,,204393,44,4,,0,70,,204418,44,4,,0,30,,204394,44,4,,0,72,,204410,44,4,,0,31,,204395,44,4,,0,72,,204411,44,4,,0,30,,204396,44,4,,0,69,,204412,44,4,,0,30,,204397,44,4,,0,69,,204413,44,4,,0,30,,204398,44,4,,0,70,,204414,44,4,,0,30,,204399,44,4,,0,69,,204415,44,4,,0,28,,204400,44,4,,0,70,,204416,44,4,,0,29,,204401,44,4,,0,69,,204419,44,4,,0,30,,204402,44,4,,0,68,,204420,44,4,,0,32,,204403,44,4,,0,66,,204421,44,4,,0,31,,204404,44,4,,0,99,,204405,44,4,,0,98,,204406,44,4,,0,110,,204407,44,4,,0
666800,'1_merged_15727750',605,,204934,18,4,,0,34,,204966,18,4,,0,71,,204935,18,4,,0,31,,204967,18,4,,0,72,,204936,18,4,,0,33,,204968,18,4,,0,69,,204937,18,4,,0,30,,204969,18,4,,0,66,,204938,18,4,,0,31,,204970,18,4,,0,69,,204939,18,4,,0,30,,204971,18,4,,0,70,,204940,18,4,,0,30,,204972,18,4,,0,72,,204941,18,4,,0,30,,204944,18,4,,0,73,,204942,18,4,,0,30,,204945,18,4,,0,71,,204943,18,4,,0,31,,204946,18,4,,0,79,,204955,18,4,,0,26,,204947,18,4,,0,65,,204956,18,4,,0,30,,204948,18,4,,0,61,,204957,18,4,,0,33,,204949,18,4,,0,60,,204958,18,4,,0,24,,204950,18,4,,0,28,,204959,18,4,,0,70,,204951,18,4,,0,29,,204960,18,4,,0,69,,204952,18,4,,0,30,,204961,18,4,,0,70,,204953,18,4,,0,30,,204962,18,4,,0,69,,204954,18,4,,0,98,,204963,18,4,,0,100,,204964,18,4,,0,100,,204965,18,4,,0
666800,'2_merged_15727752',611,,204973,18,4,,0,35,,204974,18,4,,0,65,,204975,18,4,,0,30,,204976,18,4,,0,71,,204977,18,4,,0,31,,204978,18,4,,0,71,,204979,18,4,,0,30,,204980,18,4,,0,70,,204981,18,4,,0,33,,204982,18,4,,0,70,,204983,18,4,,0,30,,204984,18,4,,0,70,,204985,18,4,,0,31,,204986,18,4,,0,71,,204987,18,4,,0,30,,204988,18,4,,0,71,,204989,18,4,,0,30,,204990,18,4,,0,70,,204991,18,4,,0,30,,204992,18,4,,0,70,,204993,18,4,,0,30,,204994,18,4,,0,69,,204995,18,4,,0,30,,204996,18,4,,0,68,,204997,18,4,,0,27,,204998,18,4,,0,70,,204999,18,4,,0,30,,205000,18,4,,0,70,,205001,18,4,,0,30,,205002,18,4,,0,70,,205003,18,4,,0,30,,205004,18,4,,0,70,,205005,18,4,,0,34,,205006,18,4,,0,74,,205007,18,4,,0,30,,205008,18,4,,0,70,,205009,18,4,,0,30,,205010,18,4,,0,70,,205011,18,4,,0,30,,205012,18,4,,0,70,,205013,18,4,,0
666800,'3_merged_15727751',615,,205015,18,4,,0,30,,205016,18,4,,0,71,,205049,18,4,,0,30,,205050,18,4,,0,71,,205017,18,4,,0,31,,205018,18,4,,0,70,,205019,18,4,,0,30,,205020,18,4,,0,70,,205021,18,4,,0,33,,205022,18,4,,0,70,,205023,18,4,,0,31,,205024,18,4,,0,70,,205025,18,4,,0,31,,205026,18,4,,0,70,,205027,18,4,,0,30,,205028,18,4,,0,70,,205029,18,4,,0,30,,205030,18,4,,0,70,,205031,18,4,,0,30,,205032,18,4,,0,70,,205033,18,4,,0,30,,205034,18,4,,0,69,,205035,18,4,,0,30,,205036,18,4,,0,69,,205037,18,4,,0,28,,205038,18,4,,0,70,,205039,18,4,,0,28,,205040,18,4,,0,70,,205041,18,4,,0,30,,205042,18,4,,0,70,,205043,18,4,,0,31,,205044,18,4,,0,65,,205045,18,4,,0,35,,205046,18,4,,0,69,,205047,18,4,,0,25,,205048,18,4,,0,73,,205014,18,4,,0
674901,'101_merged_15727747',1615,,219367,38,4,,0,5,,219366,52,4,,0,23,,219368,52,4,,0
674901,'1_merged_15727750',432,,219382,38,4,,0,71,,219410,38,4,,0,20,,219411,52,4,,0,34,,219412,52,4,,0,49,,219413,38,4,,0,25,,219371,52,4,,0,9,,219414,38,4,,0,65,,219415,52,4,,0,9,,219416,52,4,,0,23,,219417,52,4,,0,8,,219378,52,4,,0,65,,219418,52,4,,0,12,,219419,52,4,,0,20,,219420,52,4,,0,14,,219421,52,4,,0,54,,219422,38,4,,0,15,,219423,52,4,,0,15,,219424,52,4,,0,13,,219425,38,4,,0,54,,219379,52,4,,0,14,,219426,38,4,,0,17,,219427,52,4,,0,13,,219428,38,4,,0,55,,219429,52,4,,0,16,,219430,38,4,,0,15,,219431,52,4,,0,8,,219432,39,4,,0,57,,219433,52,4,,0,16,,219434,38,4,,0,16,,219435,52,4,,0,17,,219436,38,4,,0,55,,219437,52,4,,0,15,,219438,38,4,,0,15,,219439,52,4,,0,15,,219440,38,4,,0,58,,219441,52,4,,0,16,,219442,38,4,,0,15,,219443,52,4,,0,60,,219400,38,4,,0,14,,219401,52,4,,0,23,,219377,52,4,,0,65,,219402,52,4,,0,24,,219403,52,4,,0,24,,219404,39,4,,0,5,,219405,52,4,,0,57,,219406,52,4,,0,15,,219407,52,4,,0,15,,219408,52,4,,0,15,,219409,52,4,,0,55,,219373,52,4,,0,8,,219376,52,4,,0,13,,219398,52,4,,0,12,,219385,52,4,,0,13,,219386,52,4,,0,58,,219387,52,4,,0,12,,219388,52,4,,0,15,,219389,52,4,,0,14,,219390,52,4,,0,55,,219380,52,4,,0,15,,219372,52,4,,0,14,,219384,52,4,,0,15,,219391,52,4,,0,70,,219392,52,4,,0,29,,219393,52,4,,0,55,,219394,39,4,,0,18,,219374,52,4,,0,19,,219399,52,4,,0,61,,219383,39,4,,0,19,,219395,52,4,,0,22,,219396,52,4,,0,70,,219375,52,4,,0,29,,219397,52,4,,0,70,,219381,52,4,,0,27,,219444,52,4,,0
674901,'201_merged_15727755',1615,,219446,38,4,,0,5,,219445,52,4,,0,23,,219447,52,4,,0
674901,'2_merged_15727752',557,,219448,52,4,,0,72,,219449,38,4,,0,26,,219450,52,4,,0,65,,219451,38,4,,0,19,,219452,52,4,,0,17,,219453,38,4,,0,55,,219454,52,4,,0,13,,219455,38,4,,0,15,,219456,52,4,,0,15,,219457,38,4,,0,57,,219458,52,4,,0,15,,219459,38,4,,0,19,,219460,52,4,,0,55,,219461,38,4,,0,17,,219462,52,4,,0,15,,219463,38,4,,0,18,,219464,52,4,,0,55,,219465,38,4,,0,15,,219466,52,4,,0,15,,219467,38,4,,0,17,,219468,52,4,,0,54,,219469,38,4,,0,14,,219470,52,4,,0,20,,219471,38,4,,0,18,,219472,52,4,,0,55,,219473,38,4,,0,16,,219474,52,4,,0,15,,219475,38,4,,0,15,,219476,52,4,,0,55,,219477,38,4,,0,15,,219478,52,4,,0,15,,219479,38,4,,0,14,,219480,52,4,,0,55,,219481,38,4,,0,15,,219482,52,4,,0,14,,219483,38,4,,0,17,,219484,52,4,,0,55,,219485,38,4,,0,15,,219486,52,4,,0,15,,219487,38,4,,0,15,,219488,52,4,,0,58,,219489,38,4,,0,15,,219490,52,4,,0,11,,219491,38,4,,0,15,,219492,52,4,,0,52,,219493,38,4,,0,13,,219494,52,4,,0,15,,219495,38,4,,0,14,,219496,52,4,,0,55,,219497,38,4,,0,15,,219498,52,4,,0,11,,219499,38,4,,0,17,,219500,52,4,,0,55,,219501,52,4,,0,14,,219502,52,4,,0,15,,219503,52,4,,0,21,,219504,52,4,,0,70,,219505,52,4,,0,28,,219506,52,4,,0,70,,219507,52,4,,0,30,,219508,52,4,,0,70,,219509,52,4,,0,26,,219510,52,4,,0,70,,219511,52,4,,0,29,,219512,52,4,,0,70,,219513,52,4,,0,27,,219514,52,4,,0
674901,'3_merged_15727751',651,,219548,38,4,,0,71,,219540,38,4,,0,30,,219539,52,4,,0,69,,219538,52,4,,0,17,,219537,38,4,,0,16,,219536,52,4,,0,55,,219573,38,4,,0,17,,219572,52,4,,0,16,,219571,38,4,,0,15,,219570,52,4,,0,55,,219569,38,4,,0,15,,219568,52,4,,0,20,,219567,38,4,,0,54,,219566,52,4,,0,13,,219523,38,4,,0,16,,219522,52,4,,0,17,,219565,38,4,,0,53,,219564,52,4,,0,19,,219563,38,4,,0,15,,219562,52,4,,0,21,,219561,38,4,,0,55,,219560,52,4,,0,12,,219559,38,4,,0,18,,219558,52,4,,0,11,,219557,38,4,,0,54,,219556,52,4,,0,18,,219555,38,4,,0,14,,219554,52,4,,0,14,,219535,38,4,,0,54,,219534,52,4,,0,17,,219533,38,4,,0,5,,219532,52,4,,0,24,,219531,38,4,,0,56,,219530,52,4,,0,17,,219529,38,4,,0,12,,219528,52,4,,0,16,,219527,38,4,,0,53,,219526,52,4,,0,13,,219525,38,4,,0,15,,219547,52,4,,0,12,,219546,38,4,,0,14,,219545,52,4,,0,54,,219544,38,4,,0,17,,219543,52,4,,0,14,,219542,38,4,,0,56,,219541,52,4,,0,11,,219524,38,4,,0,15,,219521,52,4,,0,16,,219520,38,4,,0,14,,219519,52,4,,0,56,,219517,38,4,,0,14,,219518,52,4,,0,15,,219516,38,4,,0,15,,219515,52,4,,0,55,,219577,38,4,,0,20,,219576,52,4,,0,70,,219553,52,4,,0,30,,219575,52,4,,0,70,,219574,52,4,,0,30,,219549,52,4,,0,71,,219550,52,4,,0,31,,219551,52,4,,0,67,,219578,52,4,,0,27,,219552,52,4,,0
3003701,'101_merged_15727747',802,,229478,13,4,,0,101,,229477,13,4,,0
3003701,'1_merged_15727750',530,,229489,13,4,,0,71,,229490,13,4,,0,27,,229491,13,4,,0,27,,229488,13,4,,0,48,,229492,13,4,,0,22,,229487,13,4,,0,8,,229493,13,4,,0,25,,229486,13,4,,0,62,,229480,13,4,,0,20,,229494,13,4,,0,73,,229495,13,4,,0,26,,229496,13,4,,0,70,,229497,13,4,,0,27,,229498,13,4,,0,72,,229499,13,4,,0,29,,229500,13,4,,0,69,,229501,13,4,,0,34,,229502,13,4,,0,70,,229503,13,4,,0,30,,229504,13,4,,0,71,,229505,13,4,,0,30,,229506,13,4,,0,77,,229507,13,4,,0,16,,229527,13,4,,0,7,,229523,13,4,,0,8,,229508,13,4,,0,72,,229509,13,4,,0,10,,229525,13,4,,0,10,,229526,13,4,,0,10,,229510,13,4,,0,59,,229524,13,4,,0,11,,229511,13,4,,0,5,,229485,13,4,,0,20,,229512,13,4,,0,5,,229484,13,4,,0,64,,229513,13,4,,0,3,,229483,13,4,,0,14,,229479,13,4,,0,19,,229514,13,4,,0,3,,229482,13,4,,0,65,,229515,13,4,,0,18,,229516,13,4,,0,6,,229481,13,4,,0,75,,229517,13,4,,0,96,,229518,13,4,,0,99,,229519,13,4,,0,98,,229520,13,4,,0,101,,229521,13,4,,0,95,,229522,13,4,,0
3003701,'201_merged_15727755',802,,229528,13,4,,0
3003701,'2_merged_15727752',658,,229532,13,4,,0,70,,229547,13,4,,0,72,,229533,13,4,,0,30,,229554,13,4,,0,72,,229534,13,4,,0,32,,229555,13,4,,0,72,,229535,13,4,,0,33,,229548,13,4,,0,69,,229536,13,4,,0,35,,229549,13,4,,0,73,,229537,13,4,,0,32,,229550,13,4,,0,70,,229538,13,4,,0,29,,229551,13,4,,0,70,,229539,13,4,,0,30,,229552,13,4,,0,70,,229540,13,4,,0,27,,229553,13,4,,0,70,,229559,13,4,,0,29,,229556,13,4,,0,70,,229541,13,4,,0,28,,229557,13,4,,0,69,,229529,13,4,,0,29,,229558,13,4,,0,68,,229530,13,4,,0,103,,229531,13,4,,0,100,,229542,13,4,,0,100,,229543,13,4,,0,98,,229544,13,4,,0,94,,229545,13,4,,0,57,,229546,13,4,,0
3003701,'3_merged_15727751',703,,229573,13,4,,0,100,,229575,13,4,,0,104,,229576,13,4,,0,103,,229577,13,4,,0,103,,229574,13,4,,0,30,,229578,13,4,,0,71,,229560,13,4,,0,33,,229579,13,4,,0,72,,229561,13,4,,0,31,,229580,13,4,,0,70,,229562,13,4,,0,30,,229581,13,4,,0,69,,229563,13,4,,0,30,,229582,13,4,,0,70,,229564,13,4,,0,30,,229583,13,4,,0,69,,229565,13,4,,0,29,,229584,13,4,,0,61,,229586,13,4,,0,15,,229566,13,4,,0,20,,229585,13,4,,0,68,,229567,13,4,,0,98,,229568,13,4,,0,100,,229569,13,4,,0,96,,229570,13,4,,0,99,,229571,13,4,,0,97,,229572,13,4,,0
3003801,'101_merged_15727747',904,,229699,28,4,,0,600,,229697,28,4,,0,20,,229696,28,4,,0,82,,229698,28,4,,0
3003801,'1_merged_15727750',529,,229706,28,4,,0,75,,229707,28,4,,0,21,,229701,28,4,,0,9,,229708,28,4,,0,20,,229700,28,4,,0,46,,229709,28,4,,0,24,,229743,28,4,,0,5,,229710,28,4,,0,20,,229738,28,4,,0,56,,229711,28,4,,0,18,,229736,28,4,,0,14,,229712,28,4,,0,20,,229713,28,4,,0,67,,229714,28,4,,0,24,,229715,28,4,,0,75,,229716,28,4,,0,29,,229728,28,4,,0,73,,229720,28,4,,0,30,,229721,28,4,,0,70,,229722,28,4,,0,30,,229723,28,4,,0,70,,229724,28,4,,0,31,,229725,28,4,,0,69,,229726,28,4,,0,30,,229727,28,4,,0,71,,229729,28,4,,0,33,,229730,28,4,,0,67,,229731,28,4,,0,24,,229702,28,4,,0,65,,229732,28,4,,0,5,,229742,28,4,,0,23,,229733,28,4,,0,5,,229741,28,4,,0,63,,229734,28,4,,0,4,,229740,28,4,,0,17,,229737,28,4,,0,21,,229739,28,4,,0,63,,229735,28,4,,0,23,,229703,28,4,,0,100,,229704,28,4,,0,99,,229705,28,4,,0,97,,229717,28,4,,0,98,,229718,28,4,,0,96,,229719,28,4,,0
3003801,'2_merged_15727752',745,,229753,28,4,,0,70,,229770,28,4,,0,32,,229754,28,4,,0,71,,229772,28,4,,0,35,,229755,28,4,,0,70,,229762,28,4,,0,30,,229756,28,4,,0,70,,229744,28,4,,0,31,,229757,28,4,,0,70,,229745,28,4,,0,31,,229758,28,4,,0,70,,229746,28,4,,0,33,,229759,28,4,,0,70,,229747,28,4,,0,29,,229760,28,4,,0,70,,229748,28,4,,0,30,,229761,28,4,,0,69,,229749,28,4,,0,30,,229763,28,4,,0,70,,229750,28,4,,0,27,,229764,28,4,,0,70,,229751,28,4,,0,28,,229765,28,4,,0,63,,229752,28,4,,0,25,,229766,28,4,,0,98,,229767,28,4,,0,99,,229768,28,4,,0,100,,229769,28,4,,0,98,,229771,28,4,,0,98,,229773,28,4,,0
3003801,'3_merged_15727751',736,,229777,28,4,,0,100,,229778,28,4,,0,103,,229779,28,4,,0,100,,229780,28,4,,0,100,,229781,28,4,,0,75,,229792,28,4,,0,30,,229782,28,4,,0,71,,229793,28,4,,0,30,,229784,28,4,,0,70,,229794,28,4,,0,29,,229783,28,4,,0,70,,229795,28,4,,0,28,,229775,28,4,,0,70,,229796,28,4,,0,30,,229776,28,4,,0,70,,229797,28,4,,0,30,,229785,28,4,,0,70,,229798,28,4,,0,29,,229786,28,4,,0,100,,229787,28,4,,0,95,,229788,28,4,,0,98,,229789,28,4,,0,100,,229790,28,4,,0,98,,229791,28,4,,0,98,,229774,28,4,,0
3003901,'101_merged_15727747',1556,,229902,31,4,,0
3003901,'1_merged_15727750',537,,229935,31,4,,0,64,,229924,31,4,,0,7,,229936,31,4,,0,23,,229934,31,4,,0,10,,229937,31,4,,0,60,,229933,31,4,,0,10,,229938,31,4,,0,20,,229932,31,4,,0,11,,229939,31,4,,0,60,,229931,31,4,,0,10,,229940,31,4,,0,23,,229925,31,4,,0,17,,229941,31,4,,0,68,,229942,31,4,,0,30,,229943,31,4,,0,66,,229944,31,4,,0,31,,229945,31,4,,0,72,,229946,31,4,,0,29,,229947,31,4,,0,76,,229948,31,4,,0,25,,229903,31,4,,0,70,,229904,31,4,,0,30,,229905,31,4,,0,78,,229906,31,4,,0,73,,229907,31,4,,0,29,,229908,31,4,,0,29,,229909,31,4,,0,73,,229910,31,4,,0,70,,229911,31,4,,0,33,,229912,31,4,,0,9,,229930,31,4,,0,15,,229913,31,4,,0,55,,229929,31,4,,0,13,,229914,31,4,,0,9,,229928,31,4,,0,67,,229915,31,4,,0,11,,229927,31,4,,0,10,,229916,31,4,,0,26,,229917,31,4,,0,8,,229926,31,4,,0,59,,229918,31,4,,0,34,,229919,31,4,,0,96,,229920,31,4,,0,100,,229921,31,4,,0,98,,229922,31,4,,0,96,,229923,31,4,,0
3003901,'2_merged_15727752',642,,229963,31,4,,0,70,,229952,31,4,,0,31,,229964,31,4,,0,70,,229949,31,4,,0,32,,229965,31,4,,0,70,,229950,31,4,,0,34,,229966,31,4,,0,69,,229953,31,4,,0,32,,229967,31,4,,0,73,,229954,31,4,,0,30,,229968,31,4,,0,70,,229955,31,4,,0,30,,229969,31,4,,0,69,,229956,31,4,,0,30,,229970,31,4,,0,70,,229957,31,4,,0,30,,229971,31,4,,0,70,,229958,31,4,,0,30,,229972,31,4,,0,70,,229959,31,4,,0,30,,229973,31,4,,0,70,,229960,31,4,,0,28,,229974,31,4,,0,68,,229961,31,4,,0,30,,229977,31,4,,0,68,,229962,31,4,,0,30,,229975,31,4,,0,99,,229976,31,4,,0,99,,229978,31,4,,0,100,,229979,31,4,,0,100,,229980,31,4,,0,99,,229951,31,4,,0
3003901,'3_merged_15727751',642,,229982,31,4,,0,100,,229983,31,4,,0,101,,229984,31,4,,0,102,,229985,31,4,,0,102,,229986,31,4,,0,101,,229987,31,4,,0,70,,230000,31,4,,0,30,,229988,31,4,,0,70,,230001,31,4,,0,30,,229989,31,4,,0,70,,230002,31,4,,0,30,,229990,31,4,,0,70,,230003,31,4,,0,30,,229991,31,4,,0,70,,230004,31,4,,0,33,,229992,31,4,,0,67,,230005,31,4,,0,30,,229993,31,4,,0,69,,230006,31,4,,0,30,,229994,31,4,,0,101,,229995,31,4,,0,95,,229996,31,4,,0,100,,229997,31,4,,0,99,,229998,31,4,,0,99,,229999,31,4,,0,100,,229981,31,4,,0
3004001,'101_merged_15727747',810,,230112,37,4,,0
3004001,'1_merged_15727750',542,,230125,37,4,,0,61,,230140,37,4,,0,9,,230126,37,4,,0,21,,230139,37,4,,0,10,,230127,37,4,,0,58,,230138,37,4,,0,9,,230128,37,4,,0,17,,230137,37,4,,0,15,,230142,37,4,,0,72,,230143,37,4,,0,20,,230129,37,4,,0,21,,230144,37,4,,0,81,,230145,37,4,,0,70,,230146,37,4,,0,30,,230147,37,4,,0,71,,230148,37,4,,0,25,,230149,37,4,,0,75,,230150,37,4,,0,30,,230151,37,4,,0,70,,230152,37,4,,0,34,,230135,37,4,,0,65,,230136,37,4,,0,34,,230153,37,4,,0,72,,230154,37,4,,0,31,,230141,37,4,,0,67,,230155,37,4,,0,32,,230156,37,4,,0,72,,230157,37,4,,0,20,,230113,37,4,,0,7,,230134,37,4,,0,59,,230114,37,4,,0,8,,230133,37,4,,0,23,,230115,37,4,,0,5,,230132,37,4,,0,68,,230116,37,4,,0,8,,230131,37,4,,0,12,,230117,37,4,,0,24,,230118,37,4,,0,10,,230130,37,4,,0,56,,230119,37,4,,0,95,,230120,37,4,,0,104,,230121,37,4,,0,101,,230122,37,4,,0,98,,230123,37,4,,0,98,,230124,37,4,,0
3004001,'201_merged_15727755',810,,230158,37,4,,0
3004001,'2_merged_15727752',728,,230166,37,4,,0,30,,230184,37,4,,0,72,,230167,37,4,,0,70,,230185,37,4,,0,30,,230168,37,4,,0,71,,230188,37,4,,0,31,,230169,37,4,,0,71,,230159,37,4,,0,33,,230170,37,4,,0,68,,230160,37,4,,0,32,,230171,37,4,,0,70,,230161,37,4,,0,31,,230172,37,4,,0,70,,230162,37,4,,0,30,,230173,37,4,,0,70,,230186,37,4,,0,30,,230174,37,4,,0,71,,230187,37,4,,0,30,,230175,37,4,,0,68,,230163,37,4,,0,29,,230176,37,4,,0,70,,230164,37,4,,0,28,,230177,37,4,,0,70,,230165,37,4,,0,30,,230178,37,4,,0,86,,230179,37,4,,0,93,,230180,37,4,,0,100,,230181,37,4,,0,101,,230182,37,4,,0,102,,230183,37,4,,0
3004001,'3_merged_15727751',731,,230190,37,4,,0,102,,230191,37,4,,0,100,,230192,37,4,,0,100,,230193,37,4,,0,72,,230207,37,4,,0,30,,230194,37,4,,0,70,,230208,37,4,,0,30,,230195,37,4,,0,72,,230209,37,4,,0,30,,230196,37,4,,0,70,,230210,37,4,,0,29,,230197,37,4,,0,70,,230211,37,4,,0,29,,230198,37,4,,0,70,,230212,37,4,,0,30,,230199,37,4,,0,70,,230213,37,4,,0,30,,230200,37,4,,0,70,,230214,37,4,,0,29,,230201,37,4,,0,70,,230215,37,4,,0,20,,230203,37,4,,0,99,,230189,37,4,,0,99,,230202,37,4,,0,98,,230204,37,4,,0,98,,230205,37,4,,0,100,,230206,37,4,,0
3004101,'1_merged_15727750',635,,230242,17,4,,0,16,,230254,17,4,,0,55,,230243,17,4,,0,17,,230255,17,4,,0,15,,230253,17,4,,0,15,,230256,17,4,,0,55,,230244,17,4,,0,15,,230257,17,4,,0,15,,230245,17,4,,0,14,,230258,17,4,,0,56,,230246,17,4,,0,632,,230247,17,4,,0,13,,230259,17,4,,0,56,,230248,17,4,,0,17,,230260,17,4,,0,24,,230249,17,4,,0,51,,230261,17,4,,0,8,,230264,17,4,,0,7,,230250,17,4,,0,13,,230262,17,4,,0,15,,230251,17,4,,0,79,,230252,17,4,,0,89,,230263,17,4,,0
3004801,'1_merged_15727750',547,,231441,12,4,,0,55,,231427,12,4,,0,16,,231442,12,4,,0,16,,231428,12,4,,0,15,,231443,12,4,,0,55,,231429,12,4,,0,14,,231444,12,4,,0,16,,231430,12,4,,0,17,,231445,12,4,,0,55,,231431,12,4,,0,22,,231446,12,4,,0,15,,231447,12,4,,0,65,,231432,12,4,,0,28,,231448,12,4,,0,70,,231449,12,4,,0,30,,231450,12,4,,0,70,,231451,12,4,,0,30,,231452,12,4,,0,70,,231453,12,4,,0,30,,231454,12,4,,0,70,,231455,12,4,,0,30,,231456,12,4,,0,71,,231457,12,4,,0,33,,231458,12,4,,0,70,,231459,12,4,,0,20,,231460,12,4,,0,15,,231433,12,4,,0,56,,231461,12,4,,0,15,,231434,12,4,,0,15,,231462,12,4,,0,19,,231435,12,4,,0,53,,231463,12,4,,0,17,,231436,12,4,,0,13,,231464,12,4,,0,16,,231437,12,4,,0,52,,231465,12,4,,0,14,,231438,12,4,,0,14,,231466,12,4,,0,15,,231439,12,4,,0,11,,231467,12,4,,0,56,,231440,12,4,,0,19,,231468,12,4,,0,74,,231469,12,4,,0,25,,231470,12,4,,0,74,,231471,12,4,,0,26,,231422,12,4,,0,30,,231423,12,4,,0,74,,231424,12,4,,0,71,,231425,12,4,,0,29,,231426,12,4,,0
3004801,'2_merged_15727752',742,,231488,12,4,,0,72,,231489,12,4,,0,30,,231490,12,4,,0,70,,231491,12,4,,0,30,,231492,12,4,,0,73,,231493,12,4,,0,30,,231495,12,4,,0,70,,231496,12,4,,0,32,,231494,12,4,,0,70,,231497,12,4,,0,30,,231498,12,4,,0,70,,231499,12,4,,0,30,,231500,12,4,,0,70,,231501,12,4,,0,30,,231502,12,4,,0,70,,231503,12,4,,0,30,,231504,12,4,,0,68,,231472,12,4,,0,30,,231473,12,4,,0,70,,231474,12,4,,0,30,,231475,12,4,,0,70,,231476,12,4,,0,30,,231477,12,4,,0,65,,231478,12,4,,0,35,,231479,12,4,,0,70,,231480,12,4,,0,27,,231481,12,4,,0,70,,231482,12,4,,0,30,,231483,12,4,,0,70,,231484,12,4,,0,30,,231485,12,4,,0,70,,231486,12,4,,0,30,,231487,12,4,,0
3004801,'3_merged_15727751',847,,231505,12,4,,0,70,,231506,12,4,,0,30,,231507,12,4,,0,70,,231508,12,4,,0,30,,231509,12,4,,0,70,,231510,12,4,,0,30,,231511,12,4,,0,70,,231512,12,4,,0,30,,231513,12,4,,0,70,,231514,12,4,,0,30,,231515,12,4,,0,70,,231516,12,4,,0,30,,231517,12,4,,0,70,,231518,12,4,,0,30,,231519,12,4,,0,70,,231520,12,4,,0,30,,231521,12,4,,0,70,,231522,12,4,,0,30,,231523,12,4,,0,70,,231524,12,4,,0,30,,231525,12,4,,0,70,,231526,12,4,,0,30,,231527,12,4,,0,70,,231528,12,4,,0,30,,231529,12,4,,0,70,,231530,12,4,,0,30,,231531,12,4,,0
3005001,'1_merged_15727750',458,,231952,19,4,,0,68,,231953,19,4,,0,21,,231906,19,4,,0,56,,231907,19,4,,0,15,,231908,19,4,,0,15,,231909,19,4,,0,20,,231910,19,4,,0,51,,231911,19,4,,0,15,,231912,19,4,,0,15,,231913,19,4,,0,16,,231914,19,4,,0,52,,231915,19,4,,0,22,,231916,19,4,,0,13,,231917,19,4,,0,17,,231918,19,4,,0,55,,231957,19,4,,0,14,,231919,19,4,,0,17,,231920,19,4,,0,67,,231921,19,4,,0,30,,231922,19,4,,0,70,,231923,19,4,,0,30,,231924,19,4,,0,72,,231925,19,4,,0,30,,231926,19,4,,0,70,,231927,19,4,,0,30,,231928,19,4,,0,70,,231929,19,4,,0,32,,231930,19,4,,0,77,,231958,19,4,,0,7,,231931,19,4,,0,17,,231932,19,4,,0,15,,231959,19,4,,0,59,,231933,19,4,,0,17,,231934,19,4,,0,16,,231935,19,4,,0,58,,231936,19,4,,0,18,,231937,19,4,,0,16,,231938,19,4,,0,15,,231939,19,4,,0,57,,231940,19,4,,0,15,,231951,19,4,,0,18,,231941,19,4,,0,54,,231942,19,4,,0,20,,231943,19,4,,0,13,,231944,19,4,,0,13,,231945,19,4,,0,70,,231946,19,4,,0,28,,231947,19,4,,0,69,,231954,19,4,,0,30,,231948,19,4,,0,70,,231955,19,4,,0,30,,231949,19,4,,0,69,,231956,19,4,,0,30,,231950,19,4,,0
3005001,'2_merged_15727752',609,,231980,19,4,,0,30,,231981,19,4,,0,71,,231982,19,4,,0,33,,231983,19,4,,0,70,,231984,19,4,,0,31,,231987,19,4,,0,70,,231988,19,4,,0,30,,231989,19,4,,0,73,,231990,19,4,,0,32,,231991,19,4,,0,70,,231992,19,4,,0,30,,231993,19,4,,0,71,,231985,19,4,,0,31,,231986,19,4,,0,70,,231995,19,4,,0,30,,231973,19,4,,0,70,,231994,19,4,,0,30,,231960,19,4,,0,69,,231962,19,4,,0,30,,231963,19,4,,0,72,,231964,19,4,,0,29,,231965,19,4,,0,70,,231966,19,4,,0,28,,231967,19,4,,0,70,,231968,19,4,,0,30,,231969,19,4,,0,67,,231970,19,4,,0,30,,231971,19,4,,0,70,,231972,19,4,,0,27,,231961,19,4,,0,70,,231977,19,4,,0,30,,231974,19,4,,0,69,,231978,19,4,,0,29,,231975,19,4,,0,70,,231979,19,4,,0,30,,231976,19,4,,0
3005001,'3_merged_15727751',711,,232007,19,4,,0,30,,232008,19,4,,0,70,,232009,19,4,,0,32,,232010,19,4,,0,72,,232011,19,4,,0,30,,232012,19,4,,0,70,,232013,19,4,,0,34,,232014,19,4,,0,70,,232015,19,4,,0,30,,232016,19,4,,0,70,,232017,19,4,,0,30,,232018,19,4,,0,70,,232019,19,4,,0,30,,232006,19,4,,0,70,,232020,19,4,,0,30,,232021,19,4,,0,70,,232022,19,4,,0,30,,232023,19,4,,0,70,,232024,19,4,,0,30,,232025,19,4,,0,70,,231996,19,4,,0,30,,231997,19,4,,0,70,,231998,19,4,,0,27,,231999,19,4,,0,70,,232000,19,4,,0,30,,232001,19,4,,0,70,,232002,19,4,,0,29,,232003,19,4,,0,74,,232005,19,4,,0,24,,232004,19,4,,0
3005101,'1_merged_15727750',604,,232116,13,4,,0,29,,232118,13,4,,0,70,,232140,13,4,,0,29,,232141,13,4,,0,71,,232142,13,4,,0,31,,232143,13,4,,0,70,,232144,13,4,,0,20,,232119,13,4,,0,24,,232120,13,4,,0,70,,232121,13,4,,0,30,,232122,13,4,,0,70,,232123,13,4,,0,33,,232124,13,4,,0,67,,232125,13,4,,0,30,,232126,13,4,,0,68,,232127,13,4,,0,32,,232128,13,4,,0,70,,232129,13,4,,0,36,,232130,13,4,,0,66,,232137,13,4,,0,35,,232138,13,4,,0,65,,232139,13,4,,0,35,,232117,13,4,,0,71,,232145,13,4,,0,31,,232146,13,4,,0,78,,232147,13,4,,0,66,,232148,13,4,,0,22,,232131,13,4,,0,24,,232132,13,4,,0,100,,232133,13,4,,0,98,,232134,13,4,,0,99,,232135,13,4,,0,104,,232136,13,4,,0
3005101,'2_merged_15727752',714,,232157,13,4,,0,30,,232158,13,4,,0,72,,232159,13,4,,0,30,,232160,13,4,,0,72,,232164,13,4,,0,32,,232165,13,4,,0,70,,232166,13,4,,0,30,,232167,13,4,,0,71,,232168,13,4,,0,30,,232155,13,4,,0,71,,232156,13,4,,0,30,,232169,13,4,,0,70,,232170,13,4,,0,30,,232171,13,4,,0,70,,232172,13,4,,0,30,,232173,13,4,,0,70,,232174,13,4,,0,32,,232175,13,4,,0,70,,232176,13,4,,0,30,,232177,13,4,,0,68,,232161,13,4,,0,30,,232162,13,4,,0,69,,232163,13,4,,0,30,,232149,13,4,,0,68,,232150,13,4,,0,22,,232151,13,4,,0,105,,232152,13,4,,0,99,,232153,13,4,,0,95,,232154,13,4,,0
3005101,'3_merged_15727751',713,,232204,13,4,,0,30,,232205,13,4,,0,72,,232178,13,4,,0,32,,232179,13,4,,0,70,,232180,13,4,,0,30,,232181,13,4,,0,72,,232182,13,4,,0,30,,232183,13,4,,0,70,,232184,13,4,,0,31,,232185,13,4,,0,70,,232186,13,4,,0,30,,232187,13,4,,0,72,,232188,13,4,,0,30,,232189,13,4,,0,70,,232190,13,4,,0,30,,232191,13,4,,0,70,,232192,13,4,,0,32,,232193,13,4,,0,70,,232194,13,4,,0,30,,232195,13,4,,0,70,,232196,13,4,,0,29,,232197,13,4,,0,69,,232198,13,4,,0,32,,232199,13,4,,0,64,,232203,13,4,,0,28,,232200,13,4,,0,100,,232201,13,4,,0,100,,232202,13,4,,0
3058401,'1_merged_15727750',559,,232837,21,4,,0,68,,232838,21,4,,0,30,,232826,21,4,,0,69,,232858,21,4,,0,17,,232859,21,4,,0,57,,232839,21,4,,0,22,,232840,21,4,,0,18,,232860,21,4,,0,62,,232841,21,4,,0,33,,232842,21,4,,0,24,,232843,21,4,,0,65,,232844,21,4,,0,30,,232845,21,4,,0,67,,232846,21,4,,0,36,,232847,21,4,,0,68,,232848,21,4,,0,24,,232849,21,4,,0,75,,232850,21,4,,0,33,,232851,21,4,,0,70,,232852,21,4,,0,77,,232853,21,4,,0,27,,232854,21,4,,0,75,,232855,21,4,,0,32,,232856,21,4,,0,78,,232857,21,4,,0,26,,232827,21,4,,0,74,,232836,21,4,,0,37,,232828,21,4,,0,60,,232835,21,4,,0,22,,232829,21,4,,0,73,,232834,21,4,,0,26,,232830,21,4,,0,71,,232833,21,4,,0,29,,232831,21,4,,0,72,,232832,21,4,,0,96,,232861,21,4,,0
3058401,'2_merged_15727752',623,,232862,21,4,,0,28,,232863,21,4,,0,75,,232864,21,4,,0,32,,232865,21,4,,0,70,,232866,21,4,,0,31,,232867,21,4,,0,72,,232868,21,4,,0,74,,232869,21,4,,0,32,,232870,21,4,,0,70,,232871,21,4,,0,32,,232872,21,4,,0,70,,232873,21,4,,0,30,,232874,21,4,,0,72,,232875,21,4,,0,31,,232876,21,4,,0,70,,232877,21,4,,0,31,,232878,21,4,,0,71,,232879,21,4,,0,30,,232880,21,4,,0,68,,232881,21,4,,0,30,,232882,21,4,,0,68,,232883,21,4,,0,30,,232884,21,4,,0,70,,232885,21,4,,0,27,,232886,21,4,,0,68,,232887,21,4,,0,30,,232888,21,4,,0,69,,232889,21,4,,0,30,,232890,21,4,,0,70,,232893,21,4,,0,33,,232891,21,4,,0,69,,232892,21,4,,0,102,,232894,21,4,,0,100,,232895,21,4,,0
3058401,'3_merged_15727751',804,,232896,21,4,,0,32,,232897,21,4,,0,71,,232898,21,4,,0,30,,232899,21,4,,0,71,,232900,21,4,,0,32,,232901,21,4,,0,71,,232902,21,4,,0,33,,232903,21,4,,0,71,,232907,21,4,,0,32,,232908,21,4,,0,71,,232909,21,4,,0,30,,232910,21,4,,0,70,,232911,21,4,,0,30,,232912,21,4,,0,69,,232913,21,4,,0,29,,232914,21,4,,0,68,,232915,21,4,,0,30,,232916,21,4,,0,70,,232917,21,4,,0,31,,232918,21,4,,0,71,,232919,21,4,,0,28,,232920,21,4,,0,69,,232921,21,4,,0,28,,232922,21,4,,0,68,,232923,21,4,,0,28,,232904,21,4,,0,71,,232905,21,4,,0,31,,232906,21,4,,0,68,,232924,21,4,,0,101,,232925,21,4,,0,100,,232926,21,4,,0
3780901,'101_merged_15727747',1550,,238266,8,4,,0
3780901,'1_merged_15727750',526,,238267,8,4,,0,10,,238268,8,4,,0,11,,238269,8,4,,0,12,,238270,8,4,,0,50,,238271,8,4,,0,13,,238272,8,4,,0,9,,238273,8,4,,0,10,,238274,8,4,,0,12,,238275,8,4,,0,50,,238276,8,4,,0,10,,238277,8,4,,0,12,,238278,8,4,,0,12,,238279,8,4,,0,10,,238280,8,4,,0,12,,238281,8,4,,0,49,,238282,8,4,,0,10,,238283,8,4,,0,10,,238284,8,4,,0,10,,238285,8,4,,0,10,,238286,8,4,,0,10,,238287,8,4,,0,50,,238288,8,4,,0,11,,238289,8,4,,0,8,,238290,8,4,,0,11,,238291,8,4,,0,16,,238292,8,4,,0,53,,238293,8,4,,0,15,,238294,8,4,,0,16,,238295,8,4,,0,15,,238296,8,4,,0,55,,238297,8,4,,0,15,,238298,8,4,,0,16,,238299,8,4,,0,15,,238300,8,4,,0,55,,238301,8,4,,0,15,,238302,8,4,,0,16,,238303,8,4,,0,15,,238304,8,4,,0,55,,238305,8,4,,0,15,,238306,8,4,,0,15,,238307,8,4,,0,15,,238308,8,4,,0,55,,238309,8,4,,0,15,,238310,8,4,,0,16,,238311,8,4,,0,15,,238312,8,4,,0,54,,238313,8,4,,0,18,,238314,8,4,,0,12,,238315,8,4,,0,18,,238316,8,4,,0,50,,238317,8,4,,0,10,,238356,8,4,,0,10,,238318,8,4,,0,12,,238319,8,4,,0,9,,238320,8,4,,0,51,,238321,8,4,,0,10,,238322,8,4,,0,10,,238323,8,4,,0,9,,238324,8,4,,0,13,,238325,8,4,,0,7,,238326,8,4,,0,8,,238327,8,4,,0,49,,238328,8,4,,0,9,,238329,8,4,,0,10,,238330,8,4,,0,9,,238331,8,4,,0,15,,238332,8,4,,0,54,,238333,8,4,,0,13,,238334,8,4,,0,15,,238335,8,4,,0,15,,238336,8,4,,0,12,,238337,8,4,,0,55,,238338,8,4,,0,15,,238339,8,4,,0,15,,238340,8,4,,0,15,,238341,8,4,,0,55,,238342,8,4,,0,13,,238343,8,4,,0,15,,238344,8,4,,0,15,,238345,8,4,,0,55,,238346,8,4,,0,13,,238347,8,4,,0,15,,238348,8,4,,0,15,,238349,8,4,,0,55,,238350,8,4,,0,14,,238351,8,4,,0,15,,238352,8,4,,0,15,,238353,8,4,,0,55,,238354,8,4,,0,16,,238355,8,4,,0
3780901,'201_merged_15727755',1550,,238357,8,4,,0
3780901,'2_merged_15727752',527,,238358,8,4,,0,15,,238359,8,4,,0,15,,238360,8,4,,0,55,,238361,8,4,,0,16,,238362,8,4,,0,15,,238363,8,4,,0,15,,238364,8,4,,0,56,,238365,8,4,,0,15,,238366,8,4,,0,15,,238367,8,4,,0,15,,238368,8,4,,0,55,,238369,8,4,,0,18,,238370,8,4,,0,15,,238371,8,4,,0,55,,238372,8,4,,0,17,,238373,8,4,,0,15,,238374,8,4,,0,15,,238375,8,4,,0,56,,238376,8,4,,0,15,,238377,8,4,,0,19,,238378,8,4,,0,15,,238379,8,4,,0,58,,238380,8,4,,0,15,,238381,8,4,,0,17,,238382,8,4,,0,15,,238383,8,4,,0,55,,238384,8,4,,0,15,,238385,8,4,,0,20,,238386,8,4,,0,55,,238387,8,4,,0,15,,238388,8,4,,0,15,,238389,8,4,,0,15,,238390,8,4,,0,55,,238391,8,4,,0,13,,238392,8,4,,0,15,,238393,8,4,,0,15,,238394,8,4,,0,55,,238395,8,4,,0,15,,238396,8,4,,0,15,,238397,8,4,,0,15,,238398,8,4,,0,53,,238399,8,4,,0,14,,238400,8,4,,0,15,,238401,8,4,,0,15,,238402,8,4,,0,15,,238403,8,4,,0,55,,238404,8,4,,0,14,,238405,8,4,,0,12,,238406,8,4,,0,14,,238407,8,4,,0,55,,238408,8,4,,0,15,,238409,8,4,,0,14,,238410,8,4,,0,15,,238411,8,4,,0,52,,238412,8,4,,0,15,,238413,8,4,,0,13,,238414,8,4,,0,15,,238415,8,4,,0,55,,238416,8,4,,0,15,,238417,8,4,,0,15,,238418,8,4,,0,15,,238419,8,4,,0,54,,238420,8,4,,0,15,,238421,8,4,,0,14,,238422,8,4,,0,15,,238423,8,4,,0,55,,238424,8,4,,0,15,,238425,8,4,,0,14,,238426,8,4,,0,15,,238427,8,4,,0,55,,238428,8,4,,0,15,,238429,8,4,,0,14,,238430,8,4,,0,15,,238431,8,4,,0,15,,238432,8,4,,0,55,,238433,8,4,,0,14,,238434,8,4,,0
3780901,'3_merged_15727751',520,,238435,8,4,,0,15,,238436,8,4,,0,15,,238437,8,4,,0,56,,238438,8,4,,0,15,,238439,8,4,,0,15,,238440,8,4,,0,15,,238441,8,4,,0,55,,238442,8,4,,0,17,,238443,8,4,,0,15,,238444,8,4,,0,15,,238445,8,4,,0,55,,238446,8,4,,0,14,,238447,8,4,,0,19,,238448,8,4,,0,15,,238449,8,4,,0,55,,238450,8,4,,0,16,,238451,8,4,,0,15,,238452,8,4,,0,17,,238453,8,4,,0,55,,238454,8,4,,0,16,,238455,8,4,,0,15,,238456,8,4,,0,55,,238457,8,4,,0,15,,238458,8,4,,0,17,,238459,8,4,,0,15,,238460,8,4,,0,57,,238461,8,4,,0,15,,238462,8,4,,0,17,,238463,8,4,,0,15,,238464,8,4,,0,55,,238465,8,4,,0,15,,238466,8,4,,0,15,,238467,8,4,,0,15,,238468,8,4,,0,56,,238469,8,4,,0,15,,238470,8,4,,0,15,,238471,8,4,,0,15,,238472,8,4,,0,56,,238473,8,4,,0,15,,238474,8,4,,0,13,,238475,8,4,,0,15,,238476,8,4,,0,54,,238477,8,4,,0,15,,238478,8,4,,0,15,,238479,8,4,,0,15,,238480,8,4,,0,53,,238481,8,4,,0,15,,238482,8,4,,0,13,,238483,8,4,,0,15,,238484,8,4,,0,55,,238485,8,4,,0,15,,238486,8,4,,0,13,,238487,8,4,,0,15,,238488,8,4,,0,13,,238489,8,4,,0,55,,238490,8,4,,0,15,,238491,8,4,,0,15,,238492,8,4,,0,15,,238493,8,4,,0,55,,238494,8,4,,0,15,,238495,8,4,,0,15,,238496,8,4,,0,14,,238497,8,4,,0,55,,238498,8,4,,0,15,,238499,8,4,,0,15,,238500,8,4,,0,15,,238501,8,4,,0,55,,238502,8,4,,0,13,,238503,8,4,,0,15,,238504,8,4,,0,15,,238505,8,4,,0,55,,238506,8,4,,0,13,,238507,8,4,,0,15,,238508,8,4,,0,15,,238509,8,4,,0,55,,238510,8,4,,0,15,,238511,8,4,,0
