670800,'101_merged_15727747',714,,212981,19,,,0,791,,212982,13,,,0,52,,212980,19,,,0
670800,'1_merged_15727750',532,,213024,18,,,0,21,,213020,19,,,0,58,,212994,19,,,0,17,,212999,18,,,0,16,,213022,18,,,0,57,,212989,18,,,0,23,,213021,19,,,0,12,,213028,19,,,0,15,,213023,18,,,0,55,,213001,19,,,0,17,,212984,19,,,0,18,,213000,19,,,0,18,,212986,19,,,0,69,,212991,19,,,0,29,,212992,19,,,0,70,,213004,19,,,0,30,,212987,19,,,0,70,,213005,19,,,0,30,,213010,19,,,0,70,,213006,19,,,0,30,,212993,19,,,0,70,,213007,19,,,0,32,,213017,19,,,0,70,,213008,19,,,0,30,,212995,18,,,0,59,,212997,19,,,0,19,,213002,19,,,0,80,,212983,19,,,0,20,,212998,19,,,0,20,,213011,19,,,0,57,,213025,19,,,0,16,,213012,19,,,0,16,,213013,19,,,0,13,,213003,19,,,0,55,,213026,19,,,0,16,,213014,19,,,0,16,,213015,19,,,0,55,,213027,19,,,0,15,,212996,19,,,0,15,,213019,19,,,0,19,,213029,19,,,0,60,,213018,19,,,0,20,,213009,19,,,0,19,,213030,19,,,0,60,,212988,19,,,0,99,,212990,19,,,0,99,,213016,19,,,0,103,,212985,19,,,0
670800,'201_merged_15727755',714,,213031,19,,,0,843,,213032,18,,,0
670800,'2_merged_15727752',552,,213067,18,,,0,56,,213066,18,,,0,16,,213055,18,,,0,21,,213068,18,,,0,60,,213054,19,,,0,20,,213039,18,,,0,20,,213069,19,,,0,61,,213053,19,,,0,30,,213038,19,,,0,70,,213052,19,,,0,30,,213033,19,,,0,70,,213051,19,,,0,30,,213059,19,,,0,70,,213050,19,,,0,31,,213037,19,,,0,70,,213049,19,,,0,31,,213035,19,,,0,70,,213048,19,,,0,31,,213034,19,,,0,70,,213047,19,,,0,29,,213060,19,,,0,69,,213046,19,,,0,31,,213070,19,,,0,71,,213045,19,,,0,30,,213063,19,,,0,70,,213044,18,,,0,30,,213036,19,,,0,69,,213043,19,,,0,29,,213065,19,,,0,69,,213042,19,,,0,28,,213064,19,,,0,70,,213041,19,,,0,29,,213062,19,,,0,73,,213040,19,,,0,33,,213061,19,,,0,96,,213058,19,,,0,98,,213057,19,,,0,99,,213056,19,,,0
670800,'3_merged_15727751',633,,213071,18,,,0,20,,213102,18,,,0,60,,213101,19,,,0,20,,213100,19,,,0,70,,213079,19,,,0,32,,213099,19,,,0,70,,213089,19,,,0,30,,213098,19,,,0,70,,213088,19,,,0,30,,213097,19,,,0,71,,213084,19,,,0,30,,213096,19,,,0,70,,213083,19,,,0,23,,213095,18,,,0,20,,213105,19,,,0,60,,213082,19,,,0,21,,213106,18,,,0,20,,213094,19,,,0,60,,213081,19,,,0,20,,213093,19,,,0,20,,213107,19,,,0,60,,213085,19,,,0,20,,213076,19,,,0,20,,213108,19,,,0,60,,213080,19,,,0,20,,213075,19,,,0,20,,213109,19,,,0,60,,213086,19,,,0,20,,213103,19,,,0,21,,213110,19,,,0,60,,213092,19,,,0,21,,213074,19,,,0,21,,213104,19,,,0,61,,213087,19,,,0,29,,213073,19,,,0,70,,213077,19,,,0,29,,213072,19,,,0,72,,213091,19,,,0,90,,213078,19,,,0,100,,213090,19,,,0,98,,213111,19,,,0
670901,'101_merged_15727747',647,,213293,26,,,0
670901,'1_merged_15727750',522,,213316,26,,,0,22,,213306,26,,,0,61,,213318,26,,,0,20,,213307,26,,,0,84,,213314,26,,,0,19,,213319,26,,,0,20,,213323,26,,,0,57,,213295,26,,,0,15,,213298,26,,,0,21,,213320,26,,,0,60,,213297,26,,,0,30,,213321,26,,,0,69,,213296,26,,,0,100,,213310,26,,,0,100,,213311,26,,,0,102,,213313,26,,,0,101,,213322,26,,,0,38,,213312,26,,,0,70,,213317,26,,,0,31,,213308,26,,,0,69,,213300,26,,,0,24,,213294,26,,,0,70,,213301,26,,,0,30,,213302,26,,,0,67,,213303,26,,,0,31,,213304,26,,,0,75,,213299,26,,,0,32,,213315,26,,,0,104,,213305,26,,,0,106,,213309,26,,,0
670901,'201_merged_15727755',647,,213324,26,,,0
670901,'2_merged_15727752',823,,213337,26,,,0,99,,213335,26,,,0,100,,213334,26,,,0,101,,213332,26,,,0,102,,213331,26,,,0,101,,213330,26,,,0,101,,213329,26,,,0,100,,213333,26,,,0,100,,213326,26,,,0,99,,213328,26,,,0,100,,213336,26,,,0,98,,213327,26,,,0,99,,213325,26,,,0,103,,213338,26,,,0
670901,'3_merged_15727751',1144,,213340,26,,,0,105,,213345,26,,,0,105,,213346,26,,,0,102,,213342,26,,,0,100,,213341,26,,,0,100,,213343,26,,,0,99,,213339,26,,,0,99,,213349,26,,,0,100,,213344,26,,,0,95,,213348,26,,,0,95,,213347,26,,,0
