661400,'152201_merged_15726445',2040,,186136,4,0,10,0,60,,186137,4,0,10,0,20,,186141,4,0,10,0,21,,186138,4,0,10,0,60,,186142,4,0,10,0,20,,186143,4,0,10,0,22,,186139,4,0,10,0,60,,186135,4,0,10,0,18,,186140,4,0,10,0,29,,186134,4,0,10,0
661400,'152301_merged_15726453',2040,,186144,4,0,10,0,60,,186145,4,0,10,0,20,,186146,4,0,10,0,21,,186147,4,0,10,0,60,,186148,4,0,10,0,20,,186149,4,0,10,0,22,,186150,4,0,10,0,60,,186151,4,0,10,0,18,,186152,4,0,10,0,29,,186153,4,0,10,0
661400,'1_merged_15726439',710,,186189,4,,,0,14,,186190,4,,,0,13,,186197,4,,,0,14,,186203,4,,,0,55,,186217,4,,,0,15,,186191,4,,,0,17,,186157,4,,,0,15,,186158,4,,,0,55,,186199,4,,,0,15,,186200,4,,,0,15,,186201,4,,,0,15,,186202,4,,,0,52,,186218,4,,,0,15,,186219,4,,,0,15,,186214,4,,,0,15,,186194,4,,,0,55,,186159,4,,,0,15,,186186,4,,,0,14,,186161,4,,,0,14,,186195,4,,,0,54,,186198,4,,,0,13,,186154,4,,,0,14,,186155,4,,,0,14,,186181,4,,,0,12,,186224,4,,,0,52,,186179,4,,,0,12,,186182,4,,,0,12,,186183,4,,,0,12,,186192,4,,,0,12,,186212,4,,,0,50,,186213,4,,,0,12,,186193,4,,,0,12,,186165,4,,,0,12,,186166,4,,,0,12,,186167,4,,,0,50,,186209,4,,,0,12,,186168,4,,,0,12,,186169,4,,,0,10,,186170,4,,,0,10,,186172,4,,,0,10,,186207,4,,,0,52,,186221,4,,,0,10,,186196,4,,,0,10,,186220,4,,,0,10,,186206,4,,,0,9,,186208,4,,,0,10,,186175,4,,,0,49,,186222,4,,,0,8,,186210,4,,,0,9,,186223,4,,,0,9,,186211,4,,,0,9,,186174,4,,,0,12,,186184,4,,,0,54,,186173,4,,,0,12,,186160,4,,,0,15,,186205,4,,,0,20,,186163,4,,,0,61,,186204,4,,,0,24,,186171,4,0,10,0,60,,186185,4,0,10,0,20,,186156,4,0,10,0
661400,'2_merged_15726441',857,,186277,4,,,0,54,,186278,4,,,0,14,,186249,4,,,0,11,,186266,4,,,0,14,,186264,4,,,0,53,,186229,4,,,0,11,,186230,4,,,0,13,,186231,4,,,0,12,,186299,4,,,0,12,,186252,4,,,0,52,,186234,4,,,0,12,,186233,4,,,0,12,,186282,4,,,0,12,,186251,4,,,0,11,,186253,4,,,0,52,,186292,4,,,0,11,,186254,4,,,0,11,,186255,4,,,0,9,,186300,4,,,0,11,,186283,4,,,0,11,,186288,4,,,0,51,,186242,4,,,0,11,,186293,4,,,0,12,,186228,4,,,0,12,,186237,4,,,0,12,,186238,4,,,0,52,,186239,4,,,0,12,,186294,4,,,0,12,,186279,4,,,0,12,,186295,4,,,0,12,,186289,4,,,0,52,,186248,4,,,0,12,,186268,4,,,0,12,,186281,4,,,0,12,,186296,4,,,0,12,,186270,4,,,0,53,,186284,4,,,0,14,,186256,4,,,0,12,,186287,4,,,0,12,,186260,4,,,0,12,,186297,4,,,0,52,,186291,4,,,0,12,,186225,4,,,0,14,,186226,4,,,0,13,,186227,4,,,0,12,,186298,4,,,0,52,,186301,4,,,0,13,,186235,4,,,0,13,,186236,4,,,0,16,,186269,4,,,0,61,,186257,4,,,0,22,,186271,4,0,10,0,20,,186285,4,0,10,0,61,,186267,4,0,10,0,20,,186272,4,0,10,0,21,,186280,4,0,10,0,61,,186240,4,0,10,0,22,,186265,4,0,10,0,60,,186244,4,0,10,0,20,,186273,4,0,10,0,22,,186243,4,0,10,0,60,,186286,4,0,10,0,19,,186263,4,0,10,0,31,,186259,4,0,10,0
661400,'3_merged_15726440',944,,186313,4,,,0,56,,186314,4,,,0,14,,186315,4,,,0,15,,186316,4,,,0,14,,186317,4,,,0,16,,186318,4,,,0,55,,186319,4,,,0,14,,186320,4,,,0,14,,186321,4,,,0,15,,186322,4,,,0,54,,186323,4,,,0,12,,186324,4,,,0,11,,186325,4,,,0,12,,186326,4,,,0,12,,186327,4,,,0,52,,186328,4,,,0,12,,186329,4,,,0,12,,186330,4,,,0,12,,186331,4,,,0,12,,186332,4,,,0,52,,186333,4,,,0,12,,186334,4,,,0,13,,186335,4,,,0,13,,186336,4,,,0,53,,186337,4,,,0,12,,186338,4,,,0,12,,186339,4,,,0,12,,186340,4,,,0,13,,186341,4,,,0,54,,186342,4,,,0,15,,186343,4,,,0,15,,186344,4,,,0,16,,186345,4,,,0,55,,186346,4,,,0,15,,186347,4,,,0,15,,186348,4,,,0,15,,186349,4,,,0,55,,186350,4,,,0,15,,186351,4,,,0,20,,186352,4,,,0,19,,186353,4,,,0,59,,186354,4,,,0,20,,186355,4,0,10,0,19,,186356,4,0,10,0,60,,186357,4,0,10,0,20,,186358,4,0,10,0,20,,186359,4,0,10,0,64,,186360,4,0,10,0,26,,186361,4,0,10,0,60,,186362,4,0,10,0,19,,186363,4,0,10,0,22,,186364,4,0,10,0,63,,186365,4,0,10,0,19,,186366,4,0,10,0,25,,186367,4,0,10,0
661900,'1_merged_15726439',752,,188888,4,,,0,57,,188890,4,,,0,15,,188892,4,,,0,19,,188894,4,,,0,57,,188896,4,,,0,18,,188898,4,,,0,25,,188900,4,,,0,64,,188902,4,,,0,23,,188904,4,,,0,22,,188906,4,,,0,462,,188936,4,,,0,13,,188938,4,,,0,16,,188939,4,,,0,58,,188941,4,,,0,13,,188943,4,,,0,14,,188945,4,,,0,14,,188947,4,,,0,16,,188949,4,,,0,49,,188950,4,,,0,24,,188952,4,,,0,28,,188954,4,,,0,55,,188955,4,,,0
683300,'1_merged_15726439',2541,,223684,4,,,0,73,,223686,4,,,0,32,,223685,4,,,0
683300,'2_merged_15726441',2538,,223687,4,,,0,70,,223689,4,,,0,28,,223688,4,,,0
683300,'3_merged_15726440',2539,,223690,4,,,0,70,,223692,4,,,0,30,,223691,4,,,0,78,,223693,4,,,0
1671800,'152201_merged_15726445',2037,,226227,4,0,10,0,16,,226228,4,0,10,0,55,,226229,4,0,10,0,15,,226230,4,0,10,0,18,,226231,4,0,10,0,60,,226232,4,0,10,0,21,,226233,4,0,10,0,20,,226234,4,0,10,0,60,,226235,4,0,10,0,30,,226236,4,0,10,0,16,,226226,4,0,10,0,55,,226237,4,0,10,0,15,,226240,4,0,10,0,15,,226238,4,0,10,0,70,,226239,4,0,10,0
1671800,'152301_merged_15726453',2037,,226243,4,0,10,0,16,,226244,4,0,10,0,55,,226245,4,0,10,0,15,,226246,4,0,10,0,18,,226247,4,0,10,0,60,,226248,4,0,10,0,21,,226249,4,0,10,0,20,,226250,4,0,10,0,60,,226251,4,0,10,0,30,,226252,4,0,10,0,16,,226241,4,0,10,0,55,,226253,4,0,10,0,15,,226242,4,0,10,0,15,,226254,4,0,10,0,70,,226255,4,0,10,0
1671800,'1_merged_15726439',300,,226328,4,0,10,0,30,,226329,4,0,10,0,78,,226330,4,0,10,0,30,,226297,4,,,0,78,,226299,4,,,0,17,,226294,4,,,0,26,,226301,4,,,0,54,,226302,4,,,0,15,,226303,4,,,0,13,,226304,4,,,0,12,,226291,4,,,0,54,,226292,4,,,0,13,,226308,4,,,0,14,,226309,4,,,0,12,,226310,4,,,0,13,,226311,4,,,0,53,,226312,4,,,0,12,,226313,4,,,0,13,,226314,4,,,0,14,,226315,4,,,0,54,,226316,4,,,0,14,,226317,4,,,0,15,,226318,4,,,0,15,,226319,4,,,0,55,,226320,4,,,0,15,,226321,4,,,0,13,,226322,4,,,0,15,,226323,4,,,0,55,,226324,4,,,0,16,,226325,4,,,0,14,,226326,4,,,0,15,,226327,4,,,0,55,,226305,4,,,0,15,,226306,4,,,0,15,,226307,4,,,0,15,,226284,4,,,0,55,,226285,4,,,0,15,,226286,4,,,0,16,,226256,4,,,0,15,,226257,4,,,0,53,,226258,4,,,0,8,,226259,4,,,0,8,,226296,4,,,0,14,,226260,4,,,0,15,,226261,4,,,0,13,,226262,4,,,0,53,,226263,4,,,0,12,,226264,4,,,0,10,,226334,4,,,0,10,,226265,4,,,0,10,,226266,4,,,0,50,,226267,4,,,0,10,,226268,4,,,0,10,,226269,4,,,0,10,,226270,4,,,0,9,,226271,4,,,0,9,,226272,4,,,0,51,,226333,4,,,0,9,,226273,4,,,0,9,,226274,4,,,0,10,,226275,4,,,0,10,,226276,4,,,0,12,,226277,4,,,0,53,,226278,4,,,0,12,,226279,4,,,0,13,,226280,4,,,0,12,,226281,4,0,10,0,15,,226282,4,0,10,0,55,,226283,4,0,10,0,15,,226287,4,0,10,0,17,,226288,4,0,10,0,55,,226290,4,0,10,0,18,,226289,4,0,10,0
1671800,'2_merged_15726441',301,,226432,4,0,10,0,30,,226433,4,0,10,0,76,,226428,4,0,10,0,30,,226363,4,,,0,81,,226394,4,,,0,21,,226395,4,,,0,15,,226372,4,,,0,56,,226373,4,,,0,19,,226374,4,,,0,20,,226375,4,,,0,55,,226376,4,,,0,14,,226377,4,,,0,13,,226378,4,,,0,13,,226380,4,,,0,12,,226381,4,,,0,53,,226382,4,,,0,14,,226383,4,,,0,15,,226384,4,,,0,15,,226385,4,,,0,52,,226386,4,,,0,15,,226387,4,,,0,15,,226388,4,,,0,15,,226389,4,,,0,54,,226390,4,,,0,15,,226391,4,,,0,12,,226392,4,,,0,12,,226393,4,,,0,12,,226379,4,,,0,51,,226364,4,,,0,12,,226396,4,,,0,13,,226397,4,,,0,12,,226398,4,,,0,13,,226399,4,,,0,49,,226365,4,,,0,10,,226400,4,,,0,11,,226401,4,,,0,10,,226402,4,,,0,10,,226403,4,,,0,10,,226404,4,,,0,49,,226366,4,,,0,10,,226405,4,,,0,10,,226406,4,,,0,10,,226407,4,,,0,10,,226408,4,,,0,11,,226409,4,,,0,51,,226367,4,,,0,11,,226410,4,,,0,10,,226411,4,,,0,10,,226412,4,,,0,10,,226413,4,,,0,10,,226414,4,,,0,50,,226368,4,,,0,10,,226415,4,,,0,10,,226416,4,,,0,10,,226418,4,,,0,10,,226419,4,,,0,10,,226420,4,,,0,50,,226369,4,,,0,9,,226421,4,,,0,12,,226422,4,,,0,10,,226417,4,,,0,9,,226423,4,,,0,10,,226424,4,,,0,50,,226370,4,,,0,11,,226425,4,,,0,11,,226426,4,,,0,12,,226427,4,,,0,12,,226335,4,,,0,52,,226336,4,,,0,12,,226337,4,,,0,13,,226338,4,,,0,13,,226339,4,0,10,0,15,,226340,4,0,10,0,55,,226341,4,0,10,0,15,,226342,4,0,10,0,18,,226343,4,0,10,0,55,,226344,4,0,10,0,14,,226345,4,0,10,0,14,,226346,4,0,10,0,18,,226347,4,0,10,0,55,,226348,4,0,10,0,15,,226349,4,0,10,0,20,,226358,4,0,10,0,20,,226350,4,0,10,0,60,,226351,4,0,10,0,22,,226352,4,0,10,0,61,,226353,4,0,10,0,24,,226354,4,0,10,0,31,,226355,4,0,10,0,70,,226356,4,0,10,0,32,,226357,4,0,10,0
1671800,'3_merged_15726440',300,,226518,4,0,10,0,30,,226519,4,0,10,0,76,,226516,4,0,10,0,30,,226517,4,0,10,0,77,,226512,4,,,0,22,,226453,4,,,0,20,,226459,4,,,0,61,,226460,4,,,0,24,,226513,4,,,0,60,,226461,4,,,0,14,,226463,4,,,0,15,,226436,4,,,0,14,,226462,4,,,0,11,,226464,4,,,0,53,,226465,4,,,0,14,,226466,4,,,0,15,,226467,4,,,0,15,,226468,4,,,0,56,,226469,4,,,0,16,,226470,4,,,0,14,,226471,4,,,0,16,,226472,4,,,0,56,,226473,4,,,0,16,,226474,4,,,0,12,,226475,4,,,0,14,,226476,4,,,0,53,,226477,4,,,0,14,,226497,4,,,0,13,,226478,4,,,0,11,,226479,4,,,0,13,,226480,4,,,0,52,,226437,4,,,0,11,,226481,4,,,0,12,,226482,4,,,0,12,,226483,4,,,0,12,,226484,4,,,0,52,,226438,4,,,0,13,,226485,4,,,0,12,,226486,4,,,0,13,,226487,4,,,0,12,,226488,4,,,0,52,,226449,4,,,0,13,,226489,4,,,0,12,,226490,4,,,0,13,,226491,4,,,0,12,,226492,4,,,0,52,,226450,4,,,0,12,,226493,4,,,0,11,,226494,4,,,0,12,,226495,4,,,0,12,,226458,4,,,0,51,,226451,4,,,0,11,,226496,4,,,0,12,,226454,4,,,0,12,,226455,4,,,0,12,,226456,4,,,0,52,,226452,4,,,0,12,,226439,4,,,0,14,,226440,4,,,0,14,,226441,4,,,0,55,,226442,4,,,0,15,,226443,4,,,0,15,,226444,4,,,0,16,,226445,4,0,10,0,55,,226446,4,0,10,0,16,,226447,4,0,10,0,15,,226448,4,0,10,0,15,,226457,4,0,10,0,55,,226515,4,0,10,0,15,,226499,4,0,10,0,20,,226500,4,0,10,0,15,,226501,4,0,10,0,55,,226502,4,0,10,0,15,,226514,4,0,10,0,20,,226503,4,0,10,0,60,,226504,4,0,10,0,20,,226505,4,0,10,0,22,,226506,4,0,10,0,61,,226507,4,0,10,0,24,,226508,4,0,10,0,71,,226509,4,0,10,0,30,,226510,4,0,10,0,70,,226511,4,0,10,0
