670501,'1_merged_15726439',436,,211792,3,0,76 77 89,0,64,,211785,3,0,76 77 89,0,10,,211769,3,0,76 77 57,0,10,,211793,3,0,76 77 89,0,10,,211875,3,0,76 77 57,0,10,,211772,3,0,76 77 57,0,8,,211791,3,0,76 77 89,0,10,,211794,3,0,76 77 89,0,50,,211771,3,0,76 77 57,0,9,,211876,3,0,76 77 57,0,9,,211879,3,0,76 77 57,0,9,,211822,9,0,76 77 89,0,7,,211774,9,0,76 77 57,0,9,,211783,9,0,76 77 57,0,8,,211795,9,0,76 77 57,0,49,,211878,9,0,76 77 57,0,10,,211796,9,0,76 77 57,0,10,,211828,9,0,76 77 57,0,9,,211829,9,0,76 77 57,0,10,,211797,9,0,76 77 57,0,9,,211831,9,0,76 77 57,0,50,,211798,9,0,76 77 57,0,10,,211830,9,0,76 77 57,0,10,,211799,9,0,76 77 57,0,10,,211800,9,0,76 77 57,0,10,,211832,9,0,76 77 57,0,10,,211838,9,0,76 77 57,0,50,,211801,9,0,76 77 57,0,10,,211839,3,0,76 77 57,0,10,,211840,3,0,76 77 57,0,10,,211841,3,0,76 77 57,0,10,,211842,3,0,76 77 57,0,10,,211843,3,0,76 77 57,0,50,,211844,3,0,76 77 57,0,10,,211845,3,0,76 77 57,0,10,,211846,3,0,76 77 57,0,10,,211847,3,0,76 77 57,0,10,,211848,3,0,76 77 57,0,10,,211849,3,0,76 77 57,0,50,,211850,3,0,76 77 57,0,10,,211851,3,0,76 77 57,0,10,,211852,3,0,76 77 57,0,10,,211853,3,0,76 77 57,0,10,,211854,3,0,76 77 57,0,10,,211855,3,0,76 77 57,0,50,,211856,3,0,76 77 57,0,10,,211857,3,0,76 77 57,0,10,,211858,3,0,76 77 57,0,8,,211859,3,0,76 77 57,0,10,,211860,3,0,76 77 57,0,10,,211861,3,0,76 77 57,0,50,,211862,3,0,76 77 57,0,10,,211863,3,0,76 77 57,0,10,,211864,3,0,76 77 57,0,9,,211865,3,0,76 77 57,0,10,,211866,3,0,76 77 57,0,10,,211867,3,0,76 77 57,0,50,,211868,3,0,76 77 57,0,10,,211869,3,0,76 77 57,0,10,,211870,3,0,76 77 57,0,9,,211871,3,0,76 77 57,0,10,,211823,3,0,76 77 57,0,10,,211802,3,0,76 77 57,0,50,,211833,3,0,76 77 57,0,10,,211803,3,0,76 77 57,0,10,,211804,9,0,76 77 57,0,9,,211805,9,0,76 77 57,0,10,,211824,9,0,76 77 57,0,10,,211806,9,0,76 77 57,0,50,,211834,9,0,76 77 57,0,10,,211807,9,0,76 77 57,0,9,,211808,9,0,76 77 57,0,7,,211880,9,0,76 77 57,0,10,,211825,9,0,76 77 57,0,7,,211809,9,0,76 77 57,0,7,,211881,9,0,76 77 57,0,7,,211810,9,0,76 77 57,0,46,,211835,9,0,76 77 57,0,9,,211811,9,0,76 77 57,0,6,,211882,9,0,76 77 57,0,7,,211812,9,0,76 77 57,0,9,,211883,9,0,76 77 57,0,6,,211813,9,0,76 77 57,0,6,,211826,9,0,76 77 57,0,7,,211884,9,0,76 77 57,0,49,,211814,9,0,76 77 57,0,9,,211815,9,0,76 77 57,0,8,,211885,9,0,76 77 57,0,10,,211816,9,0,76 77 57,0,10,,211817,9,0,76 77 57,0,9,,211818,9,0,76 77 57,0,7,,211886,9,0,76 77 57,0,49,,211776,9,0,76 77 57,0,9,,211872,3,0,76 77 57,0,9,,211820,3,0,76 77 57,0,14,,211781,3,0,76 77 57,0,12,,211777,3,0,76 77 57,0,51,,211782,3,0,76 77 57,0,12,,211821,3,0,76 77 89,0,12,,211778,3,0,76 77 57,0,13,,211784,3,0,76 77 89,0,13,,211873,3,0,76 77 57,0,53,,211779,3,0,76 77 89,0,11,,211827,3,0,76 77 57,0,12,,211773,3,0,76 77 89,0,14,,211874,3,0,76 77 57,0,15,,211780,3,0,76 77 57,0,55,,211770,3,0,76 77 89,0,15,,211877,3,0,76 77 89,0,17,,211768,3,0,76 77 57,0,15,,211836,3,0,76 77 57,0,59,,211819,3,0,76 77 89,0,20,,211837,3,0,76 77 89,0,21,,211775,3,0,76 77 57,0,60,,211786,3,0,76 77 57,0,20,,211787,3,0,76 77 89,0,72,,211788,3,0,76 77 57,0,49,,211789,3,0,76 77 57,0,77,,211790,3,0,78 12,0
670501,'2_merged_15726441',541,,211927,3,0,76 77 57,0,70,,211888,3,0,76 77 89,0,10,,211936,3,0,76 77 89,0,10,,211925,3,0,76 77 57,0,10,,211902,3,0,76 77 57,0,11,,211941,3,0,76 77 57,0,51,,211924,3,0,76 77 89,0,11,,211948,3,0,76 77 57,0,11,,211900,3,0,76 77 57,0,11,,211942,3,0,76 77 57,0,10,,211923,3,0,76 77 89,0,11,,211904,3,0,76 77 57,0,52,,211926,3,0,76 77 57,0,12,,211903,3,0,76 77 57,0,12,,211943,3,0,76 77 57,0,11,,211928,3,0,76 77 57,0,12,,211908,3,0,76 77 57,0,52,,211930,3,0,76 77 57,0,12,,211891,3,0,76 77 57,0,12,,211944,3,0,76 77 57,0,12,,211897,3,0,76 77 57,0,12,,211887,3,0,76 77 57,0,52,,211921,3,0,76 77 57,0,11,,211909,3,0,76 77 57,0,12,,211945,3,0,76 77 57,0,11,,211931,3,0,76 77 57,0,12,,211896,3,0,76 77 57,0,52,,211954,3,0,76 77 57,0,9,,211955,3,0,76 77 57,0,10,,211956,3,0,76 77 57,0,10,,211957,3,0,76 77 57,0,10,,211958,3,0,76 77 57,0,10,,211959,3,0,76 77 57,0,50,,211960,3,0,76 77 57,0,9,,211961,3,0,76 77 57,0,9,,211962,3,0,76 77 57,0,9,,211963,3,0,76 77 57,0,8,,211964,3,0,76 77 57,0,10,,211965,3,0,76 77 57,0,50,,211966,3,0,76 77 57,0,10,,211967,3,0,76 77 57,0,10,,211968,3,0,76 77 57,0,10,,211969,3,0,76 77 57,0,10,,211970,3,0,76 77 57,0,10,,211971,3,0,76 77 57,0,50,,211972,3,0,76 77 57,0,10,,211973,3,0,76 77 57,0,10,,211974,3,0,76 77 57,0,10,,211975,3,0,76 77 57,0,9,,211976,3,0,76 77 57,0,10,,211977,3,0,76 77 57,0,10,,211978,3,0,76 77 57,0,49,,211979,3,0,76 77 57,0,10,,211980,3,0,76 77 57,0,10,,211981,3,0,76 77 57,0,10,,211982,3,0,76 77 57,0,10,,211983,3,0,76 77 57,0,11,,211984,3,0,76 77 57,0,51,,211985,3,0,76 77 57,0,10,,211986,3,0,76 77 57,0,10,,211987,3,0,76 77 57,0,10,,211988,3,0,76 77 57,0,10,,211989,3,0,76 77 57,0,50,,211990,3,0,76 77 57,0,11,,211915,3,0,76 77 57,0,10,,211905,3,0,76 77 57,0,10,,211991,3,0,76 77 57,0,11,,211949,3,0,76 77 57,0,10,,211932,3,0,76 77 57,0,51,,211919,3,0,76 77 57,0,10,,211992,3,0,76 77 57,0,10,,211899,3,0,76 77 57,0,10,,211933,3,0,76 77 57,0,10,,211907,3,0,76 77 57,0,10,,211950,3,0,76 77 89,0,50,,211934,3,0,76 77 57,0,10,,211922,3,0,76 77 57,0,10,,211993,3,0,76 77 57,0,10,,211898,3,0,76 77 57,0,11,,211951,3,0,76 77 57,0,10,,211911,3,0,76 77 89,0,51,,211918,3,0,76 77 57,0,13,,211910,3,0,76 77 57,0,13,,211892,3,0,76 77 57,0,13,,211952,3,0,76 77 89,0,12,,211890,3,0,76 77 57,0,52,,211935,3,0,76 77 57,0,12,,211913,3,0,76 77 57,0,13,,211929,3,0,76 77 57,0,14,,211912,3,0,76 77 57,0,53,,211953,3,0,76 77 57,0,13,,211994,3,0,76 77 57,0,13,,211895,3,0,76 77 57,0,13,,211914,3,0,76 77 89,0,16,,211916,3,0,76 77 57,0,60,,211938,3,0,76 77 57,0,22,,211917,3,0,76 77 57,0,63,,211920,3,0,76 77 57,0,23,,211940,3,0,76 77 57,0,22,,211906,3,0,76 77 89,0,71,,211946,3,0,78 12,0,36,,211894,3,0,76 77 57,0,70,,211893,3,0,78 12,0
670501,'3_merged_15726440',504,,212033,3,0,76 77 57,0,21,,212011,3,0,76 77 57,0,16,,212034,3,0,76 77 57,0,15,,212073,3,0,76 77 57,0,55,,212003,3,0,76 77 57,0,14,,212009,3,0,76 77 57,0,15,,212035,3,0,76 77 57,0,15,,212013,3,0,76 77 57,0,55,,212001,3,0,76 77 57,0,12,,212008,3,0,76 77 57,0,11,,212002,10,0,76 77 57,0,11,,212007,3,0,76 77 89,0,13,,212006,3,0,76 77 57,0,53,,212081,3,0,76 77 57,0,12,,212005,3,0,76 77 57,0,13,,211999,3,0,76 77 89,0,15,,211998,3,0,76 77 57,0,55,,212012,3,0,76 77 57,0,15,,212023,3,0,76 77 57,0,15,,212022,3,0,76 77 57,0,14,,212021,3,0,76 77 57,0,55,,212020,3,0,76 77 57,0,15,,212032,3,0,76 77 57,0,16,,212031,3,0,76 77 57,0,15,,212030,3,0,76 77 57,0,55,,212029,3,0,76 77 57,0,14,,212028,3,0,76 77 57,0,15,,212027,3,0,76 77 57,0,15,,212026,3,0,76 77 57,0,52,,212025,3,0,76 77 57,0,11,,212074,3,0,76 77 57,0,12,,212024,3,0,76 77 57,0,12,,212016,3,0,76 77 57,0,13,,212015,3,0,76 77 57,0,53,,212068,3,0,76 77 57,0,12,,212014,3,0,76 77 57,0,12,,212036,3,0,76 77 57,0,11,,212037,3,0,76 77 57,0,12,,212038,3,0,76 77 57,0,52,,212069,3,0,76 77 57,0,12,,212039,3,0,76 77 57,0,12,,212040,3,0,76 77 57,0,12,,212041,3,0,76 77 57,0,10,,212042,3,0,76 77 57,0,10,,212070,3,0,76 77 57,0,50,,212043,3,0,76 77 57,0,10,,212044,3,0,76 77 57,0,10,,212082,3,0,76 77 57,0,10,,212045,3,0,76 77 57,0,10,,212046,3,0,76 77 57,0,10,,212071,3,0,76 77 57,0,50,,212083,3,0,76 77 57,0,10,,212047,3,0,76 77 57,0,10,,212048,3,0,76 77 57,0,10,,212049,3,0,76 77 57,0,12,,212050,3,0,76 77 57,0,52,,212075,3,0,76 77 57,0,12,,212051,3,0,76 77 57,0,12,,212052,3,0,76 77 57,0,13,,212053,3,0,76 77 57,0,12,,212054,3,0,76 77 57,0,52,,212076,3,0,76 77 57,0,12,,212055,3,0,76 77 57,0,12,,212056,3,0,76 77 57,0,12,,212057,3,0,76 77 57,0,12,,212077,3,0,76 77 57,0,51,,212058,3,0,76 77 89,0,12,,212059,3,0,76 77 57,0,11,,212060,3,0,76 77 57,0,10,,212061,3,0,76 77 57,0,10,,212084,3,0,76 77 57,0,10,,212062,3,0,76 77 89,0,51,,212063,3,0,76 77 57,0,11,,212064,3,0,76 77 57,0,11,,212079,3,0,76 77 57,0,13,,212065,3,0,76 77 57,0,15,,212066,3,0,76 77 57,0,55,,212067,3,0,76 77 57,0,15,,212019,3,0,76 77 89,0,17,,212004,3,0,76 77 57,0,15,,212018,3,0,76 77 57,0,55,,212072,3,0,76 77 89,0,16,,212017,3,0,76 77 57,0,17,,212078,3,0,76 77 57,0,56,,211997,3,0,76 77 57,0,21,,212080,3,0,76 77 89,0,25,,211996,3,0,76 77 57,0,64,,211995,3,0,76 77 57,0,40,,212000,3,0,76 77 57,0,75,,212010,3,0,78 12,0
670900,'1_merged_15726439',600,,213259,3,,,0,15,,213244,3,,,0,15,,213267,3,,,0,15,,213265,3,,,0,14,,213260,3,,,0,61,,213253,3,,,0,18,,213261,3,,,0,70,,213266,3,,,0,30,,213262,3,,,0,101,,213263,3,,,0,100,,213264,3,,,0,100,,213245,3,,,0,100,,213246,3,,,0,100,,213252,3,,,0,101,,213255,3,,,0,64,,213258,3,,,0,28,,213250,3,,,0,70,,213249,3,,,0,30,,213256,3,,,0,70,,213268,3,,,0,30,,213251,3,,,0,69,,213257,3,,,0,30,,213254,3,,,0,102,,213247,3,,,0,108,,213248,3,,,0
670900,'2_merged_15726441',802,,213273,3,,,0,98,,213270,3,,,0,100,,213277,3,,,0,100,,213278,3,,,0,100,,213281,3,,,0,100,,213279,3,,,0,100,,213272,3,,,0,100,,213271,3,,,0,100,,213276,3,,,0,100,,213275,3,,,0,100,,213274,3,,,0,100,,213269,3,,,0,103,,213280,3,,,0
670900,'3_merged_15726440',1032,,213292,3,,,0,100,,213291,3,,,0,100,,213287,3,,,0,100,,213285,3,,,0,100,,213288,3,,,0,100,,213286,3,,,0,100,,213290,3,,,0,100,,213289,3,,,0,100,,213284,3,,,0,101,,213283,3,,,0,101,,213282,3,,,0
673800,'101_merged_15726436',1658,,217636,3,,,0
673800,'1_merged_15726439',519,,217717,3,,,0,12,,217719,3,,,0,11,,217716,3,,,0,11,,217718,3,,,0,51,,217690,3,,,0,11,,217645,3,,,0,12,,217689,3,,,0,12,,217680,3,,,0,12,,217661,3,,,0,52,,217721,3,,,0,12,,217686,3,,,0,12,,217644,3,,,0,12,,217653,3,,,0,12,,217646,3,,,0,54,,217639,3,,,0,15,,217685,3,,,0,15,,217707,3,,,0,15,,217706,3,,,0,55,,217708,3,,,0,15,,217684,3,,,0,15,,217664,3,,,0,15,,217694,3,,,0,55,,217688,3,,,0,15,,217693,3,,,0,15,,217668,3,,,0,15,,217692,3,,,0,55,,217663,3,,,0,15,,217691,3,,,0,15,,217711,3,,,0,15,,217698,3,,,0,55,,217672,3,,,0,15,,217652,3,,,0,15,,217671,3,,,0,15,,217651,3,,,0,55,,217669,3,,,0,15,,217650,3,,,0,15,,217649,3,,,0,16,,217670,3,,,0,55,,217683,3,,,0,15,,217678,3,,,0,15,,217643,3,,,0,15,,217674,3,,,0,55,,217681,3,,,0,16,,217658,3,,,0,12,,217662,3,,,0,12,,217666,3,,,0,12,,217656,3,,,0,52,,217682,3,,,0,12,,217657,3,,,0,12,,217722,3,,,0,12,,217673,3,,,0,64,,217679,3,,,0,12,,217677,3,,,0,12,,217687,3,,,0,12,,217697,3,,,0,11,,217723,3,,,0,52,,217659,3,,,0,12,,217667,3,,,0,12,,217720,3,,,0,10,,217705,3,,,0,10,,217648,3,,,0,50,,217676,3,,,0,10,,217637,3,,,0,10,,217700,3,,,0,10,,217675,3,,,0,15,,217704,3,,,0,55,,217665,3,,,0,15,,217702,3,,,0,15,,217709,3,,,0,15,,217699,3,,,0,55,,217660,3,,,0,15,,217655,3,,,0,15,,217654,3,,,0,15,,217638,3,,,0,55,,217710,3,,,0,18,,217715,3,,,0,20,,217696,3,,,0,60,,217703,3,,,0,20,,217642,3,,,0,20,,217695,3,,,0,60,,217701,3,,,0,19,,217641,3,,,0,20,,217712,3,,,0,60,,217713,3,,,0,26,,217640,3,,,0,23,,217714,3,,,0,66,,217647,3,,,0
673800,'201_merged_15726444',1658,,217724,3,,,0
673800,'2_merged_15726441',600,,217742,3,,,0,15,,217743,3,,,0,15,,217744,3,,,0,15,,217745,3,,,0,55,,217746,3,,,0,15,,217747,3,,,0,15,,217764,3,,,0,15,,217748,3,,,0,55,,217763,3,,,0,15,,217749,3,,,0,15,,217750,3,,,0,16,,217787,3,,,0,54,,217752,3,,,0,15,,217798,3,,,0,15,,217753,3,,,0,15,,217788,3,,,0,55,,217754,3,,,0,15,,217797,3,,,0,15,,217755,3,,,0,15,,217733,3,,,0,55,,217756,3,,,0,15,,217796,3,,,0,15,,217757,3,,,0,15,,217734,3,,,0,55,,217767,3,,,0,15,,217795,3,,,0,15,,217768,3,,,0,15,,217775,3,,,0,55,,217769,3,,,0,15,,217794,3,,,0,15,,217770,3,,,0,15,,217736,3,,,0,55,,217771,3,,,0,15,,217793,3,,,0,15,,217772,3,,,0,15,,217789,3,,,0,55,,217773,3,,,0,15,,217792,3,,,0,15,,217774,3,,,0,15,,217765,3,,,0,55,,217776,3,,,0,15,,217791,3,,,0,15,,217777,3,,,0,15,,217766,3,,,0,55,,217778,3,,,0,15,,217761,3,,,0,15,,217779,3,,,0,15,,217760,3,,,0,55,,217780,3,,,0,15,,217790,3,,,0,13,,217781,3,,,0,12,,217803,3,,,0,12,,217735,3,,,0,52,,217785,3,,,0,12,,217786,3,,,0,12,,217782,3,,,0,12,,217804,3,,,0,12,,217762,3,,,0,52,,217783,3,,,0,12,,217740,3,,,0,12,,217784,3,,,0,14,,217759,3,,,0,15,,217731,3,,,0,55,,217738,3,,,0,15,,217728,3,,,0,15,,217737,3,,,0,15,,217730,3,,,0,55,,217741,3,,,0,15,,217727,3,,,0,15,,217739,3,,,0,15,,217729,3,,,0,55,,217751,3,,,0,15,,217726,3,,,0,20,,217732,3,,,0,59,,217725,3,,,0,20,,217758,3,,,0,30,,217802,3,,,0,70,,217801,3,,,0,32,,217800,3,,,0,73,,217799,3,,,0
673800,'3_merged_15726440',554,,217812,3,,,0,54,,217813,3,,,0,14,,217814,3,,,0,15,,217815,3,,,0,15,,217816,3,,,0,55,,217817,3,,,0,15,,217818,3,,,0,16,,217819,3,,,0,16,,217846,3,,,0,56,,217820,3,,,0,16,,217863,3,,,0,16,,217821,3,,,0,16,,217808,3,,,0,56,,217822,3,,,0,15,,217864,3,,,0,15,,217823,3,,,0,15,,217805,3,,,0,55,,217824,3,,,0,15,,217866,3,,,0,15,,217844,3,,,0,15,,217810,3,,,0,55,,217825,3,,,0,15,,217809,3,,,0,15,,217826,3,,,0,15,,217865,3,,,0,55,,217827,3,,,0,15,,217807,3,,,0,14,,217828,3,,,0,15,,217860,3,,,0,55,,217829,3,,,0,15,,217848,3,,,0,15,,217838,3,,,0,15,,217847,3,,,0,55,,217839,3,,,0,15,,217849,3,,,0,13,,217840,3,,,0,15,,217845,3,,,0,58,,217806,3,,,0,15,,217850,3,,,0,15,,217857,3,,,0,14,,217861,3,,,0,55,,217841,3,,,0,16,,217811,3,,,0,15,,217842,3,,,0,15,,217862,3,,,0,55,,217867,3,,,0,15,,217868,3,,,0,15,,217869,3,,,0,15,,217870,3,,,0,55,,217871,3,,,0,15,,217872,3,,,0,15,,217873,3,,,0,15,,217874,3,,,0,55,,217875,3,,,0,15,,217876,3,,,0,15,,217877,3,,,0,15,,217851,3,,,0,55,,217843,3,,,0,15,,217853,3,,,0,16,,217859,3,,,0,14,,217852,3,,,0,53,,217837,3,,,0,14,,217854,3,,,0,16,,217836,3,,,0,14,,217856,3,,,0,56,,217835,3,,,0,14,,217855,3,,,0,16,,217834,3,,,0,15,,217858,3,,,0,54,,217833,3,,,0,15,,217832,3,,,0,15,,217831,3,,,0,60,,217830,3,,,0
