671400,'101_merged_15727747',700,,214189,43,,,0
671400,'1_merged_15727750',529,,214204,43,,,0,12,,214238,43,,,0,11,,214228,43,,,0,51,,214202,43,,,0,11,,214239,43,,,0,13,,214223,43,,,0,10,,214229,43,,,0,7,,214194,35,,,0,6,,214231,43,,,0,60,,214241,43,,,0,11,,214230,43,,,0,14,,214195,43,,,0,12,,214232,43,,,0,12,,214196,43,,,0,52,,214240,43,,,0,12,,214205,43,,,0,13,,214227,43,,,0,16,,214197,43,,,0,55,,214233,43,,,0,14,,214198,43,,,0,20,,214206,43,,,0,60,,214207,43,,,0,20,,214222,43,,,0,20,,214208,43,,,0,60,,214209,43,,,0,20,,214234,43,,,0,20,,214210,43,,,0,60,,214242,43,,,0,20,,214190,43,,,0,31,,214211,43,,,0,70,,214212,43,,,0,32,,214213,43,,,0,70,,214214,43,,,0,33,,214215,43,,,0,72,,214216,43,,,0,23,,214217,43,,,0,63,,214224,43,,,0,20,,214203,43,,,0,20,,214199,43,,,0,58,,214225,43,,,0,18,,214200,43,,,0,14,,214235,43,,,0,14,,214201,43,,,0,55,,214226,43,,,0,14,,214236,43,,,0,15,,214218,43,,,0,11,,214220,43,,,0,55,,214219,43,,,0,17,,214237,43,,,0,22,,214221,43,,,0,66,,214191,43,,,0,27,,214192,43,,,0,62,,214193,43,,,0
671400,'201_merged_15727755',700,,214243,43,,,0
672101,'1_merged_15727750',539,,214849,37,,,0,19,,214852,37,,,0,55,,214847,37,,,0,15,,214854,37,,,0,13,,214853,37,,,0,16,,214851,37,,,0,55,,214855,37,,,0,28,,214850,37,,,0,87,,214848,37,,,0
673801,'1_merged_15727750',444,,217962,4,,,0,14,,217925,25,,,0,52,,217959,25,,,0,10,,217953,25,,,0,10,,217932,25,,,0,13,,217926,25,,,0,12,,217894,25,,,0,52,,217943,25,,,0,13,,217942,25,,,0,14,,217963,25,,,0,15,,217917,25,,,0,54,,217960,25,,,0,14,,217905,25,,,0,13,,217899,25,,,0,14,,217904,25,,,0,56,,217964,25,,,0,14,,217896,25,,,0,14,,217927,25,,,0,13,,217941,25,,,0,15,,217895,25,,,0,54,,217948,25,,,0,13,,217944,25,,,0,15,,217935,25,,,0,14,,217923,25,,,0,55,,217920,25,,,0,15,,217934,25,,,0,15,,217878,25,,,0,15,,217919,25,,,0,55,,217949,25,,,0,16,,217886,25,,,0,15,,217922,25,,,0,16,,217888,25,,,0,55,,217954,25,,,0,15,,217906,25,,,0,15,,217921,25,,,0,15,,217907,25,,,0,55,,217956,25,,,0,16,,217958,25,,,0,15,,217955,25,,,0,15,,217898,25,,,0,55,,217893,25,,,0,16,,217891,25,,,0,15,,217952,25,,,0,59,,217890,25,,,0,15,,217951,25,,,0,17,,217946,25,,,0,15,,217950,25,,,0,56,,217887,25,,,0,15,,217938,25,,,0,17,,217910,25,,,0,15,,217961,25,,,0,51,,217909,25,,,0,12,,217902,25,,,0,12,,217939,25,,,0,12,,217903,25,,,0,12,,217892,25,,,0,9,,217908,25,,,0,52,,217912,25,,,0,12,,217918,25,,,0,8,,217901,25,,,0,10,,217924,25,,,0,10,,217945,25,,,0,52,,217940,25,,,0,12,,217889,25,,,0,9,,217966,25,,,0,12,,217916,25,,,0,10,,217915,25,,,0,11,,217965,25,,,0,55,,217947,25,,,0,15,,217914,25,,,0,15,,217911,25,,,0,13,,217913,25,,,0,57,,217881,25,,,0,14,,217897,25,,,0,15,,217900,25,,,0,13,,217933,25,,,0,59,,217880,25,,,0,21,,217957,25,,,0,16,,217931,25,,,0,61,,217885,25,,,0,20,,217882,25,,,0,19,,217930,25,,,0,61,,217884,25,,,0,22,,217929,25,,,0,21,,217883,25,,,0,62,,217879,25,,,0,21,,217928,25,,,0,22,,217936,25,,,0,66,,217937,25,,,0
673801,'2_merged_15727752',604,,218045,4,,,0,12,,218046,4,,,0,0,,218043,25,,,0,15,,218034,25,,,0,1,,218047,4,,,0,15,,218044,25,,,0,1,,218048,4,,,0,56,,218035,25,,,0,2,,218049,4,,,0,16,,218006,25,,,0,15,,218007,25,,,0,18,,218008,25,,,0,55,,218009,25,,,0,16,,218010,25,,,0,15,,218011,25,,,0,17,,218022,25,,,0,55,,218012,25,,,0,15,,217975,25,,,0,15,,218013,25,,,0,15,,217986,25,,,0,55,,218014,25,,,0,15,,217976,25,,,0,15,,218037,25,,,0,15,,217989,25,,,0,55,,218015,25,,,0,17,,217984,25,,,0,15,,218016,25,,,0,57,,217990,25,,,0,17,,218017,25,,,0,15,,218000,25,,,0,17,,218026,25,,,0,55,,217991,25,,,0,16,,217967,25,,,0,15,,217999,25,,,0,16,,217968,25,,,0,55,,218001,25,,,0,16,,217996,25,,,0,15,,218021,25,,,0,15,,218038,25,,,0,55,,218002,25,,,0,15,,217995,25,,,0,15,,217983,25,,,0,15,,218039,25,,,0,55,,218023,25,,,0,14,,217994,25,,,0,15,,218030,25,,,0,15,,218040,25,,,0,55,,217985,25,,,0,15,,217993,25,,,0,15,,218031,25,,,0,14,,218041,25,,,0,55,,218020,25,,,0,15,,217992,25,,,0,15,,218032,25,,,0,14,,218042,25,,,0,55,,217987,25,,,0,12,,217969,25,,,0,15,,218033,25,,,0,13,,217970,25,,,0,55,,218019,25,,,0,14,,217971,25,,,0,15,,217988,25,,,0,14,,217972,25,,,0,15,,218025,25,,,0,54,,217973,25,,,0,15,,218036,25,,,0,13,,217974,25,,,0,15,,218029,25,,,0,55,,217982,25,,,0,15,,218018,25,,,0,13,,217979,25,,,0,15,,218024,25,,,0,55,,217981,25,,,0,15,,218027,25,,,0,13,,217978,25,,,0,15,,218003,25,,,0,55,,217980,25,,,0,15,,218028,25,,,0,14,,217977,25,,,0,15,,218004,25,,,0,69,,218005,25,,,0,30,,217998,25,,,0,70,,217997,25,,,0
673801,'3_merged_15727751',637,,218076,25,,,0,15,,218077,25,,,0,55,,218078,25,,,0,15,,218079,25,,,0,15,,218080,25,,,0,16,,218081,25,,,0,55,,218082,25,,,0,15,,218083,25,,,0,15,,218099,25,,,0,18,,218100,25,,,0,55,,218068,25,,,0,16,,218102,25,,,0,15,,218070,25,,,0,15,,218103,25,,,0,55,,218069,25,,,0,15,,218059,25,,,0,15,,218104,25,,,0,15,,218105,25,,,0,55,,218084,25,,,0,15,,218071,25,,,0,16,,218106,25,,,0,15,,218064,25,,,0,56,,218089,25,,,0,15,,218072,25,,,0,15,,218065,25,,,0,15,,218066,25,,,0,57,,218090,25,,,0,15,,218091,25,,,0,17,,218067,25,,,0,55,,218050,25,,,0,15,,218088,25,,,0,15,,218085,25,,,0,16,,218051,25,,,0,55,,218052,25,,,0,15,,218095,25,,,0,15,,218086,25,,,0,15,,218053,25,,,0,55,,218055,25,,,0,14,,218096,25,,,0,15,,218087,25,,,0,15,,218056,25,,,0,52,,218057,25,,,0,12,,218097,25,,,0,12,,218108,25,,,0,12,,218073,25,,,0,12,,218058,25,,,0,54,,218109,25,,,0,15,,218110,25,,,0,16,,218111,25,,,0,15,,218112,25,,,0,57,,218113,25,,,0,14,,218114,25,,,0,15,,218115,25,,,0,15,,218116,25,,,0,55,,218117,25,,,0,15,,218118,25,,,0,15,,218119,25,,,0,13,,218120,25,,,0,55,,218074,25,,,0,13,,218092,25,,,0,15,,218098,25,,,0,14,,218075,25,,,0,15,,218093,25,,,0,55,,218063,25,,,0,15,,218101,25,,,0,13,,218062,25,,,0,15,,218107,25,,,0,55,,218061,25,,,0,15,,218094,25,,,0,12,,218060,25,,,0,14,,218054,25,,,0
2338401,'101_merged_15727747',1616,,228567,18,,,0,19,,228565,12,,,0,83,,228566,12,,,0
2338401,'1_merged_15727750',606,,228592,12,,,0,13,,228663,12,,,0,15,,228593,12,,,0,14,,228569,45,,,0,10,,228664,12,,,0,51,,228591,45,,,0,12,,228665,12,,,0,8,,228570,45,,,0,9,,228594,45,,,0,7,,228673,12,,,0,9,,228571,45,,,0,46,,228595,45,,,0,7,,228666,12,,,0,6,,228572,45,,,0,9,,228667,12,,,0,6,,228596,45,,,0,6,,228668,12,,,0,6,,228614,45,,,0,6,,228573,45,,,0,5,,228597,45,,,0,49,,228574,45,,,0,9,,228598,12,,,0,9,,228575,45,,,0,10,,228615,45,,,0,8,,228599,12,,,0,9,,228576,45,,,0,9,,228600,12,,,0,50,,228577,45,,,0,10,,228601,12,,,0,10,,228578,45,,,0,12,,228602,12,,,0,12,,228579,45,,,0,52,,228603,12,,,0,14,,228580,45,,,0,16,,228604,12,,,0,15,,228581,45,,,0,56,,228605,12,,,0,15,,228582,45,,,0,15,,228606,12,,,0,15,,228583,45,,,0,55,,228607,12,,,0,15,,228584,45,,,0,15,,228608,12,,,0,15,,228585,45,,,0,57,,228609,12,,,0,15,,228586,45,,,0,17,,228610,12,,,0,15,,228587,45,,,0,57,,228611,12,,,0,15,,228588,45,,,0,15,,228612,12,,,0,12,,228589,45,,,0,7,,228669,12,,,0,46,,228613,45,,,0,5,,228590,12,,,0,20,,228670,45,,,0,20,,228616,45,,,0,12,,228617,12,,,0,52,,228618,45,,,0,17,,228619,45,,,0,10,,228620,12,,,0,11,,228621,45,,,0,9,,228622,12,,,0,51,,228623,45,,,0,11,,228624,45,,,0,9,,228625,45,,,0,7,,228659,45,,,0,10,,228626,45,,,0,7,,228627,45,,,0,58,,228628,45,,,0,7,,228629,45,,,0,9,,228630,45,,,0,9,,228631,45,,,0,8,,228633,45,,,0,9,,228657,45,,,0,49,,228632,45,,,0,17,,228634,45,,,0,9,,228635,45,,,0,20,,228658,45,,,0,10,,228636,45,,,0,50,,228637,45,,,0,8,,228638,45,,,0,10,,228639,45,,,0,10,,228640,45,,,0,8,,228641,45,,,0,10,,228642,45,,,0,50,,228643,45,,,0,10,,228644,12,,,0,10,,228645,45,,,0,10,,228646,12,,,0,7,,228647,45,,,0,12,,228648,12,,,0,49,,228649,45,,,0,9,,228671,12,,,0,12,,228650,45,,,0,12,,228651,12,,,0,12,,228672,45,,,0,12,,228652,12,,,0,53,,228653,45,,,0,17,,228654,45,,,0,21,,228655,45,,,0,67,,228656,45,,,0
2338401,'201_merged_15727755',1616,,228674,12,,,0,19,,228676,12,,,0,83,,228675,12,,,0
2338401,'2_merged_15727752',714,,228677,45,,,0,16,,228678,12,,,0,16,,228679,45,,,0,56,,228680,12,,,0,15,,228681,45,,,0,15,,228762,12,,,0,15,,228682,45,,,0,55,,228683,12,,,0,15,,228684,45,,,0,15,,228685,12,,,0,16,,228686,45,,,0,55,,228687,12,,,0,16,,228688,45,,,0,15,,228689,12,,,0,17,,228690,45,,,0,52,,228691,12,,,0,14,,228692,45,,,0,12,,228693,12,,,0,12,,228694,45,,,0,13,,228695,12,,,0,52,,228696,45,,,0,13,,228697,12,,,0,12,,228698,45,,,0,12,,228699,12,,,0,12,,228700,12,,,0,52,,228701,45,,,0,12,,228702,12,,,0,12,,228703,45,,,0,12,,228704,12,,,0,15,,228705,45,,,0,52,,228706,12,,,0,13,,228707,45,,,0,12,,228708,12,,,0,12,,228709,45,,,0,12,,228710,12,,,0,52,,228711,45,,,0,12,,228712,12,,,0,12,,228713,45,,,0,12,,228714,12,,,0,12,,228715,45,,,0,50,,228743,12,,,0,10,,228752,45,,,0,10,,228744,12,,,0,10,,228753,45,,,0,10,,228745,12,,,0,10,,228754,45,,,0,50,,228746,12,,,0,10,,228755,45,,,0,10,,228747,12,,,0,10,,228756,45,,,0,10,,228748,12,,,0,8,,228757,45,,,0,50,,228749,12,,,0,10,,228758,45,,,0,8,,228750,12,,,0,9,,228760,45,,,0,10,,228751,12,,,0,10,,228716,45,,,0,50,,228717,12,,,0,10,,228718,45,,,0,8,,228719,12,,,0,10,,228759,45,,,0,10,,228720,12,,,0,9,,228721,45,,,0,60,,228722,12,,,0,8,,228723,45,,,0,11,,228724,12,,,0,11,,228725,45,,,0,12,,228726,45,,,0,52,,228727,12,,,0,12,,228728,45,,,0,12,,228729,12,,,0,10,,228730,45,,,0,64,,228731,12,,,0,12,,228732,12,,,0,15,,228733,45,,,0,14,,228734,12,,,0,15,,228735,45,,,0,55,,228736,12,,,0,15,,228737,45,,,0,19,,228738,12,,,0,60,,228739,45,,,0,20,,228740,45,,,0,78,,228741,45,,,0
2338401,'3_merged_15727751',651,,228832,12,,,0,58,,228831,45,,,0,19,,228795,12,,,0,18,,228827,45,,,0,56,,228794,12,,,0,16,,228800,45,,,0,16,,228793,12,,,0,17,,228826,45,,,0,56,,228792,12,,,0,18,,228799,45,,,0,16,,228791,12,,,0,16,,228825,45,,,0,56,,228790,12,,,0,16,,228824,45,,,0,15,,228789,12,,,0,15,,228810,45,,,0,55,,228788,45,,,0,15,,228823,45,,,0,17,,228787,12,,,0,56,,228809,45,,,0,17,,228786,12,,,0,15,,228822,45,,,0,18,,228785,12,,,0,56,,228808,45,,,0,17,,228784,12,,,0,15,,228821,45,,,0,15,,228783,12,,,0,55,,228807,45,,,0,15,,228782,12,,,0,15,,228820,45,,,0,15,,228781,12,,,0,56,,228828,45,,,0,16,,228780,12,,,0,16,,228819,45,,,0,16,,228779,12,,,0,56,,228806,45,,,0,15,,228778,12,,,0,16,,228818,45,,,0,55,,228777,12,,,0,15,,228829,45,,,0,15,,228776,12,,,0,15,,228817,45,,,0,55,,228775,12,,,0,14,,228816,45,,,0,15,,228774,12,,,0,14,,228815,45,,,0,15,,228773,12,,,0,55,,228814,45,,,0,15,,228772,12,,,0,13,,228802,45,,,0,15,,228771,12,,,0,55,,228805,45,,,0,15,,228770,12,,,0,15,,228813,45,,,0,15,,228769,12,,,0,54,,228812,45,,,0,15,,228768,12,,,0,13,,228804,45,,,0,15,,228767,12,,,0,55,,228798,45,,,0,15,,228766,12,,,0,12,,228811,45,,,0,15,,228765,12,,,0,55,,228803,45,,,0,15,,228764,12,,,0,14,,228797,45,,,0,15,,228801,45,,,0,55,,228763,12,,,0,15,,228796,45,,,0,99,,228830,45,,,0
