681500,'1803_merged_15727760',1857,,221560,10,,,0,100,,221559,10,,,0,100,,221558,10,,,0,100,,221557,10,,,0
681500,'1_merged_15727750',437,,221582,10,,,0,90,,221563,10,,,0,30,,221581,10,,,0,70,,221562,10,,,0,30,,221580,10,,,0,70,,221561,10,,,0,30,,221579,10,,,0,100,,221578,10,,,0,100,,221577,10,,,0,100,,221576,10,,,0,100,,221575,10,,,0,100,,221574,10,,,0,100,,221573,10,,,0,100,,221572,10,,,0,100,,221571,10,,,0,100,,221570,10,,,0,100,,221569,10,,,0,100,,221568,10,,,0,100,,221567,10,,,0,100,,221566,10,,,0,100,,221565,10,,,0,100,,221564,10,,,0
681500,'2_merged_15727752',757,,221583,10,,,0,100,,221584,10,,,0,100,,221585,10,,,0,100,,221586,10,,,0,100,,221587,10,,,0,100,,221588,10,,,0,100,,221589,10,,,0,100,,221590,10,,,0,100,,221591,10,,,0,100,,221592,10,,,0,100,,221593,10,,,0,100,,221594,10,,,0,100,,221595,10,,,0,100,,221596,10,,,0,100,,221597,10,,,0,100,,221598,10,,,0
681500,'3_merged_15727751',857,,221604,10,,,0,100,,221603,10,,,0,100,,221602,10,,,0,100,,221601,10,,,0,100,,221600,10,,,0,100,,221599,10,,,0,100,,221608,10,,,0,100,,221607,10,,,0,100,,221605,10,,,0,100,,221606,10,,,0
1870500,'1_merged_15727750',615,,227396,31,,,0,14,,227400,31,,,0,14,,227407,31,,,0,14,,227380,31,,,0,56,,227381,31,,,0,15,,227401,31,,,0,16,,227415,31,,,0,56,,227411,31,,,0,15,,227382,31,,,0,15,,227383,31,,,0,21,,227402,31,,,0,60,,227384,31,,,0,20,,227385,31,,,0,19,,227368,31,,,0,65,,227369,31,,,0,30,,227370,31,,,0,71,,227371,31,,,0,31,,227372,31,,,0,70,,227399,31,,,0,31,,227373,31,,,0,70,,227374,31,,,0,30,,227376,31,,,0,61,,227375,31,,,0,19,,227403,31,,,0,24,,227409,31,,,0,61,,227377,31,,,0,20,,227404,31,,,0,20,,227378,31,,,0,60,,227379,31,,,0,20,,227405,31,,,0,17,,227386,31,,,0,57,,227387,31,,,0,19,,227408,31,,,0,18,,227410,31,,,0,60,,227406,31,,,0,18,,227388,31,,,0,19,,227389,31,,,0,60,,227390,31,,,0,19,,227391,31,,,0,30,,227392,31,,,0,69,,227393,31,,,0,29,,227394,31,,,0,68,,227395,31,,,0,98,,227412,31,,,0,98,,227413,31,,,0,100,,227414,31,,,0
1870500,'2_merged_15727752',614,,227439,31,,,0,30,,227440,31,,,0,72,,227441,31,,,0,34,,227442,31,,,0,74,,227443,31,,,0,32,,227444,31,,,0,70,,227445,31,,,0,32,,227446,31,,,0,70,,227416,31,,,0,30,,227417,31,,,0,72,,227418,31,,,0,70,,227419,31,,,0,30,,227420,31,,,0,70,,227421,31,,,0,30,,227422,31,,,0,70,,227423,31,,,0,30,,227424,31,,,0,70,,227425,31,,,0,30,,227426,31,,,0,70,,227427,31,,,0,29,,227428,31,,,0,30,,227429,31,,,0,70,,227430,31,,,0,28,,227431,31,,,0,69,,227435,31,,,0,29,,227432,31,,,0,67,,227433,31,,,0,29,,227434,31,,,0,70,,227436,31,,,0,30,,227437,31,,,0,70,,227438,31,,,0,97,,227447,31,,,0,99,,227448,31,,,0,98,,227449,31,,,0
1870500,'3_merged_15727751',614,,227454,31,,,0,31,,227455,31,,,0,71,,227456,31,,,0,30,,227457,31,,,0,71,,227465,31,,,0,31,,227458,31,,,0,70,,227459,31,,,0,31,,227460,31,,,0,71,,227461,31,,,0,30,,227462,31,,,0,70,,227463,31,,,0,31,,227464,31,,,0,70,,227466,31,,,0,30,,227467,31,,,0,70,,227468,31,,,0,31,,227469,31,,,0,70,,227470,31,,,0,30,,227471,31,,,0,71,,227472,31,,,0,30,,227473,31,,,0,69,,227474,31,,,0,30,,227475,31,,,0,69,,227476,31,,,0,29,,227477,31,,,0,70,,227478,31,,,0,30,,227479,31,,,0,70,,227480,31,,,0,29,,227450,31,,,0,70,,227451,31,,,0,29,,227452,31,,,0,69,,227453,31,,,0,99,,227481,31,,,0,100,,227482,31,,,0,100,,227483,31,,,0
3404501,'1_merged_15727750',708,,235461,13,,,0,100,,235460,13,,,0,100,,235459,13,,,0,100,,235458,13,,,0,100,,235457,13,,,0,100,,235456,13,,,0,100,,235455,13,,,0,100,,235454,13,,,0,100,,235453,13,,,0,100,,235452,13,,,0,100,,235451,13,,,0,100,,235450,13,,,0,100,,235449,13,,,0,100,,235448,13,,,0,100,,235447,13,,,0,99,,235446,13,,,0,101,,235445,13,,,0,100,,235462,13,,,0
3404501,'2_merged_15727752',808,,235463,13,,,0,100,,235464,13,,,0,100,,235465,13,,,0,100,,235466,13,,,0,100,,235467,13,,,0,100,,235468,13,,,0,100,,235469,13,,,0,100,,235470,13,,,0,100,,235471,13,,,0,100,,235472,13,,,0,100,,235473,13,,,0,100,,235474,13,,,0,100,,235475,13,,,0,100,,235476,13,,,0,100,,235477,13,,,0,100,,235478,13,,,0,100,,235479,13,,,0
3404501,'3_merged_15727751',908,,235485,13,,,0,100,,235484,13,,,0,100,,235483,13,,,0,100,,235482,13,,,0,100,,235481,13,,,0,100,,235480,13,,,0,100,,235493,13,,,0,100,,235492,13,,,0,100,,235486,13,,,0,100,,235490,13,,,0,100,,235489,13,,,0,100,,235491,13,,,0,100,,235488,13,,,0,100,,235487,13,,,0,100,,235494,13,,,0,100,,235495,13,,,0
