672600,'1_merged_15726439',532,,216079,21,,,0,73,,216080,21,,,0,31,,216081,21,,,0,70,,216082,21,,,0,31,,216083,21,,,0,70,,216084,21,,,0,33,,216085,21,,,0,69,,216086,21,,,0,30,,216087,21,,,0,70,,216088,21,,,0,43,,216089,21,,,0,70,,216090,21,,,0,30,,216091,21,,,0,70,,216092,21,,,0,30,,216093,21,,,0,70,,216094,21,,,0,31,,216095,21,,,0,72,,216096,21,,,0,76,,216097,21,,,0,34,,216098,21,,,0,24,,216099,31,,,0,65,,216100,31,,,0,32,,216101,31,,,0,71,,216102,31,,,0,77,,216103,31,,,0,25,,216104,31,,,0,71,,216105,31,,,0,25,,216106,31,,,0,30,,216107,31,,,0,70,,216108,31,,,0,27,,216109,31,,,0,69,,216110,31,,,0,30,,216076,31,,,0,67,,216077,31,,,0,95,,216078,31,,,0
672600,'2_merged_15726441',705,,216132,21,,,0,50,,216129,21,,,0,98,,216117,21,,,0,68,,216139,21,,,0,32,,216118,21,,,0,70,,216134,21,,,0,30,,216119,21,,,0,69,,216136,21,,,0,32,,216128,21,,,0,70,,216137,21,,,0,31,,216120,21,,,0,70,,216138,21,,,0,34,,216121,21,,,0,65,,216133,21,,,0,31,,216122,21,,,0,70,,216140,21,,,0,28,,216123,31,,,0,70,,216111,31,,,0,30,,216124,31,,,0,68,,216135,31,,,0,32,,216125,31,,,0,70,,216112,31,,,0,29,,216126,31,,,0,70,,216131,31,,,0,28,,216127,31,,,0,70,,216113,31,,,0,95,,216114,31,,,0,100,,216115,31,,,0,100,,216130,31,,,0
672600,'3_merged_15726440',800,,216147,21,,,0,105,,216148,21,,,0,37,,216150,21,,,0,74,,216160,21,,,0,35,,216153,21,,,0,77,,216162,21,,,0,76,,216154,21,,,0,31,,216161,21,,,0,65,,216155,21,,,0,30,,216163,21,,,0,70,,216156,21,,,0,30,,216164,21,,,0,29,,216157,21,,,0,70,,216165,21,,,0,30,,216158,31,,,0,71,,216166,31,,,0,28,,216159,31,,,0,69,,216149,31,,,0,30,,216151,31,,,0,70,,216141,31,,,0,29,,216152,31,,,0,70,,216142,31,,,0,100,,216143,31,,,0,104,,216144,31,,,0,100,,216145,31,,,0,101,,216146,31,,,0
3454301,'101_merged_15726436',1541,,236403,20,,,0
3454301,'1901_merged_15726443',1518,,236404,24,,,0
3454301,'1_merged_15726439',457,,236470,24,,,0,57,,236471,24,,,0,17,,236405,24,,,0,15,,236406,24,,,0,55,,236407,24,,,0,16,,236480,24,,,0,14,,236408,24,,,0,12,,236409,24,,,0,12,,236410,24,,,0,51,,236479,24,,,0,11,,236411,24,,,0,10,,236412,24,,,0,11,,236413,24,,,0,11,,236414,24,,,0,10,,236478,24,,,0,50,,236415,24,,,0,10,,236482,24,,,0,11,,236416,24,,,0,13,,236417,24,,,0,12,,236418,24,,,0,52,,236477,24,,,0,12,,236419,24,,,0,12,,236420,24,,,0,13,,236421,24,,,0,14,,236422,24,,,0,55,,236476,24,,,0,15,,236423,24,,,0,15,,236424,24,,,0,57,,236425,24,,,0,15,,236475,24,,,0,16,,236426,24,,,0,15,,236427,24,,,0,12,,236428,24,,,0,57,,236474,24,,,0,15,,236429,24,,,0,15,,236430,24,,,0,55,,236431,24,,,0,15,,236473,24,,,0,15,,236467,24,,,0,15,,236468,24,,,0,55,,236469,24,,,0,15,,236472,24,,,0,17,,236432,24,,,0,16,,236433,24,,,0,61,,236434,24,,,0,25,,236481,20,,,0,5,,236435,24,,,0,13,,236436,24,,,0,63,,236437,24,,,0,12,,236438,24,,,0,12,,236439,24,,,0,12,,236440,24,,,0,52,,236441,24,,,0,12,,236442,24,,,0,11,,236443,24,,,0,12,,236444,24,,,0,11,,236445,24,,,0,53,,236446,24,,,0,13,,236447,24,,,0,13,,236448,24,,,0,12,,236449,24,,,0,12,,236450,24,,,0,51,,236451,24,,,0,9,,236452,24,,,0,16,,236453,28,,,0,14,,236454,28,,,0,15,,236455,28,,,0,55,,236456,28,,,0,18,,236457,28,,,0,14,,236458,28,,,0,66,,236459,28,,,0,31,,236460,28,,,0,67,,236461,28,,,0,30,,236462,28,,,0,68,,236463,28,,,0,29,,236464,28,,,0,68,,236465,28,,,0,30,,236466,28,,,0
3454301,'2001_merged_15726452',1518,,236483,24,,,0
3454301,'2_merged_15726441',538,,236531,28,,,0,75,,236530,28,,,0,30,,236529,28,,,0,70,,236528,28,,,0,30,,236527,28,,,0,70,,236526,28,,,0,26,,236525,28,,,0,20,,236524,28,,,0,60,,236523,28,,,0,20,,236522,28,,,0,20,,236521,28,,,0,60,,236520,28,,,0,20,,236519,28,,,0,20,,236518,28,,,0,60,,236517,28,,,0,22,,236516,28,,,0,60,,236515,28,,,0,20,,236514,28,,,0,20,,236513,28,,,0,60,,236512,28,,,0,20,,236511,28,,,0,19,,236510,28,,,0,60,,236509,28,,,0,20,,236508,28,,,0,20,,236507,28,,,0,60,,236506,28,,,0,19,,236485,28,,,0,20,,236484,28,,,0,62,,236505,28,,,0,24,,236504,28,,,0,14,,236503,28,,,0,62,,236502,28,,,0,21,,236501,28,,,0,21,,236500,28,,,0,60,,236499,28,,,0,20,,236498,28,,,0,22,,236497,28,,,0,69,,236496,28,,,0,30,,236495,28,,,0,73,,236494,28,,,0,30,,236493,28,,,0,70,,236492,28,,,0,30,,236491,28,,,0,70,,236490,28,,,0,30,,236489,28,,,0,96,,236488,28,,,0,100,,236487,28,,,0,95,,236486,24,,,0
3454301,'3_merged_15726440',543,,236540,28,,,0,75,,236541,28,,,0,34,,236572,28,,,0,70,,236573,28,,,0,32,,236574,28,,,0,70,,236542,28,,,0,30,,236543,28,,,0,73,,236544,28,,,0,74,,236545,28,,,0,30,,236546,28,,,0,72,,236537,28,,,0,24,,236547,28,,,0,20,,236548,28,,,0,58,,236538,28,,,0,20,,236549,28,,,0,20,,236550,28,,,0,60,,236539,28,,,0,20,,236551,28,,,0,19,,236552,28,,,0,60,,236536,28,,,0,20,,236553,28,,,0,20,,236554,28,,,0,60,,236533,28,,,0,20,,236555,28,,,0,20,,236556,28,,,0,60,,236534,28,,,0,20,,236557,28,,,0,19,,236558,28,,,0,60,,236535,28,,,0,20,,236559,28,,,0,30,,236560,28,,,0,70,,236571,28,,,0,36,,236561,28,,,0,74,,236562,28,,,0,79,,236563,28,,,0,30,,236566,28,,,0,79,,236565,28,,,0,80,,236564,28,,,0,30,,236567,28,,,0,70,,236568,28,,,0,40,,236532,28,,,0,97,,236569,28,,,0,100,,236570,24,,,0
3454301,'62101_merged_15726437',1603,,236575,24,,,0
3454301,'62201_merged_15726435',1603,,236576,24,,,0
