670401,'1_merged_15727750',446,,211265,7,,,0,71,,211263,7,,,0,30,,211261,7,,,0,66,,211252,7,,,0,30,,211255,7,,,0,70,,211297,7,,,0,31,,211296,7,,,0,69,,211294,7,,,0,32,,211293,7,,,0,74,,211291,7,,,0,31,,211289,7,,,0,70,,211287,7,,,0,30,,211285,7,,,0,70,,211276,7,,,0,30,,211274,7,,,0,69,,211273,7,,,0,24,,211271,7,,,0,70,,211269,7,,,0,28,,211259,7,,,0,65,,211257,7,,,0,30,,211323,7,,,0,69,,211325,7,,,0,15,,211253,7,,,0,11,,211322,7,,,0,16,,211284,7,,,0,53,,211250,7,,,0,13,,211282,7,,,0,13,,211281,7,,,0,13,,211280,7,,,0,14,,211251,7,,,0,53,,211279,7,,,0,15,,211278,7,,,0,12,,211324,7,,,0,12,,211316,7,,,0,56,,211249,7,,,0,11,,211315,7,,,0,24,,211313,7,,,0,66,,211311,7,,,0,24,,211309,7,,,0,92,,211306,7,,,0,100,,211304,7,,,0,98,,211302,7,,,0,104,,211300,7,,,0,106,,211298,7,,,0
670401,'2_merged_15727752',511,,211392,7,,,0,33,,211394,7,,,0,77,,211349,7,,,0,127,,211383,7,,,0,84,,211384,7,,,0,70,,211385,7,,,0,26,,211386,7,,,0,24,,211347,7,,,0,64,,211348,7,,,0,26,,211389,7,,,0,69,,211391,7,,,0,27,,211327,7,,,0,69,,211329,7,,,0,30,,211331,7,,,0,71,,211333,7,,,0,30,,211335,7,,,0,71,,211357,7,,,0,30,,211359,7,,,0,69,,211361,7,,,0,30,,211363,7,,,0,71,,211365,7,,,0,31,,211367,7,,,0,71,,211369,7,,,0,34,,211370,7,,,0,73,,211371,7,,,0,30,,211372,7,,,0,70,,211344,7,,,0,30,,211352,7,,,0,55,,211375,7,,,0,97,,211378,7,,,0,50,,211337,7,,,0,103,,211339,7,,,0,147,,211341,7,,,0,58,,211342,7,,,0
670401,'3_merged_15727751',604,,211454,7,,,0,107,,211440,7,,,0,46,,211425,7,,,0,69,,211438,7,,,0,30,,211418,7,,,0,69,,211443,7,,,0,29,,211404,7,,,0,69,,211449,7,,,0,30,,211405,7,,,0,70,,211403,7,,,0,29,,211420,7,,,0,69,,211396,7,,,0,29,,211453,7,,,0,71,,211426,7,,,0,30,,211447,7,,,0,69,,211446,7,,,0,29,,211452,7,,,0,68,,211448,7,,,0,32,,211397,7,,,0,72,,211399,7,,,0,30,,211445,7,,,0,70,,211427,7,,,0,31,,211422,7,,,0,70,,211444,7,,,0,32,,211436,7,,,0,71,,211428,7,,,0,32,,211424,7,,,0,163,,211450,7,,,0,100,,211400,7,,,0,102,,211395,7,,,0
673700,'101_merged_15727747',739,,217330,7,,,0,769,,217332,7,,,0,97,,217331,7,,,0
673700,'1_merged_15727750',454,,217375,7,,,0,74,,217333,7,,,0,20,,217372,7,,,0,59,,217384,7,,,0,16,,217385,7,,,0,19,,217386,7,,,0,11,,217373,7,,,0,50,,217374,7,,,0,9,,217382,7,,,0,12,,217383,7,,,0,79,,217351,7,,,0,24,,217334,7,,,0,20,,217358,7,,,0,61,,217359,7,,,0,30,,217360,7,,,0,70,,217361,7,,,0,28,,217362,7,,,0,68,,217363,7,,,0,27,,217364,7,,,0,69,,217365,7,,,0,28,,217366,7,,,0,27,,217367,7,,,0,60,,217368,7,,,0,20,,217369,7,,,0,18,,217370,7,,,0,55,,217371,7,,,0,9,,217335,7,,,0,6,,217387,7,,,0,9,,217353,7,,,0,9,,217354,7,,,0,14,,217355,7,,,0,59,,217356,7,,,0,10,,217357,7,,,0,10,,217348,7,,,0,10,,217349,7,,,0,10,,217350,7,,,0,65,,217336,7,,,0,16,,217352,7,,,0,18,,217337,7,,,0,55,,217376,7,,,0,22,,217377,7,,,0,15,,217378,7,,,0,60,,217379,7,,,0,15,,217380,7,,,0,19,,217338,7,,,0,68,,217339,7,,,0,31,,217340,7,,,0,71,,217341,7,,,0,28,,217381,7,,,0,74,,217342,7,,,0,29,,217343,7,,,0,71,,217344,7,,,0,28,,217345,7,,,0,83,,217346,7,,,0,97,,217347,7,,,0
673700,'201_merged_15727755',740,,217388,7,,,0,769,,217390,7,,,0,96,,217389,7,,,0
673700,'2_merged_15727752',602,,217391,7,,,0,27,,217392,7,,,0,24,,217393,7,,,0,63,,217394,7,,,0,23,,217395,7,,,0,61,,217396,7,,,0,19,,217397,7,,,0,20,,217398,7,,,0,20,,217399,7,,,0,58,,217400,7,,,0,19,,217401,7,,,0,20,,217402,7,,,0,59,,217403,7,,,0,18,,217404,7,,,0,20,,217405,7,,,0,58,,217406,7,,,0,19,,217407,7,,,0,22,,217408,7,,,0,61,,217409,7,,,0,21,,217410,7,,,0,18,,217411,7,,,0,60,,217412,7,,,0,20,,217413,7,,,0,20,,217414,7,,,0,60,,217415,7,,,0,20,,217416,7,,,0,19,,217417,7,,,0,60,,217418,7,,,0,21,,217419,7,,,0,21,,217420,7,,,0,55,,217421,7,,,0,15,,217422,7,,,0,15,,217439,7,,,0,18,,217423,7,,,0,55,,217424,7,,,0,15,,217425,7,,,0,16,,217440,7,,,0,60,,217426,7,,,0,16,,217427,7,,,0,22,,217428,7,,,0,63,,217429,7,,,0,18,,217430,7,,,0,19,,217431,7,,,0,18,,217432,7,,,0,68,,217433,7,,,0,30,,217434,7,,,0,73,,217435,7,,,0,30,,217436,7,,,0,70,,217441,7,,,0,76,,217437,7,,,0,112,,217438,7,,,0
673700,'3_merged_15727751',546,,217447,7,,,0,73,,217446,7,,,0,33,,217445,7,,,0,71,,217444,7,,,0,31,,217468,7,,,0,71,,217448,7,,,0,30,,217442,7,,,0,69,,217449,7,,,0,30,,217466,7,,,0,68,,217452,7,,,0,30,,217459,7,,,0,67,,217458,7,,,0,29,,217450,7,,,0,69,,217457,7,,,0,29,,217461,7,,,0,70,,217456,7,,,0,19,,217467,7,,,0,20,,217482,7,,,0,59,,217455,7,,,0,30,,217465,7,,,0,71,,217454,7,,,0,29,,217464,7,,,0,70,,217453,7,,,0,20,,217463,7,,,0,21,,217474,7,,,0,62,,217451,7,,,0,20,,217475,7,,,0,20,,217462,7,,,0,61,,217476,7,,,0,23,,217479,7,,,0,60,,217470,7,,,0,22,,217477,7,,,0,20,,217480,7,,,0,60,,217469,7,,,0,21,,217478,7,,,0,20,,217481,7,,,0,60,,217471,7,,,0,23,,217472,7,,,0,28,,217460,7,,,0,71,,217473,7,,,0,75,,217443,7,,,0
673801,'1_merged_15727750',424,,217925,7,,,0,12,,217959,7,,,0,10,,217953,7,,,0,10,,217932,7,,,0,52,,217926,7,,,0,12,,217894,7,,,0,12,,217943,7,,,0,12,,217942,7,,,0,12,,217963,7,,,0,54,,217917,7,,,0,13,,217960,7,,,0,13,,217905,7,,,0,13,,217899,7,,,0,53,,217904,7,,,0,13,,217964,7,,,0,14,,217896,7,,,0,13,,217927,7,,,0,13,,217941,7,,,0,55,,217895,7,,,0,14,,217948,7,,,0,15,,217944,7,,,0,15,,217935,7,,,0,55,,217923,7,,,0,15,,217920,7,,,0,15,,217934,7,,,0,15,,217878,7,,,0,55,,217919,7,,,0,15,,217949,7,,,0,15,,217886,7,,,0,15,,217922,7,,,0,55,,217888,7,,,0,15,,217954,7,,,0,15,,217906,7,,,0,15,,217921,7,,,0,55,,217907,7,,,0,15,,217956,7,,,0,15,,217958,7,,,0,15,,217955,7,,,0,56,,217898,7,,,0,15,,217893,7,,,0,15,,217891,7,,,0,15,,217952,7,,,0,55,,217890,7,,,0,15,,217951,7,,,0,16,,217946,7,,,0,15,,217950,7,,,0,55,,217887,7,,,0,15,,217938,7,,,0,15,,217910,7,,,0,15,,217961,7,,,0,52,,217909,7,,,0,12,,217902,7,,,0,12,,217939,7,,,0,12,,217903,7,,,0,12,,217892,7,,,0,51,,217908,7,,,0,12,,217912,7,,,0,12,,217918,7,,,0,12,,217901,7,,,0,12,,217924,7,,,0,51,,217945,7,,,0,12,,217940,7,,,0,12,,217889,7,,,0,12,,217966,7,,,0,12,,217916,7,,,0,52,,217915,7,,,0,11,,217965,7,,,0,15,,217947,7,,,0,15,,217914,7,,,0,55,,217911,7,,,0,13,,217913,7,,,0,17,,217881,7,,,0,14,,217897,7,,,0,55,,217900,7,,,0,15,,217933,7,,,0,19,,217880,7,,,0,21,,217957,7,,,0,61,,217931,7,,,0,21,,217885,7,,,0,20,,217882,7,,,0,59,,217930,7,,,0,21,,217884,7,,,0,62,,217929,7,,,0,22,,217883,7,,,0,22,,217879,7,,,0,62,,217928,7,,,0,22,,217936,7,,,0,26,,217937,7,,,0
673801,'2_merged_15727752',542,,218043,7,,,0,15,,218034,7,,,0,56,,218044,7,,,0,17,,218035,7,,,0,18,,218006,7,,,0,55,,218007,7,,,0,15,,218008,7,,,0,15,,218009,7,,,0,15,,218010,7,,,0,55,,218011,7,,,0,16,,218022,7,,,0,15,,218012,7,,,0,15,,217975,7,,,0,55,,218013,7,,,0,15,,217986,7,,,0,15,,218014,7,,,0,15,,217976,7,,,0,55,,218037,7,,,0,15,,217989,7,,,0,15,,218015,7,,,0,15,,217984,7,,,0,55,,218016,7,,,0,16,,217990,7,,,0,16,,218017,7,,,0,15,,218000,7,,,0,55,,218026,7,,,0,15,,217991,7,,,0,16,,217967,7,,,0,15,,217999,7,,,0,55,,217968,7,,,0,15,,218001,7,,,0,15,,217996,7,,,0,15,,218021,7,,,0,55,,218038,7,,,0,15,,218002,7,,,0,15,,217995,7,,,0,15,,217983,7,,,0,55,,218039,7,,,0,15,,218023,7,,,0,15,,217994,7,,,0,15,,218030,7,,,0,55,,218040,7,,,0,15,,217985,7,,,0,15,,217993,7,,,0,15,,218031,7,,,0,55,,218041,7,,,0,15,,218020,7,,,0,14,,217992,7,,,0,15,,218032,7,,,0,55,,218042,7,,,0,15,,217987,7,,,0,15,,217969,7,,,0,15,,218033,7,,,0,55,,217970,7,,,0,15,,218019,7,,,0,15,,217971,7,,,0,15,,217988,7,,,0,54,,217972,7,,,0,15,,218025,7,,,0,15,,217973,7,,,0,15,,218036,7,,,0,55,,217974,7,,,0,15,,218029,7,,,0,15,,217982,7,,,0,15,,218018,7,,,0,55,,217979,7,,,0,15,,218024,7,,,0,15,,217981,7,,,0,15,,218027,7,,,0,55,,217978,7,,,0,15,,218003,7,,,0,15,,217980,7,,,0,15,,218028,7,,,0,54,,217977,7,,,0,15,,218004,7,,,0,29,,218005,7,,,0,70,,217998,7,,,0,30,,217997,7,,,0
673801,'3_merged_15727751',604,,218076,7,,,0,15,,218077,7,,,0,15,,218078,7,,,0,15,,218079,7,,,0,55,,218080,7,,,0,16,,218081,7,,,0,15,,218082,7,,,0,15,,218083,7,,,0,55,,218099,7,,,0,15,,218100,7,,,0,15,,218068,7,,,0,15,,218102,7,,,0,55,,218070,7,,,0,15,,218103,7,,,0,15,,218069,7,,,0,15,,218059,7,,,0,55,,218104,7,,,0,15,,218105,7,,,0,15,,218084,7,,,0,15,,218071,7,,,0,55,,218106,7,,,0,15,,218064,7,,,0,15,,218089,7,,,0,15,,218072,7,,,0,55,,218065,7,,,0,15,,218066,7,,,0,16,,218090,7,,,0,15,,218091,7,,,0,55,,218067,7,,,0,15,,218050,7,,,0,15,,218088,7,,,0,15,,218085,7,,,0,55,,218051,7,,,0,15,,218052,7,,,0,15,,218095,7,,,0,15,,218086,7,,,0,55,,218053,7,,,0,15,,218055,7,,,0,15,,218096,7,,,0,15,,218087,7,,,0,55,,218056,7,,,0,12,,218057,7,,,0,12,,218097,7,,,0,12,,218108,7,,,0,12,,218073,7,,,0,52,,218058,7,,,0,15,,218109,7,,,0,15,,218110,7,,,0,16,,218111,7,,,0,56,,218112,7,,,0,17,,218113,7,,,0,15,,218114,7,,,0,15,,218115,7,,,0,55,,218116,7,,,0,15,,218117,7,,,0,15,,218118,7,,,0,15,,218119,7,,,0,54,,218120,7,,,0,15,,218074,7,,,0,15,,218092,7,,,0,15,,218098,7,,,0,55,,218075,7,,,0,15,,218093,7,,,0,15,,218063,7,,,0,15,,218101,7,,,0,55,,218062,7,,,0,15,,218107,7,,,0,15,,218061,7,,,0,15,,218094,7,,,0,53,,218060,7,,,0,14,,218054,7,,,0
