665201,'1_merged_15726439',531,,201502,20,,,0,77,,201501,20,,,0,28,,201494,20,,,0,69,,201493,20,,,0,29,,201495,20,,,0,69,,201520,20,,,0,29,,201513,20,,,0,77,,201514,20,,,0,31,,201516,20,,,0,70,,201517,20,,,0,27,,201518,20,,,0,70,,201499,20,,,0,30,,201506,20,,,0,70,,201507,20,,,0,30,,201497,20,,,0,69,,201492,20,,,0,31,,201512,20,,,0,69,,201515,20,,,0,33,,201489,20,,,0,70,,201490,20,,,0,31,,201496,20,,,0,71,,201500,20,,,0,31,,201508,20,,,0,71,,201509,20,,,0,29,,201488,20,,,0,66,,201498,20,,,0,31,,201511,20,,,0,69,,201505,20,,,0,25,,201510,20,,,0,68,,201519,20,,,0,32,,201491,20,,,0,69,,201504,20,,,0,30,,201503,20,,,0,99,,201521,20,,,0,100,,201522,20,,,0,100,,201523,20,,,0
665201,'2_merged_15726441',614,,201558,12,,,0,33,,201529,20,,,0,70,,201548,20,,,0,30,,201536,20,,,0,70,,201531,20,,,0,30,,201551,20,,,0,70,,201550,20,,,0,30,,201534,20,,,0,67,,201549,20,,,0,30,,201542,20,,,0,70,,201537,20,,,0,30,,201538,20,,,0,70,,201524,20,,,0,30,,201541,20,,,0,70,,201556,20,,,0,30,,201530,20,,,0,70,,201528,20,,,0,30,,201527,20,,,0,70,,201526,20,,,0,30,,201535,20,,,0,70,,201547,20,,,0,30,,201546,20,,,0,72,,201545,20,,,0,30,,201544,20,,,0,70,,201543,20,,,0,29,,201539,20,,,0,70,,201525,20,,,0,31,,201552,20,,,0,70,,201540,20,,,0,31,,201557,20,,,0,70,,201533,20,,,0,30,,201532,20,,,0,91,,201555,20,,,0,80,,201554,20,,,0,99,,201553,20,,,0
665201,'3_merged_15726440',717,,201568,12,,,0,30,,201571,20,,,0,69,,201581,20,,,0,31,,201580,20,,,0,70,,201579,20,,,0,29,,201559,20,,,0,70,,201560,20,,,0,30,,201591,20,,,0,70,,201590,20,,,0,29,,201589,20,,,0,70,,201588,20,,,0,30,,201587,20,,,0,70,,201575,20,,,0,30,,201561,20,,,0,70,,201582,20,,,0,30,,201572,20,,,0,69,,201565,20,,,0,30,,201564,20,,,0,71,,201563,20,,,0,30,,201569,20,,,0,70,,201577,20,,,0,31,,201576,20,,,0,70,,201584,20,,,0,30,,201585,20,,,0,71,,201583,20,,,0,30,,201562,20,,,0,70,,201573,20,,,0,30,,201578,20,,,0,70,,201567,20,,,0,30,,201566,20,,,0,70,,201574,20,,,0,108,,201586,20,,,0,94,,201570,20,,,0
666701,'101_merged_15726436',903,,204730,42,,,0
666701,'1_merged_15726439',515,,204758,42,,,0,18,,204798,42,,,0,22,,204731,42,,,0,61,,204732,42,,,0,22,,204733,42,,,0,17,,204734,42,,,0,53,,204735,42,,,0,8,,204736,42,,,0,10,,204737,42,,,0,15,,204802,42,,,0,16,,204803,42,,,0,57,,204738,42,,,0,11,,204739,42,,,0,21,,204740,42,,,0,72,,204741,42,,,0,15,,204742,42,,,0,13,,204743,42,,,0,54,,204801,42,,,0,17,,204759,42,,,0,13,,204760,42,,,0,15,,204797,42,,,0,55,,204744,42,,,0,15,,204745,42,,,0,15,,204746,42,,,0,17,,204747,42,,,0,54,,204748,42,,,0,15,,204749,42,,,0,14,,204750,42,,,0,16,,204800,42,,,0,55,,204761,42,,,0,15,,204762,42,,,0,17,,204796,42,,,0,15,,204751,42,,,0,57,,204752,42,,,0,14,,204753,42,,,0,15,,204754,42,,,0,17,,204755,42,,,0,56,,204756,42,,,0,16,,204757,42,,,0,15,,204799,42,,,0,16,,204763,42,,,0,53,,204764,42,,,0,16,,204795,42,,,0,14,,204765,42,,,0,14,,204766,42,,,0,56,,204767,42,,,0,15,,204768,42,,,0,14,,204769,42,,,0,14,,204770,42,,,0,51,,204771,42,,,0,19,,204772,42,,,0,14,,204794,42,,,0,14,,204779,42,,,0,55,,204791,42,,,0,14,,204792,42,,,0,15,,204773,42,,,0,13,,204774,42,,,0,55,,204775,42,,,0,13,,204776,42,,,0,15,,204777,42,,,0,16,,204778,42,,,0,57,,204793,42,,,0,16,,204780,42,,,0,16,,204790,42,,,0,19,,204781,42,,,0,65,,204782,42,,,0,31,,204783,42,,,0,72,,204784,42,,,0,31,,204785,42,,,0,70,,204786,42,,,0,26,,204787,42,,,0,70,,204788,42,,,0,30,,204789,42,,,0
666701,'201_merged_15726444',903,,204804,42,,,0
666701,'2_merged_15726441',624,,204813,42,,,0,29,,204814,42,,,0,60,,204831,42,,,0,21,,204832,42,,,0,20,,204828,42,,,0,55,,204833,42,,,0,16,,204834,42,,,0,17,,204835,42,,,0,16,,204836,42,,,0,51,,204837,42,,,0,8,,204805,42,,,0,12,,204838,42,,,0,18,,204839,42,,,0,54,,204840,42,,,0,13,,204841,42,,,0,16,,204842,42,,,0,16,,204843,42,,,0,56,,204844,42,,,0,17,,204845,42,,,0,16,,204846,42,,,0,12,,204848,42,,,0,55,,204849,42,,,0,16,,204850,42,,,0,15,,204847,42,,,0,18,,204851,42,,,0,54,,204827,42,,,0,13,,204852,42,,,0,16,,204853,42,,,0,14,,204854,42,,,0,55,,204856,42,,,0,18,,204857,42,,,0,15,,204858,42,,,0,16,,204859,42,,,0,55,,204860,42,,,0,17,,204861,42,,,0,15,,204862,42,,,0,15,,204863,42,,,0,55,,204864,42,,,0,11,,204865,42,,,0,15,,204866,42,,,0,16,,204867,42,,,0,55,,204868,42,,,0,14,,204869,42,,,0,15,,204870,42,,,0,15,,204871,42,,,0,55,,204806,42,,,0,14,,204807,42,,,0,21,,204808,42,,,0,14,,204809,42,,,0,51,,204830,42,,,0,14,,204810,42,,,0,15,,204811,42,,,0,15,,204829,42,,,0,54,,204812,42,,,0,14,,204816,42,,,0,20,,204815,42,,,0,20,,204817,42,,,0,60,,204818,42,,,0,33,,204855,42,,,0,73,,204819,42,,,0,30,,204820,42,,,0,75,,204821,42,,,0,26,,204822,42,,,0,69,,204823,42,,,0,32,,204824,42,,,0,70,,204825,42,,,0,23,,204826,42,,,0
666701,'3_merged_15726440',734,,204887,42,,,0,20,,204888,42,,,0,57,,204873,42,,,0,16,,204889,42,,,0,16,,204890,42,,,0,14,,204886,42,,,0,53,,204872,42,,,0,13,,204891,42,,,0,14,,204892,42,,,0,12,,204893,42,,,0,9,,204894,42,,,0,53,,204895,42,,,0,19,,204896,42,,,0,16,,204897,42,,,0,55,,204898,42,,,0,14,,204899,42,,,0,17,,204900,42,,,0,16,,204901,42,,,0,55,,204902,42,,,0,15,,204881,42,,,0,15,,204882,42,,,0,17,,204883,42,,,0,56,,204903,42,,,0,14,,204904,42,,,0,15,,204905,42,,,0,15,,204906,42,,,0,55,,204907,42,,,0,16,,204908,42,,,0,14,,204909,42,,,0,17,,204910,42,,,0,53,,204911,42,,,0,17,,204912,42,,,0,16,,204880,42,,,0,13,,204913,42,,,0,51,,204914,42,,,0,15,,204915,42,,,0,19,,204916,42,,,0,15,,204917,42,,,0,56,,204918,42,,,0,19,,204919,42,,,0,14,,204920,42,,,0,11,,204921,42,,,0,55,,204922,42,,,0,11,,204923,42,,,0,16,,204924,42,,,0,16,,204925,42,,,0,55,,204885,42,,,0,15,,204926,42,,,0,12,,204927,42,,,0,15,,204884,42,,,0,55,,204928,42,,,0,13,,204929,42,,,0,20,,204930,42,,,0,21,,204931,42,,,0,66,,204932,42,,,0,32,,204933,42,,,0,67,,204874,42,,,0,35,,204875,42,,,0,71,,204876,42,,,0,24,,204877,42,,,0,70,,204878,42,,,0,28,,204879,42,,,0
683801,'1_merged_15726439',2506,,223898,10,,,0,29,,223894,10,,,0,70,,223893,10,,,0,30,,223892,10,,,0,73,,223895,10,,,0,27,,223896,10,,,0,69,,223897,10,,,0,40,,223890,10,,,0,70,,223891,10,,,0
683801,'2_merged_15726441',2536,,223900,10,,,0,77,,223902,10,,,0,21,,223901,10,,,0,20,,223903,10,,,0,62,,223904,10,,,0,21,,223905,10,,,0,20,,223906,10,,,0,67,,223907,10,,,0,30,,223908,10,,,0,69,,223899,10,,,0
683801,'3_merged_15726440',2533,,223910,10,,,0,70,,223909,10,,,0,31,,223911,10,,,0,76,,223912,10,,,0,20,,223913,10,,,0,74,,223914,10,,,0,30,,223915,10,,,0,80,,223916,10,,,0
