674100,'101_merged_15727747',1506,,218147,16,,,0
674100,'1_merged_15727750',419,,218148,16,,,0,32,,218149,16,,,0,66,,218150,16,,,0,17,,218151,16,,,0,14,,218152,16,,,0,59,,218153,16,,,0,52,,218160,13,,,0,71,,218163,13,,,0,24,,218165,16,,,0,53,,218166,16,,,0,17,,218167,13,,,0,13,,218168,16,,,0,13,,218169,16,,,0,70,,218171,16,,,0,17,,218172,16,,,0,14,,218173,16,,,0,59,,218174,16,,,0,30,,218175,16,,,0,67,,218176,16,,,0,20,,218217,16,,,0,24,,218177,16,,,0,56,,218178,16,,,0,20,,218215,16,,,0,20,,218179,16,,,0,60,,218214,16,,,0,19,,218180,16,,,0,21,,218216,16,,,0,61,,218181,16,,,0,16,,218182,16,,,0,12,,218183,16,,,0,13,,218184,16,,,0,53,,218185,16,,,0,15,,218186,16,,,0,16,,218187,16,,,0,16,,218188,16,,,0,56,,218189,16,,,0,15,,218190,16,,,0,15,,218191,16,,,0,15,,218192,16,,,0,58,,218193,16,,,0,15,,218194,16,,,0,15,,218195,13,,,0,16,,218196,16,,,0,55,,218197,16,,,0,21,,218198,13,,,0,21,,218199,16,,,0,60,,218200,16,,,0,19,,218201,16,,,0,19,,218202,16,,,0,60,,218203,16,,,0,20,,218204,16,,,0,20,,218205,16,,,0,67,,218206,16,,,0,32,,218207,16,,,0,70,,218208,16,,,0,32,,218209,16,,,0,70,,218210,16,,,0,100,,218211,16,,,0,92,,218212,16,,,0,139,,218213,16,0,96 99,0
674100,'2_merged_15727752',426,,218263,16,,,0,102,,218262,16,,,0,105,,218261,16,,,0,69,,218260,16,,,0,23,,218268,16,,,0,23,,218259,16,,,0,62,,218257,16,,,0,20,,218269,16,,,0,21,,218256,16,,,0,59,,218255,16,,,0,21,,218270,16,,,0,21,,218254,16,,,0,60,,218258,16,,,0,21,,218271,16,,,0,21,,218253,16,,,0,61,,218252,16,,,0,20,,218224,16,,,0,18,,218251,16,,,0,59,,218250,16,,,0,20,,218223,16,,,0,22,,218249,16,,,0,60,,218248,16,,,0,20,,218222,16,,,0,20,,218247,16,,,0,60,,218246,16,,,0,20,,218221,16,,,0,20,,218233,16,,,0,61,,218232,16,,,0,20,,218220,16,,,0,20,,218245,16,,,0,55,,218264,16,,,0,15,,218244,16,,,0,13,,218219,16,,,0,15,,218243,16,,,0,55,,218265,16,,,0,17,,218242,16,,,0,15,,218218,16,,,0,15,,218225,16,,,0,55,,218266,16,,,0,15,,218241,16,,,0,20,,218240,16,,,0,60,,218239,16,,,0,19,,218267,16,,,0,20,,218238,16,,,0,60,,218237,16,,,0,32,,218236,16,,,0,70,,218235,16,,,0,30,,218227,16,,,0,70,,218234,16,,,0,31,,218226,16,,,0,77,,218231,16,,,0,99,,218230,16,,,0,108,,218229,16,,,0,124,,218228,16,,,0
674100,'3_merged_15727751',427,,218317,16,,,0,100,,218316,16,,,0,107,,218315,16,,,0,72,,218314,16,,,0,29,,218313,16,,,0,70,,218311,16,,,0,20,,218323,16,,,0,21,,218310,16,,,0,60,,218309,16,,,0,20,,218324,16,,,0,21,,218308,16,,,0,60,,218312,16,,,0,18,,218325,16,,,0,20,,218307,16,,,0,60,,218306,16,,,0,19,,218326,16,,,0,19,,218278,16,,,0,60,,218305,16,,,0,21,,218304,16,,,0,19,,218277,16,,,0,60,,218303,16,,,0,20,,218302,16,,,0,17,,218276,16,,,0,60,,218301,16,,,0,23,,218300,16,,,0,20,,218275,16,,,0,60,,218287,16,,,0,19,,218286,16,,,0,17,,218274,16,,,0,15,,218299,16,,,0,55,,218318,16,,,0,14,,218298,16,,,0,15,,218273,16,,,0,15,,218297,16,,,0,55,,218319,16,,,0,15,,218296,16,,,0,15,,218272,16,,,0,15,,218279,16,,,0,56,,218320,16,,,0,14,,218295,16,,,0,15,,218294,16,,,0,15,,218321,16,,,0,55,,218293,16,,,0,16,,218322,16,,,0,21,,218292,16,,,0,60,,218291,16,,,0,34,,218290,16,,,0,69,,218289,16,,,0,30,,218281,16,,,0,70,,218288,16,,,0,30,,218280,16,,,0,74,,218285,16,,,0,101,,218284,16,,,0,110,,218283,16,,,0,120,,218282,16,,,0
674200,'1_merged_15727750',544,,218496,16,,,0,90,,218497,16,,,0,13,,218490,16,,,0,73,,218491,16,,,0,28,,218492,16,,,0,74,,218493,16,,,0,28,,218494,16,,,0,53,,218495,16,,,0
674400,'1_merged_15727750',621,,218534,14,0,89 90 12,0,82,,218535,14,,,0,17,,218536,14,,,0,25,,218537,14,,,0,11,,218538,14,,,0,53,,218539,14,,,0,819,,218540,14,0,89 90 12,0,79,,218541,14,0,89 90 12,0,44,,218542,14,0,89 90 12,0,69,,218543,14,0,89 90 12,0,84,,218544,14,0,89 90 12,0,26,,218545,14,0,89 90 12,0
684400,'1_merged_15727750',935,,224105,13,0,89 90 12,0,100,,224104,13,0,89 90 12,0,100,,224103,13,0,89 90 12,0,100,,224102,13,0,89 90 12,0,100,,224101,13,0,89 90 12,0,100,,224113,13,0,89 90 12,0,100,,224112,13,0,89 90 12,0,101,,224111,13,0,89 90 12,0,103,,224110,13,0,89 90 12,0,97,,224109,13,0,89 90 12,0,100,,224108,13,0,89 90 12,0,100,,224107,13,0,89 90 12,0,99,,224106,13,0,89 90 12,0
684400,'2_merged_15727752',924,,224114,13,0,89 90 12,0,102,,224116,13,0,89 90 12,0,101,,224115,13,0,89 90 12,0,99,,224126,13,0,89 90 12,0,100,,224125,13,0,89 90 12,0,100,,224124,13,0,89 90 12,0,100,,224123,13,0,89 90 12,0,99,,224122,13,0,89 90 12,0,100,,224121,13,0,89 90 12,0,100,,224120,13,0,89 90 12,0,99,,224119,13,0,89 90 12,0,105,,224118,13,0,89 90 12,0,100,,224117,13,0,89 90 12,0
684400,'3_merged_15727751',925,,224136,13,0,89 90 12,0,101,,224133,13,0,89 90 12,0,100,,224132,13,0,89 90 12,0,100,,224129,13,0,89 90 12,0,100,,224128,13,0,89 90 12,0,101,,224127,13,0,89 90 12,0,99,,224138,13,0,89 90 12,0,99,,224137,13,0,89 90 12,0,100,,224135,13,0,89 90 12,0,100,,224131,13,0,89 90 12,0,100,,224134,13,0,89 90 12,0,100,,224130,13,0,89 90 12,0
1169601,'1_merged_15727750',518,,225760,36,0,89 90 12,0,30,,225761,36,0,89 90 12,0,70,,225762,36,0,89 90 12,0,34,,225763,36,0,89 90 12,0,70,,225764,36,0,89 90 12,0,31,,225765,36,0,89 90 12,0,71,,225766,36,0,89 90 12,0,30,,225767,36,0,89 90 12,0,70,,225768,36,0,89 90 12,0,30,,225788,36,0,89 90 12,0,70,,225769,36,0,89 90 12,0,30,,225789,36,0,89 90 12,0,70,,225770,36,0,89 90 12,0,32,,225790,36,0,89 90 12,0,69,,225771,36,0,89 90 12,0,29,,225791,36,0,89 90 12,0,72,,225772,36,0,89 90 12,0,30,,225792,36,0,89 90 12,0,70,,225773,36,0,89 90 12,0,32,,225793,36,0,89 90 12,0,70,,225774,36,0,89 90 12,0,30,,225785,36,0,89 90 12,0,70,,225775,36,0,89 90 12,0,30,,225776,36,0,89 90 12,0,70,,225777,36,0,89 90 12,0,27,,225778,36,0,89 90 12,0,70,,225779,36,0,89 90 12,0,30,,225780,36,0,89 90 12,0,67,,225781,36,0,89 90 12,0,30,,225794,36,0,89 90 12,0,68,,225782,36,0,89 90 12,0,30,,225795,36,0,89 90 12,0,70,,225783,36,0,89 90 12,0,30,,225796,36,0,89 90 12,0,70,,225784,36,0,89 90 12,0,30,,225797,36,0,89 90 12,0,70,,225786,36,0,89 90 12,0,30,,225798,36,0,89 90 12,0,70,,225787,36,0,89 90 12,0
1169601,'2_merged_15727752',644,,225799,36,0,89 90 12,0,72,,225800,36,0,89 90 12,0,29,,225827,36,0,89 90 12,0,70,,225801,36,0,89 90 12,0,33,,225802,36,0,89 90 12,0,70,,225828,36,0,89 90 12,0,31,,225803,36,0,89 90 12,0,70,,225804,36,0,89 90 12,0,31,,225805,36,0,89 90 12,0,70,,225806,36,0,89 90 12,0,30,,225807,36,0,89 90 12,0,71,,225808,36,0,89 90 12,0,30,,225809,36,0,89 90 12,0,70,,225810,36,0,89 90 12,0,30,,225811,36,0,89 90 12,0,69,,225812,36,0,89 90 12,0,30,,225813,36,0,89 90 12,0,71,,225814,36,0,89 90 12,0,27,,225815,36,0,89 90 12,0,71,,225816,36,0,89 90 12,0,30,,225817,36,0,89 90 12,0,70,,225818,36,0,89 90 12,0,30,,225819,36,0,89 90 12,0,70,,225820,36,0,89 90 12,0,29,,225821,36,0,89 90 12,0,70,,225822,36,0,89 90 12,0,30,,225823,36,0,89 90 12,0,67,,225824,36,0,89 90 12,0,30,,225829,36,0,89 90 12,0,70,,225825,36,0,89 90 12,0,30,,225830,36,0,89 90 12,0,70,,225826,36,0,89 90 12,0
1169601,'3_merged_15727751',716,,225831,36,0,89 90 12,0,31,,225855,36,0,89 90 12,0,70,,225832,36,0,89 90 12,0,30,,225833,36,0,89 90 12,0,72,,225856,36,0,89 90 12,0,29,,225834,36,0,89 90 12,0,70,,225835,36,0,89 90 12,0,30,,225836,36,0,89 90 12,0,69,,225837,36,0,89 90 12,0,30,,225838,36,0,89 90 12,0,72,,225839,36,0,89 90 12,0,32,,225840,36,0,89 90 12,0,71,,225841,36,0,89 90 12,0,30,,225842,36,0,89 90 12,0,68,,225843,36,0,89 90 12,0,30,,225844,36,0,89 90 12,0,68,,225845,36,0,89 90 12,0,33,,225846,36,0,89 90 12,0,71,,225847,36,0,89 90 12,0,30,,225848,36,0,89 90 12,0,69,,225849,36,0,89 90 12,0,30,,225850,36,0,89 90 12,0,70,,225851,36,0,89 90 12,0,28,,225852,36,0,89 90 12,0,70,,225853,36,0,89 90 12,0,30,,225857,36,0,89 90 12,0,69,,225854,36,0,89 90 12,0,28,,225858,36,0,89 90 12,0,68,,225859,36,0,89 90 12,0
