661401,'1_merged_15726439',2001,,186428,19,,,0,20,,186413,19,,,0,21,,186447,19,,,0
661401,'2_merged_15726441',1959,,186463,19,,,0,61,,186474,19,,,0
661401,'3_merged_15726440',2000,,186568,19,,,0,20,,186569,19,,,0
661701,'152201_merged_15726445',2055,,188109,27,,,0,60,,188110,27,,,0,20,,188108,27,,,0,18,,188111,27,,,0,59,,188112,27,,,0,20,,188113,27,,,0,20,,188114,27,,,0,60,,188115,26,,,0,20,,188116,26,,,0,21,,188117,26,,,0,60,,188118,26,,,0,11,,188119,26,,,0,30,,188120,26,,,0
661701,'152301_merged_15726453',2055,,188121,27,,,0,60,,188122,27,,,0,20,,188123,27,,,0,18,,188124,27,,,0,59,,188125,27,,,0,20,,188126,27,,,0,20,,188127,27,,,0,60,,188128,26,,,0,20,,188129,26,,,0,21,,188130,26,,,0,60,,188131,26,,,0,11,,188132,26,,,0,30,,188133,26,,,0
661701,'1_merged_15726439',919,,188147,27,,,0,698,,188176,27,,,0,26,,188178,27,,,0,79,,188181,27,,,0,25,,188183,27,,,0,64,,188185,27,,,0,24,,188187,27,,,0,180,,188192,27,,,0,18,,188193,27,,,0,493,,188194,26,0,10,0
661701,'2_merged_15726441',2010,,188254,27,,,0,20,,188255,27,,,0,21,,188256,27,,,0,61,,188257,27,,,0,20,,188258,27,,,0,19,,188259,27,,,0,59,,188260,27,,,0,20,,188261,27,,,0,22,,188262,27,,,0,60,,188263,26,,,0,20,,188264,26,,,0,21,,188265,26,,,0,60,,188266,26,,,0,15,,188267,26,,,0,29,,188268,26,,,0,73,,188269,26,0,10,0
661701,'3_merged_15726440',2010,,188317,27,,,0,20,,188318,27,,,0,20,,188319,27,,,0,60,,188320,27,,,0,20,,188321,27,,,0,22,,188322,27,,,0,60,,188323,27,,,0,20,,188324,27,,,0,19,,188325,27,,,0,60,,188326,26,,,0,19,,188327,26,,,0,20,,188328,26,,,0,62,,188329,26,,,0,16,,188330,26,,,0,30,,188331,26,,,0,86,,188332,26,0,10,0
662401,'1_merged_15726439',2011,,191825,35,,,0,12,,191826,35,,,0,12,,191827,35,,,0,13,,191828,35,,,0,11,,191829,35,,,0,53,,191830,35,,,0,15,,191831,35,,,0,15,,191832,35,,,0,59,,191833,35,,,0,17,,191834,35,,,0,20,,191835,35,,,0,20,,191836,35,,,0,61,,191837,35,,,0,20,,191838,35,,,0,63,,191839,35,,,0,33,,191840,35,,,0,76,,191842,35,,,0,22,,191843,35,0,10,0
662401,'2_merged_15726441',2001,,191890,35,,,0,15,,191891,35,,,0,15,,191892,35,,,0,11,,191893,35,,,0,16,,191894,35,,,0,55,,191895,35,,,0,15,,191896,35,,,0,15,,191897,35,,,0,57,,191898,35,,,0,20,,191899,35,,,0,20,,191900,35,,,0,61,,191901,35,,,0,17,,191902,35,,,0,19,,191903,35,,,0,15,,191904,35,,,0,58,,191905,35,,,0,20,,191906,35,,,0,29,,191907,35,,,0,77,,191909,35,0,10,0
662401,'3_merged_15726440',2006,,191994,35,,,0,15,,191995,35,,,0,15,,191996,35,,,0,14,,191997,35,,,0,55,,191998,35,,,0,15,,191999,35,,,0,15,,192000,35,,,0,15,,192001,35,,,0,55,,192002,35,,,0,18,,192003,35,,,0,19,,192005,35,,,0,61,,192006,35,,,0,20,,192007,35,,,0,20,,192008,35,,,0,61,,192009,35,,,0,34,,192011,35,,,0,65,,192012,35,,,0,31,,192014,35,0,10,0
662601,'1_merged_15726439',2007,,192941,39,,,0,16,,193017,39,,,0,15,,193016,39,,,0,16,,192999,39,,,0,55,,192947,39,,,0,15,,192958,39,,,0,15,,193024,39,,,0,15,,192970,39,,,0,56,,192945,39,,,0,14,,192971,39,,,0,15,,192972,39,,,0,15,,192961,39,,,0,55,,193013,39,,,0,15,,192950,39,,,0,15,,193001,39,,,0,64,,192978,39,,,0,30,,192960,39,,,0,72,,193002,39,,,0,29,,192979,39,,,0,70,,192963,39,,,0
662601,'2_merged_15726441',2010,,193103,39,,,0,15,,193078,39,,,0,15,,193046,39,,,0,16,,193088,39,,,0,55,,193058,39,,,0,15,,193061,39,,,0,15,,193042,39,,,0,16,,193087,39,,,0,56,,193051,39,,,0,16,,193038,39,,,0,16,,193066,39,,,0,55,,193031,39,,,0,15,,193035,39,,,0,15,,193091,39,,,0,18,,193044,39,,,0,65,,193045,39,,,0,26,,193047,39,,,0,71,,193048,39,,,0,30,,193057,39,,,0,72,,193074,39,,,0
662601,'3_merged_15726440',2003,,193154,39,,,0,15,,193132,39,,,0,15,,193143,39,,,0,15,,193113,39,,,0,55,,193169,39,,,0,15,,193168,39,,,0,15,,193164,39,,,0,15,,193147,39,,,0,55,,193133,39,,,0,15,,193144,39,,,0,15,,193163,39,,,0,14,,193162,39,,,0,55,,193167,39,,,0,15,,193135,39,,,0,15,,193148,39,,,0,26,,193146,39,,,0,64,,193105,39,,,0,32,,193174,39,,,0,77,,193170,39,,,0
683401,'1_merged_15726439',2556,,223754,78,,,0,68,,223753,78,,,0,32,,223752,78,,,0
683401,'2_merged_15726441',2516,,223758,78,,,0,41,,223757,78,,,0,71,,223756,78,,,0,31,,223755,78,,,0
683401,'3_merged_15726440',2556,,223759,78,,,0,70,,223760,78,,,0,30,,223761,78,,,0
1671701,'1_merged_15726439',2013,,226184,42,,,0,29,,226185,42,,,0,66,,226186,42,,,0,30,,226187,42,,,0,70,,226188,42,,,0,30,,226189,42,,,0,70,,226190,41,,,0,25,,226191,41,,,0,74,,226192,41,,,0,28,,226193,41,,,0,117,,226196,18,,,0
1671701,'2_merged_15726441',2010,,226198,42,,,0,24,,226199,42,,,0,68,,226200,42,,,0,30,,226211,42,,,0,71,,226201,42,,,0,31,,226202,42,,,0,70,,226203,41,,,0,28,,226210,41,,,0,70,,226204,41,,,0,29,,226205,41,,,0,169,,226207,18,,,0
1671701,'3_merged_15726440',2008,,226212,42,,,0,30,,226213,42,,,0,70,,226214,42,,,0,29,,226225,42,,,0,70,,226215,42,,,0,28,,226216,42,,,0,68,,226217,41,,,0,30,,226224,41,,,0,70,,226218,41,,,0,29,,226219,41,,,0,112,,226223,18,,,0,67,,226221,41,,,0
