670501,'1_merged_15727750',513,,211792,40,0,76 77 89,0,24,,211785,40,0,76 77 89,0,15,,211769,40,0,76 77 57,0,7,,211793,40,0,76 77 89,0,53,,211875,40,0,76 77 57,0,10,,211772,40,0,76 77 57,0,8,,211791,40,0,76 77 89,0,10,,211794,40,0,76 77 89,0,12,,211771,40,0,76 77 57,0,49,,211876,40,0,76 77 57,0,9,,211879,40,0,76 77 57,0,7,,211822,46,0,76 77 89,0,13,,211774,46,0,76 77 57,0,9,,211783,46,0,76 77 57,0,9,,211795,46,0,76 77 57,0,9,,211878,46,0,76 77 57,0,50,,211796,46,0,76 77 57,0,10,,211828,46,0,76 77 57,0,10,,211829,46,0,76 77 57,0,10,,211797,46,0,76 77 57,0,10,,211831,46,0,76 77 57,0,10,,211798,46,0,76 77 57,0,50,,211830,46,0,76 77 57,0,10,,211799,46,0,76 77 57,0,9,,211800,46,0,76 77 57,0,10,,211832,46,0,76 77 57,0,10,,211838,46,0,76 77 57,0,10,,211801,46,0,76 77 57,0,50,,211839,40,0,76 77 57,0,10,,211840,40,0,76 77 57,0,10,,211841,40,0,76 77 57,0,10,,211842,40,0,76 77 57,0,10,,211843,40,0,76 77 57,0,10,,211844,40,0,76 77 57,0,50,,211845,40,0,76 77 57,0,10,,211846,40,0,76 77 57,0,11,,211847,40,0,76 77 57,0,10,,211848,40,0,76 77 57,0,10,,211849,40,0,76 77 57,0,10,,211850,40,0,76 77 57,0,50,,211851,40,0,76 77 57,0,10,,211852,40,0,76 77 57,0,10,,211853,40,0,76 77 57,0,10,,211854,40,0,76 77 57,0,10,,211855,40,0,76 77 57,0,11,,211856,40,0,76 77 57,0,50,,211857,40,0,76 77 57,0,10,,211858,40,0,76 77 57,0,10,,211859,40,0,76 77 57,0,10,,211860,40,0,76 77 57,0,10,,211861,40,0,76 77 57,0,11,,211862,40,0,76 77 57,0,50,,211863,40,0,76 77 57,0,10,,211864,40,0,76 77 57,0,11,,211865,40,0,76 77 57,0,10,,211866,40,0,76 77 57,0,10,,211867,40,0,76 77 57,0,51,,211868,40,0,76 77 57,0,10,,211869,40,0,76 77 57,0,10,,211870,40,0,76 77 57,0,11,,211871,40,0,76 77 57,0,10,,211823,40,0,76 77 57,0,10,,211802,40,0,76 77 57,0,50,,211833,40,0,76 77 57,0,10,,211803,40,0,76 77 57,0,10,,211804,46,0,76 77 57,0,11,,211805,46,0,76 77 57,0,10,,211824,46,0,76 77 57,0,10,,211806,46,0,76 77 57,0,50,,211834,46,0,76 77 57,0,10,,211807,46,0,76 77 57,0,9,,211808,46,0,76 77 57,0,7,,211880,46,0,76 77 57,0,7,,211825,46,0,76 77 57,0,7,,211809,46,0,76 77 57,0,7,,211881,46,0,76 77 57,0,7,,211810,46,0,76 77 57,0,45,,211835,46,0,76 77 57,0,9,,211811,46,0,76 77 57,0,6,,211882,46,0,76 77 57,0,7,,211812,46,0,76 77 57,0,5,,211883,46,0,76 77 57,0,6,,211813,46,0,76 77 57,0,6,,211826,46,0,76 77 57,0,7,,211884,46,0,76 77 57,0,9,,211814,46,0,76 77 57,0,47,,211815,46,0,76 77 57,0,8,,211885,46,0,76 77 57,0,10,,211816,46,0,76 77 57,0,8,,211817,46,0,76 77 57,0,9,,211818,46,0,76 77 57,0,7,,211886,46,0,76 77 57,0,9,,211776,46,0,76 77 57,0,49,,211872,40,0,76 77 57,0,9,,211820,40,0,76 77 57,0,11,,211781,40,0,76 77 57,0,12,,211777,40,0,76 77 57,0,11,,211782,40,0,76 77 57,0,10,,211821,40,0,76 77 89,0,51,,211778,40,0,76 77 57,0,14,,211784,40,0,76 77 89,0,11,,211873,40,0,76 77 57,0,13,,211779,40,0,76 77 89,0,11,,211827,40,0,76 77 57,0,52,,211773,40,0,76 77 89,0,13,,211874,40,0,76 77 57,0,15,,211780,40,0,76 77 57,0,13,,211770,40,0,76 77 89,0,55,,211877,40,0,76 77 89,0,15,,211768,40,0,76 77 57,0,15,,211836,40,0,76 77 57,0,19,,211819,40,0,76 77 89,0,60,,211837,40,0,76 77 89,0,20,,211775,40,0,76 77 57,0,20,,211786,40,0,76 77 57,0,60,,211787,40,0,76 77 89,0,30,,211788,40,0,76 77 57,0,89,,211789,40,0,76 77 57,0
670501,'2_merged_15727752',545,,211889,21,0,76 77 57,0,10,,211937,21,0,76 77 89,0,56,,211901,21,0,76 77 57,0,13,,211927,40,0,76 77 57,0,10,,211939,21,0,76 77 57,0,10,,211947,21,0,76 77 57,0,7,,211888,40,0,76 77 89,0,50,,211936,40,0,76 77 89,0,13,,211925,40,0,76 77 57,0,11,,211902,40,0,76 77 57,0,11,,211941,40,0,76 77 57,0,8,,211924,40,0,76 77 89,0,14,,211948,40,0,76 77 57,0,51,,211900,40,0,76 77 57,0,11,,211942,40,0,76 77 57,0,8,,211923,40,0,76 77 89,0,14,,211904,40,0,76 77 57,0,12,,211926,40,0,76 77 57,0,52,,211903,40,0,76 77 57,0,12,,211943,40,0,76 77 57,0,13,,211928,40,0,76 77 57,0,12,,211908,40,0,76 77 57,0,12,,211930,40,0,76 77 57,0,52,,211891,40,0,76 77 57,0,12,,211944,40,0,76 77 57,0,12,,211897,40,0,76 77 57,0,12,,211887,40,0,76 77 57,0,12,,211921,40,0,76 77 57,0,52,,211909,40,0,76 77 57,0,12,,211945,40,0,76 77 57,0,12,,211931,40,0,76 77 57,0,12,,211896,40,0,76 77 57,0,12,,211954,40,0,76 77 57,0,51,,211955,40,0,76 77 57,0,10,,211956,40,0,76 77 57,0,10,,211957,40,0,76 77 57,0,10,,211958,40,0,76 77 57,0,10,,211959,40,0,76 77 57,0,10,,211960,40,0,76 77 57,0,50,,211961,40,0,76 77 57,0,9,,211962,40,0,76 77 57,0,9,,211963,40,0,76 77 57,0,9,,211964,40,0,76 77 57,0,10,,211965,40,0,76 77 57,0,10,,211966,40,0,76 77 57,0,50,,211967,40,0,76 77 57,0,10,,211968,40,0,76 77 57,0,10,,211969,40,0,76 77 57,0,10,,211970,40,0,76 77 57,0,10,,211971,40,0,76 77 57,0,10,,211972,40,0,76 77 57,0,50,,211973,40,0,76 77 57,0,10,,211974,40,0,76 77 57,0,10,,211975,40,0,76 77 57,0,10,,211976,40,0,76 77 57,0,10,,211977,40,0,76 77 57,0,10,,211978,40,0,76 77 57,0,50,,211979,40,0,76 77 57,0,10,,211980,40,0,76 77 57,0,10,,211981,40,0,76 77 57,0,10,,211982,40,0,76 77 57,0,10,,211983,40,0,76 77 57,0,11,,211984,40,0,76 77 57,0,50,,211985,40,0,76 77 57,0,10,,211986,40,0,76 77 57,0,10,,211987,40,0,76 77 57,0,9,,211988,40,0,76 77 57,0,10,,211989,40,0,76 77 57,0,10,,211990,40,0,76 77 57,0,49,,211915,40,0,76 77 57,0,10,,211905,40,0,76 77 57,0,10,,211991,40,0,76 77 57,0,10,,211949,40,0,76 77 57,0,10,,211932,40,0,76 77 57,0,11,,211919,40,0,76 77 57,0,49,,211992,40,0,76 77 57,0,10,,211899,40,0,76 77 57,0,10,,211933,40,0,76 77 57,0,10,,211907,40,0,76 77 57,0,8,,211950,40,0,76 77 89,0,12,,211934,40,0,76 77 57,0,50,,211922,40,0,76 77 57,0,10,,211993,40,0,76 77 57,0,10,,211898,40,0,76 77 57,0,9,,211951,40,0,76 77 57,0,9,,211911,40,0,76 77 89,0,12,,211918,40,0,76 77 57,0,51,,211910,40,0,76 77 57,0,13,,211892,40,0,76 77 57,0,12,,211952,40,0,76 77 89,0,11,,211890,40,0,76 77 57,0,12,,211935,40,0,76 77 57,0,52,,211913,40,0,76 77 57,0,13,,211929,40,0,76 77 57,0,13,,211912,40,0,76 77 57,0,13,,211953,40,0,76 77 57,0,13,,211994,40,0,76 77 57,0,53,,211895,40,0,76 77 57,0,13,,211914,40,0,76 77 89,0,13,,211916,40,0,76 77 57,0,20,,211938,40,0,76 77 57,0,62,,211917,40,0,76 77 57,0,21,,211920,40,0,76 77 57,0,63,,211940,40,0,76 77 57,0,22,,211906,40,0,76 77 89,0,107,,211894,40,0,76 77 57,0
670501,'3_merged_15727751',543,,212033,40,0,76 77 57,0,61,,212011,40,0,76 77 57,0,16,,212034,40,0,76 77 57,0,16,,212073,40,0,76 77 57,0,15,,212003,40,0,76 77 57,0,55,,212009,40,0,76 77 57,0,15,,212035,40,0,76 77 57,0,15,,212013,40,0,76 77 57,0,15,,212001,40,0,76 77 57,0,53,,212008,40,0,76 77 57,0,11,,212002,47,0,76 77 57,0,9,,212007,40,0,76 77 89,0,16,,212006,40,0,76 77 57,0,13,,212081,40,0,76 77 57,0,53,,212005,40,0,76 77 57,0,10,,211999,40,0,76 77 89,0,19,,211998,40,0,76 77 57,0,15,,212012,40,0,76 77 57,0,55,,212023,40,0,76 77 57,0,15,,212022,40,0,76 77 57,0,15,,212021,40,0,76 77 57,0,15,,212020,40,0,76 77 57,0,56,,212032,40,0,76 77 57,0,16,,212031,40,0,76 77 57,0,15,,212030,40,0,76 77 57,0,15,,212029,40,0,76 77 57,0,55,,212028,40,0,76 77 57,0,15,,212027,40,0,76 77 57,0,15,,212026,40,0,76 77 57,0,12,,212025,40,0,76 77 57,0,52,,212074,40,0,76 77 57,0,12,,212024,40,0,76 77 57,0,12,,212016,40,0,76 77 57,0,13,,212015,40,0,76 77 57,0,13,,212068,40,0,76 77 57,0,52,,212014,40,0,76 77 57,0,12,,212036,40,0,76 77 57,0,12,,212037,40,0,76 77 57,0,12,,212038,40,0,76 77 57,0,12,,212069,40,0,76 77 57,0,52,,212039,40,0,76 77 57,0,12,,212040,40,0,76 77 57,0,12,,212041,40,0,76 77 57,0,10,,212042,40,0,76 77 57,0,10,,212070,40,0,76 77 57,0,10,,212043,40,0,76 77 57,0,50,,212044,40,0,76 77 57,0,10,,212082,40,0,76 77 57,0,10,,212045,40,0,76 77 57,0,10,,212046,40,0,76 77 57,0,10,,212071,40,0,76 77 57,0,10,,212083,40,0,76 77 57,0,50,,212047,40,0,76 77 57,0,10,,212048,40,0,76 77 57,0,10,,212049,40,0,76 77 57,0,12,,212050,40,0,76 77 57,0,11,,212075,40,0,76 77 57,0,52,,212051,40,0,76 77 57,0,12,,212052,40,0,76 77 57,0,12,,212053,40,0,76 77 57,0,12,,212054,40,0,76 77 57,0,12,,212076,40,0,76 77 57,0,52,,212055,40,0,76 77 57,0,12,,212056,40,0,76 77 57,0,12,,212057,40,0,76 77 57,0,12,,212077,40,0,76 77 57,0,8,,212058,40,0,76 77 89,0,54,,212059,40,0,76 77 57,0,11,,212060,40,0,76 77 57,0,10,,212061,40,0,76 77 57,0,10,,212084,40,0,76 77 57,0,6,,212062,40,0,76 77 89,0,15,,212063,40,0,76 77 57,0,49,,212064,40,0,76 77 57,0,11,,212079,40,0,76 77 57,0,12,,212065,40,0,76 77 57,0,15,,212066,40,0,76 77 57,0,15,,212067,40,0,76 77 57,0,52,,212019,40,0,76 77 89,0,17,,212004,40,0,76 77 57,0,15,,212018,40,0,76 77 57,0,14,,212072,40,0,76 77 89,0,57,,212017,40,0,76 77 57,0,16,,212078,40,0,76 77 57,0,16,,211997,40,0,76 77 57,0,59,,212080,40,0,76 77 89,0,24,,211996,40,0,76 77 57,0,24,,211995,40,0,76 77 57,0,76,,212000,40,0,76 77 57,0
671501,'1_merged_15727750',547,,214515,9,,,0,62,,214516,9,,,0,17,,214517,9,,,0,10,,214518,9,,,0,10,,214519,9,,,0,13,,214520,9,,,0,50,,214521,9,,,0,11,,214522,9,,,0,10,,214523,9,,,0,12,,214524,9,,,0,10,,214525,9,,,0,50,,214526,9,,,0,13,,214527,9,,,0,12,,214528,9,,,0,12,,214529,9,,,0,13,,214530,9,,,0,52,,214531,9,,,0,12,,214532,9,,,0,13,,214533,9,,,0,15,,214534,9,,,0,15,,214535,9,,,0,56,,214536,9,,,0,15,,214537,9,,,0,17,,214538,9,,,0,55,,214539,9,,,0,15,,214540,9,,,0,15,,214541,9,,,0,17,,214542,9,,,0,56,,214543,9,,,0,14,,214544,9,,,0,14,,214545,9,,,0,15,,214546,9,,,0,55,,214547,9,,,0,16,,214548,9,,,0,15,,214549,9,,,0,15,,214550,9,,,0,55,,214551,9,,,0,15,,214552,9,,,0,10,,214553,9,,,0,12,,214554,9,,,0,10,,214555,9,,,0,52,,214556,9,,,0,14,,214557,9,,,0,12,,214558,9,,,0,12,,214559,9,,,0,16,,214560,9,,,0,54,,214561,9,,,0,12,,214562,9,,,0,12,,214563,9,,,0,12,,214564,9,,,0,10,,214565,9,,,0,50,,214566,9,,,0,9,,214567,9,,,0,10,,214568,9,,,0,10,,214569,9,,,0,12,,214570,9,,,0,52,,214571,9,,,0,12,,214572,9,,,0,10,,214573,9,,,0,12,,214574,9,,,0,11,,214575,9,,,0,9,,214576,9,,,0,52,,214577,9,,,0,10,,214578,9,,,0,12,,214579,9,,,0,12,,214580,9,,,0,13,,214581,9,,,0,55,,214582,9,,,0,14,,214583,9,,,0,15,,214584,9,,,0,15,,214585,9,,,0,55,,214586,9,,,0,15,,214587,9,,,0,15,,214588,9,,,0,21,,214589,9,,,0,70,,214590,9,,,0,29,,214591,9,,,0,70,,214592,9,,,0,30,,214593,9,,,0,70,,214594,9,,,0,27,,214595,9,,,0,83,,214596,9,,,0,100,,214597,9,,,0
671501,'2_merged_15727752',556,,214643,9,,,0,60,,214642,9,,,0,20,,214641,9,,,0,20,,214640,9,,,0,61,,214622,9,,,0,20,,214639,9,,,0,15,,214621,9,,,0,55,,214638,9,,,0,15,,214620,9,,,0,17,,214637,9,,,0,15,,214619,9,,,0,54,,214636,9,,,0,15,,214618,9,,,0,18,,214635,9,,,0,15,,214617,9,,,0,56,,214664,9,,,0,15,,214616,9,,,0,18,,214663,9,,,0,56,,214615,9,,,0,16,,214662,9,,,0,15,,214614,9,,,0,16,,214665,9,,,0,55,,214613,9,,,0,15,,214661,9,,,0,15,,214612,9,,,0,17,,214660,9,,,0,55,,214611,9,,,0,15,,214659,9,,,0,15,,214610,9,,,0,15,,214658,9,,,0,55,,214609,9,,,0,15,,214657,9,,,0,15,,214608,9,,,0,15,,214656,9,,,0,55,,214607,9,,,0,16,,214634,9,,,0,15,,214606,9,,,0,15,,214633,9,,,0,57,,214644,9,,,0,16,,214632,9,,,0,15,,214605,9,,,0,16,,214631,9,,,0,54,,214604,9,,,0,15,,214630,9,,,0,14,,214603,9,,,0,15,,214629,9,,,0,55,,214602,9,,,0,15,,214628,9,,,0,15,,214601,9,,,0,13,,214627,9,,,0,55,,214600,9,,,0,14,,214626,9,,,0,15,,214599,9,,,0,13,,214625,9,,,0,55,,214598,9,,,0,13,,214646,9,,,0,15,,214655,9,,,0,15,,214624,9,,,0,55,,214654,9,,,0,15,,214653,9,,,0,15,,214666,9,,,0,15,,214623,9,,,0,55,,214652,9,,,0,21,,214667,9,,,0,20,,214651,9,,,0,64,,214645,9,,,0,40,,214650,9,,,0,70,,214668,9,,,0,28,,214649,9,,,0,93,,214648,9,,,0,90,,214647,9,,,0
671501,'3_merged_15727751',556,,214714,9,,,0,59,,214713,9,,,0,20,,214712,9,,,0,20,,214711,9,,,0,60,,214693,9,,,0,20,,214710,9,,,0,17,,214692,9,,,0,55,,214709,9,,,0,16,,214691,9,,,0,15,,214708,9,,,0,16,,214690,9,,,0,55,,214707,9,,,0,15,,214689,9,,,0,16,,214706,9,,,0,15,,214688,9,,,0,56,,214735,9,,,0,15,,214687,9,,,0,15,,214734,9,,,0,15,,214686,9,,,0,55,,214733,9,,,0,16,,214685,9,,,0,16,,214736,9,,,0,15,,214684,9,,,0,55,,214732,9,,,0,15,,214683,9,,,0,16,,214731,9,,,0,15,,214682,9,,,0,55,,214730,9,,,0,15,,214681,9,,,0,15,,214729,9,,,0,15,,214680,9,,,0,55,,214728,9,,,0,15,,214679,9,,,0,17,,214727,9,,,0,55,,214678,9,,,0,16,,214705,9,,,0,15,,214677,9,,,0,15,,214704,9,,,0,55,,214715,9,,,0,15,,214703,9,,,0,15,,214676,9,,,0,15,,214702,9,,,0,55,,214675,9,,,0,14,,214701,9,,,0,15,,214674,9,,,0,15,,214700,9,,,0,54,,214673,9,,,0,14,,214699,9,,,0,15,,214672,9,,,0,15,,214698,9,,,0,15,,214671,9,,,0,54,,214697,9,,,0,15,,214670,9,,,0,15,,214696,9,,,0,15,,214669,9,,,0,55,,214717,9,,,0,15,,214726,9,,,0,13,,214695,9,,,0,15,,214725,9,,,0,55,,214724,9,,,0,17,,214737,9,,,0,14,,214694,9,,,0,15,,214723,9,,,0,62,,214738,9,,,0,20,,214722,9,,,0,65,,214716,9,,,0,44,,214721,9,,,0,70,,214739,9,,,0,25,,214720,9,,,0,94,,214719,9,,,0,90,,214718,9,,,0
675401,'101_merged_15727747',740,,219580,5,0,32,0
3181901,'1_merged_15727750',615,,233440,2,,,0,30,,233441,2,,,0,70,,233442,2,,,0,30,,233443,2,,,0,70,,233444,2,,,0,30,,233445,2,,,0,70,,233446,2,,,0,30,,233447,2,,,0,70,,233448,2,,,0,30,,233449,2,,,0,70,,233450,2,,,0,30,,233451,2,,,0,70,,233452,2,,,0,30,,233453,2,,,0,70,,233454,2,,,0,30,,233455,2,,,0,70,,233456,2,,,0,30,,233457,2,,,0,70,,233458,2,,,0,30,,233424,2,,,0,70,,233425,2,,,0,30,,233426,2,,,0,70,,233427,2,,,0,30,,233428,2,,,0,70,,233429,2,,,0,30,,233430,2,,,0,70,,233431,2,,,0,30,,233432,2,,,0,11,,233433,2,,,0,70,,233438,2,,,0,74,,233434,2,,,0,24,,233437,2,,,0,30,,233435,2,,,0,70,,233439,2,,,0,30,,233436,2,,,0,70,,233459,2,,,0
3181901,'2_merged_15727752',740,,233491,2,,,0,70,,233475,2,,,0,30,,233461,2,,,0,70,,233476,2,,,0,30,,233462,2,,,0,70,,233477,2,,,0,30,,233463,2,,,0,70,,233478,2,,,0,30,,233464,2,,,0,70,,233479,2,,,0,30,,233465,2,,,0,70,,233480,2,,,0,30,,233466,2,,,0,70,,233481,2,,,0,30,,233467,2,,,0,70,,233482,2,,,0,30,,233468,2,,,0,70,,233483,2,,,0,30,,233469,2,,,0,70,,233484,2,,,0,30,,233470,2,,,0,70,,233485,2,,,0,30,,233460,2,,,0,65,,233486,2,,,0,22,,233471,2,,,0,30,,233487,2,,,0,73,,233472,2,,,0,70,,233488,2,,,0,30,,233473,2,,,0,70,,233489,2,,,0,30,,233474,2,,,0,70,,233490,2,,,0,30,,233492,2,,,0
3181901,'3_merged_15727751',740,,233516,2,,,0,70,,233497,2,,,0,30,,233517,2,,,0,70,,233498,2,,,0,30,,233518,2,,,0,70,,233499,2,,,0,30,,233519,2,,,0,70,,233500,2,,,0,30,,233515,2,,,0,70,,233501,2,,,0,30,,233520,2,,,0,70,,233502,2,,,0,30,,233521,2,,,0,70,,233503,2,,,0,30,,233522,2,,,0,70,,233504,2,,,0,30,,233514,2,,,0,70,,233505,2,,,0,30,,233493,2,,,0,70,,233506,2,,,0,30,,233494,2,,,0,70,,233507,2,,,0,30,,233495,2,,,0,70,,233508,2,,,0,30,,233496,2,,,0,70,,233509,2,,,0,30,,233513,2,,,0,70,,233511,2,,,0,30,,233510,2,,,0,70,,233512,2,,,0,30,,233523,2,,,0,100,,233524,2,,,0
