673800,'101_merged_15726436',1754,,217636,21,,,0
673800,'1_merged_15726439',555,,217717,21,,,0,52,,217719,21,,,0,11,,217716,21,,,0,12,,217718,21,,,0,12,,217690,21,,,0,11,,217645,21,,,0,52,,217689,21,,,0,12,,217680,21,,,0,14,,217661,21,,,0,14,,217721,21,,,0,12,,217686,21,,,0,54,,217644,21,,,0,12,,217653,21,,,0,12,,217646,21,,,0,14,,217639,21,,,0,55,,217685,21,,,0,14,,217707,21,,,0,15,,217706,21,,,0,15,,217708,21,,,0,55,,217684,21,,,0,15,,217664,21,,,0,15,,217694,21,,,0,16,,217688,21,,,0,55,,217693,21,,,0,15,,217668,21,,,0,15,,217692,21,,,0,15,,217663,21,,,0,55,,217691,21,,,0,16,,217711,21,,,0,15,,217698,21,,,0,16,,217672,21,,,0,55,,217652,21,,,0,16,,217671,21,,,0,15,,217651,21,,,0,17,,217669,21,,,0,55,,217650,21,,,0,16,,217649,21,,,0,17,,217670,21,,,0,15,,217683,21,,,0,55,,217678,21,,,0,17,,217643,21,,,0,15,,217674,21,,,0,58,,217681,21,,,0,16,,217658,21,,,0,12,,217662,21,,,0,12,,217666,21,,,0,12,,217656,21,,,0,52,,217682,21,,,0,12,,217657,21,,,0,12,,217722,21,,,0,12,,217673,21,,,0,61,,217679,21,,,0,11,,217677,21,,,0,11,,217687,21,,,0,12,,217697,21,,,0,9,,217723,21,,,0,9,,217659,21,,,0,52,,217667,21,,,0,9,,217720,21,,,0,10,,217705,21,,,0,10,,217648,21,,,0,9,,217676,21,,,0,10,,217637,21,,,0,50,,217700,21,,,0,8,,217675,21,,,0,15,,217704,21,,,0,14,,217665,21,,,0,15,,217702,21,,,0,55,,217709,21,,,0,15,,217699,21,,,0,13,,217660,21,,,0,15,,217655,21,,,0,55,,217654,21,,,0,15,,217638,21,,,0,14,,217710,21,,,0,18,,217715,21,,,0,60,,217696,21,,,0,20,,217703,21,,,0,18,,217642,21,,,0,60,,217695,21,,,0,20,,217701,21,,,0,19,,217641,21,,,0,60,,217712,21,,,0,20,,217713,21,,,0,25,,217640,21,,,0,63,,217714,21,,,0,26,,217647,21,,,0
673800,'201_merged_15726444',1754,,217724,21,,,0
673800,'2_merged_15726441',637,,217742,21,,,0,15,,217743,21,,,0,55,,217744,21,,,0,15,,217745,21,,,0,15,,217746,21,,,0,15,,217747,21,,,0,56,,217764,21,,,0,15,,217748,21,,,0,15,,217763,21,,,0,15,,217749,21,,,0,55,,217750,21,,,0,17,,217787,21,,,0,14,,217752,21,,,0,15,,217798,21,,,0,55,,217753,21,,,0,17,,217788,21,,,0,15,,217754,21,,,0,16,,217797,21,,,0,55,,217755,21,,,0,15,,217733,21,,,0,15,,217756,21,,,0,16,,217796,21,,,0,55,,217757,21,,,0,16,,217734,21,,,0,15,,217767,21,,,0,57,,217795,21,,,0,15,,217768,21,,,0,16,,217775,21,,,0,15,,217769,21,,,0,55,,217794,21,,,0,15,,217770,21,,,0,15,,217736,21,,,0,15,,217771,21,,,0,55,,217793,21,,,0,15,,217772,21,,,0,14,,217789,21,,,0,15,,217773,21,,,0,54,,217792,21,,,0,15,,217774,21,,,0,16,,217765,21,,,0,15,,217776,21,,,0,55,,217791,21,,,0,15,,217777,21,,,0,14,,217766,21,,,0,15,,217778,21,,,0,14,,217761,21,,,0,55,,217779,21,,,0,14,,217760,21,,,0,15,,217780,21,,,0,14,,217790,21,,,0,53,,217781,21,,,0,11,,217803,21,,,0,12,,217735,21,,,0,12,,217785,21,,,0,12,,217786,21,,,0,52,,217782,21,,,0,11,,217804,21,,,0,12,,217762,21,,,0,11,,217783,21,,,0,12,,217740,21,,,0,52,,217784,21,,,0,13,,217759,21,,,0,15,,217731,21,,,0,14,,217738,21,,,0,55,,217728,21,,,0,15,,217737,21,,,0,15,,217730,21,,,0,12,,217741,21,,,0,55,,217727,21,,,0,15,,217739,21,,,0,15,,217729,21,,,0,15,,217751,21,,,0,55,,217726,21,,,0,20,,217732,21,,,0,19,,217725,21,,,0,60,,217758,21,,,0,30,,217802,21,,,0,29,,217801,21,,,0,72,,217800,21,,,0,73,,217799,21,,,0
673800,'3_merged_15726440',628,,217812,21,,,0,14,,217813,21,,,0,14,,217814,21,,,0,55,,217815,21,,,0,15,,217816,21,,,0,15,,217817,21,,,0,15,,217818,21,,,0,56,,217819,21,,,0,16,,217846,21,,,0,18,,217820,21,,,0,56,,217863,21,,,0,16,,217821,21,,,0,16,,217808,21,,,0,16,,217822,21,,,0,55,,217864,21,,,0,16,,217823,21,,,0,15,,217805,21,,,0,15,,217824,21,,,0,55,,217866,21,,,0,16,,217844,21,,,0,15,,217810,21,,,0,16,,217825,21,,,0,55,,217809,21,,,0,15,,217826,21,,,0,15,,217865,21,,,0,17,,217827,21,,,0,55,,217807,21,,,0,15,,217828,21,,,0,15,,217860,21,,,0,15,,217829,21,,,0,55,,217848,21,,,0,15,,217838,21,,,0,15,,217847,21,,,0,15,,217839,21,,,0,55,,217849,21,,,0,13,,217840,21,,,0,15,,217845,21,,,0,17,,217806,21,,,0,55,,217850,21,,,0,15,,217857,21,,,0,14,,217861,21,,,0,15,,217841,21,,,0,56,,217811,21,,,0,15,,217842,21,,,0,15,,217862,21,,,0,14,,217867,21,,,0,55,,217868,21,,,0,14,,217869,21,,,0,15,,217870,21,,,0,15,,217871,21,,,0,55,,217872,21,,,0,15,,217873,21,,,0,15,,217874,21,,,0,15,,217875,21,,,0,55,,217876,21,,,0,13,,217877,21,,,0,15,,217851,21,,,0,15,,217843,21,,,0,55,,217853,21,,,0,16,,217859,21,,,0,14,,217852,21,,,0,11,,217837,21,,,0,54,,217854,21,,,0,16,,217836,21,,,0,14,,217856,21,,,0,15,,217835,21,,,0,54,,217855,21,,,0,16,,217834,21,,,0,15,,217858,21,,,0,14,,217833,21,,,0,55,,217832,21,,,0,15,,217831,21,,,0,20,,217830,21,,,0
2338400,'101_merged_15726436',804,,228307,10,0,93 110,0,8,,228308,10,0,93 110,0,799,,228306,10,,,0
2338400,'1_merged_15726439',444,,228309,10,,,0,14,,228346,10,,,0,52,,228347,10,,,0,13,,228348,10,,,0,13,,228310,10,,,0,8,,228330,10,,,0,8,,228311,10,,,0,48,,228349,10,,,0,10,,228312,10,,,0,10,,228331,10,,,0,8,,228313,10,,,0,10,,228332,10,,,0,8,,228404,10,0,93 57,0,8,,228314,10,,,0,50,,228333,10,,,0,13,,228315,10,,,0,18,,228316,10,,,0,10,,228334,10,0,93 57,0,14,,228317,10,,,0,61,,228318,10,,,0,15,,228319,10,,,0,15,,228335,10,0,93 57,0,54,,228320,10,,,0,14,,228336,10,0,93 57,0,14,,228337,10,0,93 57,0,15,,228321,10,,,0,54,,228338,10,0,93 57,0,15,,228322,10,,,0,14,,228339,10,0,93 57,0,16,,228323,10,,,0,54,,228340,10,0,93 57,0,16,,228324,10,,,0,13,,228341,10,0,93 57,0,15,,228325,10,,,0,14,,228342,10,0,93 57,0,55,,228326,10,,,0,16,,228343,10,0,93 57,0,14,,228327,10,,,0,12,,228344,10,0,93 57,0,52,,228328,10,,,0,13,,228345,10,0,93 57,0,12,,228329,10,,,0,12,,228350,10,0,93 57,0,12,,228351,10,,,0,52,,228352,10,0,93 57,0,12,,228354,10,,,0,15,,228355,10,0,93 57,0,17,,228356,10,,,0,58,,228398,10,,,0,13,,228357,10,0,93 57,0,11,,228358,10,,,0,13,,228359,10,,,0,54,,228360,10,,,0,20,,228396,10,,,0,10,,228361,10,,,0,10,,228362,10,,,0,11,,228363,10,,,0,50,,228364,10,,,0,10,,228365,10,,,0,10,,228366,10,,,0,10,,228367,10,,,0,10,,228368,10,,,0,9,,228369,10,,,0,50,,228370,10,,,0,8,,228371,10,,,0,9,,228372,10,,,0,14,,228373,10,,,0,9,,228374,10,,,0,7,,228375,10,,,0,9,,228376,10,,,0,48,,228400,10,0,93 57,0,9,,228377,10,,,0,8,,228378,10,,,0,10,,228379,10,,,0,7,,228380,10,0,93 57,0,11,,228397,10,,,0,50,,228381,10,,,0,9,,228401,10,0,93 57,0,10,,228382,10,,,0,10,,228383,10,0,93 57,0,10,,228384,10,,,0,11,,228385,10,0,93 57,0,53,,228386,10,,,0,11,,228402,10,0,93 57,0,13,,228387,10,,,0,10,,228388,10,0,93 57,0,13,,228389,10,,,0,53,,228390,10,0,93 57,0,11,,228403,10,,,0,11,,228391,10,0,93 57,0,11,,228392,10,,,0,12,,228393,10,0,93 57,0,53,,228394,10,,,0,27,,228395,10,,,0
2338400,'201_merged_15726444',804,,228405,10,0,93 57,0,8,,228406,10,0,93 57,0,799,,228407,10,,,0
2338400,'2_merged_15726441',635,,228411,10,,,0,14,,228412,10,0,93 57,0,56,,228413,10,,,0,14,,228414,10,0,93 57,0,16,,228415,10,,,0,14,,228416,10,0,93 57,0,55,,228417,10,,,0,11,,228418,10,0,93 57,0,13,,228419,10,,,0,13,,228420,10,0,93 57,0,12,,228493,10,,,0,52,,228494,10,0,93 57,0,13,,228421,10,,,0,11,,228422,10,0,93 57,0,14,,228423,10,,,0,12,,228424,10,0,93 57,0,52,,228425,10,,,0,13,,228426,10,0,93 57,0,13,,228427,10,,,0,13,,228428,10,0,93 57,0,13,,228429,10,,,0,51,,228430,10,0,93 57,0,15,,228431,10,,,0,11,,228432,10,0,93 57,0,13,,228433,10,,,0,51,,228434,10,0,93 57,0,13,,228435,10,,,0,11,,228436,10,0,93 57,0,13,,228437,10,,,0,12,,228438,10,0,93 57,0,53,,228439,10,,,0,11,,228440,10,0,93 57,0,11,,228441,10,,,0,10,,228442,10,0,93 57,0,10,,228475,10,,,0,11,,228484,10,0,93 57,0,51,,228476,10,,,0,9,,228485,10,0,93 57,0,11,,228477,10,,,0,9,,228486,10,0,93 57,0,11,,228478,10,,,0,9,,228487,10,0,93 57,0,51,,228479,10,,,0,9,,228488,10,0,93 57,0,11,,228480,10,,,0,9,,228489,10,0,93 57,0,11,,228481,10,,,0,9,,228490,10,0,93 57,0,51,,228482,10,,,0,9,,228491,10,0,93 57,0,9,,228483,10,,,0,10,,228492,10,0,93 57,0,10,,228458,10,,,0,10,,228467,10,0,93 57,0,50,,228459,10,,,0,10,,228468,10,0,93 57,0,9,,228460,10,,,0,8,,228469,10,0,93 57,0,10,,228461,10,,,0,9,,228470,10,0,93 57,0,51,,228462,10,,,0,9,,228471,10,0,93 57,0,9,,228463,10,,,0,9,,228472,10,0,93 57,0,11,,228464,10,,,0,9,,228473,10,0,93 57,0,10,,228465,10,,,0,50,,228474,10,0,93 57,0,9,,228466,10,,,0,14,,228443,10,0,93 57,0,15,,228444,10,,,0,55,,228445,10,0,93 57,0,15,,228446,10,,,0,16,,228447,10,0,93 57,0,16,,228448,10,,,0,55,,228449,10,0,93 57,0,16,,228450,10,,,0,15,,228451,10,0,93 57,0,16,,228452,10,,,0,56,,228453,10,0,93 57,0,20,,228454,10,,,0,19,,228455,10,0,93 57,0,60,,228456,10,,,0,20,,228457,10,0,93 57,0
2338400,'3_merged_15726440',631,,228543,10,0,93 57,0,15,,228507,10,,,0,55,,228542,10,0,93 57,0,15,,228506,10,,,0,15,,228541,10,0,93 57,0,15,,228547,10,,,0,55,,228540,10,0,93 57,0,15,,228505,10,,,0,15,,228539,10,0,93 57,0,16,,228504,10,,,0,55,,228538,10,,,0,15,,228561,10,,,0,15,,228537,10,0,93 57,0,16,,228503,10,,,0,53,,228536,10,0,93 57,0,18,,228560,10,,,0,14,,228535,10,0,93 57,0,17,,228552,10,,,0,54,,228534,10,0,93 57,0,16,,228559,10,,,0,14,,228533,10,0,93 57,0,16,,228502,10,,,0,55,,228532,10,0,93 57,0,16,,228558,10,,,0,15,,228531,10,0,93 57,0,16,,228501,10,,,0,54,,228530,10,0,93 57,0,17,,228557,10,,,0,15,,228529,10,0,93 57,0,15,,228500,10,,,0,55,,228528,10,0,93 57,0,15,,228556,10,,,0,15,,228527,10,0,93 57,0,17,,228499,10,,,0,56,,228526,10,0,93 57,0,15,,228498,10,,,0,14,,228525,10,0,93 57,0,15,,228497,10,,,0,55,,228524,10,0,93 57,0,15,,228496,10,,,0,14,,228523,10,0,93 57,0,15,,228495,10,,,0,55,,228522,10,0,93 57,0,16,,228563,10,,,0,14,,228521,10,0,93 57,0,15,,228554,10,,,0,55,,228520,10,0,93 57,0,15,,228562,10,,,0,14,,228519,10,0,93 57,0,16,,228549,10,,,0,54,,228518,10,0,93 57,0,15,,228555,10,,,0,14,,228517,10,0,93 57,0,16,,228544,10,,,0,54,,228516,10,0,93 57,0,16,,228553,10,,,0,14,,228515,10,0,93 57,0,15,,228548,10,,,0,54,,228514,10,0,93 57,0,15,,228546,10,,,0,14,,228513,10,0,93 57,0,14,,228551,10,,,0,55,,228512,10,0,93 57,0,20,,228550,10,,,0,20,,228511,10,0,93 57,0,60,,228510,10,0,93 57,0,23,,228545,10,,,0
3182001,'1_merged_15726439',637,,233647,21,,,0,68,,233646,21,,,0,30,,233645,21,,,0,70,,233644,21,,,0,30,,233643,21,,,0,70,,233642,21,,,0,30,,233641,21,,,0,70,,233640,21,,,0,30,,233639,21,,,0,70,,233638,21,,,0,30,,233637,21,,,0,70,,233636,21,,,0,30,,233635,21,,,0,70,,233634,21,,,0,30,,233633,21,,,0,70,,233632,21,,,0,30,,233631,21,,,0,70,,233630,21,,,0,30,,233629,21,,,0,70,,233628,21,,,0,30,,233627,21,,,0,70,,233626,21,,,0,30,,233625,21,,,0,70,,233624,21,,,0,30,,233623,21,,,0,70,,233622,21,,,0,30,,233621,21,,,0,70,,233620,21,,,0,30,,233619,21,,,0,70,,233618,21,,,0,30,,233617,21,,,0,80,,233616,21,,,0
3182001,'2_merged_15726441',735,,233648,21,,,0,70,,233649,21,,,0,30,,233650,21,,,0,70,,233651,21,,,0,30,,233652,21,,,0,70,,233653,21,,,0,30,,233654,21,,,0,70,,233655,21,,,0,30,,233656,21,,,0,70,,233657,21,,,0,30,,233658,21,,,0,70,,233659,21,,,0,30,,233660,21,,,0,70,,233661,21,,,0,30,,233662,21,,,0,70,,233663,21,,,0,30,,233664,21,,,0,70,,233665,21,,,0,30,,233666,21,,,0,70,,233667,21,,,0,30,,233668,21,,,0,70,,233669,21,,,0,30,,233670,21,,,0,70,,233671,21,,,0,30,,233672,21,,,0,70,,233673,21,,,0,30,,233674,21,,,0,70,,233675,21,,,0
3182001,'3_merged_15726440',835,,233676,21,,,0,70,,233677,21,,,0,30,,233678,21,,,0,70,,233679,21,,,0,30,,233680,21,,,0,70,,233681,21,,,0,30,,233682,21,,,0,70,,233683,21,,,0,30,,233684,21,,,0,70,,233685,21,,,0,30,,233686,21,,,0,70,,233687,21,,,0,30,,233688,21,,,0,70,,233689,21,,,0,30,,233690,21,,,0,70,,233691,21,,,0,30,,233692,21,,,0,70,,233693,21,,,0,30,,233694,21,,,0,70,,233695,21,,,0,30,,233696,21,,,0,70,,233697,21,,,0,30,,233698,21,,,0,70,,233699,21,,,0,30,,233700,21,,,0,70,,233701,21,,,0
