661401,'1_merged_15727750',549,,186389,17,0,16 17,0,60,,186403,17,0,16 17,0,18,,186404,17,,,0,20,,186448,17,,,0,58,,186437,17,,,0,15,,186435,17,,,0,15,,186436,17,,,0,15,,186444,17,,,0,55,,186440,17,,,0,15,,186407,17,,,0,13,,186402,17,,,0,15,,186412,17,,,0,56,,186408,17,,,0,15,,186409,17,,,0,15,,186410,17,,,0,17,,186411,17,,,0,55,,186418,17,,,0,15,,186419,17,,,0,15,,186420,17,,,0,15,,186421,17,,,0,55,,186405,17,,,0,15,,186388,17,,,0,15,,186414,17,,,0,15,,186439,17,,,0,55,,186392,17,,,0,15,,186432,17,,,0,15,,186433,17,,,0,13,,186390,17,,,0,55,,186441,17,,,0,15,,186427,17,,,0,15,,186434,17,,,0,15,,186443,17,,,0,55,,186423,17,,,0,15,,186406,17,,,0,15,,186445,17,,,0,13,,186446,17,,,0,12,,186449,17,,,0,51,,186399,17,,,0,12,,186400,17,,,0,12,,186393,17,,,0,13,,186430,17,,,0,11,,186431,17,,,0,52,,186424,17,,,0,11,,186422,17,,,0,12,,186425,17,,,0,12,,186438,17,,,0,12,,186415,17,,,0,51,,186416,17,,,0,12,,186442,17,,,0,12,,186396,17,,,0,12,,186426,17,,,0,12,,186401,17,,,0,52,,186397,17,,,0,12,,186394,17,,,0,12,,186398,17,,,0,13,,186395,17,,,0,57,,186391,17,,,0,17,,186417,17,,,0,22,,186429,17,,,0,60,,186428,17,,,0,20,,186413,17,,,0,20,,186447,17,,,0
661401,'2_merged_15727752',633,,186489,17,0,16 17,0,20,,186510,17,0,16 17,0,60,,186473,17,0,16 17,0,20,,186456,17,0,16 17,0,18,,186450,17,0,16 17,0,60,,186455,17,,,0,19,,186453,17,,,0,18,,186501,17,,,0,55,,186475,17,,,0,15,,186481,17,,,0,15,,186498,17,,,0,15,,186500,17,,,0,55,,186462,17,,,0,14,,186458,17,,,0,15,,186490,17,,,0,15,,186503,17,,,0,55,,186499,17,,,0,14,,186461,17,,,0,14,,186468,17,,,0,13,,186469,17,,,0,14,,186470,17,,,0,52,,186471,17,,,0,12,,186451,17,,,0,12,,186482,17,,,0,12,,186488,17,,,0,13,,186513,17,,,0,53,,186479,17,,,0,12,,186480,17,,,0,13,,186515,17,,,0,12,,186497,17,,,0,52,,186514,17,,,0,12,,186452,17,,,0,11,,186457,17,,,0,12,,186516,17,,,0,11,,186484,17,,,0,12,,186486,17,,,0,52,,186472,17,,,0,12,,186493,17,,,0,12,,186517,17,,,0,12,,186460,17,,,0,12,,186509,17,,,0,51,,186492,17,,,0,12,,186476,17,,,0,11,,186518,17,,,0,12,,186477,17,,,0,12,,186454,17,,,0,52,,186459,17,,,0,12,,186464,17,,,0,16,,186504,17,,,0,15,,186505,17,,,0,55,,186519,17,,,0,15,,186506,17,,,0,15,,186507,17,,,0,19,,186508,17,,,0,61,,186495,17,,,0,21,,186502,17,,,0,21,,186463,17,,,0,61,,186474,17,,,0
661401,'3_merged_15727751',640,,186520,17,0,16 17,0,80,,186521,17,0,16 17,0,30,,186522,17,0,16 17,0,67,,186523,17,0,16 17,0,27,,186524,17,,,0,65,,186525,17,,,0,20,,186526,17,,,0,20,,186527,17,,,0,60,,186528,17,,,0,18,,186529,17,,,0,17,,186530,17,,,0,56,,186531,17,,,0,17,,186532,17,,,0,17,,186533,17,,,0,16,,186534,17,,,0,56,,186535,17,,,0,16,,186536,17,,,0,15,,186537,17,,,0,15,,186538,17,,,0,55,,186539,17,,,0,15,,186540,17,,,0,14,,186541,17,,,0,13,,186542,17,,,0,52,,186543,17,,,0,12,,186544,17,,,0,12,,186545,17,,,0,12,,186546,17,,,0,12,,186547,17,,,0,52,,186548,17,,,0,12,,186549,17,,,0,12,,186550,17,,,0,11,,186551,17,,,0,12,,186552,17,,,0,53,,186553,17,,,0,14,,186554,17,,,0,14,,186555,17,,,0,14,,186556,17,,,0,16,,186557,17,,,0,55,,186558,17,,,0,15,,186559,17,,,0,15,,186560,17,,,0,15,,186561,17,,,0,55,,186562,17,,,0,15,,186563,17,,,0,15,,186564,17,,,0,57,,186565,17,,,0,18,,186566,17,,,0,20,,186567,17,,,0,20,,186568,17,,,0,60,,186569,17,,,0
661701,'152201_merged_15727756',2054,,188109,25,,,0,60,,188110,25,,,0,20,,188108,25,,,0,18,,188111,25,,,0,59,,188112,25,,,0,20,,188113,25,,,0,20,,188114,25,,,0
661701,'152301_merged_15727764',2054,,188121,25,,,0,60,,188122,25,,,0,20,,188123,25,,,0,18,,188124,25,,,0,59,,188125,25,,,0,20,,188126,25,,,0,20,,188127,25,,,0
661701,'1_merged_15727750',614,,188134,25,,,0,20,,188135,25,,,0,21,,188136,25,,,0,55,,188137,25,,,0,13,,188138,25,,,0,13,,188139,25,,,0,13,,188140,25,,,0,53,,188141,25,,,0,13,,188142,25,,,0,12,,188143,25,,,0,13,,188144,25,,,0,13,,188145,25,,,0,53,,188146,25,,,0,12,,188147,25,,,0,12,,188148,25,,,0,13,,188149,25,,,0,14,,188150,25,,,0,55,,188151,25,,,0,15,,188152,25,,,0,14,,188153,25,,,0,15,,188154,25,,,0,54,,188155,25,,,0,15,,188156,25,,,0,15,,188157,25,,,0,15,,188158,25,,,0,56,,188159,25,,,0,15,,188160,25,,,0,14,,188161,25,,,0,15,,188162,25,,,0,55,,188163,25,,,0,16,,188164,25,,,0,16,,188165,25,,,0,15,,188166,25,,,0,55,,188167,25,,,0,15,,188168,25,,,0,14,,188169,25,,,0,15,,188170,25,,,0,55,,188171,25,,,0,13,,188172,25,,,0,13,,188173,25,,,0,14,,188174,25,,,0,53,,188175,25,,,0,12,,188176,25,,,0,13,,188177,25,,,0,12,,188178,25,,,0,13,,188179,25,,,0,54,,188180,25,,,0,13,,188181,25,,,0,13,,188182,25,,,0,12,,188183,25,,,0,12,,188184,25,,,0,52,,188185,25,,,0,12,,188186,25,,,0,12,,188187,25,,,0,17,,188188,25,,,0,61,,188189,25,,,0,21,,188190,25,,,0,21,,188191,25,,,0,60,,188192,25,,,0,18,,188193,25,,,0
661701,'2_merged_15727752',621,,188198,25,,,0,21,,188199,25,,,0,60,,188200,25,,,0,20,,188201,25,,,0,20,,188202,25,,,0,15,,188203,25,,,0,53,,188204,25,,,0,15,,188205,25,,,0,15,,188206,25,,,0,15,,188207,25,,,0,55,,188208,25,,,0,15,,188209,25,,,0,15,,188210,25,,,0,15,,188211,25,,,0,55,,188212,25,,,0,15,,188213,25,,,0,15,,188214,25,,,0,13,,188215,25,,,0,55,,188216,25,,,0,15,,188217,25,,,0,15,,188218,25,,,0,15,,188219,25,,,0,55,,188220,25,,,0,15,,188221,25,,,0,15,,188222,25,,,0,15,,188223,25,,,0,56,,188224,25,,,0,16,,188225,25,,,0,16,,188226,25,,,0,15,,188227,25,,,0,56,,188228,25,,,0,15,,188229,25,,,0,12,,188230,25,,,0,11,,188231,25,,,0,52,,188232,25,,,0,11,,188233,25,,,0,12,,188234,25,,,0,12,,188235,25,,,0,12,,188236,25,,,0,52,,188237,25,,,0,12,,188238,25,,,0,12,,188239,25,,,0,12,,188240,25,,,0,11,,188241,25,,,0,52,,188242,25,,,0,12,,188243,25,,,0,12,,188244,25,,,0,12,,188245,25,,,0,12,,188246,25,,,0,55,,188247,25,,,0,15,,188248,25,,,0,15,,188249,25,,,0,15,,188250,25,,,0,60,,188251,25,,,0,20,,188252,25,,,0,21,,188253,25,,,0,60,,188254,25,,,0,20,,188255,25,,,0,21,,188256,25,,,0,61,,188257,25,,,0,20,,188258,25,,,0,19,,188259,25,,,0,59,,188260,25,,,0,20,,188261,25,,,0,22,,188262,25,,,0
661701,'3_merged_15727751',631,,188271,25,,,0,74,,188272,25,,,0,30,,188273,25,,,0,73,,188274,25,,,0,29,,188275,25,,,0,22,,188276,25,,,0,60,,188277,25,,,0,20,,188278,25,,,0,20,,188279,25,,,0,60,,188280,25,,,0,20,,188281,25,,,0,16,,188282,25,,,0,55,,188283,25,,,0,15,,188284,25,,,0,15,,188285,25,,,0,15,,188286,25,,,0,55,,188287,25,,,0,15,,188288,25,,,0,15,,188289,25,,,0,15,,188290,25,,,0,55,,188291,25,,,0,15,,188292,25,,,0,15,,188293,25,,,0,15,,188294,25,,,0,55,,188295,25,,,0,15,,188296,25,,,0,15,,188297,25,,,0,15,,188298,25,,,0,55,,188299,25,,,0,15,,188300,25,,,0,14,,188301,25,,,0,15,,188302,25,,,0,55,,188303,25,,,0,15,,188304,25,,,0,15,,188305,25,,,0,15,,188306,25,,,0,55,,188307,25,,,0,15,,188308,25,,,0,15,,188309,25,,,0,16,,188310,25,,,0,55,,188311,25,,,0,18,,188312,25,,,0,20,,188313,25,,,0,60,,188314,25,,,0,21,,188315,25,,,0,20,,188316,25,,,0,60,,188317,25,,,0,20,,188318,25,,,0,20,,188319,25,,,0,60,,188320,25,,,0,20,,188321,25,,,0,22,,188322,25,,,0,60,,188323,25,,,0,20,,188324,25,,,0,19,,188325,25,,,0
667201,'101_merged_15727747',1630,,205279,29,,,0
667201,'1_merged_15727750',600,,205298,29,,,0,31,,205299,29,,,0,21,,205300,29,,,0,52,,205301,29,,,0,16,,205280,29,,,0,10,,205294,29,,,0,13,,205295,29,,,0,10,,205296,29,,,0,53,,205297,29,,,0,13,,205321,29,,,0,14,,205302,29,,,0,18,,205303,29,,,0,52,,205304,29,,,0,16,,205305,29,,,0,10,,205306,29,,,0,11,,205307,29,,,0,14,,205308,29,,,0,60,,205309,29,,,0,25,,205310,29,,,0,70,,205311,29,,,0,30,,205312,29,,,0,70,,205313,29,,,0,29,,205314,29,,,0,68,,205320,29,,,0,26,,205315,29,,,0,78,,205316,29,,,0,28,,205317,29,,,0,69,,205318,29,,,0,33,,205319,29,,,0,71,,205281,29,,,0,9,,205282,29,,,0,31,,205283,29,,,0,52,,205284,29,,,0,27,,205322,29,,,0,7,,205285,29,,,0,21,,205286,29,,,0,61,,205287,29,,,0,6,,205288,29,,,0,16,,205289,29,,,0,14,,205290,29,,,0,58,,205291,29,,,0,34,,205293,29,,,0
667201,'201_merged_15727755',1630,,205323,29,,,0
667201,'2_merged_15727752',636,,205324,6,,,0,70,,205325,29,,,0,30,,205326,29,,,0,70,,205327,29,,,0,32,,205328,29,,,0,70,,205329,29,,,0,29,,205330,29,,,0,70,,205331,29,,,0,30,,205332,29,,,0,70,,205333,29,,,0,29,,205334,29,,,0,68,,205335,29,,,0,36,,205336,29,,,0,72,,205337,29,,,0,29,,205338,29,,,0,69,,205339,29,,,0,21,,205340,29,,,0,13,,205341,29,,,0,63,,205342,29,,,0,16,,205343,29,,,0,27,,205344,29,,,0,64,,205345,29,,,0,22,,205346,29,,,0,14,,205347,29,,,0,64,,205348,29,,,0,19,,205349,29,,,0,24,,205350,29,,,0,63,,205351,29,,,0,19,,205352,29,,,0,16,,205353,29,,,0,59,,205354,29,,,0,18,,205355,29,,,0,19,,205356,29,,,0
667201,'3_merged_15727751',705,,205357,6,,,0,30,,205358,29,,,0,70,,205359,29,,,0,31,,205360,29,,,0,70,,205361,29,,,0,30,,205362,29,,,0,71,,205363,29,,,0,30,,205364,29,,,0,69,,205365,29,,,0,31,,205366,29,,,0,68,,205367,29,,,0,32,,205368,29,,,0,71,,205369,29,,,0,30,,205370,29,,,0,70,,205371,29,,,0,31,,205372,29,,,0,69,,205373,29,,,0,32,,205374,29,,,0,70,,205375,29,,,0,30,,205376,29,,,0,69,,205377,29,,,0,31,,205382,29,,,0,69,,205378,29,,,0,30,,205379,29,,,0,69,,205380,29,,,0,29,,205381,29,,,0
667301,'1_merged_15727750',707,,205534,34,,,0,10,,205535,34,,,0,10,,205536,34,,,0,14,,205537,34,,,0,14,,205538,34,,,0,61,,205539,34,,,0,21,,205540,34,,,0,20,,205501,34,,,0,65,,205543,34,,,0,37,,205545,34,,,0,50,,205503,34,,,0,26,,205522,34,,,0,23,,205523,34,,,0,67,,205524,34,,,0,30,,205525,34,,,0,72,,205526,34,,,0,30,,205527,34,,,0,65,,205528,34,,,0,33,,205529,34,,,0,71,,205530,34,,,0,29,,205531,34,,,0,66,,205546,34,,,0,80,,205513,34,,,0,26,,205514,34,,,0,28,,205515,34,,,0,72,,205516,34,,,0,77,,205517,34,,,0,4,,205518,34,,,0,28,,205519,34,,,0
667301,'2_merged_15727752',945,,205551,34,,,0,73,,205552,34,,,0,37,,205553,34,,,0,62,,205554,34,,,0,30,,205555,34,,,0,70,,205556,34,,,0,41,,205557,34,,,0,64,,205558,34,,,0,29,,205559,34,,,0,73,,205560,34,,,0,31,,205561,34,,,0,71,,205562,34,,,0,33,,205563,34,,,0,74,,205564,34,,,0,71,,205565,34,,,0,35,,205566,34,,,0,65,,205567,34,,,0
667301,'3_merged_15727751',950,,205583,34,,,0,75,,205584,34,,,0,32,,205585,34,,,0,71,,205586,34,,,0,24,,205587,34,,,0,75,,205588,34,,,0,28,,205589,34,,,0,70,,205590,34,,,0,32,,205591,34,,,0,72,,205592,34,,,0,30,,205593,34,,,0,70,,205594,34,,,0,71,,205595,34,,,0,31,,205596,34,,,0,71,,205597,34,,,0,29,,205598,34,,,0
667501,'1_merged_15727750',731,,205918,19,,,0,24,,205913,19,,,0,70,,205930,19,,,0,24,,205931,19,,,0,68,,205915,19,,,0
1671701,'1_merged_15727750',2012,,226184,41,,,0,29,,226185,41,,,0,66,,226186,41,,,0,30,,226187,41,,,0,70,,226188,41,,,0,30,,226189,41,,,0
1671701,'2_merged_15727752',2009,,226198,41,,,0,24,,226199,41,,,0,68,,226200,41,,,0,30,,226211,41,,,0,71,,226201,41,,,0,31,,226202,41,,,0
1671701,'3_merged_15727751',2007,,226212,41,,,0,30,,226213,41,,,0,70,,226214,41,,,0,29,,226225,41,,,0,70,,226215,41,,,0,28,,226216,41,,,0
