666600,'101_merged_15727747',749,,204310,5,,,0,5,,204308,5,,,0,869,,204309,5,,,0
666600,'1_merged_15727750',555,,204348,5,,,0,68,,204331,5,,,0,26,,204347,5,,,0,63,,204346,5,,,0,29,,204345,5,,,0,83,,204344,5,,,0,30,,204343,5,,,0,70,,204342,5,,,0,30,,204341,5,,,0,70,,204327,5,,,0,30,,204326,5,,,0,70,,204325,5,,,0,30,,204340,5,,,0,70,,204324,5,,,0,30,,204339,5,,,0,70,,204338,5,,,0,30,,204337,5,,,0,70,,204336,5,,,0,35,,204323,5,,,0,70,,204322,5,,,0,20,,204352,5,,,0,55,,204313,5,,,0,33,,204351,5,,,0,17,,204335,5,,,0,56,,204312,5,,,0,17,,204334,5,,,0,13,,204333,5,,,0,15,,204332,5,,,0,54,,204311,5,,,0,15,,204330,5,,,0,20,,204321,5,,,0,70,,204329,5,,,0,29,,204328,5,,,0,70,,204314,5,,,0,30,,204315,5,,,0,70,,204353,5,,,0,30,,204316,5,,,0,80,,204317,5,,,0,88,,204318,5,,,0,44,,204319,5,,,0,90,,204320,5,,,0,83,,204350,5,,,0
666600,'201_merged_15727755',749,,204356,5,,,0,5,,204354,5,,,0,869,,204355,5,,,0
666600,'2_merged_15727752',653,,204357,5,,,0,70,,204358,5,,,0,30,,204359,5,,,0,70,,204360,5,,,0,31,,204361,5,,,0,70,,204362,5,,,0,30,,204363,5,,,0,70,,204364,5,,,0,30,,204365,5,,,0,70,,204366,5,,,0,30,,204367,5,,,0,70,,204368,5,,,0,30,,204369,5,,,0,70,,204370,5,,,0,30,,204371,5,,,0,70,,204372,5,,,0,30,,204373,5,,,0,70,,204374,5,,,0,30,,204375,5,,,0,70,,204376,5,,,0,30,,204377,5,,,0,70,,204378,5,,,0,30,,204379,5,,,0,70,,204380,5,,,0,29,,204381,5,,,0,70,,204382,5,,,0,30,,204390,5,,,0,70,,204383,5,,,0,30,,204391,5,,,0,70,,204384,5,,,0,100,,204385,5,,,0,100,,204386,5,,,0,100,,204387,5,,,0,100,,204388,5,,,0,34,,204389,5,,,0
666600,'3_merged_15727751',708,,204408,5,,,0,95,,204409,5,,,0,100,,204392,5,,,0,30,,204417,5,,,0,70,,204393,5,,,0,30,,204418,5,,,0,70,,204394,5,,,0,30,,204410,5,,,0,70,,204395,5,,,0,31,,204411,5,,,0,70,,204396,5,,,0,30,,204412,5,,,0,70,,204397,5,,,0,30,,204413,5,,,0,70,,204398,5,,,0,30,,204414,5,,,0,70,,204399,5,,,0,30,,204415,5,,,0,69,,204400,5,,,0,30,,204416,5,,,0,70,,204401,5,,,0,30,,204419,5,,,0,70,,204402,5,,,0,30,,204420,5,,,0,70,,204403,5,,,0,30,,204421,5,,,0,70,,204404,5,,,0,100,,204405,5,,,0,100,,204406,5,,,0,110,,204407,5,,,0
666800,'1_merged_15727750',548,,204934,5,,,0,71,,204966,5,,,0,30,,204935,5,,,0,71,,204967,5,,,0,31,,204936,5,,,0,73,,204968,5,,,0,30,,204937,5,,,0,70,,204969,5,,,0,26,,204938,5,,,0,70,,204970,5,,,0,29,,204939,5,,,0,70,,204971,5,,,0,30,,204940,5,,,0,70,,204972,5,,,0,31,,204941,5,,,0,70,,204944,5,,,0,31,,204942,5,,,0,70,,204945,5,,,0,30,,204943,5,,,0,70,,204946,5,,,0,79,,204955,5,,,0,25,,204947,5,,,0,26,,204956,5,,,0,70,,204948,5,,,0,24,,204957,5,,,0,74,,204949,5,,,0,20,,204958,5,,,0,65,,204950,5,,,0,30,,204959,5,,,0,70,,204951,5,,,0,30,,204960,5,,,0,69,,204952,5,,,0,30,,204961,5,,,0,70,,204953,5,,,0,30,,204962,5,,,0,70,,204954,5,,,0,100,,204963,5,,,0,100,,204964,5,,,0,100,,204965,5,,,0
666800,'2_merged_15727752',553,,204973,5,,,0,75,,204974,5,,,0,25,,204975,5,,,0,70,,204976,5,,,0,30,,204977,5,,,0,71,,204978,5,,,0,30,,204979,5,,,0,70,,204980,5,,,0,30,,204981,5,,,0,70,,204982,5,,,0,30,,204983,5,,,0,70,,204984,5,,,0,30,,204985,5,,,0,71,,204986,5,,,0,30,,204987,5,,,0,70,,204988,5,,,0,30,,204989,5,,,0,70,,204990,5,,,0,30,,204991,5,,,0,70,,204992,5,,,0,30,,204993,5,,,0,70,,204994,5,,,0,30,,204995,5,,,0,70,,204996,5,,,0,29,,204997,5,,,0,70,,204998,5,,,0,30,,204999,5,,,0,70,,205000,5,,,0,30,,205001,5,,,0,70,,205002,5,,,0,30,,205003,5,,,0,70,,205004,5,,,0,30,,205005,5,,,0,75,,205006,5,,,0,74,,205007,5,,,0,30,,205008,5,,,0,70,,205009,5,,,0,30,,205010,5,,,0,70,,205011,5,,,0,30,,205012,5,,,0,70,,205013,5,,,0
666800,'3_merged_15727751',558,,205015,5,,,0,70,,205016,5,,,0,30,,205049,5,,,0,70,,205050,5,,,0,30,,205017,5,,,0,71,,205018,5,,,0,30,,205019,5,,,0,70,,205020,5,,,0,30,,205021,5,,,0,70,,205022,5,,,0,30,,205023,5,,,0,70,,205024,5,,,0,30,,205025,5,,,0,71,,205026,5,,,0,70,,205027,5,,,0,30,,205028,5,,,0,70,,205029,5,,,0,30,,205030,5,,,0,70,,205031,5,,,0,30,,205032,5,,,0,70,,205033,5,,,0,30,,205034,5,,,0,29,,205035,5,,,0,70,,205036,5,,,0,30,,205037,5,,,0,70,,205038,5,,,0,30,,205039,5,,,0,69,,205040,5,,,0,30,,205041,5,,,0,70,,205042,5,,,0,30,,205043,5,,,0,71,,205044,5,,,0,25,,205045,5,,,0,75,,205046,5,,,0,29,,205047,5,,,0,67,,205048,5,,,0,33,,205014,5,,,0
722400,'101_merged_15727747',713,,224177,5,0,67,0
722400,'1_merged_15727750',520,,224208,5,,,0,10,,224220,5,0,67,0,10,,224206,5,,,0,12,,224216,5,0,67,0,51,,224183,5,,,0,7,,224181,5,,,0,13,,224217,5,0,67,0,10,,224209,5,,,0,7,,224213,5,,,0,13,,224218,5,0,67,0,50,,224207,5,,,0,20,,224204,5,,,0,11,,224210,5,,,0,66,,224203,5,,,0,18,,224202,5,,,0,23,,224214,5,,,0,17,,224199,5,,,0,79,,224198,5,,,0,21,,224196,5,,,0,70,,224195,5,,,0,30,,224194,5,,,0,70,,224193,5,,,0,30,,224192,5,,,0,70,,224191,5,,,0,30,,224197,5,,,0,70,,224190,5,,,0,31,,224205,5,,,0,70,,224201,5,,,0,30,,224211,5,,,0,60,,224200,5,,,0,20,,224189,5,,,0,66,,224212,5,,,0,17,,224188,5,,,0,20,,224180,5,,,0,17,,224178,5,,,0,56,,224215,5,,,0,16,,224187,5,,,0,22,,224186,5,,,0,75,,224185,5,,,0,20,,224184,5,,,0,59,,224179,5,,,0,26,,224182,5,,,0,72,,224219,5,,,0
722400,'201_merged_15727755',713,,224221,5,0,67,0
