670500,'1_merged_15727750',415,,211460,10,0,79 80 8,0,19,,211469,10,0,79 80 8,0,15,,211484,10,0,79 80 8,0,10,,211468,10,0,79 80 8,0,47,,211485,7,0,74 43 8,0,13,,211486,10,0,74 43 8,0,10,,211568,10,0,74 43 8,0,10,,211527,10,0,74 43 8,0,9,,211483,10,0,74 43 8,0,7,,211528,10,0,74 43 8,0,49,,211536,10,0,74 43 8,0,7,,211467,10,0,74 43 8,0,5,,211569,10,0,74 43 8,0,6,,211516,10,0,74 43 8,0,7,,211523,10,0,74 43 8,0,8,,211475,10,0,74 43 8,0,8,,211472,10,0,74 43 8,0,8,,211529,10,0,74 43 8,0,48,,211537,10,0,74 43 8,0,7,,211488,10,0,74 43 8,0,8,,211466,10,0,74 43 8,0,7,,211567,10,0,74 43 8,0,6,,211570,10,0,74 43 8,0,7,,211461,10,0,74 43 8,0,7,,211530,10,0,74 43 8,0,8,,211481,10,0,74 43 8,0,8,,211489,10,0,74 43 8,0,48,,211480,10,0,79 80 8,0,7,,211474,10,0,79 80 8,0,8,,211571,10,0,79 80 8,0,8,,211531,10,0,79 80 8,0,8,,211490,10,0,79 80 8,0,8,,211524,10,0,79 80 8,0,12,,211491,10,0,79 80 8,0,50,,211492,10,0,79 80 8,0,10,,211493,10,0,79 80 8,0,10,,211539,10,0,79 80 8,0,10,,211540,10,0,79 80 8,0,10,,211541,10,0,79 80 8,0,10,,211542,10,0,79 80 8,0,50,,211543,10,0,79 80 8,0,10,,211544,10,0,79 80 8,0,10,,211545,10,0,79 80 8,0,10,,211546,10,0,79 80 8,0,10,,211547,10,0,79 80 8,0,10,,211548,10,0,79 80 8,0,50,,211549,10,0,79 80 8,0,10,,211550,10,0,79 80 8,0,9,,211551,10,0,79 80 8,0,10,,211552,10,0,79 80 8,0,10,,211553,10,0,79 80 8,0,9,,211554,10,0,79 80 8,0,51,,211555,10,0,79 80 8,0,11,,211556,10,0,79 80 8,0,10,,211557,10,0,79 80 8,0,10,,211558,10,0,79 80 8,0,10,,211559,10,0,79 80 8,0,10,,211560,10,0,79 80 8,0,50,,211561,10,0,79 80 8,0,10,,211562,10,0,79 80 8,0,10,,211563,10,0,79 80 8,0,10,,211564,10,0,79 80 8,0,10,,211565,10,0,79 80 8,0,8,,211566,10,0,79 80 8,0,53,,211494,10,0,74 43 8,0,10,,211495,10,0,74 43 8,0,5,,211525,10,0,74 43 8,0,10,,211534,10,0,74 43 8,0,8,,211517,10,0,74 43 8,0,10,,211496,10,0,74 43 8,0,51,,211497,10,0,74 43 8,0,10,,211498,10,0,74 43 8,0,10,,211535,10,0,74 43 8,0,10,,211499,10,0,74 43 8,0,10,,211518,10,0,74 43 8,0,11,,211500,10,0,74 43 8,0,50,,211501,10,0,74 43 8,0,10,,211502,10,0,74 43 8,0,10,,211503,10,0,74 43 8,0,10,,211532,10,0,74 43 8,0,10,,211519,10,0,74 43 8,0,10,,211504,10,0,74 43 8,0,50,,211505,10,0,74 43 8,0,10,,211506,10,0,74 43 8,0,12,,211533,10,0,74 43 8,0,10,,211507,10,0,74 43 8,0,10,,211520,10,0,74 43 8,0,13,,211508,10,0,74 43 8,0,52,,211509,10,0,74 43 8,0,12,,211510,10,0,79 80 8,0,12,,211511,10,0,79 80 8,0,12,,211512,10,0,79 80 8,0,55,,211513,10,0,79 80 8,0,15,,211476,10,0,79 80 8,0,15,,211458,10,0,79 80 8,0,14,,211463,10,0,79 80 8,0,54,,211459,10,0,79 80 8,0,14,,211482,10,0,79 80 8,0,19,,211470,10,0,79 80 8,0,17,,211521,10,0,79 80 8,0,60,,211464,10,0,79 80 8,0,21,,211479,10,0,79 80 8,0,16,,211487,10,0,79 80 8,0,56,,211522,10,0,79 80 8,0,16,,211462,10,0,79 80 8,0,23,,211514,10,0,79 80 8,0,61,,211471,10,0,79 80 8,0,21,,211515,10,0,79 80 8,0,31,,211473,10,0,79 80 8,0,72,,211478,10,0,79 80 8,0,84,,211465,10,0,79 80 8,0,34,,211477,10,0,79 80 8,0
670500,'2_merged_15727752',521,,211676,10,0,79 80 8,0,5,,211581,10,0,79 80 8,0,9,,211601,10,0,79 80 8,0,10,,211618,10,0,79 80 8,0,9,,211588,10,0,79 80 8,0,48,,211580,10,0,79 80 8,0,9,,211625,10,0,79 80 8,0,9,,211677,10,0,79 80 8,0,8,,211572,10,0,79 80 8,0,10,,211587,10,0,79 80 8,0,6,,211633,10,0,79 80 8,0,8,,211623,10,0,79 80 8,0,48,,211678,10,0,79 80 8,0,7,,211626,10,0,79 80 8,0,8,,211615,10,0,79 80 8,0,11,,211586,10,0,79 80 8,0,9,,211634,10,0,79 80 8,0,11,,211614,10,0,79 80 8,0,9,,211579,10,0,79 80 8,0,50,,211627,10,0,79 80 8,0,11,,211613,10,0,79 80 8,0,12,,211578,10,0,79 80 8,0,11,,211611,10,0,79 80 8,0,12,,211628,10,0,79 80 8,0,52,,211577,10,0,79 80 8,0,13,,211610,10,0,79 80 8,0,11,,211583,10,0,79 80 8,0,11,,211599,10,0,79 80 8,0,12,,211629,10,0,79 80 8,0,52,,211598,10,0,79 80 8,0,12,,211582,10,0,79 80 8,0,12,,211576,10,0,79 80 8,0,11,,211597,10,0,79 80 8,0,12,,211630,10,0,79 80 8,0,51,,211603,10,0,79 80 8,0,12,,211593,10,0,79 80 8,0,11,,211602,10,0,79 80 8,0,11,,211631,10,0,79 80 8,0,11,,211584,10,0,79 80 8,0,11,,211589,10,0,79 80 8,0,50,,211590,10,0,79 80 8,0,10,,211638,10,0,79 80 8,0,10,,211639,10,0,79 80 8,0,10,,211640,10,0,79 80 8,0,10,,211641,10,0,79 80 8,0,10,,211642,10,0,79 80 8,0,49,,211643,10,0,79 80 8,0,10,,211644,10,0,79 80 8,0,10,,211645,10,0,79 80 8,0,10,,211646,10,0,79 80 8,0,10,,211647,10,0,79 80 8,0,10,,211648,10,0,79 80 8,0,49,,211649,10,0,79 80 8,0,10,,211650,10,0,79 80 8,0,10,,211651,10,0,79 80 8,0,10,,211652,10,0,79 80 8,0,10,,211653,10,0,79 80 8,0,10,,211654,10,0,79 80 8,0,50,,211655,10,0,79 80 8,0,10,,211656,10,0,79 80 8,0,10,,211657,10,0,79 80 8,0,10,,211658,10,0,79 80 8,0,10,,211659,10,0,79 80 8,0,10,,211660,10,0,79 80 8,0,50,,211661,10,0,79 80 8,0,10,,211662,10,0,79 80 8,0,10,,211663,10,0,79 80 8,0,10,,211664,10,0,79 80 8,0,10,,211665,10,0,79 80 8,0,10,,211666,10,0,79 80 8,0,51,,211667,10,0,79 80 8,0,10,,211668,10,0,79 80 8,0,10,,211669,10,0,79 80 8,0,10,,211670,10,0,79 80 8,0,10,,211671,10,0,79 80 8,0,10,,211672,10,0,79 80 8,0,50,,211673,10,0,79 80 8,0,10,,211632,10,0,79 80 8,0,10,,211674,10,0,79 80 8,0,11,,211585,10,0,79 80 8,0,10,,211596,10,0,79 80 8,0,10,,211635,10,0,79 80 8,0,53,,211616,10,0,79 80 8,0,12,,211595,10,0,79 80 8,0,14,,211573,10,0,79 80 8,0,12,,211609,10,0,79 80 8,0,54,,211617,10,0,79 80 8,0,14,,211636,10,0,79 80 8,0,12,,211594,10,0,79 80 8,0,10,,211600,10,0,79 80 8,0,11,,211608,10,0,79 80 8,0,52,,211592,10,0,79 80 8,0,13,,211637,10,0,79 80 8,0,13,,211622,10,0,79 80 8,0,11,,211619,10,0,79 80 8,0,12,,211607,10,0,79 80 8,0,54,,211591,10,0,79 80 8,0,11,,211675,10,0,79 80 8,0,15,,211620,10,0,79 80 8,0,15,,211612,10,0,79 80 8,0,62,,211621,10,0,79 80 8,0,22,,211624,10,0,79 80 8,0,23,,211606,10,0,79 80 8,0,56,,211604,10,0,79 80 8,0,16,,211605,10,0,79 80 8,0
670500,'3_merged_15727751',541,,211690,10,0,79 80 8,0,59,,211684,10,0,6 7 8,0,12,,211689,10,0,79 80 8,0,12,,211754,10,0,79 80 8,0,12,,211755,10,0,79 80 8,0,12,,211688,10,0,79 80 8,0,52,,211687,10,0,79 80 8,0,10,,211686,10,0,79 80 8,0,12,,211762,10,0,79 80 8,0,12,,211713,10,0,79 80 8,0,12,,211691,10,0,79 80 8,0,55,,211697,10,0,79 80 8,0,15,,211685,10,0,79 80 8,0,15,,211696,10,0,79 80 8,0,14,,211695,10,0,79 80 8,0,13,,211705,10,0,79 80 8,0,54,,211763,10,0,79 80 8,0,13,,211706,10,0,79 80 8,0,13,,211694,10,0,79 80 8,0,13,,211711,10,0,79 80 8,0,51,,211712,10,0,79 80 8,0,12,,211710,10,0,79 80 8,0,15,,211709,10,0,79 80 8,0,15,,211708,10,0,79 80 8,0,15,,211707,10,0,79 80 8,0,54,,211693,10,0,79 80 8,0,12,,211756,10,0,79 80 8,0,12,,211692,10,0,79 80 8,0,12,,211702,10,0,79 80 8,0,52,,211683,10,0,79 80 8,0,12,,211682,10,0,79 80 8,0,12,,211757,10,0,79 80 8,0,11,,211681,10,0,79 80 8,0,12,,211680,10,0,79 80 8,0,52,,211716,10,0,79 80 8,0,12,,211758,10,0,79 80 8,0,12,,211717,10,0,79 80 8,0,12,,211718,10,0,79 80 8,0,12,,211719,10,0,79 80 8,0,10,,211749,10,0,79 80 8,0,50,,211720,10,0,79 80 8,0,10,,211764,10,0,79 80 8,0,10,,211721,10,0,79 80 8,0,10,,211722,10,0,79 80 8,0,10,,211723,10,0,79 80 8,0,10,,211765,10,0,79 80 8,0,50,,211750,10,0,79 80 8,0,10,,211724,10,0,79 80 8,0,10,,211725,10,0,79 80 8,0,10,,211726,10,0,79 80 8,0,10,,211727,10,0,79 80 8,0,10,,211751,10,0,79 80 8,0,50,,211728,10,0,79 80 8,0,10,,211766,10,0,79 80 8,0,10,,211729,10,0,79 80 8,0,10,,211730,10,0,79 80 8,0,10,,211731,10,0,79 80 8,0,10,,211752,10,0,79 80 8,0,50,,211732,10,0,79 80 8,0,10,,211767,10,0,79 80 8,0,10,,211733,10,0,79 80 8,0,10,,211734,10,0,79 80 8,0,9,,211735,10,0,79 80 8,0,11,,211759,10,0,79 80 8,0,52,,211736,10,0,79 80 8,0,12,,211737,10,0,79 80 8,0,12,,211738,10,0,79 80 8,0,12,,211739,10,0,79 80 8,0,12,,211760,10,0,79 80 8,0,52,,211740,10,0,79 80 8,0,12,,211741,10,0,79 80 8,0,13,,211761,10,0,79 80 8,0,13,,211742,10,0,79 80 8,0,57,,211743,10,0,79 80 8,0,16,,211744,10,0,79 80 8,0,17,,211745,10,0,79 80 8,0,12,,211746,10,0,79 80 8,0,54,,211748,10,0,79 80 8,0,14,,211714,10,0,79 80 8,0,17,,211753,10,0,79 80 8,0,13,,211747,10,0,79 80 8,0,55,,211704,10,0,79 80 8,0,20,,211715,10,0,79 80 8,0,22,,211703,10,0,79 80 8,0,59,,211701,10,0,79 80 8,0,28,,211700,10,0,79 80 8,0,25,,211699,10,0,79 80 8,0,77,,211698,10,0,79 80 8,0
671400,'101_merged_15727747',622,,214189,10,,,0
671400,'1_merged_15727750',456,,214204,10,,,0,51,,214238,10,,,0,11,,214228,10,,,0,11,,214202,10,,,0,10,,214239,10,,,0,11,,214223,10,,,0,50,,214229,10,,,0,7,,214194,2,,,0,5,,214231,10,,,0,20,,214241,10,,,0,10,,214230,10,,,0,12,,214195,10,,,0,52,,214232,10,,,0,12,,214196,10,,,0,12,,214240,10,,,0,12,,214205,10,,,0,13,,214227,10,,,0,55,,214197,10,,,0,15,,214233,10,,,0,15,,214198,10,,,0,60,,214206,10,,,0,20,,214207,10,,,0,20,,214222,10,,,0,60,,214208,10,,,0,20,,214209,10,,,0,20,,214234,10,,,0,60,,214210,10,,,0,20,,214242,10,,,0,20,,214190,10,,,0,70,,214211,10,,,0,30,,214212,10,,,0,71,,214213,10,,,0,30,,214214,10,,,0,70,,214215,10,,,0,30,,214216,10,,,0,63,,214217,10,,,0,21,,214224,10,,,0,20,,214203,10,,,0,60,,214199,10,,,0,18,,214225,10,,,0,18,,214200,10,,,0,14,,214235,10,,,0,55,,214201,10,,,0,15,,214226,10,,,0,16,,214236,10,,,0,15,,214218,10,,,0,54,,214220,10,,,0,15,,214219,10,,,0,21,,214237,10,,,0,62,,214221,10,,,0,26,,214191,10,,,0,67,,214192,10,,,0,24,,214193,10,,,0
671400,'201_merged_15727755',622,,214243,10,,,0
671500,'1_merged_15727750',429,,214297,11,,,0,19,,214298,11,,,0,59,,214299,11,,,0,20,,214300,11,,,0,19,,214301,11,,,0,58,,214302,11,,,0,10,,214303,11,,,0,12,,214304,11,,,0,10,,214305,11,,,0,10,,214306,11,,,0,12,,214307,11,,,0,50,,214308,11,,,0,10,,214309,11,,,0,10,,214310,11,,,0,11,,214311,11,,,0,10,,214312,11,,,0,51,,214313,11,,,0,10,,214314,11,,,0,13,,214315,11,,,0,15,,214316,11,,,0,15,,214317,11,,,0,55,,214318,11,,,0,16,,214319,11,,,0,15,,214320,11,,,0,15,,214321,11,,,0,55,,214322,11,,,0,15,,214323,11,,,0,14,,214324,11,,,0,15,,214325,11,,,0,55,,214326,11,,,0,15,,214327,11,,,0,16,,214328,11,,,0,15,,214329,11,,,0,55,,214330,11,,,0,15,,214331,11,,,0,14,,214332,11,,,0,16,,214333,11,,,0,55,,214334,11,,,0,15,,214335,11,,,0,15,,214336,11,,,0,15,,214337,11,,,0,55,,214338,11,,,0,15,,214339,11,,,0,17,,214340,11,,,0,14,,214341,11,,,0,52,,214342,11,,,0,12,,214343,11,,,0,13,,214344,11,,,0,12,,214345,11,,,0,10,,214346,11,,,0,53,,214347,11,,,0,12,,214348,11,,,0,13,,214349,11,,,0,12,,214350,11,,,0,12,,214351,11,,,0,54,,214352,11,,,0,12,,214353,11,,,0,12,,214354,11,,,0,12,,214355,11,,,0,12,,214356,11,,,0,52,,214357,11,,,0,12,,214358,11,,,0,12,,214359,11,,,0,15,,214360,11,,,0,56,,214361,11,,,0,15,,214362,11,,,0,15,,214363,11,,,0,15,,214364,11,,,0,55,,214365,11,,,0,19,,214366,11,,,0,31,,214367,11,,,0,70,,214368,11,,,0,30,,214369,11,,,0,69,,214370,11,,,0,30,,214371,11,,,0,66,,214372,11,,,0,30,,214373,11,,,0,70,,214374,11,,,0,30,,214375,11,,,0,70,,214376,11,,,0
671500,'2_merged_15727752',430,,214378,11,,,0,100,,214434,11,,,0,81,,214398,11,,,0,21,,214433,11,,,0,20,,214397,11,,,0,60,,214432,11,,,0,21,,214431,11,,,0,20,,214413,11,,,0,59,,214430,11,,,0,15,,214442,11,,,0,15,,214429,11,,,0,15,,214441,11,,,0,55,,214428,11,,,0,15,,214440,11,,,0,15,,214427,11,,,0,14,,214439,11,,,0,55,,214443,11,,,0,15,,214426,11,,,0,16,,214438,11,,,0,15,,214425,11,,,0,55,,214437,11,,,0,15,,214424,11,,,0,15,,214436,11,,,0,15,,214423,11,,,0,55,,214435,11,,,0,15,,214422,11,,,0,15,,214396,11,,,0,15,,214421,11,,,0,55,,214395,11,,,0,15,,214420,11,,,0,15,,214394,11,,,0,15,,214419,11,,,0,55,,214410,11,,,0,16,,214418,11,,,0,15,,214393,11,,,0,15,,214417,11,,,0,55,,214392,11,,,0,15,,214416,11,,,0,15,,214391,11,,,0,15,,214415,11,,,0,55,,214390,11,,,0,16,,214414,11,,,0,14,,214389,11,,,0,15,,214412,11,,,0,56,,214388,11,,,0,15,,214411,11,,,0,15,,214387,11,,,0,15,,214409,11,,,0,55,,214386,11,,,0,15,,214408,11,,,0,15,,214385,11,,,0,15,,214407,11,,,0,54,,214384,11,,,0,15,,214406,11,,,0,15,,214383,11,,,0,15,,214377,11,,,0,55,,214382,11,,,0,15,,214405,11,,,0,15,,214402,11,,,0,14,,214404,11,,,0,56,,214403,11,,,0,21,,214401,11,,,0,20,,214400,11,,,0,68,,214381,11,,,0,30,,214399,11,,,0,71,,214380,11,,,0,84,,214379,11,,,0,30,,214445,11,,,0,70,,214444,11,,,0
671500,'3_merged_15727751',430,,214447,11,,,0,100,,214503,11,,,0,81,,214467,11,,,0,19,,214502,11,,,0,20,,214466,11,,,0,60,,214501,11,,,0,20,,214500,11,,,0,20,,214482,11,,,0,60,,214499,11,,,0,15,,214511,11,,,0,15,,214498,11,,,0,15,,214510,11,,,0,55,,214497,11,,,0,15,,214509,11,,,0,15,,214496,11,,,0,15,,214508,11,,,0,55,,214512,11,,,0,15,,214495,11,,,0,15,,214507,11,,,0,15,,214494,11,,,0,56,,214506,11,,,0,15,,214493,11,,,0,15,,214505,11,,,0,15,,214492,11,,,0,55,,214504,11,,,0,15,,214491,11,,,0,15,,214465,11,,,0,15,,214490,11,,,0,55,,214464,11,,,0,15,,214489,11,,,0,15,,214463,11,,,0,15,,214488,11,,,0,55,,214479,11,,,0,15,,214487,11,,,0,15,,214462,11,,,0,15,,214486,11,,,0,55,,214461,11,,,0,15,,214485,11,,,0,15,,214460,11,,,0,15,,214484,11,,,0,55,,214459,11,,,0,15,,214483,11,,,0,14,,214458,11,,,0,15,,214481,11,,,0,55,,214457,11,,,0,15,,214480,11,,,0,15,,214456,11,,,0,15,,214478,11,,,0,55,,214455,11,,,0,15,,214477,11,,,0,15,,214454,11,,,0,15,,214476,11,,,0,55,,214453,11,,,0,15,,214475,11,,,0,15,,214452,11,,,0,15,,214446,11,,,0,55,,214451,11,,,0,15,,214474,11,,,0,15,,214471,11,,,0,15,,214473,11,,,0,59,,214472,11,,,0,19,,214470,11,,,0,20,,214469,11,,,0,70,,214450,11,,,0,31,,214468,11,,,0,70,,214449,11,,,0,83,,214448,11,,,0,30,,214514,11,,,0,71,,214513,11,,,0
672000,'101_merged_15727747',1508,,214806,2,,,0
672000,'1_merged_15727750',428,,214807,2,,,0,17,,214810,2,,,0,60,,214811,2,,,0,28,,214812,2,,,0,69,,214813,2,,,0,28,,214814,2,,,0,28,,214815,2,,,0,778,,214808,2,,,0,104,,214816,2,,,0,82,,214817,2,,,0,30,,214818,2,,,0,72,,214819,2,,,0,31,,214820,2,,,0,79,,214809,2,,,0
672000,'201_merged_15727755',1508,,214821,2,,,0
675400,'101_merged_15727747',1545,,219579,44,4,,0
732100,'1_merged_15727750',556,,224294,10,,,0,70,,224274,10,,,0,33,,224275,10,,,0,70,,224273,10,,,0,30,,224276,10,,,0,71,,224290,10,,,0,73,,224277,10,,,0,32,,224272,10,,,0,71,,224278,10,,,0,31,,224291,10,,,0,71,,224279,10,,,0,30,,224268,10,,,0,70,,224280,10,,,0,31,,224292,10,,,0,70,,224281,10,,,0,29,,224269,10,,,0,69,,224282,10,,,0,31,,224293,10,,,0,71,,224283,10,,,0,32,,224270,10,,,0,72,,224284,10,,,0,31,,224266,10,,,0,71,,224285,10,,,0,30,,224271,10,,,0,73,,224286,10,,,0,30,,224267,10,,,0,70,,224287,10,,,0,30,,224295,10,,,0,70,,224288,10,,,0,28,,224296,10,,,0,72,,224289,10,,,0,95,,224297,10,,,0,99,,224298,10,,,0,99,,224299,10,,,0
732100,'2_merged_15727752',632,,224306,10,,,0,20,,224321,10,,,0,68,,224320,10,,,0,30,,224319,10,,,0,70,,224305,10,,,0,20,,224300,10,,,0,60,,224337,10,,,0,20,,224304,10,,,0,30,,224318,10,,,0,70,,224303,10,,,0,31,,224317,10,,,0,70,,224302,10,,,0,21,,224316,10,,,0,61,,224335,10,,,0,20,,224301,10,,,0,20,,224315,10,,,0,60,,224329,10,,,0,20,,224327,10,,,0,20,,224314,10,,,0,60,,224330,10,,,0,20,,224326,10,,,0,20,,224313,10,,,0,60,,224331,10,,,0,20,,224325,10,,,0,21,,224312,10,,,0,60,,224332,10,,,0,21,,224324,10,,,0,21,,224311,10,,,0,60,,224333,10,,,0,19,,224323,10,,,0,19,,224310,10,,,0,60,,224334,10,,,0,19,,224322,10,,,0,19,,224309,10,,,0,60,,224336,10,,,0,30,,224338,10,,,0,69,,224308,10,,,0,30,,224339,10,,,0,73,,224307,10,,,0,100,,224328,10,,,0,110,,224340,10,,,0,100,,224341,10,,,0
732100,'3_merged_15727751',702,,224351,10,,,0,27,,224350,10,,,0,30,,224349,10,,,0,70,,224348,10,,,0,30,,224347,10,,,0,70,,224359,10,,,0,30,,224346,10,,,0,70,,224358,10,,,0,30,,224345,10,,,0,71,,224357,10,,,0,70,,224344,10,,,0,25,,224356,10,,,0,20,,224343,10,,,0,60,,224370,10,,,0,20,,224355,10,,,0,20,,224369,10,,,0,60,,224371,10,,,0,20,,224354,10,,,0,20,,224368,10,,,0,60,,224372,10,,,0,20,,224353,10,,,0,20,,224367,10,,,0,60,,224373,10,,,0,20,,224352,10,,,0,20,,224366,10,,,0,60,,224374,10,,,0,20,,224362,10,,,0,20,,224365,10,,,0,60,,224375,10,,,0,19,,224360,10,,,0,30,,224364,10,,,0,70,,224342,10,,,0,33,,224363,10,,,0,73,,224376,10,,,0,73,,224361,10,,,0,105,,224377,10,,,0,101,,224378,10,,,0,103,,224379,10,,,0
1870500,'1_merged_15727750',545,,227396,2,,,0,14,,227400,2,,,0,54,,227407,2,,,0,14,,227380,2,,,0,15,,227381,2,,,0,15,,227401,2,,,0,55,,227415,2,,,0,15,,227411,2,,,0,15,,227382,2,,,0,15,,227383,2,,,0,60,,227402,2,,,0,20,,227384,2,,,0,20,,227385,2,,,0,60,,227368,2,,,0,25,,227369,2,,,0,70,,227370,2,,,0,30,,227371,2,,,0,70,,227372,2,,,0,30,,227399,2,,,0,70,,227373,2,,,0,30,,227374,2,,,0,70,,227376,2,,,0,20,,227375,2,,,0,19,,227403,2,,,0,62,,227409,2,,,0,20,,227377,2,,,0,20,,227404,2,,,0,60,,227378,2,,,0,20,,227379,2,,,0,20,,227405,2,,,0,59,,227386,2,,,0,19,,227387,2,,,0,19,,227408,2,,,0,59,,227410,2,,,0,20,,227406,2,,,0,20,,227388,2,,,0,60,,227389,2,,,0,20,,227390,2,,,0,20,,227391,2,,,0,70,,227392,2,,,0,30,,227393,2,,,0,70,,227394,2,,,0,30,,227395,2,,,0,98,,227412,2,,,0,98,,227413,2,,,0,100,,227414,2,,,0
1870500,'2_merged_15727752',546,,227439,2,,,0,70,,227440,2,,,0,32,,227441,2,,,0,73,,227442,2,,,0,33,,227443,2,,,0,70,,227444,2,,,0,30,,227445,2,,,0,70,,227446,2,,,0,30,,227416,2,,,0,70,,227417,2,,,0,30,,227418,2,,,0,70,,227419,2,,,0,30,,227420,2,,,0,70,,227421,2,,,0,30,,227422,2,,,0,70,,227423,2,,,0,30,,227424,2,,,0,70,,227425,2,,,0,30,,227426,2,,,0,70,,227427,2,,,0,30,,227428,2,,,0,70,,227429,2,,,0,30,,227430,2,,,0,70,,227431,2,,,0,30,,227435,2,,,0,70,,227432,2,,,0,29,,227433,2,,,0,69,,227434,2,,,0,31,,227436,2,,,0,71,,227437,2,,,0,30,,227438,2,,,0,98,,227447,2,,,0,100,,227448,2,,,0,98,,227449,2,,,0
1870500,'3_merged_15727751',550,,227454,2,,,0,70,,227455,2,,,0,30,,227456,2,,,0,70,,227457,2,,,0,30,,227465,2,,,0,70,,227458,2,,,0,30,,227459,2,,,0,70,,227460,2,,,0,30,,227461,2,,,0,70,,227462,2,,,0,30,,227463,2,,,0,70,,227464,2,,,0,30,,227466,2,,,0,70,,227467,2,,,0,30,,227468,2,,,0,70,,227469,2,,,0,30,,227470,2,,,0,70,,227471,2,,,0,31,,227472,2,,,0,70,,227473,2,,,0,30,,227474,2,,,0,70,,227475,2,,,0,30,,227476,2,,,0,70,,227477,2,,,0,30,,227478,2,,,0,70,,227479,2,,,0,30,,227480,2,,,0,70,,227450,2,,,0,30,,227451,2,,,0,70,,227452,2,,,0,30,,227453,2,,,0,99,,227481,2,,,0,100,,227482,2,,,0,100,,227483,2,,,0
