670500,'1_merged_15726439',420,,211460,18,0,79 80 8,0,19,,211469,18,0,79 80 8,0,15,,211484,18,0,79 80 8,0,50,,211468,18,0,79 80 8,0,8,,211485,15,0,74 43 8,0,13,,211486,18,0,74 43 8,0,10,,211568,18,0,74 43 8,0,10,,211527,18,0,74 43 8,0,9,,211483,18,0,74 43 8,0,48,,211528,18,0,74 43 8,0,9,,211536,18,0,74 43 8,0,6,,211467,18,0,74 43 8,0,6,,211569,18,0,74 43 8,0,6,,211516,18,0,74 43 8,0,7,,211523,18,0,74 43 8,0,7,,211475,18,0,74 43 8,0,9,,211472,18,0,74 43 8,0,7,,211529,18,0,74 43 8,0,48,,211537,18,0,74 43 8,0,8,,211488,18,0,74 43 8,0,8,,211466,18,0,74 43 8,0,7,,211567,18,0,74 43 8,0,6,,211570,18,0,74 43 8,0,7,,211461,18,0,74 43 8,0,7,,211530,18,0,74 43 8,0,8,,211481,18,0,74 43 8,0,48,,211489,18,0,74 43 8,0,8,,211480,18,0,79 80 8,0,8,,211474,18,0,79 80 8,0,8,,211571,18,0,79 80 8,0,8,,211531,18,0,79 80 8,0,8,,211490,18,0,79 80 8,0,8,,211524,18,0,79 80 8,0,51,,211491,18,0,79 80 8,0,10,,211492,18,0,79 80 8,0,10,,211493,18,0,79 80 8,0,10,,211539,18,0,79 80 8,0,10,,211540,18,0,79 80 8,0,10,,211541,18,0,79 80 8,0,50,,211542,18,0,79 80 8,0,10,,211543,18,0,79 80 8,0,10,,211544,18,0,79 80 8,0,10,,211545,18,0,79 80 8,0,10,,211546,18,0,79 80 8,0,10,,211547,18,0,79 80 8,0,50,,211548,18,0,79 80 8,0,10,,211549,18,0,79 80 8,0,10,,211550,18,0,79 80 8,0,9,,211551,18,0,79 80 8,0,10,,211552,18,0,79 80 8,0,10,,211553,18,0,79 80 8,0,50,,211554,18,0,79 80 8,0,11,,211555,18,0,79 80 8,0,11,,211556,18,0,79 80 8,0,10,,211557,18,0,79 80 8,0,10,,211558,18,0,79 80 8,0,10,,211559,18,0,79 80 8,0,50,,211560,18,0,79 80 8,0,10,,211561,18,0,79 80 8,0,10,,211562,18,0,79 80 8,0,10,,211563,18,0,79 80 8,0,10,,211564,18,0,79 80 8,0,10,,211565,18,0,79 80 8,0,48,,211566,18,0,79 80 8,0,12,,211494,18,0,74 43 8,0,10,,211495,18,0,74 43 8,0,6,,211525,18,0,74 43 8,0,10,,211534,18,0,74 43 8,0,9,,211517,18,0,74 43 8,0,49,,211496,18,0,74 43 8,0,11,,211497,18,0,74 43 8,0,10,,211498,18,0,74 43 8,0,10,,211535,18,0,74 43 8,0,10,,211499,18,0,74 43 8,0,11,,211518,18,0,74 43 8,0,51,,211500,18,0,74 43 8,0,10,,211501,18,0,74 43 8,0,10,,211502,18,0,74 43 8,0,10,,211503,18,0,74 43 8,0,10,,211532,18,0,74 43 8,0,10,,211519,18,0,74 43 8,0,50,,211504,18,0,74 43 8,0,10,,211505,18,0,74 43 8,0,10,,211506,18,0,74 43 8,0,11,,211533,18,0,74 43 8,0,10,,211507,18,0,74 43 8,0,10,,211520,18,0,74 43 8,0,52,,211508,18,0,74 43 8,0,12,,211509,18,0,74 43 8,0,12,,211510,18,0,79 80 8,0,13,,211511,18,0,79 80 8,0,12,,211512,18,0,79 80 8,0,54,,211513,18,0,79 80 8,0,15,,211476,18,0,79 80 8,0,15,,211458,18,0,79 80 8,0,14,,211463,18,0,79 80 8,0,54,,211459,18,0,79 80 8,0,14,,211482,18,0,79 80 8,0,18,,211470,18,0,79 80 8,0,17,,211521,18,0,79 80 8,0,60,,211464,18,0,79 80 8,0,21,,211479,18,0,79 80 8,0,17,,211487,18,0,79 80 8,0,55,,211522,18,0,79 80 8,0,16,,211462,18,0,79 80 8,0,23,,211514,18,0,79 80 8,0,61,,211471,18,0,79 80 8,0,21,,211515,18,0,79 80 8,0,71,,211473,18,0,79 80 8,0,32,,211478,18,0,79 80 8,0,83,,211465,18,0,79 80 8,0,35,,211477,18,0,79 80 8,0
670500,'2_merged_15726441',527,,211676,18,0,79 80 8,0,5,,211581,18,0,79 80 8,0,9,,211601,18,0,79 80 8,0,10,,211618,18,0,79 80 8,0,49,,211588,18,0,79 80 8,0,8,,211580,18,0,79 80 8,0,9,,211625,18,0,79 80 8,0,9,,211677,18,0,79 80 8,0,8,,211572,18,0,79 80 8,0,10,,211587,18,0,79 80 8,0,6,,211633,18,0,79 80 8,0,8,,211623,18,0,79 80 8,0,48,,211678,18,0,79 80 8,0,8,,211626,18,0,79 80 8,0,8,,211615,18,0,79 80 8,0,10,,211586,18,0,79 80 8,0,10,,211634,18,0,79 80 8,0,10,,211614,18,0,79 80 8,0,50,,211579,18,0,79 80 8,0,10,,211627,18,0,79 80 8,0,11,,211613,18,0,79 80 8,0,11,,211578,18,0,79 80 8,0,11,,211611,18,0,79 80 8,0,12,,211628,18,0,79 80 8,0,52,,211577,18,0,79 80 8,0,13,,211610,18,0,79 80 8,0,11,,211583,18,0,79 80 8,0,11,,211599,18,0,79 80 8,0,12,,211629,18,0,79 80 8,0,52,,211598,18,0,79 80 8,0,12,,211582,18,0,79 80 8,0,12,,211576,18,0,79 80 8,0,12,,211597,18,0,79 80 8,0,12,,211630,18,0,79 80 8,0,51,,211603,18,0,79 80 8,0,12,,211593,18,0,79 80 8,0,11,,211602,18,0,79 80 8,0,11,,211631,18,0,79 80 8,0,11,,211584,18,0,79 80 8,0,51,,211589,18,0,79 80 8,0,10,,211590,18,0,79 80 8,0,10,,211638,18,0,79 80 8,0,10,,211639,18,0,79 80 8,0,10,,211640,18,0,79 80 8,0,10,,211641,18,0,79 80 8,0,50,,211642,18,0,79 80 8,0,10,,211643,18,0,79 80 8,0,10,,211644,18,0,79 80 8,0,10,,211645,18,0,79 80 8,0,9,,211646,18,0,79 80 8,0,10,,211647,18,0,79 80 8,0,50,,211648,18,0,79 80 8,0,9,,211649,18,0,79 80 8,0,10,,211650,18,0,79 80 8,0,10,,211651,18,0,79 80 8,0,10,,211652,18,0,79 80 8,0,10,,211653,18,0,79 80 8,0,50,,211654,18,0,79 80 8,0,10,,211655,18,0,79 80 8,0,10,,211656,18,0,79 80 8,0,10,,211657,18,0,79 80 8,0,10,,211658,18,0,79 80 8,0,10,,211659,18,0,79 80 8,0,50,,211660,18,0,79 80 8,0,10,,211661,18,0,79 80 8,0,10,,211662,18,0,79 80 8,0,10,,211663,18,0,79 80 8,0,10,,211664,18,0,79 80 8,0,10,,211665,18,0,79 80 8,0,50,,211666,18,0,79 80 8,0,12,,211667,18,0,79 80 8,0,10,,211668,18,0,79 80 8,0,10,,211669,18,0,79 80 8,0,10,,211670,18,0,79 80 8,0,10,,211671,18,0,79 80 8,0,50,,211672,18,0,79 80 8,0,10,,211673,18,0,79 80 8,0,10,,211632,18,0,79 80 8,0,10,,211674,18,0,79 80 8,0,10,,211585,18,0,79 80 8,0,10,,211596,18,0,79 80 8,0,50,,211635,18,0,79 80 8,0,13,,211616,18,0,79 80 8,0,12,,211595,18,0,79 80 8,0,13,,211573,18,0,79 80 8,0,12,,211609,18,0,79 80 8,0,54,,211617,18,0,79 80 8,0,14,,211636,18,0,79 80 8,0,12,,211594,18,0,79 80 8,0,10,,211600,18,0,79 80 8,0,11,,211608,18,0,79 80 8,0,52,,211592,18,0,79 80 8,0,13,,211637,18,0,79 80 8,0,13,,211622,18,0,79 80 8,0,11,,211619,18,0,79 80 8,0,12,,211607,18,0,79 80 8,0,54,,211591,18,0,79 80 8,0,11,,211675,18,0,79 80 8,0,15,,211620,18,0,79 80 8,0,16,,211612,18,0,79 80 8,0,62,,211621,18,0,79 80 8,0,22,,211624,18,0,79 80 8,0,22,,211606,18,0,79 80 8,0,56,,211604,18,0,79 80 8,0,16,,211605,18,0,79 80 8,0
670500,'3_merged_15726440',547,,211690,18,0,79 80 8,0,59,,211684,18,0,6 7 8,0,12,,211689,18,0,79 80 8,0,12,,211754,18,0,79 80 8,0,12,,211755,18,0,79 80 8,0,12,,211688,18,0,79 80 8,0,52,,211687,18,0,79 80 8,0,10,,211686,18,0,79 80 8,0,12,,211762,18,0,79 80 8,0,12,,211713,18,0,79 80 8,0,12,,211691,18,0,79 80 8,0,55,,211697,18,0,79 80 8,0,15,,211685,18,0,79 80 8,0,15,,211696,18,0,79 80 8,0,14,,211695,18,0,79 80 8,0,53,,211705,18,0,79 80 8,0,15,,211763,18,0,79 80 8,0,13,,211706,18,0,79 80 8,0,13,,211694,18,0,79 80 8,0,12,,211711,18,0,79 80 8,0,51,,211712,18,0,79 80 8,0,12,,211710,18,0,79 80 8,0,15,,211709,18,0,79 80 8,0,15,,211708,18,0,79 80 8,0,55,,211707,18,0,79 80 8,0,15,,211693,18,0,79 80 8,0,12,,211756,18,0,79 80 8,0,12,,211692,18,0,79 80 8,0,12,,211702,18,0,79 80 8,0,52,,211683,18,0,79 80 8,0,12,,211682,18,0,79 80 8,0,12,,211757,18,0,79 80 8,0,11,,211681,18,0,79 80 8,0,12,,211680,18,0,79 80 8,0,52,,211716,18,0,79 80 8,0,12,,211758,18,0,79 80 8,0,12,,211717,18,0,79 80 8,0,12,,211718,18,0,79 80 8,0,12,,211719,18,0,79 80 8,0,50,,211749,18,0,79 80 8,0,10,,211720,18,0,79 80 8,0,10,,211764,18,0,79 80 8,0,10,,211721,18,0,79 80 8,0,10,,211722,18,0,79 80 8,0,10,,211723,18,0,79 80 8,0,50,,211765,18,0,79 80 8,0,10,,211750,18,0,79 80 8,0,10,,211724,18,0,79 80 8,0,10,,211725,18,0,79 80 8,0,10,,211726,18,0,79 80 8,0,10,,211727,18,0,79 80 8,0,50,,211751,18,0,79 80 8,0,10,,211728,18,0,79 80 8,0,10,,211766,18,0,79 80 8,0,10,,211729,18,0,79 80 8,0,10,,211730,18,0,79 80 8,0,10,,211731,18,0,79 80 8,0,50,,211752,18,0,79 80 8,0,10,,211732,18,0,79 80 8,0,10,,211767,18,0,79 80 8,0,10,,211733,18,0,79 80 8,0,10,,211734,18,0,79 80 8,0,9,,211735,18,0,79 80 8,0,51,,211759,18,0,79 80 8,0,12,,211736,18,0,79 80 8,0,12,,211737,18,0,79 80 8,0,12,,211738,18,0,79 80 8,0,12,,211739,18,0,79 80 8,0,52,,211760,18,0,79 80 8,0,12,,211740,18,0,79 80 8,0,12,,211741,18,0,79 80 8,0,13,,211761,18,0,79 80 8,0,13,,211742,18,0,79 80 8,0,56,,211743,18,0,79 80 8,0,16,,211744,18,0,79 80 8,0,17,,211745,18,0,79 80 8,0,12,,211746,18,0,79 80 8,0,54,,211748,18,0,79 80 8,0,14,,211714,18,0,79 80 8,0,17,,211753,18,0,79 80 8,0,14,,211747,18,0,79 80 8,0,55,,211704,18,0,79 80 8,0,20,,211715,18,0,79 80 8,0,21,,211703,18,0,79 80 8,0,59,,211701,18,0,79 80 8,0,28,,211700,18,0,79 80 8,0,65,,211699,18,0,79 80 8,0,37,,211698,18,0,79 80 8,0
671500,'1_merged_15726439',435,,214297,19,,,0,19,,214298,19,,,0,60,,214299,19,,,0,20,,214300,19,,,0,19,,214301,19,,,0,58,,214302,19,,,0,10,,214303,19,,,0,13,,214304,19,,,0,10,,214305,19,,,0,10,,214306,19,,,0,52,,214307,19,,,0,10,,214308,19,,,0,10,,214309,19,,,0,10,,214310,19,,,0,11,,214311,19,,,0,10,,214312,19,,,0,51,,214313,19,,,0,10,,214314,19,,,0,13,,214315,19,,,0,15,,214316,19,,,0,55,,214317,19,,,0,15,,214318,19,,,0,16,,214319,19,,,0,15,,214320,19,,,0,55,,214321,19,,,0,15,,214322,19,,,0,15,,214323,19,,,0,14,,214324,19,,,0,55,,214325,19,,,0,15,,214326,19,,,0,15,,214327,19,,,0,16,,214328,19,,,0,55,,214329,19,,,0,15,,214330,19,,,0,15,,214331,19,,,0,14,,214332,19,,,0,56,,214333,19,,,0,15,,214334,19,,,0,15,,214335,19,,,0,15,,214336,19,,,0,55,,214337,19,,,0,15,,214338,19,,,0,15,,214339,19,,,0,18,,214340,19,,,0,54,,214341,19,,,0,12,,214342,19,,,0,12,,214343,19,,,0,13,,214344,19,,,0,12,,214345,19,,,0,49,,214346,19,,,0,13,,214347,19,,,0,12,,214348,19,,,0,13,,214349,19,,,0,12,,214350,19,,,0,52,,214351,19,,,0,14,,214352,19,,,0,12,,214353,19,,,0,12,,214354,19,,,0,12,,214355,19,,,0,52,,214356,19,,,0,12,,214357,19,,,0,12,,214358,19,,,0,12,,214359,19,,,0,15,,214360,19,,,0,55,,214361,19,,,0,15,,214362,19,,,0,15,,214363,19,,,0,15,,214364,19,,,0,55,,214365,19,,,0,19,,214366,19,,,0,71,,214367,19,,,0,30,,214368,19,,,0,70,,214369,19,,,0,28,,214370,19,,,0,70,,214371,19,,,0,25,,214372,19,,,0,30,,214373,19,,,0,70,,214374,19,,,0,30,,214375,19,,,0,70,,214376,19,,,0
671500,'2_merged_15726441',436,,214378,19,,,0,100,,214434,19,,,0,81,,214398,19,,,0,21,,214433,19,,,0,62,,214397,19,,,0,20,,214432,19,,,0,21,,214431,19,,,0,60,,214413,19,,,0,19,,214430,19,,,0,15,,214442,19,,,0,15,,214429,19,,,0,55,,214441,19,,,0,15,,214428,19,,,0,15,,214440,19,,,0,15,,214427,19,,,0,54,,214439,19,,,0,15,,214443,19,,,0,15,,214426,19,,,0,16,,214438,19,,,0,55,,214425,19,,,0,15,,214437,19,,,0,15,,214424,19,,,0,15,,214436,19,,,0,55,,214423,19,,,0,15,,214435,19,,,0,15,,214422,19,,,0,15,,214396,19,,,0,55,,214421,19,,,0,15,,214395,19,,,0,15,,214420,19,,,0,15,,214394,19,,,0,55,,214419,19,,,0,15,,214410,19,,,0,16,,214418,19,,,0,15,,214393,19,,,0,55,,214417,19,,,0,15,,214392,19,,,0,15,,214416,19,,,0,15,,214391,19,,,0,55,,214415,19,,,0,15,,214390,19,,,0,16,,214414,19,,,0,14,,214389,19,,,0,55,,214412,19,,,0,16,,214388,19,,,0,15,,214411,19,,,0,15,,214387,19,,,0,55,,214409,19,,,0,15,,214386,19,,,0,15,,214408,19,,,0,15,,214385,19,,,0,55,,214407,19,,,0,14,,214384,19,,,0,15,,214406,19,,,0,14,,214383,19,,,0,55,,214377,19,,,0,15,,214382,19,,,0,15,,214405,19,,,0,15,,214402,19,,,0,54,,214404,19,,,0,16,,214403,19,,,0,21,,214401,19,,,0,60,,214400,19,,,0,27,,214381,19,,,0,30,,214399,19,,,0,71,,214380,19,,,0,83,,214379,19,,,0,30,,214445,19,,,0,70,,214444,19,,,0
671500,'3_merged_15726440',436,,214447,19,,,0,100,,214503,19,,,0,81,,214467,19,,,0,19,,214502,19,,,0,20,,214466,19,,,0,60,,214501,19,,,0,21,,214500,19,,,0,20,,214482,19,,,0,60,,214499,19,,,0,15,,214511,19,,,0,15,,214498,19,,,0,55,,214510,19,,,0,16,,214497,19,,,0,15,,214509,19,,,0,15,,214496,19,,,0,55,,214508,19,,,0,15,,214512,19,,,0,15,,214495,19,,,0,15,,214507,19,,,0,55,,214494,19,,,0,16,,214506,19,,,0,15,,214493,19,,,0,15,,214505,19,,,0,55,,214492,19,,,0,15,,214504,19,,,0,15,,214491,19,,,0,15,,214465,19,,,0,55,,214490,19,,,0,15,,214464,19,,,0,15,,214489,19,,,0,15,,214463,19,,,0,55,,214488,19,,,0,15,,214479,19,,,0,15,,214487,19,,,0,15,,214462,19,,,0,55,,214486,19,,,0,15,,214461,19,,,0,15,,214485,19,,,0,15,,214460,19,,,0,55,,214484,19,,,0,15,,214459,19,,,0,15,,214483,19,,,0,14,,214458,19,,,0,55,,214481,19,,,0,15,,214457,19,,,0,15,,214480,19,,,0,15,,214456,19,,,0,55,,214478,19,,,0,15,,214455,19,,,0,15,,214477,19,,,0,15,,214454,19,,,0,55,,214476,19,,,0,14,,214453,19,,,0,15,,214475,19,,,0,14,,214452,19,,,0,55,,214446,19,,,0,15,,214451,19,,,0,15,,214474,19,,,0,15,,214471,19,,,0,55,,214473,19,,,0,19,,214472,19,,,0,19,,214470,19,,,0,20,,214469,19,,,0,70,,214450,19,,,0,71,,214468,19,,,0,30,,214449,19,,,0,82,,214448,19,,,0,30,,214514,19,,,0,71,,214513,19,,,0
671700,'1_merged_15726439',535,,214762,34,,,0,69,,214763,34,,,0,22,,214764,34,,,0,12,,214765,34,,,0,11,,214766,34,,,0,56,,214767,34,,,0,24,,214768,34,,,0,14,,214769,34,,,0,58,,214770,34,,,0
672000,'101_merged_15726436',1518,,214806,7,,,0
672000,'1_merged_15726439',435,,214807,7,,,0,17,,214810,7,,,0,60,,214811,7,,,0,28,,214812,7,,,0,70,,214813,7,,,0,28,,214814,7,,,0,68,,214815,7,,,0,740,,214808,7,,,0,104,,214816,7,,,0,82,,214817,7,,,0,70,,214818,7,,,0,32,,214819,7,,,0,71,,214820,7,,,0,38,,214809,7,,,0
672000,'201_merged_15726444',1518,,214821,7,,,0
675400,'101_merged_15726436',1555,,219579,52,4,,0
