670500,'1_merged_15726439',416,,211460,13,0,79 80 8,0,19,,211469,13,0,79 80 8,0,15,,211484,13,0,79 80 8,0,50,,211468,13,0,79 80 8,0,8,,211485,10,0,74 43 8,0,12,,211486,13,0,74 43 8,0,10,,211568,13,0,74 43 8,0,10,,211527,13,0,74 43 8,0,10,,211483,13,0,74 43 8,0,7,,211528,13,0,74 43 8,0,49,,211536,13,0,74 43 8,0,7,,211467,13,0,74 43 8,0,5,,211569,13,0,74 43 8,0,6,,211516,13,0,74 43 8,0,7,,211523,13,0,74 43 8,0,8,,211475,13,0,74 43 8,0,8,,211472,13,0,74 43 8,0,7,,211529,13,0,74 43 8,0,48,,211537,13,0,74 43 8,0,8,,211488,13,0,74 43 8,0,8,,211466,13,0,74 43 8,0,7,,211567,13,0,74 43 8,0,6,,211570,13,0,74 43 8,0,7,,211461,13,0,74 43 8,0,7,,211530,13,0,74 43 8,0,8,,211481,13,0,74 43 8,0,48,,211489,13,0,74 43 8,0,8,,211480,13,0,79 80 8,0,7,,211474,13,0,79 80 8,0,8,,211571,13,0,79 80 8,0,8,,211531,13,0,79 80 8,0,8,,211490,13,0,79 80 8,0,8,,211524,13,0,79 80 8,0,52,,211491,13,0,79 80 8,0,10,,211492,13,0,79 80 8,0,10,,211493,13,0,79 80 8,0,10,,211539,13,0,79 80 8,0,10,,211540,13,0,79 80 8,0,10,,211541,13,0,79 80 8,0,50,,211542,13,0,79 80 8,0,10,,211543,13,0,79 80 8,0,10,,211544,13,0,79 80 8,0,10,,211545,13,0,79 80 8,0,10,,211546,13,0,79 80 8,0,10,,211547,13,0,79 80 8,0,50,,211548,13,0,79 80 8,0,10,,211549,13,0,79 80 8,0,10,,211550,13,0,79 80 8,0,9,,211551,13,0,79 80 8,0,10,,211552,13,0,79 80 8,0,10,,211553,13,0,79 80 8,0,9,,211554,13,0,79 80 8,0,51,,211555,13,0,79 80 8,0,11,,211556,13,0,79 80 8,0,10,,211557,13,0,79 80 8,0,10,,211558,13,0,79 80 8,0,10,,211559,13,0,79 80 8,0,50,,211560,13,0,79 80 8,0,10,,211561,13,0,79 80 8,0,10,,211562,13,0,79 80 8,0,10,,211563,13,0,79 80 8,0,10,,211564,13,0,79 80 8,0,10,,211565,13,0,79 80 8,0,8,,211566,13,0,79 80 8,0,53,,211494,13,0,74 43 8,0,10,,211495,13,0,74 43 8,0,5,,211525,13,0,74 43 8,0,10,,211534,13,0,74 43 8,0,8,,211517,13,0,74 43 8,0,10,,211496,13,0,74 43 8,0,51,,211497,13,0,74 43 8,0,10,,211498,13,0,74 43 8,0,10,,211535,13,0,74 43 8,0,10,,211499,13,0,74 43 8,0,10,,211518,13,0,74 43 8,0,11,,211500,13,0,74 43 8,0,50,,211501,13,0,74 43 8,0,10,,211502,13,0,74 43 8,0,10,,211503,13,0,74 43 8,0,10,,211532,13,0,74 43 8,0,10,,211519,13,0,74 43 8,0,10,,211504,13,0,74 43 8,0,50,,211505,13,0,74 43 8,0,10,,211506,13,0,74 43 8,0,12,,211533,13,0,74 43 8,0,10,,211507,13,0,74 43 8,0,10,,211520,13,0,74 43 8,0,52,,211508,13,0,74 43 8,0,12,,211509,13,0,74 43 8,0,12,,211510,13,0,79 80 8,0,13,,211511,13,0,79 80 8,0,12,,211512,13,0,79 80 8,0,55,,211513,13,0,79 80 8,0,15,,211476,13,0,79 80 8,0,15,,211458,13,0,79 80 8,0,14,,211463,13,0,79 80 8,0,54,,211459,13,0,79 80 8,0,14,,211482,13,0,79 80 8,0,18,,211470,13,0,79 80 8,0,17,,211521,13,0,79 80 8,0,60,,211464,13,0,79 80 8,0,22,,211479,13,0,79 80 8,0,16,,211487,13,0,79 80 8,0,56,,211522,13,0,79 80 8,0,16,,211462,13,0,79 80 8,0,23,,211514,13,0,79 80 8,0,61,,211471,13,0,79 80 8,0,21,,211515,13,0,79 80 8,0,31,,211473,13,0,79 80 8,0,71,,211478,13,0,79 80 8,0,84,,211465,13,0,79 80 8,0,34,,211477,13,0,79 80 8,0
670500,'2_merged_15726441',522,,211676,13,0,79 80 8,0,5,,211581,13,0,79 80 8,0,10,,211601,13,0,79 80 8,0,10,,211618,13,0,79 80 8,0,9,,211588,13,0,79 80 8,0,48,,211580,13,0,79 80 8,0,9,,211625,13,0,79 80 8,0,9,,211677,13,0,79 80 8,0,8,,211572,13,0,79 80 8,0,9,,211587,13,0,79 80 8,0,7,,211633,13,0,79 80 8,0,8,,211623,13,0,79 80 8,0,48,,211678,13,0,79 80 8,0,7,,211626,13,0,79 80 8,0,8,,211615,13,0,79 80 8,0,11,,211586,13,0,79 80 8,0,9,,211634,13,0,79 80 8,0,11,,211614,13,0,79 80 8,0,9,,211579,13,0,79 80 8,0,50,,211627,13,0,79 80 8,0,11,,211613,13,0,79 80 8,0,12,,211578,13,0,79 80 8,0,10,,211611,13,0,79 80 8,0,12,,211628,13,0,79 80 8,0,52,,211577,13,0,79 80 8,0,14,,211610,13,0,79 80 8,0,10,,211583,13,0,79 80 8,0,11,,211599,13,0,79 80 8,0,12,,211629,13,0,79 80 8,0,52,,211598,13,0,79 80 8,0,12,,211582,13,0,79 80 8,0,12,,211576,13,0,79 80 8,0,12,,211597,13,0,79 80 8,0,12,,211630,13,0,79 80 8,0,51,,211603,13,0,79 80 8,0,12,,211593,13,0,79 80 8,0,11,,211602,13,0,79 80 8,0,11,,211631,13,0,79 80 8,0,11,,211584,13,0,79 80 8,0,11,,211589,13,0,79 80 8,0,50,,211590,13,0,79 80 8,0,10,,211638,13,0,79 80 8,0,10,,211639,13,0,79 80 8,0,10,,211640,13,0,79 80 8,0,10,,211641,13,0,79 80 8,0,10,,211642,13,0,79 80 8,0,49,,211643,13,0,79 80 8,0,10,,211644,13,0,79 80 8,0,10,,211645,13,0,79 80 8,0,9,,211646,13,0,79 80 8,0,10,,211647,13,0,79 80 8,0,10,,211648,13,0,79 80 8,0,50,,211649,13,0,79 80 8,0,10,,211650,13,0,79 80 8,0,10,,211651,13,0,79 80 8,0,10,,211652,13,0,79 80 8,0,10,,211653,13,0,79 80 8,0,10,,211654,13,0,79 80 8,0,50,,211655,13,0,79 80 8,0,10,,211656,13,0,79 80 8,0,10,,211657,13,0,79 80 8,0,10,,211658,13,0,79 80 8,0,10,,211659,13,0,79 80 8,0,10,,211660,13,0,79 80 8,0,50,,211661,13,0,79 80 8,0,10,,211662,13,0,79 80 8,0,10,,211663,13,0,79 80 8,0,10,,211664,13,0,79 80 8,0,10,,211665,13,0,79 80 8,0,10,,211666,13,0,79 80 8,0,51,,211667,13,0,79 80 8,0,10,,211668,13,0,79 80 8,0,10,,211669,13,0,79 80 8,0,10,,211670,13,0,79 80 8,0,10,,211671,13,0,79 80 8,0,10,,211672,13,0,79 80 8,0,50,,211673,13,0,79 80 8,0,10,,211632,13,0,79 80 8,0,10,,211674,13,0,79 80 8,0,11,,211585,13,0,79 80 8,0,10,,211596,13,0,79 80 8,0,10,,211635,13,0,79 80 8,0,53,,211616,13,0,79 80 8,0,12,,211595,13,0,79 80 8,0,13,,211573,13,0,79 80 8,0,12,,211609,13,0,79 80 8,0,54,,211617,13,0,79 80 8,0,14,,211636,13,0,79 80 8,0,13,,211594,13,0,79 80 8,0,9,,211600,13,0,79 80 8,0,11,,211608,13,0,79 80 8,0,52,,211592,13,0,79 80 8,0,13,,211637,13,0,79 80 8,0,14,,211622,13,0,79 80 8,0,10,,211619,13,0,79 80 8,0,12,,211607,13,0,79 80 8,0,55,,211591,13,0,79 80 8,0,10,,211675,13,0,79 80 8,0,15,,211620,13,0,79 80 8,0,16,,211612,13,0,79 80 8,0,62,,211621,13,0,79 80 8,0,22,,211624,13,0,79 80 8,0,23,,211606,13,0,79 80 8,0,56,,211604,13,0,79 80 8,0,16,,211605,13,0,79 80 8,0
670500,'3_merged_15726440',542,,211690,13,0,79 80 8,0,59,,211684,13,0,6 7 8,0,12,,211689,13,0,79 80 8,0,12,,211754,13,0,79 80 8,0,12,,211755,13,0,79 80 8,0,12,,211688,13,0,79 80 8,0,52,,211687,13,0,79 80 8,0,11,,211686,13,0,79 80 8,0,12,,211762,13,0,79 80 8,0,12,,211713,13,0,79 80 8,0,12,,211691,13,0,79 80 8,0,55,,211697,13,0,79 80 8,0,15,,211685,13,0,79 80 8,0,15,,211696,13,0,79 80 8,0,14,,211695,13,0,79 80 8,0,53,,211705,13,0,79 80 8,0,14,,211763,13,0,79 80 8,0,13,,211706,13,0,79 80 8,0,13,,211694,13,0,79 80 8,0,13,,211711,13,0,79 80 8,0,50,,211712,13,0,79 80 8,0,12,,211710,13,0,79 80 8,0,15,,211709,13,0,79 80 8,0,15,,211708,13,0,79 80 8,0,55,,211707,13,0,79 80 8,0,15,,211693,13,0,79 80 8,0,12,,211756,13,0,79 80 8,0,12,,211692,13,0,79 80 8,0,12,,211702,13,0,79 80 8,0,52,,211683,13,0,79 80 8,0,12,,211682,13,0,79 80 8,0,12,,211757,13,0,79 80 8,0,11,,211681,13,0,79 80 8,0,12,,211680,13,0,79 80 8,0,52,,211716,13,0,79 80 8,0,12,,211758,13,0,79 80 8,0,12,,211717,13,0,79 80 8,0,12,,211718,13,0,79 80 8,0,12,,211719,13,0,79 80 8,0,50,,211749,13,0,79 80 8,0,10,,211720,13,0,79 80 8,0,10,,211764,13,0,79 80 8,0,10,,211721,13,0,79 80 8,0,10,,211722,13,0,79 80 8,0,10,,211723,13,0,79 80 8,0,50,,211765,13,0,79 80 8,0,10,,211750,13,0,79 80 8,0,10,,211724,13,0,79 80 8,0,10,,211725,13,0,79 80 8,0,10,,211726,13,0,79 80 8,0,10,,211727,13,0,79 80 8,0,50,,211751,13,0,79 80 8,0,10,,211728,13,0,79 80 8,0,10,,211766,13,0,79 80 8,0,10,,211729,13,0,79 80 8,0,10,,211730,13,0,79 80 8,0,10,,211731,13,0,79 80 8,0,50,,211752,13,0,79 80 8,0,10,,211732,13,0,79 80 8,0,10,,211767,13,0,79 80 8,0,10,,211733,13,0,79 80 8,0,10,,211734,13,0,79 80 8,0,9,,211735,13,0,79 80 8,0,51,,211759,13,0,79 80 8,0,12,,211736,13,0,79 80 8,0,12,,211737,13,0,79 80 8,0,12,,211738,13,0,79 80 8,0,12,,211739,13,0,79 80 8,0,52,,211760,13,0,79 80 8,0,12,,211740,13,0,79 80 8,0,12,,211741,13,0,79 80 8,0,13,,211761,13,0,79 80 8,0,13,,211742,13,0,79 80 8,0,56,,211743,13,0,79 80 8,0,16,,211744,13,0,79 80 8,0,18,,211745,13,0,79 80 8,0,11,,211746,13,0,79 80 8,0,54,,211748,13,0,79 80 8,0,14,,211714,13,0,79 80 8,0,18,,211753,13,0,79 80 8,0,13,,211747,13,0,79 80 8,0,55,,211704,13,0,79 80 8,0,20,,211715,13,0,79 80 8,0,22,,211703,13,0,79 80 8,0,59,,211701,13,0,79 80 8,0,28,,211700,13,0,79 80 8,0,25,,211699,13,0,79 80 8,0,77,,211698,13,0,79 80 8,0
671400,'101_merged_15726436',623,,214189,13,,,0
671400,'1_merged_15726439',457,,214204,13,,,0,51,,214238,13,,,0,11,,214228,13,,,0,11,,214202,13,,,0,11,,214239,13,,,0,11,,214223,13,,,0,50,,214229,13,,,0,7,,214194,5,,,0,4,,214231,13,,,0,20,,214241,13,,,0,10,,214230,13,,,0,13,,214195,13,,,0,52,,214232,13,,,0,12,,214196,13,,,0,12,,214240,13,,,0,12,,214205,13,,,0,13,,214227,13,,,0,55,,214197,13,,,0,15,,214233,13,,,0,15,,214198,13,,,0,60,,214206,13,,,0,20,,214207,13,,,0,20,,214222,13,,,0,60,,214208,13,,,0,20,,214209,13,,,0,20,,214234,13,,,0,60,,214210,13,,,0,20,,214242,13,,,0,20,,214190,13,,,0,70,,214211,13,,,0,30,,214212,13,,,0,70,,214213,13,,,0,30,,214214,13,,,0,71,,214215,13,,,0,31,,214216,13,,,0,63,,214217,13,,,0,20,,214224,13,,,0,20,,214203,13,,,0,60,,214199,13,,,0,18,,214225,13,,,0,18,,214200,13,,,0,14,,214235,13,,,0,55,,214201,13,,,0,15,,214226,13,,,0,16,,214236,13,,,0,15,,214218,13,,,0,54,,214220,13,,,0,15,,214219,13,,,0,21,,214237,13,,,0,62,,214221,13,,,0,26,,214191,13,,,0,67,,214192,13,,,0,24,,214193,13,,,0
671400,'201_merged_15726444',623,,214243,13,,,0
671500,'1_merged_15726439',431,,214297,14,,,0,19,,214298,14,,,0,59,,214299,14,,,0,20,,214300,14,,,0,19,,214301,14,,,0,58,,214302,14,,,0,10,,214303,14,,,0,12,,214304,14,,,0,10,,214305,14,,,0,10,,214306,14,,,0,52,,214307,14,,,0,10,,214308,14,,,0,10,,214309,14,,,0,10,,214310,14,,,0,11,,214311,14,,,0,10,,214312,14,,,0,51,,214313,14,,,0,10,,214314,14,,,0,13,,214315,14,,,0,15,,214316,14,,,0,15,,214317,14,,,0,55,,214318,14,,,0,16,,214319,14,,,0,15,,214320,14,,,0,15,,214321,14,,,0,55,,214322,14,,,0,15,,214323,14,,,0,14,,214324,14,,,0,15,,214325,14,,,0,55,,214326,14,,,0,15,,214327,14,,,0,16,,214328,14,,,0,15,,214329,14,,,0,55,,214330,14,,,0,15,,214331,14,,,0,14,,214332,14,,,0,16,,214333,14,,,0,55,,214334,14,,,0,15,,214335,14,,,0,15,,214336,14,,,0,15,,214337,14,,,0,55,,214338,14,,,0,15,,214339,14,,,0,17,,214340,14,,,0,14,,214341,14,,,0,52,,214342,14,,,0,12,,214343,14,,,0,13,,214344,14,,,0,12,,214345,14,,,0,10,,214346,14,,,0,53,,214347,14,,,0,12,,214348,14,,,0,13,,214349,14,,,0,12,,214350,14,,,0,12,,214351,14,,,0,54,,214352,14,,,0,12,,214353,14,,,0,12,,214354,14,,,0,12,,214355,14,,,0,52,,214356,14,,,0,12,,214357,14,,,0,12,,214358,14,,,0,12,,214359,14,,,0,15,,214360,14,,,0,56,,214361,14,,,0,15,,214362,14,,,0,15,,214363,14,,,0,15,,214364,14,,,0,55,,214365,14,,,0,19,,214366,14,,,0,31,,214367,14,,,0,70,,214368,14,,,0,30,,214369,14,,,0,69,,214370,14,,,0,30,,214371,14,,,0,65,,214372,14,,,0,30,,214373,14,,,0,70,,214374,14,,,0,30,,214375,14,,,0,70,,214376,14,,,0
671500,'2_merged_15726441',432,,214378,14,,,0,100,,214434,14,,,0,81,,214398,14,,,0,21,,214433,14,,,0,20,,214397,14,,,0,60,,214432,14,,,0,21,,214431,14,,,0,20,,214413,14,,,0,59,,214430,14,,,0,15,,214442,14,,,0,15,,214429,14,,,0,15,,214441,14,,,0,55,,214428,14,,,0,15,,214440,14,,,0,15,,214427,14,,,0,14,,214439,14,,,0,55,,214443,14,,,0,15,,214426,14,,,0,16,,214438,14,,,0,15,,214425,14,,,0,55,,214437,14,,,0,15,,214424,14,,,0,15,,214436,14,,,0,15,,214423,14,,,0,55,,214435,14,,,0,15,,214422,14,,,0,15,,214396,14,,,0,15,,214421,14,,,0,55,,214395,14,,,0,15,,214420,14,,,0,15,,214394,14,,,0,15,,214419,14,,,0,55,,214410,14,,,0,16,,214418,14,,,0,15,,214393,14,,,0,55,,214417,14,,,0,15,,214392,14,,,0,15,,214416,14,,,0,15,,214391,14,,,0,55,,214415,14,,,0,15,,214390,14,,,0,16,,214414,14,,,0,14,,214389,14,,,0,55,,214412,14,,,0,16,,214388,14,,,0,15,,214411,14,,,0,15,,214387,14,,,0,55,,214409,14,,,0,15,,214386,14,,,0,15,,214408,14,,,0,15,,214385,14,,,0,55,,214407,14,,,0,14,,214384,14,,,0,15,,214406,14,,,0,15,,214383,14,,,0,55,,214377,14,,,0,15,,214382,14,,,0,15,,214405,14,,,0,15,,214402,14,,,0,14,,214404,14,,,0,56,,214403,14,,,0,21,,214401,14,,,0,20,,214400,14,,,0,68,,214381,14,,,0,30,,214399,14,,,0,71,,214380,14,,,0,83,,214379,14,,,0,30,,214445,14,,,0,70,,214444,14,,,0
671500,'3_merged_15726440',432,,214447,14,,,0,100,,214503,14,,,0,81,,214467,14,,,0,19,,214502,14,,,0,20,,214466,14,,,0,60,,214501,14,,,0,20,,214500,14,,,0,20,,214482,14,,,0,60,,214499,14,,,0,15,,214511,14,,,0,15,,214498,14,,,0,15,,214510,14,,,0,55,,214497,14,,,0,15,,214509,14,,,0,15,,214496,14,,,0,15,,214508,14,,,0,55,,214512,14,,,0,15,,214495,14,,,0,15,,214507,14,,,0,15,,214494,14,,,0,56,,214506,14,,,0,15,,214493,14,,,0,15,,214505,14,,,0,15,,214492,14,,,0,55,,214504,14,,,0,15,,214491,14,,,0,15,,214465,14,,,0,15,,214490,14,,,0,55,,214464,14,,,0,15,,214489,14,,,0,15,,214463,14,,,0,15,,214488,14,,,0,55,,214479,14,,,0,15,,214487,14,,,0,15,,214462,14,,,0,15,,214486,14,,,0,55,,214461,14,,,0,15,,214485,14,,,0,15,,214460,14,,,0,15,,214484,14,,,0,55,,214459,14,,,0,15,,214483,14,,,0,14,,214458,14,,,0,15,,214481,14,,,0,55,,214457,14,,,0,15,,214480,14,,,0,15,,214456,14,,,0,15,,214478,14,,,0,55,,214455,14,,,0,15,,214477,14,,,0,15,,214454,14,,,0,15,,214476,14,,,0,55,,214453,14,,,0,15,,214475,14,,,0,15,,214452,14,,,0,15,,214446,14,,,0,55,,214451,14,,,0,15,,214474,14,,,0,15,,214471,14,,,0,15,,214473,14,,,0,59,,214472,14,,,0,19,,214470,14,,,0,20,,214469,14,,,0,70,,214450,14,,,0,31,,214468,14,,,0,70,,214449,14,,,0,82,,214448,14,,,0,30,,214514,14,,,0,71,,214513,14,,,0
675400,'101_merged_15726436',1548,,219579,47,4,,0
732100,'1_merged_15726439',558,,224294,13,,,0,70,,224274,13,,,0,73,,224275,13,,,0,30,,224273,13,,,0,70,,224276,13,,,0,31,,224290,13,,,0,73,,224277,13,,,0,32,,224272,13,,,0,71,,224278,13,,,0,31,,224291,13,,,0,71,,224279,13,,,0,30,,224268,13,,,0,70,,224280,13,,,0,31,,224292,13,,,0,70,,224281,13,,,0,29,,224269,13,,,0,69,,224282,13,,,0,31,,224293,13,,,0,72,,224283,13,,,0,31,,224270,13,,,0,72,,224284,13,,,0,32,,224266,13,,,0,70,,224285,13,,,0,30,,224271,13,,,0,73,,224286,13,,,0,30,,224267,13,,,0,70,,224287,13,,,0,30,,224295,13,,,0,70,,224288,13,,,0,28,,224296,13,,,0,72,,224289,13,,,0,95,,224297,13,,,0,99,,224298,13,,,0,99,,224299,13,,,0
732100,'2_merged_15726441',634,,224306,13,,,0,20,,224321,13,,,0,68,,224320,13,,,0,30,,224319,13,,,0,70,,224305,13,,,0,20,,224300,13,,,0,60,,224337,13,,,0,20,,224304,13,,,0,30,,224318,13,,,0,70,,224303,13,,,0,31,,224317,13,,,0,70,,224302,13,,,0,21,,224316,13,,,0,61,,224335,13,,,0,20,,224301,13,,,0,20,,224315,13,,,0,60,,224329,13,,,0,20,,224327,13,,,0,20,,224314,13,,,0,60,,224330,13,,,0,20,,224326,13,,,0,20,,224313,13,,,0,60,,224331,13,,,0,20,,224325,13,,,0,21,,224312,13,,,0,60,,224332,13,,,0,21,,224324,13,,,0,21,,224311,13,,,0,60,,224333,13,,,0,19,,224323,13,,,0,19,,224310,13,,,0,60,,224334,13,,,0,19,,224322,13,,,0,19,,224309,13,,,0,60,,224336,13,,,0,30,,224338,13,,,0,69,,224308,13,,,0,30,,224339,13,,,0,73,,224307,13,,,0,100,,224328,13,,,0,110,,224340,13,,,0,100,,224341,13,,,0
732100,'3_merged_15726440',704,,224351,13,,,0,27,,224350,13,,,0,70,,224349,13,,,0,30,,224348,13,,,0,70,,224347,13,,,0,30,,224359,13,,,0,70,,224346,13,,,0,30,,224358,13,,,0,70,,224345,13,,,0,31,,224357,13,,,0,70,,224344,13,,,0,25,,224356,13,,,0,20,,224343,13,,,0,60,,224370,13,,,0,20,,224355,13,,,0,20,,224369,13,,,0,60,,224371,13,,,0,20,,224354,13,,,0,20,,224368,13,,,0,60,,224372,13,,,0,20,,224353,13,,,0,20,,224367,13,,,0,60,,224373,13,,,0,20,,224352,13,,,0,20,,224366,13,,,0,60,,224374,13,,,0,20,,224362,13,,,0,20,,224365,13,,,0,60,,224375,13,,,0,19,,224360,13,,,0,30,,224364,13,,,0,70,,224342,13,,,0,33,,224363,13,,,0,73,,224376,13,,,0,73,,224361,13,,,0,105,,224377,13,,,0,101,,224378,13,,,0,103,,224379,13,,,0
1870500,'1_merged_15726439',546,,227396,5,,,0,54,,227400,5,,,0,14,,227407,5,,,0,14,,227380,5,,,0,15,,227381,5,,,0,15,,227401,5,,,0,56,,227415,5,,,0,15,,227411,5,,,0,15,,227382,5,,,0,15,,227383,5,,,0,60,,227402,5,,,0,20,,227384,5,,,0,20,,227385,5,,,0,60,,227368,5,,,0,25,,227369,5,,,0,70,,227370,5,,,0,30,,227371,5,,,0,70,,227372,5,,,0,30,,227399,5,,,0,70,,227373,5,,,0,30,,227374,5,,,0,70,,227376,5,,,0,20,,227375,5,,,0,19,,227403,5,,,0,62,,227409,5,,,0,20,,227377,5,,,0,20,,227404,5,,,0,60,,227378,5,,,0,20,,227379,5,,,0,20,,227405,5,,,0,59,,227386,5,,,0,19,,227387,5,,,0,19,,227408,5,,,0,59,,227410,5,,,0,20,,227406,5,,,0,20,,227388,5,,,0,59,,227389,5,,,0,20,,227390,5,,,0,20,,227391,5,,,0,70,,227392,5,,,0,30,,227393,5,,,0,70,,227394,5,,,0,30,,227395,5,,,0,98,,227412,5,,,0,98,,227413,5,,,0,100,,227414,5,,,0
1870500,'2_merged_15726441',547,,227439,5,,,0,70,,227440,5,,,0,32,,227441,5,,,0,73,,227442,5,,,0,33,,227443,5,,,0,71,,227444,5,,,0,30,,227445,5,,,0,70,,227446,5,,,0,30,,227416,5,,,0,70,,227417,5,,,0,30,,227418,5,,,0,70,,227419,5,,,0,30,,227420,5,,,0,70,,227421,5,,,0,30,,227422,5,,,0,70,,227423,5,,,0,30,,227424,5,,,0,70,,227425,5,,,0,30,,227426,5,,,0,70,,227427,5,,,0,30,,227428,5,,,0,70,,227429,5,,,0,30,,227430,5,,,0,70,,227431,5,,,0,30,,227435,5,,,0,69,,227432,5,,,0,29,,227433,5,,,0,69,,227434,5,,,0,31,,227436,5,,,0,71,,227437,5,,,0,30,,227438,5,,,0,98,,227447,5,,,0,100,,227448,5,,,0,98,,227449,5,,,0
1870500,'3_merged_15726440',551,,227454,5,,,0,70,,227455,5,,,0,30,,227456,5,,,0,70,,227457,5,,,0,30,,227465,5,,,0,70,,227458,5,,,0,30,,227459,5,,,0,70,,227460,5,,,0,30,,227461,5,,,0,70,,227462,5,,,0,30,,227463,5,,,0,70,,227464,5,,,0,30,,227466,5,,,0,70,,227467,5,,,0,30,,227468,5,,,0,70,,227469,5,,,0,30,,227470,5,,,0,70,,227471,5,,,0,31,,227472,5,,,0,70,,227473,5,,,0,30,,227474,5,,,0,70,,227475,5,,,0,30,,227476,5,,,0,70,,227477,5,,,0,30,,227478,5,,,0,70,,227479,5,,,0,30,,227480,5,,,0,70,,227450,5,,,0,30,,227451,5,,,0,70,,227452,5,,,0,30,,227453,5,,,0,99,,227481,5,,,0,100,,227482,5,,,0,100,,227483,5,,,0
