674100,'101_merged_15726436',1526,,218147,30,,,0
674100,'1_merged_15726439',433,,218148,30,,,0,72,,218149,30,,,0,27,,218150,30,,,0,17,,218151,30,,,0,54,,218152,30,,,0,19,,218153,30,,,0,10,,218155,13,,,0,9,,218156,13,,,0,11,,218158,13,,,0,62,,218160,27,,,0,21,,218162,13,,,0,10,,218163,27,,,0,65,,218165,30,,,0,14,,218166,30,,,0,16,,218167,27,,,0,13,,218168,30,,,0,53,,218169,30,,,0,13,,218170,13,,,0,16,,218171,30,,,0,17,,218172,30,,,0,54,,218173,30,,,0,20,,218174,30,,,0,30,,218175,30,,,0,68,,218176,30,,,0,20,,218217,30,,,0,64,,218177,30,,,0,16,,218178,30,,,0,20,,218215,30,,,0,60,,218179,30,,,0,20,,218214,30,,,0,19,,218180,30,,,0,61,,218216,30,,,0,21,,218181,30,,,0,16,,218182,30,,,0,13,,218183,30,,,0,55,,218184,30,,,0,13,,218185,30,,,0,15,,218186,30,,,0,16,,218187,30,,,0,56,,218188,30,,,0,14,,218189,30,,,0,15,,218190,30,,,0,15,,218191,30,,,0,55,,218192,30,,,0,16,,218193,30,,,0,15,,218194,30,,,0,15,,218195,27,,,0,56,,218196,30,,,0,15,,218197,30,,,0,21,,218198,27,,,0,61,,218199,30,,,0,19,,218200,30,,,0,19,,218201,30,,,0,59,,218202,30,,,0,20,,218203,30,,,0,20,,218204,30,,,0,60,,218205,30,,,0,27,,218206,30,,,0,71,,218207,30,,,0,30,,218208,30,,,0,70,,218209,30,,,0,30,,218210,30,,,0,100,,218211,30,,,0,92,,218212,30,,,0
674100,'2_merged_15726441',438,,218263,30,,,0,104,,218262,30,,,0,105,,218261,30,,,0,69,,218260,30,,,0,24,,218268,30,,,0,63,,218259,30,,,0,22,,218257,30,,,0,20,,218269,30,,,0,61,,218256,30,,,0,20,,218255,30,,,0,21,,218270,30,,,0,61,,218254,30,,,0,20,,218258,30,,,0,21,,218271,30,,,0,61,,218253,30,,,0,21,,218252,30,,,0,20,,218224,30,,,0,59,,218251,30,,,0,20,,218250,30,,,0,20,,218223,30,,,0,61,,218249,30,,,0,20,,218248,30,,,0,20,,218222,30,,,0,60,,218247,30,,,0,20,,218246,30,,,0,20,,218221,30,,,0,60,,218233,30,,,0,21,,218232,30,,,0,20,,218220,30,,,0,60,,218245,30,,,0,15,,218264,30,,,0,15,,218244,30,,,0,14,,218219,30,,,0,55,,218243,30,,,0,15,,218265,30,,,0,16,,218242,30,,,0,15,,218218,30,,,0,55,,218225,30,,,0,15,,218266,30,,,0,15,,218241,30,,,0,60,,218240,30,,,0,20,,218239,30,,,0,19,,218267,30,,,0,60,,218238,30,,,0,20,,218237,30,,,0,32,,218236,30,,,0,68,,218235,30,,,0,30,,218227,30,,,0,70,,218234,30,,,0,31,,218226,30,,,0,77,,218231,30,,,0,97,,218230,30,,,0,108,,218229,30,,,0,124,,218228,30,,,0
674100,'3_merged_15726440',440,,218317,30,,,0,100,,218316,30,,,0,107,,218315,30,,,0,72,,218314,30,,,0,30,,218313,30,,,0,71,,218311,30,,,0,20,,218323,30,,,0,61,,218310,30,,,0,20,,218309,30,,,0,20,,218324,30,,,0,61,,218308,30,,,0,20,,218312,30,,,0,20,,218325,30,,,0,60,,218307,30,,,0,20,,218306,30,,,0,19,,218326,30,,,0,59,,218278,30,,,0,20,,218305,30,,,0,20,,218304,30,,,0,19,,218277,30,,,0,60,,218303,30,,,0,20,,218302,30,,,0,18,,218276,30,,,0,60,,218301,30,,,0,23,,218300,30,,,0,60,,218275,30,,,0,20,,218287,30,,,0,19,,218286,30,,,0,17,,218274,30,,,0,55,,218299,30,,,0,15,,218318,30,,,0,14,,218298,30,,,0,15,,218273,30,,,0,55,,218297,30,,,0,15,,218319,30,,,0,15,,218296,30,,,0,15,,218272,30,,,0,55,,218279,30,,,0,15,,218320,30,,,0,14,,218295,30,,,0,15,,218294,30,,,0,55,,218321,30,,,0,15,,218293,30,,,0,16,,218322,30,,,0,60,,218292,30,,,0,20,,218291,30,,,0,33,,218290,30,,,0,69,,218289,30,,,0,30,,218281,30,,,0,70,,218288,30,,,0,30,,218280,30,,,0,74,,218285,30,,,0,99,,218284,30,,,0,110,,218283,30,,,0,120,,218282,30,,,0
674501,'101_merged_15726436',1452,,218564,7,0,91 92,0
674501,'1_merged_15726439',1643,,218565,7,0,91 92,0,81,,218566,7,0,91 92,0,29,,218567,7,0,91 92,0,73,,218568,7,0,91 92,0,77,,218569,7,0,91 92,0
682301,'1_merged_15726439',748,,223218,7,0,91 89,0,70,,223202,7,0,91 89,0,30,,223203,7,0,91 89,0,70,,223204,7,0,91 89,0,29,,223205,7,0,91 89,0,70,,223206,7,0,91 89,0,30,,223207,7,0,91 89,0,70,,223208,7,0,91 89,0,30,,223209,7,0,91 89,0,70,,223211,7,0,91 89,0,31,,223212,7,0,91 89,0,70,,223213,7,0,91 89,0,25,,223214,7,0,91 89,0,70,,223215,7,0,91 89,0,45,,223210,7,0,91 89,0,65,,223216,7,0,91 89,0,25,,223198,7,0,91 89,0,70,,223217,7,0,91 89,0,30,,223219,7,0,91 89,0,71,,223220,7,0,91 89,0,28,,223200,7,0,91 89,0,70,,223199,7,0,91 89,0,30,,223201,7,0,91 89,0
682301,'2_merged_15726441',847,,223241,7,0,91 89,0,71,,223240,7,0,91 89,0,30,,223239,7,0,91 89,0,69,,223238,7,0,91 89,0,30,,223237,7,0,91 89,0,70,,223236,7,0,91 89,0,30,,223235,7,0,91 89,0,70,,223221,7,0,91 89,0,30,,223234,7,0,91 89,0,70,,223233,7,0,91 89,0,31,,223232,7,0,91 89,0,69,,223231,7,0,91 89,0,30,,223230,7,0,91 89,0,70,,223229,7,0,91 89,0,30,,223228,7,0,91 89,0,71,,223227,7,0,91 89,0,30,,223226,7,0,91 89,0,70,,223224,7,0,91 89,0,30,,223225,7,0,91 89,0,70,,223223,7,0,91 89,0,30,,223222,7,0,91 89,0
682301,'3_merged_15726440',848,,223242,7,0,91 89,0,80,,223243,7,0,91 89,0,79,,223244,7,0,91 89,0,40,,223245,7,0,91 89,0,80,,223246,7,0,91 89,0,80,,223247,7,0,91 89,0,41,,223248,7,0,91 89,0,80,,223249,7,0,91 89,0,79,,223250,7,0,91 89,0,40,,223251,7,0,91 89,0,80,,223252,7,0,91 89,0,80,,223253,7,0,91 89,0,40,,223254,7,0,91 89,0,80,,223255,7,0,91 89,0,80,,223256,7,0,91 89,0,40,,223257,7,0,91 89,0
1169600,'1_merged_15726439',600,,225663,30,,,0,30,,225664,30,,,0,70,,225665,30,,,0,30,,225666,30,,,0,70,,225667,30,,,0,32,,225668,30,,,0,70,,225669,30,,,0,32,,225670,30,,,0,68,,225689,30,,,0,30,,225671,30,,,0,70,,225690,30,,,0,31,,225672,30,,,0,69,,225691,30,,,0,32,,225673,30,,,0,70,,225692,30,,,0,30,,225674,30,,,0,70,,225693,30,,,0,32,,225675,30,,,0,70,,225694,30,,,0,30,,225676,30,,,0,70,,225695,30,,,0,30,,225677,30,,,0,70,,225678,30,,,0,28,,225679,30,,,0,70,,225680,30,,,0,30,,225681,30,,,0,69,,225682,30,,,0,30,,225683,30,,,0,68,,225696,30,,,0,20,,225684,30,,,0,79,,225697,30,,,0,30,,225685,30,,,0,70,,225698,30,,,0,30,,225686,30,,,0,70,,225699,30,,,0,30,,225687,30,,,0,70,,225700,30,,,0,29,,225688,30,,,0
1169600,'2_merged_15726441',722,,225701,30,,,0,32,,225728,30,,,0,69,,225702,30,,,0,30,,225703,30,,,0,67,,225704,30,,,0,30,,225727,30,,,0,72,,225705,30,,,0,32,,225706,30,,,0,70,,225707,30,,,0,30,,225708,30,,,0,70,,225709,30,,,0,32,,225710,30,,,0,70,,225711,30,,,0,30,,225712,30,,,0,70,,225713,30,,,0,30,,225714,30,,,0,70,,225715,30,,,0,30,,225716,30,,,0,70,,225717,30,,,0,30,,225718,30,,,0,68,,225719,30,,,0,28,,225720,30,,,0,70,,225721,30,,,0,30,,225722,30,,,0,70,,225729,30,,,0,30,,225723,30,,,0,69,,225724,30,,,0,30,,225730,30,,,0,70,,225725,30,,,0,28,,225731,30,,,0,70,,225726,30,,,0
1169600,'3_merged_15726440',755,,225755,30,,,0,70,,225732,30,,,0,30,,225733,30,,,0,72,,225756,30,,,0,30,,225734,30,,,0,70,,225735,30,,,0,25,,225736,30,,,0,70,,225737,30,,,0,30,,225738,30,,,0,71,,225739,30,,,0,30,,225740,30,,,0,71,,225741,30,,,0,30,,225742,30,,,0,71,,225743,30,,,0,31,,225744,30,,,0,70,,225745,30,,,0,30,,225746,30,,,0,70,,225747,30,,,0,28,,225748,30,,,0,70,,225749,30,,,0,30,,225750,30,,,0,69,,225751,30,,,0,30,,225757,30,,,0,70,,225752,30,,,0,30,,225758,30,,,0,70,,225753,30,,,0,30,,225759,30,,,0,70,,225754,30,,,0
