667700,'101_merged_15727747',1609,,206275,12,,,0
667700,'1101_merged_15727765',2517,,206276,12,,,0
667700,'1201_merged_15727743',2517,,206277,12,,,0
667700,'1_merged_15727750',615,,206278,12,,,0,29,,206279,12,,,0,72,,206280,12,,,0,29,,206281,12,,,0,72,,206282,12,,,0,28,,206283,12,,,0,80,,206284,12,,,0,24,,206285,12,,,0,87,,206286,12,,,0,74,,206287,12,,,0,26,,206288,12,,,0,70,,206289,12,,,0,30,,206290,12,,,0,71,,206291,12,,,0,31,,206292,12,,,0,69,,206293,12,,,0,13,,206294,12,,,0,31,,206295,12,,,0,66,,206296,12,,,0,20,,206297,12,,,0,14,,206298,12,,,0,69,,206299,12,,,0,19,,206300,12,,,0,12,,206301,12,,,0,59,,206302,12,,,0,13,,206303,12,,,0,19,,206304,12,,,0,60,,206305,12,,,0,13,,206306,12,,,0,16,,206307,12,,,0,12,,206308,12,,,0,16,,206309,12,,,0,50,,206310,12,,,0,11,,206324,12,,,0,15,,206319,12,,,0,17,,206320,12,,,0,56,,206321,12,,,0,15,,206322,12,,,0,15,,206323,12,,,0,12,,206311,12,,,0,68,,206312,12,,,0,29,,206313,12,,,0,68,,206314,12,,,0,30,,206315,12,,,0,70,,206316,12,,,0,30,,206317,12,,,0,69,,206318,12,,,0
667700,'201_merged_15727755',1609,,206325,12,,,0
667700,'2_merged_15727752',649,,206363,12,,,0,66,,206345,12,,,0,31,,206370,12,,,0,70,,206346,12,,,0,30,,206369,12,,,0,71,,206347,12,,,0,31,,206368,12,,,0,70,,206348,12,,,0,31,,206367,12,,,0,70,,206352,12,,,0,29,,206365,12,,,0,71,,206326,12,,,0,31,,206327,12,,,0,70,,206328,12,,,0,33,,206329,12,,,0,56,,206330,12,,,0,20,,206331,12,,,0,22,,206332,12,,,0,59,,206333,12,,,0,19,,206334,12,,,0,21,,206335,12,,,0,60,,206336,12,,,0,20,,206337,12,,,0,21,,206338,12,,,0,59,,206339,12,,,0,25,,206340,12,,,0,17,,206341,12,,,0,60,,206342,12,,,0,22,,206343,12,,,0,21,,206344,12,,,0,64,,206371,12,,,0,16,,206349,12,,,0,14,,206350,12,,,0,55,,206351,12,,,0,16,,206366,12,,,0,30,,206353,12,,,0,71,,206364,12,,,0,28,,206354,12,,,0,69,,206362,12,,,0,30,,206355,12,,,0,69,,206361,12,,,0,30,,206356,12,,,0,69,,206357,12,,,0,32,,206358,12,,,0,65,,206359,12,,,0,36,,206360,12,,,0
667700,'3_merged_15727751',818,,206372,12,,,0,30,,206373,12,,,0,70,,206374,12,,,0,29,,206375,12,,,0,70,,206376,12,,,0,30,,206377,12,,,0,69,,206378,12,,,0,32,,206379,12,,,0,69,,206380,12,,,0,31,,206381,12,,,0,70,,206382,12,,,0,31,,206383,12,,,0,72,,206384,12,,,0,31,,206409,12,,,0,53,,206385,12,,,0,28,,206386,12,,,0,15,,206387,12,,,0,57,,206408,12,,,0,30,,206388,12,,,0,17,,206389,12,,,0,56,,206407,12,,,0,29,,206390,12,,,0,13,,206391,12,,,0,59,,206406,12,,,0,28,,206392,12,,,0,14,,206393,12,,,0,60,,206405,12,,,0,23,,206394,12,,,0,15,,206403,12,,,0,59,,206404,12,,,0,25,,206395,12,,,0,17,,206396,12,,,0,66,,206397,12,,,0,30,,206402,12,,,0,72,,206398,12,,,0,30,,206401,12,,,0,70,,206399,12,,,0,34,,206400,12,,,0
667800,'1_merged_15727750',539,,206546,12,,,0,15,,206547,12,,,0,74,,206548,12,,,0,22,,206549,12,,,0,56,,206550,12,,,0,13,,206551,12,,,0,15,,206552,12,,,0,13,,206553,12,,,0,57,,206554,12,,,0,33,,206555,12,,,0,67,,206556,12,,,0,30,,206557,12,,,0,74,,206558,12,,,0,25,,206559,12,,,0,70,,206560,12,,,0,30,,206561,12,,,0,70,,206562,12,,,0,29,,206563,12,,,0,70,,206564,12,,,0,28,,206565,12,,,0,27,,206566,12,,,0,76,,206567,12,,,0,69,,206568,12,,,0,20,,206569,12,,,0,22,,206570,12,,,0,59,,206571,12,,,0,14,,206572,12,,,0,17,,206573,12,,,0,15,,206574,12,,,0,57,,206575,12,,,0,13,,206576,12,,,0,17,,206577,12,,,0,11,,206578,12,,,0,62,,206579,12,,,0,10,,206580,12,,,0,10,,206581,12,,,0,9,,206582,12,,,0,10,,206583,12,,,0,60,,206584,12,,,0,13,,206585,12,,,0,30,,206586,12,,,0,71,,206587,12,,,0,30,,206588,12,,,0,78,,206589,12,,,0,70,,206590,12,,,0,57,,206591,12,,,0,99,,206592,12,,,0,100,,206593,12,,,0
667800,'2_merged_15727752',606,,206594,6,,,0,24,,206595,12,,,0,70,,206596,12,,,0,30,,206597,12,,,0,72,,206598,12,,,0,31,,206599,12,,,0,70,,206600,12,,,0,30,,206601,12,,,0,70,,206602,12,,,0,29,,206603,12,,,0,70,,206604,12,,,0,30,,206605,12,,,0,70,,206606,12,,,0,31,,206607,12,,,0,71,,206608,12,,,0,28,,206609,12,,,0,74,,206610,12,,,0,26,,206611,12,,,0,69,,206612,12,,,0,30,,206613,12,,,0,70,,206614,12,,,0,33,,206615,12,,,0,69,,206616,12,,,0,30,,206617,12,,,0,70,,206630,12,,,0,30,,206618,12,,,0,70,,206619,12,,,0,30,,206620,12,,,0,69,,206621,12,,,0,30,,206622,12,,,0,70,,206623,12,,,0,28,,206624,12,,,0,17,,206625,12,,,0,70,,206626,12,,,0,30,,206627,12,,,0,100,,206628,12,,,0,100,,206629,12,,,0
667800,'3_merged_15727751',800,,206631,6,,,0,29,,206632,12,,,0,72,,206633,12,,,0,29,,206634,12,,,0,29,,206635,12,,,0,63,,206636,12,,,0,30,,206637,12,,,0,71,,206638,12,,,0,77,,206639,12,,,0,33,,206640,12,,,0,71,,206641,12,,,0,29,,206642,12,,,0,69,,206643,12,,,0,31,,206644,12,,,0,70,,206645,12,,,0,30,,206646,12,,,0,71,,206647,12,,,0,30,,206648,12,,,0,70,,206649,12,,,0,30,,206650,12,,,0,70,,206651,12,,,0,29,,206652,12,,,0,71,,206653,12,,,0,29,,206654,12,,,0,70,,206655,12,,,0,30,,206656,12,,,0,25,,206657,12,,,0,92,,206658,12,,,0,95,,206659,12,,,0,105,,206660,12,,,0,95,,206661,12,,,0
667901,'1_merged_15727750',543,,206870,23,,,0,65,,206871,23,,,0,28,,206872,23,,,0,68,,206873,23,,,0,28,,206874,23,,,0,78,,206875,23,,,0,31,,206876,23,,,0,73,,206877,23,,,0,24,,206878,23,,,0,70,,206879,23,,,0,33,,206880,23,,,0,71,,206881,23,,,0,33,,206882,23,,,0,68,,206883,23,,,0,30,,206884,23,,,0,70,,206885,23,,,0,30,,206886,23,,,0,70,,206887,23,,,0,30,,206888,23,,,0,73,,206889,23,,,0,31,,206890,23,,,0,67,,206891,23,,,0,32,,206892,23,,,0,68,,206893,23,,,0,31,,206894,23,,,0,67,,206895,23,,,0,27,,206896,23,,,0,78,,206897,23,,,0,27,,206898,23,,,0,64,,206899,23,,,0,32,,206900,23,,,0,69,,206901,23,,,0,29,,206902,23,,,0,71,,206903,23,,,0
667901,'2_merged_15727752',632,,206904,23,,,0,72,,206905,23,,,0,29,,206906,23,,,0,23,,206907,23,,,0,79,,206908,23,,,0,70,,206909,23,,,0,31,,206910,23,,,0,73,,206911,23,,,0,30,,206912,23,,,0,71,,206913,23,,,0,31,,206914,23,,,0,70,,206915,23,,,0,31,,206916,23,,,0,71,,206917,23,,,0,30,,206918,23,,,0,70,,206919,23,,,0,30,,206920,23,,,0,69,,206921,23,,,0,30,,206922,23,,,0,69,,206923,23,,,0,30,,206924,23,,,0,73,,206925,23,,,0,22,,206926,23,,,0,73,,206927,23,,,0,31,,206928,23,,,0,69,,206929,23,,,0,29,,206930,23,,,0,69,,206931,23,,,0,31,,206932,23,,,0,71,,206933,23,,,0,29,,206934,23,,,0,70,,206935,23,,,0
667901,'3_merged_15727751',737,,206936,23,,,0,70,,206937,23,,,0,30,,206938,23,,,0,71,,206939,23,,,0,30,,206940,23,,,0,71,,206941,23,,,0,29,,206942,23,,,0,72,,206943,23,,,0,33,,206944,23,,,0,66,,206945,23,,,0,30,,206946,23,,,0,77,,206947,23,,,0,25,,206948,23,,,0,70,,206949,23,,,0,30,,206950,23,,,0,71,,206951,23,,,0,30,,206952,23,,,0,70,,206953,23,,,0,31,,206954,23,,,0,70,,206955,23,,,0,31,,206956,23,,,0,69,,206957,23,,,0,29,,206958,23,,,0,69,,206959,23,,,0,30,,206960,23,,,0,68,,206961,23,,,0,30,,206962,23,,,0,70,,206963,23,,,0,30,,206964,23,,,0,68,,206965,23,,,0
668300,'1_merged_15727750',627,,207713,6,,,0,9,,207714,6,,,0,17,,207715,6,,,0,56,,207716,6,,,0,31,,207717,6,,,0,871,,207718,28,,,0,19,,207719,28,,,0,16,,207720,28,,,0,10,,207721,28,,,0,59,,207722,28,,,0,28,,207723,28,,,0,67,,207724,28,,,0,13,,207725,28,,,0,11,,207726,28,,,0,12,,207727,28,,,0,66,,207728,28,,,0,24,,207729,28,,,0,65,,207730,28,,,0
683700,'1101_merged_15727765',2656,,223818,39,,,0
683700,'1201_merged_15727743',2656,,223819,39,,,0
683700,'1_merged_15727750',2536,,223820,39,,,0,20,,223821,39,,,0,60,,223822,39,,,0,29,,223823,39,,,0,74,,223824,39,,,0,19,,223825,39,,,0,68,,223826,39,,,0
683700,'2_merged_15727752',523,,223835,13,,,0,2019,,223829,39,,,0,63,,223834,39,,,0,14,,223828,39,,,0,19,,223833,39,,,0,20,,223830,39,,,0,70,,223832,39,,,0,12,,223831,39,,,0,74,,223827,39,,,0
683700,'3_merged_15727751',553,,223836,13,,,0,74,,223837,13,,,0,31,,223838,13,,,0,69,,223839,33,,,0,1687,,223842,39,,,0,31,,223843,39,,,0,70,,223844,39,,,0,37,,223845,39,,,0,71,,223846,39,,,0,24,,223847,39,,,0,88,,223848,39,,,0,65,,223849,39,,,0
