666600,'1_merged_15727750',546,,204349,17,,,0,79,,204348,38,,,0,32,,204331,38,,,0,66,,204347,38,,,0,23,,204346,38,,,0
666601,'1_merged_15727750',1634,,204440,7,,,0,14,,204464,7,,,0,54,,204439,7,,,0,15,,204459,7,,,0,15,,204455,7,,,0,16,,204423,7,,,0,62,,204424,7,,,0,16,,204438,7,,,0,33,,204432,7,,,0
666700,'1_merged_15727750',630,,204559,54,,,0,21,,204597,54,,,0,62,,204531,54,,,0,23,,204532,54,,,0,23,,204533,54,,,0,60,,204534,54,,,0,13,,204535,54,,,0,13,,204536,54,,,0,13,,204537,54,,,0,55,,204601,54,,,0,11,,204602,54,,,0,18,,204538,54,,,0,15,,204539,54,,,0,57,,204540,54,,,0,14,,204541,54,,,0,17,,204542,54,,,0,55,,204543,54,,,0,16,,204544,54,,,0,15,,204600,54,,,0,16,,204560,54,,,0,55,,204561,54,,,0,13,,204596,54,,,0,15,,204545,54,,,0,18,,204546,54,,,0,56,,204547,54,,,0,15,,204548,54,,,0,14,,204549,54,,,0,16,,204550,54,,,0,55,,204551,54,,,0,15,,204599,54,,,0,15,,204562,54,,,0,21,,204563,54,,,0,56,,204595,54,,,0,17,,204552,54,,,0,16,,204553,54,,,0,57,,204554,54,,,0,15,,204555,54,,,0,18,,204556,54,,,0,15,,204557,54,,,0,60,,204558,54,,,0,17,,204598,54,,,0,12,,204564,54,,,0,13,,204565,54,,,0,57,,204594,54,,,0,13,,204566,54,,,0,12,,204567,54,,,0,16,,204568,54,,,0,7,,204569,54,,,0,54,,204570,54,,,0,17,,204571,54,,,0,6,,204572,54,,,0,13,,204573,54,,,0,54,,204593,54,,,0,13,,204589,54,,,0,15,,204590,54,,,0,13,,204591,54,,,0,13,,204583,54,,,0,54,,204584,54,,,0,15,,204585,54,,,0,12,,204586,54,,,0,15,,204587,54,,,0,52,,204588,54,,,0,15,,204592,54,,,0,15,,204574,54,,,0,68,,204575,54,,,0,30,,204576,54,,,0,70,,204577,54,,,0,30,,204578,54,,,0,27,,204579,54,,,0,70,,204580,54,,,0,26,,204581,54,,,0,71,,204582,54,,,0
666700,'2_merged_15727752',734,,204612,54,,,0,69,,204613,54,,,0,21,,204614,54,,,0,21,,204615,54,,,0,67,,204616,54,,,0,16,,204617,54,,,0,16,,204618,54,,,0,57,,204619,54,,,0,16,,204620,54,,,0,18,,204621,54,,,0,12,,204622,54,,,0,62,,204623,54,,,0,14,,204624,54,,,0,14,,204625,54,,,0,14,,204626,54,,,0,60,,204627,54,,,0,15,,204628,54,,,0,16,,204629,54,,,0,15,,204630,54,,,0,54,,204631,54,,,0,17,,204632,54,,,0,15,,204633,54,,,0,15,,204634,54,,,0,55,,204635,54,,,0,19,,204636,54,,,0,13,,204637,54,,,0,55,,204638,54,,,0,15,,204639,54,,,0,15,,204640,54,,,0,15,,204641,54,,,0,55,,204642,54,,,0,16,,204643,54,,,0,15,,204644,54,,,0,14,,204645,54,,,0,13,,204646,54,,,0,55,,204647,54,,,0,16,,204611,54,,,0,12,,204648,54,,,0,13,,204649,54,,,0,52,,204650,54,,,0,15,,204651,54,,,0,13,,204652,54,,,0,16,,204653,54,,,0,57,,204654,54,,,0,15,,204655,54,,,0,10,,204658,54,,,0,14,,204610,54,,,0,13,,204659,54,,,0,55,,204660,54,,,0,9,,204661,54,,,0,19,,204657,54,,,0,11,,204662,54,,,0,60,,204663,54,,,0,13,,204664,54,,,0,16,,204656,54,,,0,14,,204665,54,,,0,61,,204666,54,,,0,16,,204667,54,,,0,71,,204668,54,,,0,31,,204603,54,,,0,68,,204604,54,,,0,35,,204605,54,,,0,64,,204606,54,,,0,30,,204607,54,,,0,25,,204608,54,,,0,70,,204609,54,,,0
666700,'3_merged_15727751',851,,204669,54,,,0,56,,204671,54,,,0,14,,204672,54,,,0,18,,204673,54,,,0,16,,204681,54,,,0,56,,204674,54,,,0,21,,204675,54,,,0,14,,204677,54,,,0,55,,204678,54,,,0,11,,204682,54,,,0,12,,204683,54,,,0,20,,204684,54,,,0,15,,204685,54,,,0,58,,204686,54,,,0,15,,204687,54,,,0,15,,204688,54,,,0,55,,204689,54,,,0,15,,204690,54,,,0,14,,204691,54,,,0,16,,204692,54,,,0,53,,204693,54,,,0,19,,204694,54,,,0,16,,204695,54,,,0,15,,204696,54,,,0,55,,204697,54,,,0,13,,204698,54,,,0,15,,204699,54,,,0,16,,204700,54,,,0,54,,204701,54,,,0,17,,204702,54,,,0,13,,204703,54,,,0,15,,204704,54,,,0,56,,204705,54,,,0,12,,204706,54,,,0,18,,204707,54,,,0,15,,204708,54,,,0,53,,204709,54,,,0,15,,204710,54,,,0,13,,204711,54,,,0,17,,204712,54,,,0,53,,204713,54,,,0,15,,204714,54,,,0,12,,204715,54,,,0,15,,204676,54,,,0,16,,204716,54,,,0,55,,204717,54,,,0,12,,204680,54,,,0,15,,204718,54,,,0,15,,204719,54,,,0,55,,204720,54,,,0,14,,204679,54,,,0,15,,204670,54,,,0,14,,204721,54,,,0,55,,204722,54,,,0,27,,204723,54,,,0,23,,204724,54,,,0,70,,204725,54,,,0,30,,204726,54,,,0,71,,204727,54,,,0,28,,204728,54,,,0,70,,204729,54,,,0
2263800,'101_merged_15727747',754,,227870,32,,,0,871,,227869,32,,,0
2263800,'1_merged_15727750',527,,227903,32,,,0,29,,227904,32,,,0,72,,227905,32,,,0,13,,227906,32,,,0,14,,227907,32,,,0,58,,227908,32,,,0,13,,227909,32,,,0,16,,227910,32,,,0,15,,227911,32,,,0,60,,227912,32,,,0,24,,227913,32,,,0,18,,227914,32,,,0,65,,227880,32,,,0,22,,227881,32,,,0,69,,227882,32,,,0,30,,227883,32,,,0,71,,227884,32,,,0,30,,227885,32,,,0,71,,227886,32,,,0,31,,227887,32,,,0,70,,227888,32,,,0,31,,227889,32,,,0,73,,227890,32,,,0,35,,227891,32,,,0,68,,227892,32,,,0,28,,227893,32,,,0,58,,227894,32,,,0,24,,227923,32,,,0,19,,227895,32,,,0,52,,227896,32,,,0,15,,227871,32,,,0,14,,227901,32,,,0,14,,227902,32,,,0,57,,227872,32,,,0,18,,227900,32,,,0,22,,227922,32,,,0,57,,227874,32,,,0,24,,227921,32,,,0,24,,227915,32,,,0,61,,227873,32,,,0,34,,227897,32,,,0,64,,227898,32,,,0,30,,227899,32,,,0,72,,227875,32,,,0,28,,227919,32,,,0,68,,227920,32,,,0,28,,227876,32,,,0,72,,227918,32,,,0,28,,227877,32,,,0,70,,227917,32,,,0,29,,227878,32,,,0,70,,227916,32,,,0,30,,227879,32,,,0
2263800,'201_merged_15727755',1625,,227924,32,,,0
2263800,'2_merged_15727752',622,,227925,32,,,0,20,,227926,32,,,0,72,,227927,32,,,0,32,,227928,32,,,0,70,,227929,32,,,0,30,,227930,32,,,0,70,,227931,32,,,0,32,,227932,32,,,0,72,,227933,32,,,0,31,,227934,32,,,0,70,,227935,32,,,0,31,,227936,32,,,0,71,,227937,32,,,0,30,,227938,32,,,0,71,,227939,32,,,0,30,,227940,32,,,0,70,,227941,32,,,0,30,,227942,32,,,0,70,,227943,32,,,0,30,,227944,32,,,0,70,,227945,32,,,0,30,,227946,32,,,0,70,,227947,32,,,0,30,,227948,32,,,0,70,,227949,32,,,0,25,,227950,32,,,0,69,,227951,32,,,0,30,,227952,32,,,0,69,,227953,32,,,0,28,,227954,32,,,0,67,,227955,32,,,0,29,,227956,32,,,0,70,,227957,32,,,0,28,,227958,32,,,0,70,,227959,32,,,0,30,,227960,32,,,0,70,,227961,32,,,0,48,,227962,32,,,0,65,,227963,32,,,0,83,,227964,32,,,0,30,,227965,32,,,0
2263800,'3_merged_15727751',651,,227978,32,,,0,70,,227969,32,,,0,30,,227979,32,,,0,72,,227980,32,,,0,31,,227981,32,,,0,70,,227982,32,,,0,32,,227983,32,,,0,71,,227985,32,,,0,31,,227986,32,,,0,71,,227984,32,,,0,30,,227987,32,,,0,72,,227988,32,,,0,70,,227989,32,,,0,29,,227990,32,,,0,70,,227991,32,,,0,30,,227992,32,,,0,72,,227993,32,,,0,30,,227994,32,,,0,70,,227995,32,,,0,30,,227996,32,,,0,70,,227997,32,,,0,30,,227998,32,,,0,69,,227999,32,,,0,29,,228000,32,,,0,70,,228001,32,,,0,29,,228002,32,,,0,30,,228003,32,,,0,68,,227966,32,,,0,29,,227967,32,,,0,70,,227968,32,,,0,31,,227970,32,,,0,76,,227971,32,,,0,71,,227972,32,,,0,28,,227973,32,,,0,25,,227974,32,,,0,69,,227975,32,,,0,30,,227976,32,,,0,68,,227977,32,,,0
3003600,'101_merged_15727747',1541,,229124,14,,,0
3003600,'1_merged_15727750',556,,229127,14,,,0,55,,229128,14,,,0,15,,229129,14,,,0,15,,229130,14,,,0,15,,229125,14,,,0,56,,229131,14,,,0,15,,229132,14,,,0,16,,229133,14,,,0,15,,229134,14,,,0,55,,229135,14,,,0,16,,229136,14,,,0,17,,229137,14,,,0,58,,229149,14,,,0,12,,229138,14,,,0,16,,229139,14,,,0,13,,229140,14,,,0,69,,229141,14,,,0,28,,229178,14,,,0,70,,229142,14,,,0,30,,229143,14,,,0,70,,229144,14,,,0,29,,229145,14,,,0,71,,229146,14,,,0,30,,229147,14,,,0,72,,229148,14,,,0,35,,229150,14,,,0,67,,229151,14,,,0,15,,229152,14,,,0,20,,229126,14,,,0,53,,229153,14,,,0,15,,229154,14,,,0,16,,229155,14,,,0,17,,229156,14,,,0,54,,229157,14,,,0,17,,229158,14,,,0,12,,229159,14,,,0,17,,229160,14,,,0,48,,229161,14,,,0,4,,229162,14,,,0,25,,229164,14,,,0,2,,229163,14,,,0,10,,229165,14,,,0,16,,229166,14,,,0,62,,229167,14,,,0,28,,229168,14,,,0,67,,229169,14,,,0,27,,229170,14,,,0,70,,229171,14,,,0,30,,229172,14,,,0,70,,229173,14,,,0,30,,229174,14,,,0,70,,229175,14,,,0,29,,229176,14,,,0,70,,229177,14,,,0
3003600,'2_merged_15727752',638,,229180,14,,,0,71,,229181,14,,,0,30,,229182,14,,,0,70,,229183,14,,,0,30,,229184,14,,,0,70,,229185,14,,,0,30,,229186,14,,,0,70,,229187,14,,,0,30,,229188,14,,,0,70,,229189,14,,,0,30,,229190,14,,,0,70,,229179,14,,,0,30,,229191,14,,,0,70,,229192,14,,,0,30,,229193,14,,,0,70,,229194,14,,,0,30,,229195,14,,,0,72,,229196,14,,,0,32,,229197,14,,,0,69,,229198,14,,,0,29,,229199,14,,,0,70,,229200,14,,,0,31,,229201,14,,,0,70,,229202,14,,,0,30,,229203,14,,,0,70,,229204,14,,,0,30,,229205,14,,,0,69,,229206,14,,,0,30,,229207,14,,,0,70,,229208,14,,,0,30,,229209,14,,,0,70,,229210,14,,,0,30,,229211,14,,,0,70,,229212,14,,,0,29,,229213,14,,,0,70,,229214,14,,,0
3003600,'3_merged_15727751',738,,229216,14,,,0,71,,229215,14,,,0,30,,229217,14,,,0,70,,229218,14,,,0,30,,229219,14,,,0,71,,229220,14,,,0,30,,229221,14,,,0,70,,229222,14,,,0,30,,229223,14,,,0,70,,229224,14,,,0,30,,229225,14,,,0,70,,229226,14,,,0,30,,229227,14,,,0,71,,229228,14,,,0,30,,229239,14,,,0,70,,229240,14,,,0,30,,229229,14,,,0,70,,229230,14,,,0,30,,229231,14,,,0,71,,229232,14,,,0,30,,229233,14,,,0,69,,229234,14,,,0,30,,229235,14,,,0,70,,229236,14,,,0,30,,229237,14,,,0,70,,229238,14,,,0,30,,229241,14,,,0,69,,229242,14,,,0,30,,229243,14,,,0,69,,229244,14,,,0,30,,229245,14,,,0,70,,229246,14,,,0,30,,229247,14,,,0,70,,229248,14,,,0
3003900,'1_merged_15727750',545,,229822,10,,,0,10,,229839,10,,,0,56,,229821,10,,,0,9,,229840,10,,,0,14,,229820,10,,,0,14,,229827,10,,,0,66,,229819,10,,,0,4,,229828,10,,,0,21,,229813,10,,,0,20,,229829,10,,,0,81,,229830,10,,,0,70,,229831,10,,,0,30,,229832,10,,,0,71,,229833,10,,,0,25,,229834,10,,,0,74,,229835,10,,,0,28,,229836,10,,,0,70,,229837,10,,,0,34,,229838,10,,,0,65,,229841,10,,,0,32,,229842,10,,,0,70,,229843,10,,,0,26,,229824,10,,,0,70,,229799,10,,,0,31,,229800,10,,,0,71,,229801,10,,,0,21,,229844,10,,,0,7,,229818,10,,,0,21,,229802,10,,,0,49,,229817,10,,,0,23,,229803,10,,,0,7,,229816,10,,,0,73,,229804,10,,,0,8,,229815,10,,,0,12,,229805,10,,,0,28,,229806,10,,,0,50,,229814,10,,,0,18,,229807,10,,,0,97,,229808,10,,,0,105,,229809,10,,,0,101,,229810,10,,,0,102,,229811,10,,,0,100,,229812,10,,,0
3003900,'2_merged_15727752',714,,229863,10,,,0,31,,229874,10,,,0,70,,229864,10,,,0,28,,229849,10,,,0,69,,229845,10,,,0,29,,229847,10,,,0,68,,229846,10,,,0,32,,229848,10,,,0,68,,229865,10,,,0,29,,229850,10,,,0,70,,229866,10,,,0,30,,229851,10,,,0,70,,229867,10,,,0,30,,229852,10,,,0,70,,229868,10,,,0,30,,229853,10,,,0,70,,229869,10,,,0,30,,229854,10,,,0,70,,229870,10,,,0,28,,229855,10,,,0,70,,229871,10,,,0,32,,229856,10,,,0,70,,229872,10,,,0,30,,229857,10,,,0,86,,229858,10,,,0,103,,229859,10,,,0,101,,229860,10,,,0,101,,229861,10,,,0,102,,229862,10,,,0
3003900,'3_merged_15727751',740,,229882,10,,,0,100,,229883,10,,,0,100,,229884,10,,,0,70,,229893,10,,,0,30,,229885,10,,,0,68,,229894,10,,,0,30,,229886,10,,,0,71,,229895,10,,,0,29,,229887,10,,,0,70,,229896,10,,,0,30,,229888,10,,,0,70,,229897,10,,,0,30,,229889,10,,,0,70,,229898,10,,,0,30,,229890,10,,,0,70,,229899,10,,,0,30,,229891,10,,,0,70,,229900,10,,,0,31,,229892,10,,,0,70,,229901,10,,,0,21,,229875,10,,,0,102,,229876,10,,,0,101,,229877,10,,,0,101,,229878,10,,,0,100,,229879,10,,,0,100,,229880,10,,,0
3003901,'101_merged_15727747',1538,,229902,20,,,0
3003901,'1_merged_15727750',524,,229935,20,,,0,24,,229924,20,,,0,7,,229936,20,,,0,63,,229934,20,,,0,10,,229937,20,,,0,20,,229933,20,,,0,10,,229938,20,,,0,59,,229932,20,,,0,11,,229939,20,,,0,20,,229931,20,,,0,10,,229940,20,,,0,63,,229925,20,,,0,17,,229941,20,,,0,68,,229942,20,,,0,30,,229943,20,,,0,66,,229944,20,,,0,31,,229945,20,,,0,72,,229946,20,,,0,27,,229947,20,,,0,76,,229948,20,,,0,25,,229903,20,,,0,70,,229904,20,,,0,30,,229905,20,,,0,78,,229906,20,,,0,33,,229907,20,,,0,67,,229908,20,,,0,29,,229909,20,,,0,71,,229910,20,,,0,30,,229911,20,,,0,73,,229912,20,,,0,9,,229930,20,,,0,17,,229913,20,,,0,15,,229929,20,,,0,53,,229914,20,,,0,11,,229928,20,,,0,29,,229915,20,,,0,11,,229927,20,,,0,50,,229916,20,,,0,26,,229917,20,,,0,8,,229926,20,,,0,59,,229918,20,,,0,34,,229919,20,,,0,97,,229920,20,,,0,100,,229921,20,,,0,98,,229922,20,,,0,98,,229923,20,,,0
3003901,'2_merged_15727752',630,,229963,20,,,0,70,,229952,20,,,0,30,,229964,20,,,0,70,,229949,20,,,0,31,,229965,20,,,0,70,,229950,20,,,0,33,,229966,20,,,0,69,,229953,20,,,0,32,,229967,20,,,0,70,,229954,20,,,0,30,,229968,20,,,0,70,,229955,20,,,0,30,,229969,20,,,0,70,,229956,20,,,0,30,,229970,20,,,0,70,,229957,20,,,0,30,,229971,20,,,0,70,,229958,20,,,0,30,,229972,20,,,0,70,,229959,20,,,0,30,,229973,20,,,0,70,,229960,20,,,0,30,,229974,20,,,0,68,,229961,20,,,0,30,,229977,20,,,0,69,,229962,20,,,0,30,,229975,20,,,0,99,,229976,20,,,0,100,,229978,20,,,0,100,,229979,20,,,0,100,,229980,20,,,0,100,,229951,20,,,0
3003901,'3_merged_15727751',629,,229982,20,,,0,100,,229983,20,,,0,101,,229984,20,,,0,101,,229985,20,,,0,101,,229986,20,,,0,101,,229987,20,,,0,70,,230000,20,,,0,30,,229988,20,,,0,70,,230001,20,,,0,30,,229989,20,,,0,70,,230002,20,,,0,30,,229990,20,,,0,70,,230003,20,,,0,30,,229991,20,,,0,70,,230004,20,,,0,33,,229992,20,,,0,67,,230005,20,,,0,30,,229993,20,,,0,69,,230006,20,,,0,30,,229994,20,,,0,101,,229995,20,,,0,97,,229996,20,,,0,100,,229997,20,,,0,99,,229998,20,,,0,100,,229999,20,,,0,100,,229981,20,,,0
3004000,'1_merged_15727750',543,,230012,10,,,0,10,,230028,10,,,0,58,,230011,10,,,0,10,,230029,10,,,0,18,,230010,10,,,0,11,,230030,10,,,0,60,,230009,10,,,0,10,,230031,10,,,0,20,,230048,10,,,0,17,,230032,10,,,0,66,,230033,10,,,0,32,,230034,10,,,0,67,,230035,10,,,0,31,,230036,10,,,0,72,,230037,10,,,0,27,,230038,10,,,0,76,,230039,10,,,0,24,,230040,10,,,0,70,,230041,10,,,0,28,,230042,10,,,0,77,,230043,10,,,0,74,,230044,10,,,0,25,,230045,10,,,0,26,,230046,10,,,0,71,,230047,10,,,0,30,,230026,10,,,0,73,,230014,10,,,0,12,,230053,10,,,0,18,,230015,10,,,0,55,,230052,10,,,0,15,,230016,10,,,0,11,,230051,10,,,0,71,,230017,10,,,0,11,,230050,10,,,0,10,,230018,10,,,0,27,,230019,10,,,0,48,,230049,10,,,0,21,,230020,10,,,0,75,,230021,10,,,0,59,,230022,10,,,0,100,,230023,10,,,0,141,,230024,10,,,0,58,,230025,10,,,0
3004000,'2_merged_15727752',700,,230065,10,,,0,30,,230073,10,,,0,70,,230085,10,,,0,30,,230074,10,,,0,28,,230054,10,,,0,69,,230075,10,,,0,29,,230055,10,,,0,69,,230076,10,,,0,30,,230056,10,,,0,70,,230077,10,,,0,30,,230057,10,,,0,70,,230078,10,,,0,29,,230058,10,,,0,69,,230079,10,,,0,31,,230059,10,,,0,70,,230080,10,,,0,30,,230060,10,,,0,70,,230081,10,,,0,30,,230061,10,,,0,70,,230082,10,,,0,29,,230062,10,,,0,70,,230083,10,,,0,30,,230063,10,,,0,70,,230084,10,,,0,32,,230066,10,,,0,101,,230067,10,,,0,100,,230068,10,,,0,102,,230069,10,,,0,100,,230070,10,,,0,100,,230071,10,,,0
3004000,'3_merged_15727751',658,,230086,10,,,0,99,,230087,10,,,0,99,,230088,10,,,0,98,,230089,10,,,0,99,,230090,10,,,0,70,,230105,10,,,0,29,,230091,10,,,0,70,,230106,10,,,0,30,,230092,10,,,0,70,,230107,10,,,0,30,,230093,10,,,0,70,,230108,10,,,0,30,,230094,10,,,0,70,,230109,10,,,0,34,,230095,10,,,0,67,,230110,10,,,0,30,,230096,10,,,0,70,,230111,10,,,0,30,,230097,10,,,0,104,,230098,10,,,0,99,,230099,10,,,0,100,,230100,10,,,0,101,,230101,10,,,0,101,,230102,10,,,0,100,,230103,10,,,0
3004001,'101_merged_15727747',755,,230112,26,,,0
3004001,'1_merged_15727750',529,,230125,26,,,0,21,,230140,26,,,0,9,,230126,26,,,0,60,,230139,26,,,0,10,,230127,26,,,0,18,,230138,26,,,0,9,,230128,26,,,0,57,,230137,26,,,0,15,,230142,26,,,0,31,,230143,26,,,0,60,,230129,26,,,0,20,,230144,26,,,0,81,,230145,26,,,0,30,,230146,26,,,0,70,,230147,26,,,0,31,,230148,26,,,0,65,,230149,26,,,0,34,,230150,26,,,0,70,,230151,26,,,0,30,,230152,26,,,0,74,,230135,26,,,0,25,,230136,26,,,0,74,,230153,26,,,0,32,,230154,26,,,0,71,,230141,26,,,0,27,,230155,26,,,0,71,,230156,26,,,0,30,,230157,26,,,0,60,,230113,26,,,0,7,,230134,26,,,0,21,,230114,26,,,0,8,,230133,26,,,0,63,,230115,26,,,0,7,,230132,26,,,0,30,,230116,26,,,0,8,,230131,26,,,0,52,,230117,26,,,0,24,,230118,26,,,0,10,,230130,26,,,0,56,,230119,26,,,0,55,,230120,26,,,0,104,,230121,26,,,0,143,,230122,26,,,0,57,,230123,26,,,0,100,,230124,26,,,0
3004001,'201_merged_15727755',755,,230158,26,,,0
3004001,'2_merged_15727752',716,,230166,26,,,0,30,,230184,26,,,0,71,,230167,26,,,0,30,,230185,26,,,0,69,,230168,26,,,0,31,,230188,26,,,0,71,,230169,26,,,0,30,,230159,26,,,0,72,,230170,26,,,0,28,,230160,26,,,0,72,,230171,26,,,0,30,,230161,26,,,0,70,,230172,26,,,0,30,,230162,26,,,0,70,,230173,26,,,0,30,,230186,26,,,0,70,,230174,26,,,0,30,,230187,26,,,0,70,,230175,26,,,0,30,,230163,26,,,0,69,,230176,26,,,0,30,,230164,26,,,0,70,,230177,26,,,0,30,,230165,26,,,0,70,,230178,26,,,0,86,,230179,26,,,0,95,,230180,26,,,0,100,,230181,26,,,0,101,,230182,26,,,0,102,,230183,26,,,0
3004001,'3_merged_15727751',718,,230190,26,,,0,100,,230191,26,,,0,100,,230192,26,,,0,100,,230193,26,,,0,32,,230207,26,,,0,70,,230194,26,,,0,30,,230208,26,,,0,70,,230195,26,,,0,30,,230209,26,,,0,70,,230196,26,,,0,30,,230210,26,,,0,69,,230197,26,,,0,30,,230211,26,,,0,69,,230198,26,,,0,30,,230212,26,,,0,71,,230199,26,,,0,30,,230213,26,,,0,70,,230200,26,,,0,30,,230214,26,,,0,70,,230201,26,,,0,30,,230215,26,,,0,60,,230203,26,,,0,99,,230189,26,,,0,99,,230202,26,,,0,98,,230204,26,,,0,100,,230205,26,,,0,100,,230206,26,,,0
3004100,'101_merged_15727747',1530,,230216,10,,,0,15,,230218,10,,,0,81,,230217,10,,,0
3004100,'1_merged_15727750',559,,230224,10,,,0,55,,230230,10,,,0,15,,230225,10,,,0,15,,230231,10,,,0,15,,230226,10,,,0,55,,230232,10,,,0,15,,230227,10,,,0,15,,230233,10,,,0,15,,230228,10,,,0,59,,230234,10,,,0,15,,230229,10,,,0,669,,230219,10,,,0,13,,230235,10,,,0,87,,230220,10,,,0,11,,230238,10,,,0,19,,230221,10,,,0,13,,230236,10,,,0,56,,230222,10,,,0,40,,230223,10,,,0,90,,230237,10,,,0
3004100,'201_merged_15727755',1530,,230241,10,,,0,15,,230239,10,,,0,81,,230240,10,,,0
