670100,'1_merged_15726439',654,,210224,17,,,0,62,,210219,17,,,0,42,,210215,17,,,0,80,,210227,17,,,0,72,,210216,17,,,0,33,,210222,17,,,0,96,,210217,17,,,0,97,,210223,17,,,0,98,,210218,17,,,0,103,,210226,17,,,0,102,,210220,17,,,0,100,,210225,17,,,0,114,,210221,17,,,0,68,,210233,17,,,0,28,,210214,17,,,0,70,,210213,17,,,0
670100,'2_merged_15726441',936,,210240,17,,,0,100,,210250,17,,,0,101,,210252,17,,,0,101,,210245,17,,,0,102,,210254,17,,,0,103,,210255,17,,,0,100,,210241,17,,,0,100,,210243,17,,,0,100,,210238,17,,,0
670101,'1_merged_15726439',738,,210301,18,0,74 3 75 14,0,80,,210300,18,0,74 3 75 14,0,720,,210302,18,0,74 3 75 14,0,269,,210274,18,0,74 3 75 14,0,37,,210295,18,0,74 3 75 14,0,65,,210293,18,0,74 3 75 14,0,31,,210279,18,0,74 3 75 14,0,97,,210296,18,0,74 3 75 14,0,97,,210277,18,0,74 3 75 14,0,99,,210289,18,0,74 3 75 14,0,100,,210291,18,0,74 3 75 14,0,101,,210288,18,0,74 3 75 14,0
670101,'2_merged_15726441',725,,210306,18,0,74 3 75 14,0,102,,210320,18,0,74 3 75 14,0,977,,210304,18,0,74 3 75 14,0,98,,210317,18,0,74 3 75 14,0,98,,210314,18,0,74 3 75 14,0,55,,210303,18,0,74 3 75 14,0,81,,210316,18,0,74 3 75 14,0,82,,210311,18,0,74 3 75 14,0,83,,210321,18,0,74 3 75 14,0,44,,210322,18,0,74 3 75 14,0,91,,210315,18,0,74 3 75 14,0
670101,'3_merged_15726440',808,,210339,18,0,74 3 75 14,0,99,,210334,18,0,74 3 75 14,0,100,,210333,18,0,74 3 75 14,0,102,,210329,18,0,74 3 75 14,0,99,,210326,18,0,74 3 75 14,0,100,,210327,18,0,74 3 75 14,0,100,,210332,18,0,74 3 75 14,0,100,,210330,18,0,74 3 75 14,0,101,,210337,18,0,74 3 75 14,0,100,,210324,18,0,74 3 75 14,0,100,,210335,18,0,74 3 75 14,0,99,,210331,18,0,74 3 75 14,0,100,,210325,18,0,74 3 75 14,0,101,,210323,18,0,74 3 75 14,0,100,,210338,18,0,74 3 75 14,0,101,,210336,18,0,74 3 75 14,0,104,,210328,18,0,74 3 75 14,0
670300,'1_merged_15726439',450,,210535,23,,,0,50,,210586,23,,,0,10,,210536,23,,,0,12,,210537,24,,,0,10,,210538,23,,,0,10,,210522,23,,,0,11,,210594,23,,,0,50,,210533,23,,,0,11,,210534,24,,,0,11,,210587,24,,,0,10,,210539,24,,,0,10,,210588,24,,,0,10,,210540,24,,,0,50,,210541,24,,,0,10,,210523,24,,,0,11,,210590,24,,,0,10,,210542,23,,,0,10,,210543,24,,,0,11,,210544,24,,,0,50,,210545,24,,,0,10,,210591,24,,,0,10,,210524,24,,,0,10,,210525,24,,,0,10,,210593,24,,,0,9,,210592,24,,,0,50,,210559,24,,,0,10,,210560,24,,,0,13,,210561,24,,,0,14,,210562,24,,,0,15,,210563,24,,,0,55,,210564,24,,,0,15,,210565,24,,,0,15,,210566,24,,,0,57,,210567,24,,,0,15,,210568,24,,,0,15,,210569,24,,,0,15,,210570,24,,,0,56,,210571,24,,,0,15,,210572,24,,,0,15,,210573,24,,,0,15,,210574,24,,,0,55,,210575,24,,,0,15,,210576,24,,,0,15,,210577,24,,,0,15,,210578,24,,,0,55,,210579,24,,,0,15,,210580,24,,,0,16,,210581,24,,,0,15,,210582,24,,,0,56,,210583,24,,,0,15,,210584,24,,,0,16,,210585,24,,,0,15,,210595,24,,,0,55,,210596,24,,,0,12,,210597,24,,,0,12,,210598,24,,,0,12,,210599,24,,,0,12,,210600,24,,,0,52,,210601,24,,,0,12,,210602,24,,,0,12,,210603,24,,,0,11,,210604,24,,,0,11,,210605,24,,,0,51,,210606,24,,,0,10,,210607,24,,,0,10,,210608,24,,,0,10,,210609,24,,,0,11,,210610,24,,,0,12,,210611,24,,,0,52,,210612,24,,,0,12,,210613,24,,,0,12,,210614,24,,,0,12,,210615,24,,,0,12,,210616,24,,,0,51,,210617,24,,,0,12,,210618,24,,,0,12,,210619,24,,,0,12,,210620,24,,,0,13,,210546,24,,,0,54,,210547,24,,,0,15,,210548,24,,,0,13,,210549,24,,,0,15,,210550,24,,,0,55,,210551,24,,,0,15,,210552,24,,,0,13,,210553,24,,,0,15,,210554,24,,,0,55,,210555,24,,,0,15,,210556,24,,,0,14,,210557,24,,,0,15,,210558,24,,,0,55,,210589,24,,,0,15,,210526,24,,,0,13,,210527,24,,,0,15,,210528,24,,,0,55,,210529,24,,,0,15,,210530,24,,,0,19,,210531,24,,,0,19,,210532,24,,,0
670300,'2_merged_15726441',537,,210622,23,,,0,16,,210624,23,,,0,55,,210625,23,,,0,15,,210626,23,,,0,15,,210627,23,,,0,16,,210628,24,,,0,55,,210629,24,,,0,15,,210630,24,,,0,15,,210631,24,,,0,16,,210632,24,,,0,55,,210633,24,,,0,15,,210634,24,,,0,15,,210635,24,,,0,15,,210636,24,,,0,55,,210637,24,,,0,16,,210638,24,,,0,15,,210639,24,,,0,15,,210640,24,,,0,55,,210641,24,,,0,15,,210642,24,,,0,15,,210643,24,,,0,15,,210644,24,,,0,55,,210645,24,,,0,16,,210646,24,,,0,15,,210647,24,,,0,15,,210648,24,,,0,55,,210649,24,,,0,16,,210650,24,,,0,15,,210651,24,,,0,16,,210652,24,,,0,55,,210653,24,,,0,17,,210654,24,,,0,16,,210655,24,,,0,56,,210656,24,,,0,15,,210657,24,,,0,15,,210658,24,,,0,15,,210659,24,,,0,56,,210660,24,,,0,15,,210661,24,,,0,16,,210662,24,,,0,15,,210663,24,,,0,55,,210664,24,,,0,15,,210665,24,,,0,14,,210666,24,,,0,15,,210667,24,,,0,55,,210668,24,,,0,15,,210669,24,,,0,14,,210670,24,,,0,15,,210671,24,,,0,54,,210672,24,,,0,15,,210673,24,,,0,15,,210674,24,,,0,15,,210675,24,,,0,54,,210676,24,,,0,14,,210677,24,,,0,14,,210678,24,,,0,15,,210679,24,,,0,14,,210680,24,,,0,55,,210681,24,,,0,15,,210682,24,,,0,16,,210683,24,,,0,15,,210684,24,,,0,55,,210685,24,,,0,14,,210686,24,,,0,15,,210687,24,,,0,15,,210688,24,,,0,55,,210689,24,,,0,14,,210690,24,,,0,15,,210691,24,,,0,15,,210692,24,,,0,55,,210693,24,,,0,13,,210694,24,,,0,15,,210695,24,,,0,15,,210696,24,,,0,55,,210697,24,,,0,13,,210698,24,,,0,15,,210699,24,,,0,15,,210700,24,,,0,55,,210701,24,,,0,14,,210702,24,,,0,15,,210623,24,,,0,17,,210621,24,,,0
670300,'3_merged_15726440',606,,210704,23,,,0,17,,210705,23,,,0,15,,210706,23,,,0,15,,210707,23,,,0,56,,210708,23,,,0,16,,210709,24,,,0,15,,210710,24,,,0,15,,210711,24,,,0,55,,210712,24,,,0,15,,210713,24,,,0,15,,210714,24,,,0,16,,210715,24,,,0,55,,210716,24,,,0,16,,210717,24,,,0,15,,210718,24,,,0,15,,210719,24,,,0,55,,210720,24,,,0,16,,210721,24,,,0,15,,210722,24,,,0,15,,210723,24,,,0,55,,210724,24,,,0,15,,210725,24,,,0,15,,210726,24,,,0,16,,210727,24,,,0,55,,210728,24,,,0,15,,210729,24,,,0,15,,210730,24,,,0,56,,210731,24,,,0,15,,210732,24,,,0,16,,210733,24,,,0,15,,210734,24,,,0,55,,210735,24,,,0,15,,210736,23,,,0,15,,210737,24,,,0,15,,210738,24,,,0,55,,210739,24,,,0,15,,210740,24,,,0,15,,210741,24,,,0,15,,210742,24,,,0,54,,210743,24,,,0,15,,210744,24,,,0,16,,210745,24,,,0,15,,210746,24,,,0,54,,210747,24,,,0,15,,210748,24,,,0,14,,210749,24,,,0,14,,210750,24,,,0,15,,210751,24,,,0,55,,210752,24,,,0,15,,210753,24,,,0,15,,210754,24,,,0,15,,210755,24,,,0,55,,210756,24,,,0,15,,210757,24,,,0,15,,210758,24,,,0,14,,210759,24,,,0,55,,210760,24,,,0,14,,210761,24,,,0,15,,210762,24,,,0,16,,210763,24,,,0,54,,210764,24,,,0,14,,210765,24,,,0,15,,210766,24,,,0,15,,210767,24,,,0,55,,210768,24,,,0,12,,210769,24,,,0,15,,210770,24,,,0,15,,210771,24,,,0,55,,210772,24,,,0,14,,210773,24,,,0,15,,210774,24,,,0,15,,210775,24,,,0,55,,210776,24,,,0,15,,210777,24,,,0,16,,210778,24,,,0,16,,210703,24,,,0
671000,'1_merged_15726439',957,,213352,16,,,0,146,,213350,16,,,0,103,,213356,16,,,0,102,,213357,16,,,0,103,,213358,16,,,0,30,,213359,16,,,0,70,,213353,16,,,0,93,,213354,16,,,0,55,,213355,16,,,0,100,,213351,16,0,74 3 75 14,0
671000,'2_merged_15726441',1011,,213363,16,,,0,101,,213362,16,,,0,101,,213364,16,,,0,100,,213360,16,,,0,101,,213368,16,,,0,101,,213367,16,,,0,100,,213366,16,,,0,100,,213365,16,,,0,102,,213361,16,,,0
