682800,'101_merged_15726436',816,,223489,18,4,,0,86,,223490,26,,,0
682800,'1201_merged_15726432',2124,,223491,25,,,0,107,,223492,25,,,0
682800,'1_merged_15726439',819,,223510,26,,,0,121,,223509,25,,,0,80,,223508,25,,,0,39,,223507,25,,,0,80,,223506,25,,,0,80,,223505,25,,,0,40,,223504,25,,,0,81,,223503,25,,,0,82,,223502,25,,,0,81,,223501,25,,,0,40,,223500,25,,,0,83,,223499,25,,,0,78,,223498,25,,,0,38,,223497,25,,,0,80,,223496,25,,,0,35,,223495,25,,,0,90,,223494,25,,,0,69,,223493,25,,,0
682800,'201_merged_15726444',902,,223511,26,,,0
682800,'2_merged_15726441',930,,223513,25,,,0,80,,223530,25,,,0,40,,223529,25,,,0,80,,223528,25,,,0,82,,223527,25,,,0,40,,223526,25,,,0,80,,223525,25,,,0,80,,223524,25,,,0,40,,223523,25,,,0,80,,223522,25,,,0,79,,223521,25,,,0,39,,223520,25,,,0,80,,223519,25,,,0,79,,223518,25,,,0,39,,223517,25,,,0,108,,223516,25,,,0,147,,223515,25,,,0,107,,223514,25,,,0,104,,223512,25,,,0
682800,'3_merged_15726440',1128,,223536,25,,,0,80,,223543,25,,,0,40,,223535,25,,,0,80,,223542,25,,,0,81,,223541,25,,,0,40,,223534,25,,,0,80,,223540,25,,,0,80,,223533,25,,,0,40,,223532,25,,,0,78,,223539,25,,,0,80,,223538,25,,,0,40,,223531,25,,,0,78,,223537,25,,,0
3454300,'101_merged_15726436',1556,,236229,18,0,37,0
3454300,'1_merged_15726439',503,,236293,18,0,37,0,22,,236294,18,0,37,0,15,,236304,18,0,37,0,15,,236230,18,0,37,0,55,,236231,18,0,37,0,13,,236232,18,0,37,0,13,,236303,18,0,37,0,12,,236233,18,0,37,0,52,,236234,18,0,37,0,14,,236235,18,0,37,0,12,,236302,18,0,37,0,12,,236236,18,0,37,0,11,,236237,18,0,37,0,51,,236238,18,0,37,0,10,,236239,18,0,37,0,12,,236301,18,0,37,0,10,,236240,18,0,37,0,10,,236306,18,0,37,0,11,,236241,18,0,37,0,52,,236242,18,0,37,0,15,,236243,18,0,37,0,15,,236300,18,0,37,0,16,,236244,18,0,37,0,55,,236245,18,0,37,0,15,,236246,18,0,37,0,15,,236299,18,0,37,0,15,,236247,18,0,37,0,55,,236248,18,0,37,0,15,,236249,18,0,37,0,15,,236298,18,0,37,0,15,,236250,18,0,37,0,55,,236251,18,0,37,0,16,,236252,18,0,37,0,15,,236297,18,0,37,0,16,,236253,18,0,37,0,55,,236254,18,0,37,0,15,,236255,18,0,37,0,15,,236296,18,0,37,0,15,,236290,18,0,37,0,55,,236291,18,0,37,0,19,,236292,18,0,37,0,15,,236305,18,0,37,0,15,,236256,18,0,37,0,56,,236257,18,0,37,0,19,,236258,18,0,37,0,9,,236259,18,0,37,0,63,,236260,18,0,37,0,12,,236261,18,0,37,0,11,,236262,18,0,37,0,12,,236263,18,0,37,0,12,,236264,18,0,37,0,54,,236265,18,0,37,0,12,,236266,18,0,37,0,13,,236267,18,0,37,0,12,,236268,18,0,37,0,11,,236269,18,0,37,0,50,,236270,18,0,37,0,12,,236271,18,0,37,0,11,,236272,18,0,37,0,12,,236273,18,0,37,0,12,,236274,18,,,0,51,,236275,18,,,0,15,,236276,18,,,0,16,,236277,18,,,0,18,,236278,18,,,0,54,,236279,18,,,0,13,,236280,18,,,0,15,,236281,18,,,0,72,,236282,18,,,0,26,,236283,18,,,0,71,,236284,18,,,0,28,,236285,18,,,0,29,,236286,18,,,0,70,,236287,18,,,0,30,,236288,18,,,0,100,,236289,18,0,37,0,99,,236295,18,0,37,0
3454300,'2001_merged_15726452',1434,,236307,6,0,37,0
3454300,'201_merged_15726444',1556,,236308,18,0,37,0
3454300,'2_merged_15726441',537,,236336,18,,,0,67,,236335,18,,,0,30,,236334,18,,,0,25,,236333,18,,,0,72,,236332,18,,,0,72,,236331,18,,,0,30,,236330,18,,,0,70,,236329,18,,,0,21,,236309,18,,,0,22,,236328,18,,,0,60,,236327,18,,,0,20,,236326,18,,,0,20,,236325,18,,,0,60,,236324,18,,,0,20,,236323,18,,,0,21,,236322,18,,,0,60,,236321,18,,,0,20,,236320,18,,,0,20,,236319,18,,,0,60,,236318,18,,,0,20,,236317,18,,,0,21,,236316,18,,,0,60,,236315,18,,,0,20,,236314,18,,,0,20,,236313,18,,,0,60,,236312,18,,,0,20,,236311,18,,,0,20,,236310,18,,,0,60,,236357,18,,,0,20,,236356,18,,,0,23,,236355,18,,,0,59,,236354,18,,,0,18,,236353,18,,,0,20,,236352,18,,,0,60,,236351,18,,,0,19,,236350,18,,,0,20,,236349,18,,,0,60,,236348,18,,,0,28,,236347,18,,,0,70,,236346,18,,,0,33,,236345,18,,,0,69,,236344,18,,,0,30,,236343,18,,,0,70,,236342,18,,,0,28,,236341,18,,,0,70,,236340,18,,,0,100,,236339,18,,,0,101,,236338,18,0,37,0,97,,236337,18,0,37,0
3454300,'3_merged_15726440',540,,236400,18,,,0,72,,236401,18,,,0,30,,236358,18,,,0,71,,236359,18,,,0,30,,236360,18,,,0,70,,236361,18,,,0,30,,236385,18,,,0,71,,236386,18,,,0,28,,236387,18,,,0,64,,236388,18,,,0,27,,236393,18,,,0,20,,236389,18,,,0,60,,236390,18,,,0,20,,236394,18,,,0,19,,236391,18,,,0,60,,236392,18,,,0,20,,236395,18,,,0,20,,236362,18,,,0,60,,236363,18,,,0,20,,236396,18,,,0,20,,236364,18,,,0,60,,236365,18,,,0,20,,236397,18,,,0,20,,236366,18,,,0,60,,236367,18,,,0,20,,236398,18,,,0,21,,236368,18,,,0,60,,236369,18,,,0,20,,236399,18,,,0,20,,236370,18,,,0,62,,236371,18,,,0,30,,236372,18,,,0,71,,236373,18,,,0,30,,236374,18,,,0,75,,236375,18,,,0,36,,236376,18,,,0,75,,236377,18,,,0,75,,236378,18,,,0,35,,236379,18,,,0,79,,236380,18,,,0,30,,236381,18,,,0,150,,236382,18,,,0,100,,236383,18,0,37,0,102,,236384,18,0,37,0
3454300,'62101_merged_15726437',1514,,236402,6,0,37,0
