673701,'101_merged_15726436',737,,217484,40,,,0,10,,217485,40,,,0,110,,217486,41,,,0,691,,217483,41,,,0
673701,'1_merged_15726439',559,,217524,40,,,0,50,,217525,40,,,0,10,,217488,40,,,0,13,,217522,40,,,0,12,,217523,40,,,0,10,,217487,40,,,0,50,,217526,40,,,0,10,,217489,40,,,0,10,,217543,40,,,0,33,,217527,40,,,0,54,,217544,40,,,0,9,,217545,40,,,0,9,,217528,40,,,0,11,,217529,40,,,0,9,,217530,40,,,0,52,,217505,40,,,0,9,,217547,40,,,0,15,,217506,40,,,0,15,,217507,40,,,0,15,,217546,40,,,0,53,,217508,40,,,0,24,,217509,40,,,0,69,,217510,40,,,0,30,,217511,40,,,0,70,,217512,40,,,0,30,,217513,40,,,0,21,,217514,40,,,0,61,,217515,40,,,0,18,,217516,40,,,0,18,,217517,40,,,0,61,,217518,40,,,0,16,,217519,40,,,0,17,,217520,40,,,0,15,,217521,40,,,0,58,,217502,40,,,0,15,,217503,40,,,0,20,,217504,40,,,0,52,,217491,40,,,0,12,,217533,40,,,0,15,,217534,40,,,0,15,,217535,40,,,0,58,,217490,40,,,0,15,,217536,40,,,0,15,,217537,40,,,0,15,,217538,40,,,0,53,,217539,40,,,0,13,,217540,40,,,0,10,,217548,40,,,0,11,,217541,40,,,0,15,,217492,40,,,0,57,,217532,40,,,0,16,,217493,40,,,0,23,,217494,40,,,0,68,,217531,40,,,0,29,,217495,40,,,0,71,,217496,40,,,0,29,,217497,40,,,0,70,,217498,40,,,0,27,,217542,40,,,0,69,,217499,40,,,0,100,,217500,40,,,0,114,,217501,40,,,0
673701,'201_merged_15726444',737,,217549,40,,,0,10,,217550,40,,,0
673701,'2_merged_15726441',651,,217551,40,,,0,60,,217552,40,,,0,21,,217553,40,,,0,20,,217554,40,,,0,62,,217555,40,,,0,22,,217556,40,,,0,20,,217557,40,,,0,61,,217558,40,,,0,22,,217559,40,,,0,20,,217560,40,,,0,62,,217561,40,,,0,22,,217562,40,,,0,60,,217563,40,,,0,22,,217564,40,,,0,22,,217565,40,,,0,60,,217566,40,,,0,20,,217567,40,,,0,22,,217568,40,,,0,60,,217569,40,,,0,22,,217570,40,,,0,20,,217571,40,,,0,60,,217572,40,,,0,20,,217573,40,,,0,20,,217574,40,,,0,60,,217575,40,,,0,19,,217576,40,,,0,18,,217577,40,,,0,55,,217578,40,,,0,13,,217597,40,,,0,15,,217579,40,,,0,15,,217580,40,,,0,55,,217581,40,,,0,15,,217598,40,,,0,15,,217582,40,,,0,15,,217596,40,,,0,70,,217583,40,,,0,30,,217584,40,,,0,69,,217585,40,,,0,28,,217586,40,,,0,67,,217587,40,,,0,29,,217588,40,,,0,70,,217589,40,,,0,28,,217590,40,,,0,69,,217591,40,,,0,31,,217592,40,,,0,66,,217593,40,,,0,98,,217594,40,,,0,123,,217595,40,,,0
673701,'3_merged_15726440',634,,217611,40,,,0,70,,217610,40,,,0,31,,217609,40,,,0,74,,217608,40,,,0,30,,217604,40,,,0,70,,217606,40,,,0,33,,217603,40,,,0,71,,217607,40,,,0,31,,217622,40,,,0,73,,217613,40,,,0,30,,217616,40,,,0,71,,217612,40,,,0,30,,217624,40,,,0,62,,217602,40,,,0,20,,217635,40,,,0,21,,217614,40,,,0,71,,217601,40,,,0,30,,217605,40,,,0,70,,217600,40,,,0,30,,217626,40,,,0,59,,217599,40,,,0,20,,217632,40,,,0,20,,217621,40,,,0,60,,217630,40,,,0,18,,217629,40,,,0,19,,217631,40,,,0,69,,217618,40,,,0,29,,217628,40,,,0,58,,217619,40,,,0,20,,217633,40,,,0,18,,217625,40,,,0,69,,217634,40,,,0,30,,217620,40,,,0,71,,217617,40,,,0,105,,217627,40,,,0,103,,217623,40,,,0,110,,217615,40,,,0
673800,'101_merged_15726436',1811,,217636,30,,,0
673800,'1_merged_15726439',606,,217717,30,,,0,12,,217719,30,,,0,11,,217716,30,,,0,13,,217718,30,,,0,12,,217690,30,,,0,51,,217645,30,,,0,12,,217689,30,,,0,12,,217680,30,,,0,15,,217661,30,,,0,15,,217721,30,,,0,52,,217686,30,,,0,14,,217644,30,,,0,12,,217653,30,,,0,12,,217646,30,,,0,54,,217639,30,,,0,15,,217685,30,,,0,14,,217707,30,,,0,15,,217706,30,,,0,55,,217708,30,,,0,15,,217684,30,,,0,15,,217664,30,,,0,15,,217694,30,,,0,56,,217688,30,,,0,15,,217693,30,,,0,15,,217668,30,,,0,15,,217692,30,,,0,55,,217663,30,,,0,15,,217691,30,,,0,16,,217711,30,,,0,15,,217698,30,,,0,56,,217672,30,,,0,15,,217652,30,,,0,17,,217671,30,,,0,15,,217651,30,,,0,57,,217669,30,,,0,15,,217650,30,,,0,17,,217649,30,,,0,17,,217670,30,,,0,56,,217683,30,,,0,15,,217678,30,,,0,17,,217643,30,,,0,55,,217674,30,,,0,18,,217681,30,,,0,16,,217658,30,,,0,12,,217662,30,,,0,12,,217666,30,,,0,53,,217656,30,,,0,12,,217682,30,,,0,12,,217657,30,,,0,11,,217722,30,,,0,12,,217673,30,,,0,61,,217679,30,,,0,11,,217677,30,,,0,10,,217687,30,,,0,12,,217697,30,,,0,49,,217723,30,,,0,7,,217659,30,,,0,12,,217667,30,,,0,9,,217720,30,,,0,10,,217705,30,,,0,10,,217648,30,,,0,8,,217676,30,,,0,50,,217637,30,,,0,10,,217700,30,,,0,8,,217675,30,,,0,15,,217704,30,,,0,14,,217665,30,,,0,55,,217702,30,,,0,14,,217709,30,,,0,15,,217699,30,,,0,13,,217660,30,,,0,55,,217655,30,,,0,15,,217654,30,,,0,15,,217638,30,,,0,13,,217710,30,,,0,58,,217715,30,,,0,20,,217696,30,,,0,20,,217703,30,,,0,59,,217642,30,,,0,20,,217695,30,,,0,20,,217701,30,,,0,58,,217641,30,,,0,20,,217712,30,,,0,20,,217713,30,,,0,65,,217640,30,,,0,23,,217714,30,,,0,26,,217647,30,,,0
673800,'201_merged_15726444',1811,,217724,30,,,0
673800,'2_merged_15726441',648,,217742,30,,,0,55,,217743,30,,,0,15,,217744,30,,,0,15,,217745,30,,,0,15,,217746,30,,,0,55,,217747,30,,,0,17,,217764,30,,,0,15,,217748,30,,,0,15,,217763,30,,,0,55,,217749,30,,,0,15,,217750,30,,,0,17,,217787,30,,,0,14,,217752,30,,,0,56,,217798,30,,,0,15,,217753,30,,,0,17,,217788,30,,,0,15,,217754,30,,,0,57,,217797,30,,,0,15,,217755,30,,,0,15,,217733,30,,,0,15,,217756,30,,,0,56,,217796,30,,,0,15,,217757,30,,,0,16,,217734,30,,,0,15,,217767,30,,,0,57,,217795,30,,,0,15,,217768,30,,,0,16,,217775,30,,,0,55,,217769,30,,,0,16,,217794,30,,,0,15,,217770,30,,,0,14,,217736,30,,,0,55,,217771,30,,,0,15,,217793,30,,,0,15,,217772,30,,,0,14,,217789,30,,,0,55,,217773,30,,,0,14,,217792,30,,,0,15,,217774,30,,,0,16,,217765,30,,,0,55,,217776,30,,,0,15,,217791,30,,,0,15,,217777,30,,,0,14,,217766,30,,,0,15,,217778,30,,,0,54,,217761,30,,,0,15,,217779,30,,,0,14,,217760,30,,,0,15,,217780,30,,,0,53,,217790,30,,,0,13,,217781,30,,,0,11,,217803,30,,,0,12,,217735,30,,,0,12,,217785,30,,,0,52,,217786,30,,,0,12,,217782,30,,,0,11,,217804,30,,,0,12,,217762,30,,,0,10,,217783,30,,,0,52,,217740,30,,,0,12,,217784,30,,,0,13,,217759,30,,,0,15,,217731,30,,,0,53,,217738,30,,,0,15,,217728,30,,,0,15,,217737,30,,,0,15,,217730,30,,,0,13,,217741,30,,,0,55,,217727,30,,,0,15,,217739,30,,,0,15,,217729,30,,,0,14,,217751,30,,,0,55,,217726,30,,,0,20,,217732,30,,,0,19,,217725,30,,,0,60,,217758,30,,,0,30,,217802,30,,,0,68,,217801,30,,,0,32,,217800,30,,,0,73,,217799,30,,,0
673800,'3_merged_15726440',640,,217812,30,,,0,14,,217813,30,,,0,54,,217814,30,,,0,15,,217815,30,,,0,15,,217816,30,,,0,15,,217817,30,,,0,55,,217818,30,,,0,16,,217819,30,,,0,16,,217846,30,,,0,17,,217820,30,,,0,56,,217863,30,,,0,16,,217821,30,,,0,16,,217808,30,,,0,56,,217822,30,,,0,15,,217864,30,,,0,16,,217823,30,,,0,15,,217805,30,,,0,56,,217824,30,,,0,15,,217866,30,,,0,16,,217844,30,,,0,15,,217810,30,,,0,57,,217825,30,,,0,15,,217809,30,,,0,15,,217826,30,,,0,15,,217865,30,,,0,57,,217827,30,,,0,15,,217807,30,,,0,16,,217828,30,,,0,15,,217860,30,,,0,55,,217829,30,,,0,15,,217848,30,,,0,15,,217838,30,,,0,15,,217847,30,,,0,55,,217839,30,,,0,15,,217849,30,,,0,12,,217840,30,,,0,15,,217845,30,,,0,57,,217806,30,,,0,15,,217850,30,,,0,15,,217857,30,,,0,14,,217861,30,,,0,55,,217841,30,,,0,16,,217811,30,,,0,15,,217842,30,,,0,15,,217862,30,,,0,54,,217867,30,,,0,15,,217868,30,,,0,14,,217869,30,,,0,15,,217870,30,,,0,55,,217871,30,,,0,15,,217872,30,,,0,15,,217873,30,,,0,15,,217874,30,,,0,54,,217875,30,,,0,15,,217876,30,,,0,13,,217877,30,,,0,15,,217851,30,,,0,55,,217843,30,,,0,15,,217853,30,,,0,16,,217859,30,,,0,14,,217852,30,,,0,10,,217837,30,,,0,54,,217854,30,,,0,16,,217836,30,,,0,14,,217856,30,,,0,16,,217835,30,,,0,54,,217855,30,,,0,16,,217834,30,,,0,15,,217858,30,,,0,13,,217833,30,,,0,55,,217832,30,,,0,15,,217831,30,,,0,20,,217830,30,,,0
2338400,'101_merged_15726436',816,,228307,14,0,93 110,0,9,,228308,14,0,93 110,0,802,,228306,14,,,0
2338400,'1_merged_15726439',453,,228309,14,,,0,54,,228346,14,,,0,13,,228347,14,,,0,13,,228348,14,,,0,13,,228310,14,,,0,8,,228330,14,,,0,48,,228311,14,,,0,8,,228349,14,,,0,10,,228312,14,,,0,11,,228331,14,,,0,8,,228313,14,,,0,11,,228332,14,,,0,7,,228404,14,0,93 57,0,49,,228314,14,,,0,10,,228333,14,,,0,13,,228315,14,,,0,17,,228316,14,,,0,11,,228334,14,0,93 57,0,54,,228317,14,,,0,22,,228318,14,,,0,15,,228319,14,,,0,55,,228335,14,0,93 57,0,15,,228320,14,,,0,13,,228336,14,0,93 57,0,14,,228337,14,0,93 57,0,56,,228321,14,,,0,13,,228338,14,0,93 57,0,16,,228322,14,,,0,14,,228339,14,0,93 57,0,56,,228323,14,,,0,14,,228340,14,0,93 57,0,16,,228324,14,,,0,13,,228341,14,0,93 57,0,15,,228325,14,,,0,54,,228342,14,0,93 57,0,16,,228326,14,,,0,15,,228343,14,0,93 57,0,14,,228327,14,,,0,52,,228344,14,0,93 57,0,12,,228328,14,,,0,13,,228345,14,0,93 57,0,12,,228329,14,,,0,12,,228350,14,0,93 57,0,52,,228351,14,,,0,12,,228352,14,0,93 57,0,12,,228354,14,,,0,15,,228355,14,0,93 57,0,57,,228356,14,,,0,18,,228398,14,,,0,15,,228357,14,0,93 57,0,10,,228358,14,,,0,53,,228359,14,,,0,15,,228360,14,,,0,20,,228396,14,,,0,10,,228361,14,,,0,10,,228362,14,,,0,51,,228363,14,,,0,10,,228364,14,,,0,10,,228365,14,,,0,10,,228366,14,,,0,10,,228367,14,,,0,10,,228368,14,,,0,49,,228369,14,,,0,10,,228370,14,,,0,7,,228371,14,,,0,9,,228372,14,,,0,14,,228373,14,,,0,8,,228374,14,,,0,47,,228375,14,,,0,9,,228376,14,,,0,8,,228400,14,0,93 57,0,8,,228377,14,,,0,8,,228378,14,,,0,10,,228379,14,,,0,7,,228380,14,0,93 57,0,50,,228397,14,,,0,10,,228381,14,,,0,9,,228401,14,0,93 57,0,10,,228382,14,,,0,10,,228383,14,0,93 57,0,9,,228384,14,,,0,52,,228385,14,0,93 57,0,12,,228386,14,,,0,12,,228402,14,0,93 57,0,12,,228387,14,,,0,11,,228388,14,0,93 57,0,52,,228389,14,,,0,14,,228390,14,0,93 57,0,10,,228403,14,,,0,12,,228391,14,0,93 57,0,11,,228392,14,,,0,11,,228393,14,0,93 57,0,54,,228394,14,,,0,27,,228395,14,,,0
2338400,'201_merged_15726444',816,,228405,14,0,93 57,0,9,,228406,14,0,93 57,0,802,,228407,14,,,0
2338400,'2_merged_15726441',646,,228411,14,,,0,54,,228412,14,0,93 57,0,16,,228413,14,,,0,14,,228414,14,0,93 57,0,16,,228415,14,,,0,54,,228416,14,0,93 57,0,15,,228417,14,,,0,11,,228418,14,0,93 57,0,13,,228419,14,,,0,13,,228420,14,0,93 57,0,53,,228493,14,,,0,11,,228494,14,0,93 57,0,13,,228421,14,,,0,12,,228422,14,0,93 57,0,14,,228423,14,,,0,52,,228424,14,0,93 57,0,12,,228425,14,,,0,14,,228426,14,0,93 57,0,12,,228427,14,,,0,14,,228428,14,0,93 57,0,53,,228429,14,,,0,11,,228430,14,0,93 57,0,16,,228431,14,,,0,11,,228432,14,0,93 57,0,53,,228433,14,,,0,11,,228434,14,0,93 57,0,13,,228435,14,,,0,11,,228436,14,0,93 57,0,13,,228437,14,,,0,52,,228438,14,0,93 57,0,13,,228439,14,,,0,11,,228440,14,0,93 57,0,12,,228441,14,,,0,9,,228442,14,0,93 57,0,11,,228475,14,,,0,51,,228484,14,0,93 57,0,10,,228476,14,,,0,10,,228485,14,0,93 57,0,10,,228477,14,,,0,10,,228486,14,0,93 57,0,50,,228478,14,,,0,10,,228487,14,0,93 57,0,10,,228479,14,,,0,10,,228488,14,0,93 57,0,10,,228480,14,,,0,10,,228489,14,0,93 57,0,50,,228481,14,,,0,10,,228490,14,0,93 57,0,10,,228482,14,,,0,10,,228491,14,0,93 57,0,9,,228483,14,,,0,9,,228492,14,0,93 57,0,11,,228458,14,,,0,49,,228467,14,0,93 57,0,11,,228459,14,,,0,9,,228468,14,0,93 57,0,9,,228460,14,,,0,8,,228469,14,0,93 57,0,10,,228461,14,,,0,49,,228470,14,0,93 57,0,11,,228462,14,,,0,9,,228471,14,0,93 57,0,8,,228463,14,,,0,9,,228472,14,0,93 57,0,11,,228464,14,,,0,48,,228473,14,0,93 57,0,11,,228465,14,,,0,9,,228474,14,0,93 57,0,9,,228466,14,,,0,15,,228443,14,0,93 57,0,14,,228444,14,,,0,55,,228445,14,0,93 57,0,15,,228446,14,,,0,16,,228447,14,0,93 57,0,15,,228448,14,,,0,56,,228449,14,0,93 57,0,15,,228450,14,,,0,16,,228451,14,0,93 57,0,56,,228452,14,,,0,15,,228453,14,0,93 57,0,21,,228454,14,,,0,18,,228455,14,0,93 57,0,61,,228456,14,,,0,19,,228457,14,0,93 57,0
2338400,'3_merged_15726440',641,,228543,14,0,93 57,0,16,,228507,14,,,0,54,,228542,14,0,93 57,0,16,,228506,14,,,0,14,,228541,14,0,93 57,0,16,,228547,14,,,0,54,,228540,14,0,93 57,0,16,,228505,14,,,0,14,,228539,14,0,93 57,0,17,,228504,14,,,0,55,,228538,14,,,0,15,,228561,14,,,0,14,,228537,14,0,93 57,0,17,,228503,14,,,0,53,,228536,14,0,93 57,0,18,,228560,14,,,0,15,,228535,14,0,93 57,0,56,,228552,14,,,0,15,,228534,14,0,93 57,0,15,,228559,14,,,0,15,,228533,14,0,93 57,0,56,,228502,14,,,0,15,,228532,14,0,93 57,0,16,,228558,14,,,0,15,,228531,14,0,93 57,0,56,,228501,14,,,0,15,,228530,14,0,93 57,0,17,,228557,14,,,0,14,,228529,14,0,93 57,0,56,,228500,14,,,0,14,,228528,14,0,93 57,0,16,,228556,14,,,0,14,,228527,14,0,93 57,0,58,,228499,14,,,0,15,,228526,14,0,93 57,0,16,,228498,14,,,0,14,,228525,14,0,93 57,0,55,,228497,14,,,0,15,,228524,14,0,93 57,0,15,,228496,14,,,0,13,,228523,14,0,93 57,0,55,,228495,14,,,0,15,,228522,14,0,93 57,0,16,,228563,14,,,0,14,,228521,14,0,93 57,0,55,,228554,14,,,0,15,,228520,14,0,93 57,0,15,,228562,14,,,0,14,,228519,14,0,93 57,0,55,,228549,14,,,0,15,,228518,14,0,93 57,0,14,,228555,14,,,0,15,,228517,14,0,93 57,0,55,,228544,14,,,0,15,,228516,14,0,93 57,0,15,,228553,14,,,0,14,,228515,14,0,93 57,0,56,,228548,14,,,0,13,,228514,14,0,93 57,0,16,,228546,14,,,0,12,,228513,14,0,93 57,0,55,,228551,14,,,0,14,,228512,14,0,93 57,0,21,,228550,14,,,0,19,,228511,14,0,93 57,0,60,,228510,14,0,93 57,0,24,,228545,14,,,0
