673900,'101_merged_15726436',745,,218123,1,,,0,756,,218124,1,,,0
673900,'1_merged_15726439',801,,218132,1,,,0
681400,'1803_merged_15726449',1956,,221373,42,4,,0,100,,221374,42,4,,0,100,,221375,42,4,,0,100,,221376,42,4,,0
681400,'1_merged_15726439',527,,221377,42,4,,0,117,,221378,42,4,,0,70,,221379,42,4,,0,30,,221380,42,4,,0,60,,221381,42,4,,0,20,,221382,42,4,,0,20,,221383,42,4,,0,60,,221384,42,4,,0,20,,221385,42,4,,0,20,,221386,42,4,,0,60,,221410,42,4,,0,20,,221387,42,4,,0,20,,221388,42,4,,0,60,,221411,42,4,,0,20,,221389,42,4,,0,20,,221390,42,4,,0,60,,221412,42,4,,0,20,,221391,42,4,,0,20,,221392,42,4,,0,60,,221413,42,4,,0,20,,221393,42,4,,0,20,,221394,42,4,,0,60,,221414,42,4,,0,20,,221395,42,4,,0,20,,221396,42,4,,0,60,,221415,42,4,,0,20,,221397,42,4,,0,20,,221398,42,4,,0,60,,221416,42,4,,0,20,,221399,42,4,,0,20,,221400,42,4,,0,60,,221417,42,4,,0,20,,221401,42,4,,0,20,,221402,42,4,,0,60,,221418,42,4,,0,20,,221403,42,4,,0,20,,221404,42,4,,0,103,,221405,42,4,,0,100,,221406,42,4,,0,100,,221407,42,4,,0,100,,221408,42,4,,0,100,,221409,42,4,,0
681400,'2_merged_15726441',821,,221419,42,4,,0,30,,221420,42,4,,0,60,,221421,42,4,,0,20,,221422,42,4,,0,20,,221423,42,4,,0,60,,221424,42,4,,0,20,,221425,42,4,,0,20,,221426,42,4,,0,60,,221427,42,4,,0,20,,221428,42,4,,0,20,,221429,42,4,,0,60,,221430,42,4,,0,20,,221431,42,4,,0,20,,221432,42,4,,0,60,,221433,42,4,,0,20,,221434,42,4,,0,20,,221435,42,4,,0,60,,221436,42,4,,0,20,,221437,42,4,,0,20,,221438,42,4,,0,60,,221439,42,4,,0,20,,221440,42,4,,0,20,,221441,42,4,,0,60,,221442,42,4,,0,20,,221443,42,4,,0,20,,221444,42,4,,0,70,,221445,42,4,,0,30,,221446,42,4,,0,70,,221447,42,4,,0,32,,221448,42,4,,0,103,,221449,42,4,,0,100,,221450,42,4,,0,100,,221451,42,4,,0,100,,221452,42,4,,0,103,,221453,42,4,,0
681400,'3_merged_15726440',856,,221454,42,4,,0,100,,221455,42,4,,0,100,,221456,42,4,,0,100,,221457,42,4,,0,100,,221458,42,4,,0,100,,221459,42,4,,0,100,,221460,42,4,,0,100,,221461,42,4,,0,100,,221462,42,4,,0,100,,221463,42,4,,0,100,,221464,42,4,,0
681401,'1803_merged_15726449',2003,,221465,1,,,0,100,,221466,1,,,0,100,,221467,1,,,0,100,,221468,1,,,0
681401,'1_merged_15726439',527,,221469,1,,,0,123,,221470,1,,,0,80,,221471,1,,,0,20,,221472,1,,,0,60,,221473,1,,,0,20,,221474,1,,,0,20,,221475,1,,,0,60,,221476,1,,,0,20,,221477,1,,,0,20,,221478,1,,,0,60,,221502,1,,,0,20,,221479,1,,,0,20,,221480,1,,,0,60,,221503,1,,,0,20,,221481,1,,,0,20,,221482,1,,,0,60,,221504,1,,,0,20,,221483,1,,,0,20,,221484,1,,,0,60,,221505,1,,,0,20,,221485,1,,,0,20,,221486,1,,,0,60,,221506,1,,,0,20,,221487,1,,,0,20,,221488,1,,,0,60,,221507,1,,,0,20,,221489,1,,,0,20,,221490,1,,,0,60,,221508,1,,,0,20,,221491,1,,,0,20,,221492,1,,,0,60,,221509,1,,,0,20,,221493,1,,,0,20,,221494,1,,,0,60,,221510,1,,,0,20,,221495,1,,,0,80,,221496,1,,,0,100,,221497,1,,,0,100,,221498,1,,,0,100,,221499,1,,,0,100,,221500,1,,,0,100,,221501,1,,,0
681401,'2_merged_15726441',840,,221511,1,,,0,60,,221512,1,,,0,20,,221513,1,,,0,20,,221514,1,,,0,60,,221515,1,,,0,20,,221516,1,,,0,20,,221517,1,,,0,60,,221518,1,,,0,20,,221519,1,,,0,20,,221520,1,,,0,60,,221521,1,,,0,20,,221522,1,,,0,20,,221523,1,,,0,60,,221524,1,,,0,20,,221525,1,,,0,20,,221526,1,,,0,60,,221527,1,,,0,20,,221528,1,,,0,20,,221529,1,,,0,60,,221530,1,,,0,20,,221531,1,,,0,20,,221532,1,,,0,60,,221533,1,,,0,20,,221534,1,,,0,20,,221535,1,,,0,60,,221536,1,,,0,28,,221537,1,,,0,72,,221538,1,,,0,30,,221539,1,,,0,70,,221540,1,,,0,100,,221541,1,,,0,100,,221542,1,,,0,100,,221543,1,,,0,100,,221544,1,,,0,103,,221545,1,,,0
681401,'3_merged_15726440',903,,221546,1,,,0,100,,221547,1,,,0,100,,221548,1,,,0,100,,221549,1,,,0,100,,221550,1,,,0,100,,221551,1,,,0,100,,221552,1,,,0,100,,221553,1,,,0,100,,221554,1,,,0,100,,221555,1,,,0,100,,221556,1,,,0
