665000,'1_merged_15726439',550,,200715,32,,,0,73,,200726,32,,,0,21,,200701,32,,,0,15,,200700,32,,,0,57,,200699,32,,,0,15,,200698,32,,,0,15,,200697,32,,,0,56,,200696,32,,,0,21,,200695,32,,,0,15,,200694,32,,,0,15,,200693,32,,,0,55,,200692,32,,,0,19,,200691,32,,,0,16,,200688,32,,,0,16,,200714,32,,,0,70,,200713,32,,,0,30,,200712,32,,,0,73,,200727,32,,,0,71,,200725,32,,,0,31,,200708,32,,,0,71,,200707,32,,,0,30,,200706,32,,,0,72,,200705,32,,,0,30,,200704,32,,,0,72,,200703,32,,,0,26,,200729,32,,,0,16,,200716,32,,,0,55,,200728,32,,,0,17,,200730,32,,,0,15,,200687,32,,,0,17,,200735,32,,,0,54,,200734,32,,,0,15,,200733,32,,,0,15,,200732,32,,,0,16,,200731,32,,,0,54,,200690,32,,,0,17,,200689,32,,,0,16,,200722,32,,,0,61,,200721,32,,,0,29,,200720,32,,,0,72,,200719,32,,,0,30,,200724,32,,,0,72,,200718,32,,,0,25,,200717,32,,,0,70,,200702,32,,,0,26,,200711,32,,,0,32,,200710,32,,,0,66,,200709,32,,,0,104,,200723,32,,,0
665000,'2_merged_15726441',624,,200736,34,,,0,21,,200737,32,,,0,69,,200743,32,,,0,31,,200744,32,,,0,73,,200745,32,,,0,82,,200757,32,,,0,31,,200758,32,,,0,74,,200748,32,,,0,29,,200754,32,,,0,71,,200755,32,,,0,27,,200740,32,,,0,71,,200760,32,,,0,31,,200753,32,,,0,73,,200763,32,,,0,28,,200764,32,,,0,70,,200765,32,,,0,32,,200766,32,,,0,68,,200767,32,,,0,35,,200768,32,,,0,70,,200769,32,,,0,33,,200770,32,,,0,66,,200739,32,,,0,29,,200742,32,,,0,71,,200746,32,,,0,29,,200738,32,,,0,69,,200741,32,,,0,31,,200761,32,,,0,68,,200759,32,,,0,28,,200771,32,,,0,72,,200756,32,,,0,29,,200749,32,,,0,70,,200750,32,,,0,27,,200751,32,,,0,71,,200752,32,,,0,30,,200762,32,,,0,91,,200747,32,,,0
665000,'3_merged_15726440',723,,200785,34,,,0,30,,200774,34,,,0,67,,200778,32,,,0,31,,200779,32,,,0,70,,200780,32,,,0,31,,200773,32,,,0,71,,200790,32,,,0,29,,200791,32,,,0,75,,200792,32,,,0,30,,200793,32,,,0,70,,200805,32,,,0,31,,200794,32,,,0,70,,200795,32,,,0,30,,200796,32,,,0,73,,200797,32,,,0,27,,200772,32,,,0,70,,200800,32,,,0,73,,200801,32,,,0,29,,200802,32,,,0,70,,200783,32,,,0,30,,200803,32,,,0,70,,200798,32,,,0,24,,200787,32,,,0,29,,200788,32,,,0,71,,200776,32,,,0,28,,200789,32,,,0,74,,200775,32,,,0,30,,200781,32,,,0,69,,200782,32,,,0,29,,200799,32,,,0,70,,200784,32,,,0,27,,200777,32,,,0,72,,200786,32,,,0,100,,200804,32,,,0
666700,'1_merged_15726439',545,,204559,9,,,0,60,,204597,9,,,0,20,,204531,9,,,0,20,,204532,9,,,0,60,,204533,9,,,0,16,,204534,9,,,0,13,,204535,9,,,0,12,,204536,9,,,0,13,,204537,9,,,0,55,,204601,9,,,0,14,,204602,9,,,0,17,,204538,9,,,0,55,,204539,9,,,0,17,,204540,9,,,0,14,,204541,9,,,0,16,,204542,9,,,0,55,,204543,9,,,0,14,,204544,9,,,0,15,,204600,9,,,0,16,,204560,9,,,0,55,,204561,9,,,0,15,,204596,9,,,0,15,,204545,9,,,0,13,,204546,9,,,0,56,,204547,9,,,0,15,,204548,9,,,0,14,,204549,9,,,0,15,,204550,9,,,0,55,,204551,9,,,0,15,,204599,9,,,0,15,,204562,9,,,0,16,,204563,9,,,0,56,,204595,9,,,0,15,,204552,9,,,0,16,,204553,9,,,0,17,,204554,9,,,0,55,,204555,9,,,0,16,,204556,9,,,0,17,,204557,9,,,0,17,,204558,9,,,0,54,,204598,9,,,0,15,,204564,9,,,0,13,,204565,9,,,0,18,,204594,9,,,0,54,,204566,9,,,0,12,,204567,9,,,0,20,,204568,9,,,0,13,,204569,9,,,0,56,,204570,9,,,0,17,,204571,9,,,0,6,,204572,9,,,0,15,,204573,9,,,0,54,,204593,9,,,0,16,,204589,9,,,0,15,,204590,9,,,0,14,,204591,9,,,0,53,,204583,9,,,0,17,,204584,9,,,0,15,,204585,9,,,0,14,,204586,9,,,0,55,,204587,9,,,0,14,,204588,9,,,0,15,,204592,9,,,0,15,,204574,9,,,0,68,,204575,9,,,0,30,,204576,9,,,0,72,,204577,9,,,0,30,,204578,9,,,0,69,,204579,9,,,0,30,,204580,9,,,0,70,,204581,9,,,0,31,,204582,9,,,0
666700,'2_merged_15726441',647,,204612,9,,,0,68,,204613,9,,,0,20,,204614,9,,,0,21,,204615,9,,,0,64,,204616,9,,,0,16,,204617,9,,,0,15,,204618,9,,,0,55,,204619,9,,,0,16,,204620,9,,,0,15,,204621,9,,,0,12,,204622,9,,,0,58,,204623,9,,,0,14,,204624,9,,,0,14,,204625,9,,,0,13,,204626,9,,,0,59,,204627,9,,,0,15,,204628,9,,,0,15,,204629,9,,,0,15,,204630,9,,,0,54,,204631,9,,,0,15,,204632,9,,,0,15,,204633,9,,,0,15,,204634,9,,,0,55,,204635,9,,,0,18,,204636,9,,,0,14,,204637,9,,,0,15,,204638,9,,,0,55,,204639,9,,,0,15,,204640,9,,,0,15,,204641,9,,,0,15,,204642,9,,,0,55,,204643,9,,,0,15,,204644,9,,,0,15,,204645,9,,,0,15,,204646,9,,,0,55,,204647,9,,,0,17,,204611,9,,,0,15,,204648,9,,,0,13,,204649,9,,,0,52,,204650,9,,,0,16,,204651,9,,,0,16,,204652,9,,,0,16,,204653,9,,,0,55,,204654,9,,,0,15,,204655,9,,,0,14,,204658,9,,,0,14,,204610,9,,,0,55,,204659,9,,,0,15,,204660,9,,,0,9,,204661,9,,,0,21,,204657,9,,,0,51,,204662,9,,,0,19,,204663,9,,,0,13,,204664,9,,,0,17,,204656,9,,,0,54,,204665,9,,,0,21,,204666,9,,,0,16,,204667,9,,,0,72,,204668,9,,,0,31,,204603,9,,,0,70,,204604,9,,,0,35,,204605,9,,,0,69,,204606,9,,,0,30,,204607,9,,,0,65,,204608,9,,,0,30,,204609,9,,,0
666700,'3_merged_15726440',805,,204669,9,,,0,16,,204671,9,,,0,14,,204672,9,,,0,15,,204673,9,,,0,55,,204681,9,,,0,16,,204674,9,,,0,15,,204675,9,,,0,14,,204677,9,,,0,55,,204678,9,,,0,11,,204682,9,,,0,12,,204683,9,,,0,18,,204684,9,,,0,55,,204685,9,,,0,15,,204686,9,,,0,15,,204687,9,,,0,15,,204688,9,,,0,55,,204689,9,,,0,15,,204690,9,,,0,14,,204691,9,,,0,16,,204692,9,,,0,13,,204693,9,,,0,58,,204694,9,,,0,16,,204695,9,,,0,15,,204696,9,,,0,55,,204697,9,,,0,14,,204698,9,,,0,15,,204699,9,,,0,17,,204700,9,,,0,54,,204701,9,,,0,18,,204702,9,,,0,12,,204703,9,,,0,16,,204704,9,,,0,56,,204705,9,,,0,14,,204706,9,,,0,16,,204707,9,,,0,17,,204708,9,,,0,55,,204709,9,,,0,15,,204710,9,,,0,15,,204711,9,,,0,17,,204712,9,,,0,52,,204713,9,,,0,15,,204714,9,,,0,15,,204715,9,,,0,15,,204676,9,,,0,56,,204716,9,,,0,15,,204717,9,,,0,14,,204680,9,,,0,15,,204718,9,,,0,55,,204719,9,,,0,15,,204720,9,,,0,15,,204679,9,,,0,15,,204670,9,,,0,54,,204721,9,,,0,15,,204722,9,,,0,27,,204723,9,,,0,68,,204724,9,,,0,30,,204725,9,,,0,70,,204726,9,,,0,31,,204727,9,,,0,69,,204728,9,,,0,30,,204729,9,,,0
683800,'1_merged_15726439',2640,,223868,37,,,0,19,,223870,37,,,0,60,,223867,37,,,0,20,,223869,37,,,0,73,,223871,37,,,0,23,,223872,37,,,0,70,,223873,37,,,0,38,,223874,37,,,0
683800,'2_merged_15726441',2644,,223877,37,,,0,56,,223878,37,,,0,16,,223876,37,,,0,30,,223875,37,,,0,70,,223879,37,,,0,30,,223880,37,,,0,70,,223881,37,,,0,20,,223882,37,,,0
683800,'3_merged_15726440',2639,,223883,37,,,0,70,,223884,37,,,0,30,,223885,37,,,0,76,,223886,37,,,0,20,,223887,37,,,0,71,,223888,37,,,0,30,,223889,37,,,0
3780700,'1_merged_15726439',457,,236894,4,,,0,56,,236952,4,,,0,17,,236861,4,,,0,10,,236953,4,,,0,18,,236855,11,,,0,54,,236860,4,,,0,15,,236823,11,,,0,7,,236920,4,,,0,5,,236921,4,,,0,6,,236897,11,,,0,6,,236923,4,,,0,6,,236955,4,,,0,47,,236824,11,,,0,3,,236930,4,,,0,7,,236916,11,,,0,7,,236896,11,,,0,7,,236940,4,,,0,6,,236819,11,,,0,2,,236954,4,,,0,8,,236822,11,,,0,8,,236820,11,,,0,6,,236909,11,,,0,49,,236885,11,,,0,10,,236908,11,,,0,7,,236905,11,,,0,6,,236928,11,,,0,8,,236868,11,,,0,6,,236922,11,,,0,9,,236848,11,,,0,48,,236906,11,,,0,8,,236910,11,,,0,7,,236867,11,,,0,7,,236869,11,,,0,6,,236901,11,,,0,12,,236929,11,,,0,6,,236927,11,,,0,12,,236902,11,,,0,47,,236936,11,,,0,7,,236832,11,,,0,14,,236935,11,,,0,12,,236883,11,,,0,15,,236937,11,,,0,58,,236911,11,,,0,17,,236917,11,,,0,5,,236882,11,,,0,16,,236881,11,,,0,50,,236939,11,,,0,20,,236932,11,,,0,14,,236898,11,,,0,15,,236859,11,,,0,54,,236918,11,,,0,15,,236880,11,,,0,17,,236893,11,,,0,13,,236892,11,,,0,10,,236945,4,,,0,42,,236879,11,,,0,19,,236878,11,,,0,16,,236877,11,,,0,14,,236947,4,,,0,5,,236876,11,,,0,46,,236946,4,,,0,10,,236891,11,,,0,12,,236890,11,,,0,15,,236919,11,,,0,0,,236875,11,,,0,8,,236874,11,,,0,9,,236841,11,,,0,47,,236948,11,,,0,8,,236912,11,,,0,8,,236873,11,,,0,8,,236840,11,,,0,8,,236913,11,,,0,5,,236839,11,,,0,9,,236846,11,,,0,7,,236895,11,,,0,4,,236866,11,,,0,44,,236838,11,,,0,9,,236845,11,,,0,7,,236837,11,,,0,6,,236844,11,,,0,8,,236914,11,,,0,5,,236865,11,,,0,4,,236950,11,,,0,5,,236836,11,,,0,4,,236907,11,,,0,7,,236864,11,,,0,48,,236915,11,,,0,7,,236835,11,,,0,6,,236843,11,,,0,7,,236834,11,,,0,7,,236842,11,,,0,15,,236833,11,,,0,8,,236847,11,,,0,46,,236900,11,,,0,17,,236884,11,,,0,11,,236862,11,,,0,14,,236850,11,,,0,15,,236858,11,,,0,56,,236821,11,,,0,16,,236933,11,,,0,16,,236872,11,,,0,12,,236849,11,,,0,57,,236852,11,,,0,13,,236904,11,,,0,15,,236871,11,,,0,15,,236889,11,,,0,56,,236899,11,,,0,12,,236888,11,,,0,14,,236830,11,,,0,14,,236870,11,,,0,55,,236887,11,,,0,13,,236829,11,,,0,14,,236886,11,,,0,15,,236857,11,,,0,55,,236903,11,,,0,15,,236828,11,,,0,14,,236826,11,,,0,20,,236825,11,,,0,60,,236827,11,,,0,19,,236854,11,,,0,24,,236853,11,,,0
3780700,'2_merged_15726441',446,,237044,4,,,0,99,,236963,11,,,0,67,,236975,11,,,0,25,,237045,4,,,0,16,,236961,11,,,0,61,,236958,11,,,0,14,,236980,11,,,0,13,,236981,11,,,0,13,,236982,11,,,0,56,,236983,11,,,0,16,,237046,4,,,0,2,,236984,11,,,0,19,,236985,11,,,0,57,,236986,11,,,0,14,,236987,11,,,0,16,,236988,11,,,0,15,,236989,11,,,0,56,,236990,11,,,0,15,,236991,11,,,0,16,,236992,11,,,0,15,,236993,11,,,0,55,,236994,11,,,0,15,,236995,11,,,0,9,,237048,4,,,0,8,,236996,11,,,0,15,,236966,11,,,0,55,,237030,11,,,0,14,,237031,11,,,0,17,,237032,11,,,0,14,,237033,11,,,0,57,,237034,11,,,0,15,,237035,11,,,0,13,,237036,11,,,0,15,,236973,11,,,0,56,,236972,11,,,0,15,,237005,11,,,0,16,,237006,11,,,0,16,,237007,11,,,0,58,,237008,11,,,0,15,,237009,11,,,0,15,,237010,11,,,0,14,,237011,11,,,0,55,,237012,11,,,0,12,,237013,11,,,0,12,,237014,11,,,0,13,,237015,11,,,0,52,,237016,11,,,0,10,,237017,11,,,0,12,,237018,11,,,0,12,,237019,11,,,0,12,,237020,11,,,0,11,,237021,11,,,0,52,,237022,11,,,0,11,,237023,11,,,0,12,,237024,11,,,0,7,,237025,11,,,0,10,,237026,11,,,0,56,,237027,11,,,0,10,,237028,11,,,0,12,,237029,11,,,0,8,,236978,11,,,0,12,,236979,11,,,0,51,,236977,11,,,0,12,,236959,11,,,0,12,,236960,11,,,0,12,,237037,11,,,0,12,,237038,11,,,0,54,,237039,11,,,0,12,,237040,11,,,0,12,,237041,11,,,0,12,,237042,11,,,0,12,,237043,11,,,0,52,,236997,11,,,0,12,,236998,11,,,0,12,,236999,11,,,0,12,,237000,11,,,0,12,,237001,11,,,0,51,,237002,11,,,0,15,,237003,11,,,0,14,,237004,11,,,0,16,,236962,11,,,0,55,,236957,11,,,0,15,,236965,11,,,0,13,,236971,11,,,0,15,,236976,11,,,0,56,,236968,11,,,0,15,,236964,11,,,0,13,,236970,11,,,0,14,,236974,11,,,0,15,,236967,11,,,0,57,,236969,11,,,0
3780700,'3_merged_15726440',449,,237129,4,,,0,92,,237066,11,,,0,72,,237125,11,,,0,23,,237130,4,,,0,18,,237063,11,,,0,54,,237059,11,,,0,13,,237133,4,,,0,6,,237116,11,,,0,14,,237121,11,,,0,17,,237095,11,,,0,55,,237114,11,,,0,15,,237119,11,,,0,14,,237117,11,,,0,15,,237115,11,,,0,55,,237060,11,,,0,18,,237057,11,,,0,15,,237089,11,,,0,55,,237088,11,,,0,15,,237087,11,,,0,14,,237079,11,,,0,15,,237086,11,,,0,59,,237085,11,,,0,14,,237084,11,,,0,14,,237134,4,,,0,6,,237083,11,,,0,15,,237082,11,,,0,53,,237081,11,,,0,16,,237080,11,,,0,19,,237106,11,,,0,15,,237105,11,,,0,54,,237104,11,,,0,14,,237103,11,,,0,17,,237102,11,,,0,14,,237099,11,,,0,55,,237098,11,,,0,15,,237097,11,,,0,12,,237096,11,,,0,15,,237065,11,,,0,56,,237078,11,,,0,15,,237077,11,,,0,14,,237076,11,,,0,16,,237123,11,,,0,55,,237111,11,,,0,14,,237110,11,,,0,13,,237109,11,,,0,11,,237075,11,,,0,11,,237108,11,,,0,52,,237107,11,,,0,11,,237064,11,,,0,13,,237053,11,,,0,11,,237074,11,,,0,10,,237052,11,,,0,52,,237051,11,,,0,14,,237050,11,,,0,12,,237049,11,,,0,14,,237073,11,,,0,11,,237131,11,,,0,51,,237128,11,,,0,21,,237132,11,,,0,12,,237100,11,,,0,17,,237072,11,,,0,59,,237127,11,,,0,13,,237061,11,,,0,15,,237062,11,,,0,14,,237071,11,,,0,55,,237120,11,,,0,14,,237056,11,,,0,15,,237113,11,,,0,16,,237094,11,,,0,54,,237070,11,,,0,15,,237055,11,,,0,15,,237124,11,,,0,15,,237112,11,,,0,55,,237069,11,,,0,14,,237058,11,,,0,15,,237054,11,,,0,15,,237122,11,,,0,55,,237068,11,,,0,14,,237093,11,,,0,15,,237126,11,,,0,15,,237090,11,,,0,55,,237067,11,,,0,15,,237092,11,,,0,20,,237118,11,,,0,59,,237091,11,,,0
