661401,'1_merged_15726439',540,,186389,9,0,16 17,0,60,,186403,9,0,16 17,0,18,,186404,9,,,0,20,,186448,9,,,0,17,,186437,9,,,0,55,,186435,9,,,0,15,,186436,9,,,0,15,,186444,9,,,0,15,,186440,9,,,0,54,,186407,9,,,0,13,,186402,9,,,0,14,,186412,9,,,0,16,,186408,9,,,0,56,,186409,9,,,0,15,,186410,9,,,0,16,,186411,9,,,0,15,,186418,9,,,0,56,,186419,9,,,0,15,,186420,9,,,0,15,,186421,9,,,0,15,,186405,9,,,0,55,,186388,9,,,0,15,,186414,9,,,0,15,,186439,9,,,0,15,,186392,9,,,0,56,,186432,9,,,0,15,,186433,9,,,0,13,,186390,9,,,0,15,,186441,9,,,0,55,,186427,9,,,0,15,,186434,9,,,0,15,,186443,9,,,0,15,,186423,9,,,0,55,,186406,9,,,0,15,,186445,9,,,0,11,,186446,9,,,0,12,,186449,9,,,0,12,,186399,9,,,0,52,,186400,9,,,0,12,,186393,9,,,0,12,,186430,9,,,0,11,,186431,9,,,0,12,,186424,9,,,0,51,,186422,9,,,0,12,,186425,9,,,0,12,,186438,9,,,0,12,,186415,9,,,0,11,,186416,9,,,0,52,,186442,9,,,0,12,,186396,9,,,0,12,,186426,9,,,0,12,,186401,9,,,0,13,,186397,9,,,0,52,,186394,9,,,0,12,,186398,9,,,0,14,,186395,9,,,0,17,,186391,9,,,0,58,,186417,9,,,0,22,,186429,9,,,0,20,,186428,9,,,0,60,,186413,9,,,0,21,,186447,9,,,0
661401,'2_merged_15726441',625,,186489,9,0,16 17,0,20,,186510,9,0,16 17,0,60,,186473,9,0,16 17,0,20,,186456,9,0,16 17,0,18,,186450,9,0,16 17,0,59,,186455,9,,,0,19,,186453,9,,,0,18,,186501,9,,,0,15,,186475,9,,,0,55,,186481,9,,,0,15,,186498,9,,,0,15,,186500,9,,,0,15,,186462,9,,,0,53,,186458,9,,,0,15,,186490,9,,,0,15,,186503,9,,,0,15,,186499,9,,,0,54,,186461,9,,,0,14,,186468,9,,,0,13,,186469,9,,,0,14,,186470,9,,,0,10,,186471,9,,,0,52,,186451,9,,,0,12,,186482,9,,,0,12,,186488,9,,,0,13,,186513,9,,,0,13,,186479,9,,,0,52,,186480,9,,,0,13,,186515,9,,,0,12,,186497,9,,,0,12,,186514,9,,,0,52,,186452,9,,,0,11,,186457,9,,,0,12,,186516,9,,,0,11,,186484,9,,,0,12,,186486,9,,,0,12,,186472,9,,,0,52,,186493,9,,,0,12,,186517,9,,,0,12,,186460,9,,,0,12,,186509,9,,,0,11,,186492,9,,,0,52,,186476,9,,,0,11,,186518,9,,,0,12,,186477,9,,,0,12,,186454,9,,,0,12,,186459,9,,,0,52,,186464,9,,,0,17,,186504,9,,,0,15,,186505,9,,,0,15,,186519,9,,,0,55,,186506,9,,,0,15,,186507,9,,,0,18,,186508,9,,,0,63,,186495,9,,,0,21,,186502,9,,,0,22,,186463,9,,,0,61,,186474,9,,,0
661401,'3_merged_15726440',633,,186520,9,0,16 17,0,79,,186521,9,0,16 17,0,30,,186522,9,0,16 17,0,66,,186523,9,0,16 17,0,27,,186524,9,,,0,65,,186525,9,,,0,20,,186526,9,,,0,20,,186527,9,,,0,60,,186528,9,,,0,18,,186529,9,,,0,17,,186530,9,,,0,16,,186531,9,,,0,57,,186532,9,,,0,17,,186533,9,,,0,15,,186534,9,,,0,16,,186535,9,,,0,56,,186536,9,,,0,15,,186537,9,,,0,15,,186538,9,,,0,15,,186539,9,,,0,55,,186540,9,,,0,14,,186541,9,,,0,13,,186542,9,,,0,12,,186543,9,,,0,52,,186544,9,,,0,12,,186545,9,,,0,12,,186546,9,,,0,12,,186547,9,,,0,12,,186548,9,,,0,52,,186549,9,,,0,12,,186550,9,,,0,11,,186551,9,,,0,12,,186552,9,,,0,13,,186553,9,,,0,54,,186554,9,,,0,15,,186555,9,,,0,14,,186556,9,,,0,16,,186557,9,,,0,55,,186558,9,,,0,15,,186559,9,,,0,15,,186560,9,,,0,15,,186561,9,,,0,55,,186562,9,,,0,15,,186563,9,,,0,15,,186564,9,,,0,17,,186565,9,,,0,58,,186566,9,,,0,20,,186567,9,,,0,21,,186568,9,,,0,61,,186569,9,,,0
661701,'152201_merged_15726445',2044,,188109,17,,,0,60,,188110,17,,,0,20,,188108,17,,,0,19,,188111,17,,,0,59,,188112,17,,,0,20,,188113,17,,,0,20,,188114,17,,,0,60,,188115,17,,,0,20,,188116,17,,,0,22,,188117,17,,,0,60,,188118,17,,,0,11,,188119,17,,,0,30,,188120,17,,,0
661701,'152301_merged_15726453',2044,,188121,17,,,0,60,,188122,17,,,0,20,,188123,17,,,0,19,,188124,17,,,0,59,,188125,17,,,0,20,,188126,17,,,0,20,,188127,17,,,0,60,,188128,17,,,0,20,,188129,17,,,0,22,,188130,17,,,0,60,,188131,17,,,0,11,,188132,17,,,0,30,,188133,17,,,0
661701,'1_merged_15726439',605,,188134,17,,,0,20,,188135,17,,,0,20,,188136,17,,,0,55,,188137,17,,,0,13,,188138,17,,,0,13,,188139,17,,,0,13,,188140,17,,,0,13,,188141,17,,,0,52,,188142,17,,,0,11,,188143,17,,,0,13,,188144,17,,,0,13,,188145,17,,,0,13,,188146,17,,,0,52,,188147,17,,,0,12,,188148,17,,,0,13,,188149,17,,,0,14,,188150,17,,,0,55,,188151,17,,,0,15,,188152,17,,,0,14,,188153,17,,,0,15,,188154,17,,,0,14,,188155,17,,,0,55,,188156,17,,,0,15,,188157,17,,,0,15,,188158,17,,,0,16,,188159,17,,,0,55,,188160,17,,,0,14,,188161,17,,,0,15,,188162,17,,,0,15,,188163,17,,,0,56,,188164,17,,,0,16,,188165,17,,,0,15,,188166,17,,,0,55,,188167,17,,,0,15,,188168,17,,,0,14,,188169,17,,,0,15,,188170,17,,,0,15,,188171,17,,,0,53,,188172,17,,,0,13,,188173,17,,,0,14,,188174,17,,,0,13,,188175,17,,,0,52,,188176,17,,,0,13,,188177,17,,,0,10,,188178,17,,,0,13,,188179,17,,,0,15,,188180,17,,,0,53,,188181,17,,,0,13,,188182,17,,,0,13,,188183,17,,,0,12,,188184,17,,,0,12,,188185,17,,,0,52,,188186,17,,,0,12,,188187,17,,,0,18,,188188,17,,,0,62,,188189,17,,,0,21,,188190,17,,,0,21,,188191,17,,,0,60,,188192,17,,,0,18,,188193,17,,,0,495,,188194,17,0,10,0
661701,'2_merged_15726441',612,,188198,17,,,0,21,,188199,17,,,0,20,,188200,17,,,0,60,,188201,17,,,0,20,,188202,17,,,0,15,,188203,17,,,0,53,,188204,17,,,0,15,,188205,17,,,0,14,,188206,17,,,0,15,,188207,17,,,0,55,,188208,17,,,0,15,,188209,17,,,0,15,,188210,17,,,0,14,,188211,17,,,0,15,,188212,17,,,0,55,,188213,17,,,0,15,,188214,17,,,0,12,,188215,17,,,0,15,,188216,17,,,0,55,,188217,17,,,0,15,,188218,17,,,0,15,,188219,17,,,0,15,,188220,17,,,0,55,,188221,17,,,0,15,,188222,17,,,0,15,,188223,17,,,0,16,,188224,17,,,0,56,,188225,17,,,0,16,,188226,17,,,0,15,,188227,17,,,0,56,,188228,17,,,0,15,,188229,17,,,0,12,,188230,17,,,0,11,,188231,17,,,0,12,,188232,17,,,0,51,,188233,17,,,0,12,,188234,17,,,0,12,,188235,17,,,0,12,,188236,17,,,0,12,,188237,17,,,0,52,,188238,17,,,0,12,,188239,17,,,0,12,,188240,17,,,0,11,,188241,17,,,0,11,,188242,17,,,0,12,,188243,17,,,0,52,,188244,17,,,0,12,,188245,17,,,0,12,,188246,17,,,0,15,,188247,17,,,0,56,,188248,17,,,0,15,,188249,17,,,0,15,,188250,17,,,0,20,,188251,17,,,0,60,,188252,17,,,0,23,,188253,17,,,0,20,,188254,17,,,0,60,,188255,17,,,0,21,,188256,17,,,0,61,,188257,17,,,0,20,,188258,17,,,0,19,,188259,17,,,0,19,,188260,17,,,0,60,,188261,17,,,0,22,,188262,17,,,0,60,,188263,17,,,0,20,,188264,17,,,0,23,,188265,17,,,0,60,,188266,17,,,0,15,,188267,17,,,0,29,,188268,17,,,0,73,,188269,17,0,10,0
661701,'3_merged_15726440',622,,188271,17,,,0,34,,188272,17,,,0,70,,188273,17,,,0,33,,188274,17,,,0,69,,188275,17,,,0,22,,188276,17,,,0,59,,188277,17,,,0,20,,188278,17,,,0,20,,188279,17,,,0,59,,188280,17,,,0,20,,188281,17,,,0,16,,188282,17,,,0,15,,188283,17,,,0,55,,188284,17,,,0,15,,188285,17,,,0,15,,188286,17,,,0,15,,188287,17,,,0,55,,188288,17,,,0,15,,188289,17,,,0,15,,188290,17,,,0,15,,188291,17,,,0,55,,188292,17,,,0,15,,188293,17,,,0,15,,188294,17,,,0,15,,188295,17,,,0,55,,188296,17,,,0,15,,188297,17,,,0,15,,188298,17,,,0,15,,188299,17,,,0,55,,188300,17,,,0,14,,188301,17,,,0,15,,188302,17,,,0,15,,188303,17,,,0,55,,188304,17,,,0,16,,188305,17,,,0,15,,188306,17,,,0,15,,188307,17,,,0,55,,188308,17,,,0,15,,188309,17,,,0,16,,188310,17,,,0,55,,188311,17,,,0,18,,188312,17,,,0,20,,188313,17,,,0,20,,188314,17,,,0,61,,188315,17,,,0,20,,188316,17,,,0,20,,188317,17,,,0,61,,188318,17,,,0,20,,188319,17,,,0,60,,188320,17,,,0,20,,188321,17,,,0,23,,188322,17,,,0,60,,188323,17,,,0,20,,188324,17,,,0,19,,188325,17,,,0,60,,188326,17,,,0,19,,188327,17,,,0,20,,188328,17,,,0,62,,188329,17,,,0,16,,188330,17,,,0,30,,188331,17,,,0,86,,188332,17,0,10,0
1671701,'1_merged_15726439',2004,,226184,33,,,0,29,,226185,33,,,0,26,,226186,33,,,0,70,,226187,33,,,0,30,,226188,33,,,0,70,,226189,33,,,0,30,,226190,33,,,0,65,,226191,33,,,0,34,,226192,33,,,0,69,,226193,33,,,0,118,,226196,10,,,0
1671701,'2_merged_15726441',2001,,226198,33,,,0,24,,226199,33,,,0,28,,226200,33,,,0,70,,226211,33,,,0,31,,226201,33,,,0,70,,226202,33,,,0,30,,226203,33,,,0,69,,226210,33,,,0,30,,226204,33,,,0,69,,226205,33,,,0,130,,226207,10,,,0
1671701,'3_merged_15726440',1959,,226212,33,,,0,70,,226213,33,,,0,30,,226214,33,,,0,69,,226225,33,,,0,30,,226215,33,,,0,69,,226216,33,,,0,28,,226217,33,,,0,70,,226224,33,,,0,30,,226218,33,,,0,69,,226219,33,,,0,113,,226223,10,,,0,67,,226221,33,,,0
