661400,'152201_merged_15727756',2039,,186136,2,0,10,0,20,,186137,2,0,10,0,60,,186141,2,0,10,0,21,,186138,2,0,10,0,60,,186142,2,0,10,0,20,,186143,2,0,10,0,22,,186139,2,0,10,0,60,,186135,2,0,10,0,18,,186140,2,0,10,0,29,,186134,2,0,10,0
661400,'152301_merged_15727764',2039,,186144,2,0,10,0,20,,186145,2,0,10,0,60,,186146,2,0,10,0,21,,186147,2,0,10,0,60,,186148,2,0,10,0,20,,186149,2,0,10,0,22,,186150,2,0,10,0,60,,186151,2,0,10,0,18,,186152,2,0,10,0,29,,186153,2,0,10,0
661400,'1_merged_15727750',709,,186189,2,,,0,14,,186190,2,,,0,13,,186197,2,,,0,14,,186203,2,,,0,55,,186217,2,,,0,15,,186191,2,,,0,17,,186157,2,,,0,15,,186158,2,,,0,55,,186199,2,,,0,15,,186200,2,,,0,15,,186201,2,,,0,15,,186202,2,,,0,52,,186218,2,,,0,15,,186219,2,,,0,15,,186214,2,,,0,15,,186194,2,,,0,55,,186159,2,,,0,15,,186186,2,,,0,14,,186161,2,,,0,14,,186195,2,,,0,54,,186198,2,,,0,13,,186154,2,,,0,14,,186155,2,,,0,14,,186181,2,,,0,12,,186224,2,,,0,52,,186179,2,,,0,12,,186182,2,,,0,12,,186183,2,,,0,12,,186192,2,,,0,12,,186212,2,,,0,50,,186213,2,,,0,12,,186193,2,,,0,12,,186165,2,,,0,12,,186166,2,,,0,12,,186167,2,,,0,50,,186209,2,,,0,12,,186168,2,,,0,12,,186169,2,,,0,10,,186170,2,,,0,10,,186172,2,,,0,10,,186207,2,,,0,52,,186221,2,,,0,10,,186196,2,,,0,10,,186220,2,,,0,10,,186206,2,,,0,9,,186208,2,,,0,10,,186175,2,,,0,49,,186222,2,,,0,8,,186210,2,,,0,9,,186223,2,,,0,9,,186211,2,,,0,9,,186174,2,,,0,12,,186184,2,,,0,54,,186173,2,,,0,12,,186160,2,,,0,15,,186205,2,,,0,20,,186163,2,,,0,61,,186204,2,,,0,24,,186171,2,0,10,0,20,,186185,2,0,10,0,60,,186156,2,0,10,0
661400,'2_merged_15727752',856,,186277,2,,,0,54,,186278,2,,,0,14,,186249,2,,,0,11,,186266,2,,,0,14,,186264,2,,,0,53,,186229,2,,,0,11,,186230,2,,,0,13,,186231,2,,,0,12,,186299,2,,,0,12,,186252,2,,,0,52,,186234,2,,,0,12,,186233,2,,,0,12,,186282,2,,,0,12,,186251,2,,,0,11,,186253,2,,,0,52,,186292,2,,,0,11,,186254,2,,,0,11,,186255,2,,,0,9,,186300,2,,,0,11,,186283,2,,,0,11,,186288,2,,,0,51,,186242,2,,,0,11,,186293,2,,,0,12,,186228,2,,,0,12,,186237,2,,,0,12,,186238,2,,,0,52,,186239,2,,,0,12,,186294,2,,,0,12,,186279,2,,,0,12,,186295,2,,,0,12,,186289,2,,,0,52,,186248,2,,,0,12,,186268,2,,,0,12,,186281,2,,,0,12,,186296,2,,,0,12,,186270,2,,,0,53,,186284,2,,,0,14,,186256,2,,,0,12,,186287,2,,,0,12,,186260,2,,,0,12,,186297,2,,,0,52,,186291,2,,,0,12,,186225,2,,,0,14,,186226,2,,,0,13,,186227,2,,,0,12,,186298,2,,,0,52,,186301,2,,,0,13,,186235,2,,,0,13,,186236,2,,,0,16,,186269,2,,,0,61,,186257,2,,,0,22,,186271,2,0,10,0,20,,186285,2,0,10,0,61,,186267,2,0,10,0,20,,186272,2,0,10,0,21,,186280,2,0,10,0,61,,186240,2,0,10,0,22,,186265,2,0,10,0,60,,186244,2,0,10,0,20,,186273,2,0,10,0,22,,186243,2,0,10,0,60,,186286,2,0,10,0,19,,186263,2,0,10,0,31,,186259,2,0,10,0
661400,'3_merged_15727751',943,,186313,2,,,0,16,,186314,2,,,0,54,,186315,2,,,0,15,,186316,2,,,0,14,,186317,2,,,0,16,,186318,2,,,0,55,,186319,2,,,0,14,,186320,2,,,0,14,,186321,2,,,0,15,,186322,2,,,0,54,,186323,2,,,0,12,,186324,2,,,0,11,,186325,2,,,0,12,,186326,2,,,0,12,,186327,2,,,0,52,,186328,2,,,0,12,,186329,2,,,0,12,,186330,2,,,0,12,,186331,2,,,0,12,,186332,2,,,0,52,,186333,2,,,0,12,,186334,2,,,0,13,,186335,2,,,0,13,,186336,2,,,0,53,,186337,2,,,0,12,,186338,2,,,0,12,,186339,2,,,0,12,,186340,2,,,0,13,,186341,2,,,0,54,,186342,2,,,0,15,,186343,2,,,0,15,,186344,2,,,0,16,,186345,2,,,0,55,,186346,2,,,0,15,,186347,2,,,0,15,,186348,2,,,0,15,,186349,2,,,0,55,,186350,2,,,0,15,,186351,2,,,0,20,,186352,2,,,0,19,,186353,2,,,0,59,,186354,2,,,0,20,,186355,2,0,10,0,19,,186356,2,0,10,0,60,,186357,2,0,10,0,20,,186358,2,0,10,0,20,,186359,2,0,10,0,64,,186360,2,0,10,0,26,,186361,2,0,10,0,60,,186362,2,0,10,0,19,,186363,2,0,10,0,22,,186364,2,0,10,0,63,,186365,2,0,10,0,19,,186366,2,0,10,0,25,,186367,2,0,10,0
661900,'1_merged_15727750',751,,188888,2,,,0,57,,188890,2,,,0,15,,188892,2,,,0,19,,188894,2,,,0,17,,188896,2,,,0,58,,188898,2,,,0,25,,188900,2,,,0,64,,188902,2,,,0,23,,188904,2,,,0,22,,188906,2,,,0,462,,188936,2,,,0,13,,188938,2,,,0,16,,188939,2,,,0,58,,188941,2,,,0,13,,188943,2,,,0,14,,188945,2,,,0,14,,188947,2,,,0,16,,188949,2,,,0,49,,188950,2,,,0,24,,188952,2,,,0,28,,188954,2,,,0,55,,188955,2,,,0
664100,'1101_merged_15727765',2542,,196843,2,,,0
664100,'1201_merged_15727743',2542,,196844,2,0,25 8,0
664100,'1_merged_15727750',624,,196881,2,0,25 8,0,18,,196882,2,0,25 8,0,8,,196883,2,0,25 8,0,5,,196884,2,0,25 8,0,45,,196885,2,0,25 8,0,6,,196886,2,0,25 8,0,2,,196887,2,0,25 8,0,5,,196888,2,0,25 8,0,3,,196889,2,0,25 8,0,3,,197070,2,0,25 8,0,1,,196890,2,0,25 8,0,6,,196891,2,0,25 8,0,3,,196892,2,0,25 8,0,3,,196893,2,0,25 8,0,6,,196894,2,0,25 8,0,4,,196895,2,0,25 8,0,3,,196896,2,0,25 8,0,3,,196897,2,0,25 8,0,3,,196898,2,0,25 8,0,3,,196899,2,0,25 8,0,3,,196900,2,0,25 8,0,43,,196901,2,0,25 8,0,2,,196902,2,0,25 8,0,5,,196903,2,0,25 8,0,3,,196904,2,0,25 8,0,2,,196905,2,0,25 8,0,3,,196846,2,,,0,2,,196847,2,0,25 8,0,3,,196848,2,0,25 8,0,3,,196849,2,0,25 8,0,3,,196850,2,0,25 8,0,3,,196851,2,0,25 8,0,4,,196852,2,0,25 8,0,5,,196853,2,0,25 8,0,2,,196854,2,0,25 8,0,4,,196855,2,0,25 8,0,2,,196856,2,0,25 8,0,3,,196857,2,,,0,4,,196858,2,0,25 8,0,4,,196859,2,0,25 8,0,44,,196860,2,,,0,2,,196861,2,0,25 8,0,4,,196862,2,0,25 8,0,4,,196863,2,0,25 8,0,3,,196864,2,0,25 8,0,3,,196865,2,0,25 8,0,3,,196866,2,,,0,3,,196867,2,0,25 8,0,3,,196868,2,,,0,3,,196869,2,0,25 8,0,3,,196870,2,0,25 8,0,3,,196871,2,,,0,3,,196872,2,0,25 8,0,3,,196873,2,0,25 8,0,3,,196874,2,,,0,3,,196875,2,0,25 8,0,3,,196876,2,0,25 8,0,3,,196877,2,,,0,3,,196878,2,,,0,3,,196845,2,,,0,43,,196906,2,0,25 8,0,3,,196907,2,,,0,3,,196908,2,0,25 8,0,3,,196909,2,,,0,3,,196910,2,0,25 8,0,3,,196911,2,0,25 8,0,3,,197071,2,,,0,3,,196912,2,,,0,3,,196913,2,0,25 8,0,4,,196914,2,0,25 8,0,4,,196915,2,0,25 8,0,4,,196916,2,0,25 8,0,5,,196917,2,,,0,4,,196918,2,0,25 8,0,5,,196919,2,0,25 8,0,5,,196920,2,,,0,43,,196921,2,0,25 8,0,4,,196922,2,0,25 8,0,5,,196923,2,0,25 8,0,5,,196924,2,0,25 8,0,5,,196925,2,0,25 8,0,5,,196926,2,0,25 8,0,6,,196927,2,,,0,5,,196928,2,,,0,3,,196929,2,0,25 8,0,8,,196930,2,0,25 8,0,6,,196931,2,0,25 8,0,6,,196932,2,0,25 8,0,46,,196933,2,0,25 8,0,6,,196934,2,0,25 8,0,5,,196935,2,0,25 8,0,8,,196936,2,0,25 8,0,5,,196937,2,0,25 8,0,5,,196938,2,0,25 8,0,8,,196939,2,0,25 8,0,6,,196940,2,0,25 8,0,9,,196941,2,0,25 8,0,46,,196942,2,0,25 8,0,6,,197072,2,0,25 8,0,4,,196943,2,0,25 8,0,9,,196944,2,0,25 8,0,7,,196945,2,0,25 8,0,7,,196946,2,0,25 8,0,8,,196947,2,0,25 8,0,5,,196948,2,0,25 8,0,6,,196949,2,0,25 8,0,47,,196950,2,0,25 8,0,6,,196951,2,0,25 8,0,5,,196952,2,0,25 8,0,5,,196953,2,0,25 8,0,5,,196954,2,0,25 8,0,8,,196955,2,0,25 8,0,6,,196956,2,0,25 8,0,3,,197073,2,0,25 8,0,3,,196957,2,0,25 8,0,3,,196958,2,0,25 8,0,3,,196959,2,0,25 8,0,3,,196960,2,0,25 8,0,3,,196961,2,0,25 8,0,3,,196962,2,0,25 8,0,44,,196963,2,0,25 8,0,3,,196964,2,0,25 8,0,4,,196965,2,0,25 8,0,4,,196966,2,0,25 8,0,4,,196967,2,0,25 8,0,2,,196968,2,0,25 8,0,3,,196969,2,0,25 8,0,3,,196970,2,0,25 8,0,2,,196971,2,0,25 8,0,4,,196972,2,0,25 8,0,5,,196973,2,0,25 8,0,2,,196974,2,0,25 8,0,4,,196975,2,0,25 8,0,2,,196976,2,0,25 8,0,3,,196977,2,0,25 8,0,3,,196978,2,0,25 8,0,2,,196979,2,0,25 8,0,3,,196980,2,0,25 8,0,4,,196981,2,0,25 8,0,47,,196983,2,0,25 8,0,6,,196984,2,0,25 8,0,3,,196985,2,0,25 8,0,3,,196986,2,0,25 8,0,4,,196987,2,0,25 8,0,2,,196988,2,0,25 8,0,3,,196989,2,0,25 8,0,4,,196990,2,,,0,2,,196991,2,0,25 8,0,3,,196992,2,,,0,3,,196993,2,,,0,3,,196994,2,0,25 8,0,3,,196995,2,0,25 8,0,3,,196996,2,,,0,3,,196997,2,,,0,3,,196998,2,0,25 8,0,4,,196999,2,0,25 8,0,2,,197000,2,,,0,44,,197001,2,0,25 8,0,2,,197002,2,,,0,3,,197003,2,0,25 8,0,2,,197004,2,,,0,3,,197005,2,0,25 8,0,5,,197006,2,0,25 8,0,2,,197007,2,,,0,3,,197008,2,,,0,5,,197009,2,,,0,2,,197010,2,0,25 8,0,4,,197011,2,0,25 8,0,3,,197012,2,,,0,2,,197013,2,0,25 8,0,3,,197014,2,0,25 8,0,2,,197015,2,,,0,3,,197016,2,0,25 8,0,4,,197017,2,,,0,4,,197018,2,,,0,3,,197019,2,,,0,46,,197020,2,,,0,3,,197021,2,,,0,3,,197022,2,0,25 8,0,4,,197023,2,0,25 8,0,4,,197024,2,,,0,4,,197025,2,0,25 8,0,3,,197026,2,,,0,5,,197027,2,0,25 8,0,5,,197028,2,0,25 8,0,4,,197029,2,0,25 8,0,7,,197030,2,,,0,6,,197031,2,0,25 8,0,6,,197032,2,,,0,45,,197033,2,0,25 8,0,6,,197034,2,0,25 8,0,10,,197035,2,,,0,3,,197036,2,0,25 8,0,7,,197037,2,0,25 8,0,7,,197038,2,,,0,7,,197039,2,0,25 8,0,7,,197040,2,0,25 8,0,7,,197041,2,0,25 8,0,49,,197042,2,0,25 8,0,8,,197043,2,,,0,8,,197044,2,,,0,7,,197045,2,0,25 8,0,8,,197046,2,0,25 8,0,10,,197047,2,,,0,10,,197048,2,,,0,50,,197049,2,0,25 8,0,10,,197050,2,,,0,9,,197051,2,0,25 8,0,11,,197052,2,0,25 8,0,10,,197053,2,0,25 8,0,12,,197054,2,0,25 8,0,55,,197055,2,,,0,15,,197056,2,0,25 8,0,15,,197057,2,0,25 8,0,15,,197058,2,0,25 8,0,55,,197059,2,0,25 8,0,15,,197060,2,0,25 8,0,15,,197061,2,0,25 8,0,15,,197062,2,0,25 8,0,55,,197063,2,0,25 8,0,15,,197064,2,0,25 8,0,15,,197065,2,0,25 8,0,15,,197066,2,0,25 8,0,55,,197067,2,0,25 8,0,100,,197068,2,0,25 8,0,35,,197069,2,,,0
664100,'2_merged_15727752',613,,197074,2,0,25 8,0,17,,197075,2,0,25 8,0,16,,197076,2,0,25 8,0,56,,197077,2,0,25 8,0,13,,197078,2,0,25 8,0,10,,197079,2,0,25 8,0,10,,197080,2,0,25 8,0,10,,197081,2,0,25 8,0,10,,197082,2,0,25 8,0,51,,197083,2,0,25 8,0,11,,197084,2,0,25 8,0,10,,197085,2,0,25 8,0,10,,197086,2,0,25 8,0,11,,197087,2,0,25 8,0,10,,197088,2,0,25 8,0,50,,197089,2,0,25 8,0,8,,197090,2,0,25 8,0,6,,197091,2,0,25 8,0,9,,197092,2,0,25 8,0,8,,197093,2,0,25 8,0,6,,197094,2,0,25 8,0,6,,197095,2,0,25 8,0,6,,197096,2,0,25 8,0,47,,197097,2,0,25 8,0,7,,197098,2,0,25 8,0,8,,197099,2,0,25 8,0,7,,197100,2,0,25 8,0,8,,197101,2,0,25 8,0,7,,197102,2,0,25 8,0,9,,197103,2,0,25 8,0,8,,197104,2,0,25 8,0,48,,197105,2,0,25 8,0,8,,197106,2,0,25 8,0,9,,197107,2,0,25 8,0,6,,197108,2,0,25 8,0,8,,197109,2,0,25 8,0,8,,197110,2,0,25 8,0,8,,197111,2,0,25 8,0,47,,197112,2,0,25 8,0,7,,197113,2,0,25 8,0,7,,197114,2,0,25 8,0,7,,197115,2,0,25 8,0,7,,197116,2,0,25 8,0,8,,197117,2,0,25 8,0,7,,197118,2,0,25 8,0,7,,197119,2,0,25 8,0,6,,197120,2,0,25 8,0,47,,197121,2,0,25 8,0,6,,197122,2,0,25 8,0,6,,197123,2,0,25 8,0,7,,197124,2,0,25 8,0,7,,197125,2,0,25 8,0,6,,197126,2,0,25 8,0,6,,197127,2,0,25 8,0,6,,197128,2,0,25 8,0,6,,197129,2,0,25 8,0,6,,197130,2,0,25 8,0,48,,197131,2,0,25 8,0,5,,197132,2,0,25 8,0,6,,197133,2,0,25 8,0,7,,197134,2,0,25 8,0,6,,197135,2,0,25 8,0,6,,197136,2,0,25 8,0,6,,197137,2,0,25 8,0,6,,197138,2,0,25 8,0,6,,197139,2,0,25 8,0,46,,197140,2,0,25 8,0,6,,197141,2,0,25 8,0,6,,197142,2,0,25 8,0,6,,197143,2,0,25 8,0,6,,197144,2,0,25 8,0,6,,197145,2,0,25 8,0,6,,197146,2,0,25 8,0,6,,197147,2,0,25 8,0,6,,197148,2,0,25 8,0,6,,197149,2,0,25 8,0,46,,197150,2,0,25 8,0,6,,197151,2,0,25 8,0,6,,197152,2,0,25 8,0,7,,197153,2,0,25 8,0,6,,197154,2,,,0,6,,197155,2,0,25 8,0,6,,197156,2,0,25 8,0,6,,197157,2,,,0,6,,197158,2,0,25 8,0,6,,197159,2,0,25 8,0,46,,197160,2,,,0,6,,197161,2,0,25 8,0,6,,197162,2,,,0,6,,197163,2,0,25 8,0,6,,197164,2,0,25 8,0,6,,197165,2,0,25 8,0,6,,197166,2,,,0,6,,197167,2,0,25 8,0,6,,197168,2,,,0,6,,197169,2,0,25 8,0,47,,197170,2,0,25 8,0,9,,197171,2,0,25 8,0,7,,197172,2,0,25 8,0,9,,197173,2,0,25 8,0,9,,197174,2,0,25 8,0,8,,197175,2,,,0,7,,197176,2,0,25 8,0,48,,197177,2,0,25 8,0,7,,197178,2,,,0,8,,197179,2,0,25 8,0,7,,197180,2,0,25 8,0,8,,197181,2,,,0,9,,197182,2,0,25 8,0,7,,197183,2,0,25 8,0,8,,197184,2,0,25 8,0,50,,197185,2,0,25 8,0,10,,197186,2,0,25 8,0,10,,197187,2,0,25 8,0,10,,197188,2,0,25 8,0,10,,197189,2,0,25 8,0,10,,197190,2,0,25 8,0,50,,197191,2,0,25 8,0,11,,197192,2,0,25 8,0,9,,197193,2,0,25 8,0,10,,197194,2,,,0,10,,197195,2,0,25 8,0,10,,197196,2,0,25 8,0,50,,197197,2,0,25 8,0,9,,197198,2,,,0,9,,197199,2,0,25 8,0,11,,197200,2,0,25 8,0,11,,197201,2,0,25 8,0,12,,197202,2,0,25 8,0,52,,197203,2,0,25 8,0,12,,197204,2,,,0,12,,197205,2,0,25 8,0,12,,197206,2,0,25 8,0,12,,197207,2,0,25 8,0,52,,197208,2,0,25 8,0,12,,197209,2,0,25 8,0,12,,197210,2,0,25 8,0,15,,197211,2,0,25 8,0,54,,197212,2,0,25 8,0,11,,197213,2,0,25 8,0,34,,197214,2,,,0,70,,197215,2,0,25 8,0,35,,197216,2,0,25 8,0,55,,197218,2,,,0,20,,197217,2,,,0
664100,'3_merged_15727751',731,,197219,2,0,25 8,0,27,,197220,2,0,25 8,0,54,,197221,2,0,25 8,0,15,,197222,2,0,25 8,0,12,,197223,2,0,25 8,0,15,,197224,2,0,25 8,0,58,,197225,2,0,25 8,0,16,,197226,2,0,25 8,0,12,,197227,2,0,25 8,0,10,,197228,2,0,25 8,0,50,,197229,2,0,25 8,0,9,,197230,2,0,25 8,0,10,,197231,2,0,25 8,0,10,,197232,2,0,25 8,0,9,,197233,2,0,25 8,0,9,,197234,2,0,25 8,0,8,,197235,2,0,25 8,0,50,,197236,2,0,25 8,0,9,,197237,2,0,25 8,0,9,,197238,2,0,25 8,0,9,,197239,2,0,25 8,0,9,,197240,2,0,25 8,0,9,,197241,2,0,25 8,0,8,,197242,2,0,25 8,0,45,,197243,2,0,25 8,0,11,,197244,2,0,25 8,0,9,,197245,2,0,25 8,0,8,,197246,2,0,25 8,0,7,,197247,2,0,25 8,0,9,,197248,2,0,25 8,0,9,,197249,2,0,25 8,0,49,,197250,2,0,25 8,0,9,,197251,2,0,25 8,0,9,,197252,2,0,25 8,0,9,,197253,2,0,25 8,0,8,,197254,2,0,25 8,0,5,,197255,2,0,25 8,0,12,,197256,2,0,25 8,0,50,,197257,2,0,25 8,0,8,,197258,2,0,25 8,0,8,,197259,2,0,25 8,0,9,,197260,2,0,25 8,0,9,,197261,2,0,25 8,0,9,,197262,2,0,25 8,0,8,,197263,2,0,25 8,0,49,,197264,2,0,25 8,0,8,,197265,2,0,25 8,0,8,,197266,2,0,25 8,0,5,,197267,2,0,25 8,0,13,,197268,2,0,25 8,0,9,,197269,2,0,25 8,0,8,,197270,2,0,25 8,0,48,,197271,2,0,25 8,0,9,,197272,2,0,25 8,0,9,,197273,2,0,25 8,0,9,,197274,2,0,25 8,0,8,,197275,2,0,25 8,0,9,,197276,2,0,25 8,0,8,,197277,2,0,25 8,0,48,,197278,2,0,25 8,0,5,,197279,2,0,25 8,0,12,,197280,2,0,25 8,0,10,,197281,2,0,25 8,0,8,,197282,2,0,25 8,0,8,,197283,2,,,0,9,,197284,2,0,25 8,0,49,,197285,2,0,25 8,0,8,,197286,2,,,0,8,,197287,2,0,25 8,0,8,,197288,2,,,0,8,,197289,2,0,25 8,0,9,,197290,2,,,0,4,,197291,2,0,25 8,0,54,,197292,2,0,25 8,0,10,,197293,2,0,25 8,0,9,,197294,2,0,25 8,0,12,,197295,2,,,0,11,,197296,2,0,25 8,0,53,,197297,2,0,25 8,0,16,,197298,2,0,25 8,0,12,,197299,2,,,0,14,,197318,2,0,25 8,0,14,,197300,2,0,25 8,0,54,,197301,2,0,25 8,0,17,,197302,2,0,25 8,0,14,,197303,2,0,25 8,0,16,,197304,2,0,25 8,0,56,,197305,2,0,25 8,0,14,,197306,2,0,25 8,0,15,,197307,2,0,25 8,0,15,,197308,2,0,25 8,0,55,,197309,2,0,25 8,0,15,,197310,2,0,25 8,0,14,,197311,2,0,25 8,0,15,,197312,2,0,25 8,0,55,,197313,2,0,25 8,0,15,,197314,2,0,25 8,0,15,,197315,2,0,25 8,0,63,,197316,2,0,25 8,0,141,,197317,2,,,0
683300,'1_merged_15727750',2540,,223684,2,,,0,73,,223686,2,,,0,32,,223685,2,,,0
683300,'2_merged_15727752',2537,,223687,2,,,0,70,,223689,2,,,0,28,,223688,2,,,0
683300,'3_merged_15727751',2539,,223690,2,,,0,70,,223692,2,,,0,30,,223691,2,,,0,78,,223693,2,,,0
1671800,'152201_merged_15727756',2036,,226227,2,0,10,0,16,,226228,2,0,10,0,55,,226229,2,0,10,0,15,,226230,2,0,10,0,18,,226231,2,0,10,0,60,,226232,2,0,10,0,21,,226233,2,0,10,0,20,,226234,2,0,10,0,60,,226235,2,0,10,0,30,,226236,2,0,10,0,16,,226226,2,0,10,0,55,,226237,2,0,10,0,15,,226240,2,0,10,0,15,,226238,2,0,10,0,70,,226239,2,0,10,0
1671800,'152301_merged_15727764',2036,,226243,2,0,10,0,16,,226244,2,0,10,0,55,,226245,2,0,10,0,15,,226246,2,0,10,0,18,,226247,2,0,10,0,60,,226248,2,0,10,0,21,,226249,2,0,10,0,20,,226250,2,0,10,0,60,,226251,2,0,10,0,30,,226252,2,0,10,0,16,,226241,2,0,10,0,55,,226253,2,0,10,0,15,,226242,2,0,10,0,15,,226254,2,0,10,0,70,,226255,2,0,10,0
1671800,'1_merged_15727750',300,,226328,2,0,10,0,30,,226329,2,0,10,0,78,,226330,2,0,10,0,30,,226297,2,,,0,78,,226299,2,,,0,17,,226294,2,,,0,26,,226301,2,,,0,54,,226302,2,,,0,15,,226303,2,,,0,12,,226304,2,,,0,12,,226291,2,,,0,54,,226292,2,,,0,13,,226308,2,,,0,14,,226309,2,,,0,12,,226310,2,,,0,13,,226311,2,,,0,53,,226312,2,,,0,12,,226313,2,,,0,13,,226314,2,,,0,14,,226315,2,,,0,54,,226316,2,,,0,14,,226317,2,,,0,15,,226318,2,,,0,15,,226319,2,,,0,55,,226320,2,,,0,15,,226321,2,,,0,13,,226322,2,,,0,15,,226323,2,,,0,55,,226324,2,,,0,16,,226325,2,,,0,14,,226326,2,,,0,15,,226327,2,,,0,55,,226305,2,,,0,15,,226306,2,,,0,15,,226307,2,,,0,15,,226284,2,,,0,55,,226285,2,,,0,15,,226286,2,,,0,16,,226256,2,,,0,15,,226257,2,,,0,53,,226258,2,,,0,8,,226259,2,,,0,8,,226296,2,,,0,14,,226260,2,,,0,15,,226261,2,,,0,12,,226262,2,,,0,53,,226263,2,,,0,12,,226264,2,,,0,10,,226334,2,,,0,10,,226265,2,,,0,10,,226266,2,,,0,50,,226267,2,,,0,10,,226268,2,,,0,10,,226269,2,,,0,10,,226270,2,,,0,9,,226271,2,,,0,9,,226272,2,,,0,51,,226333,2,,,0,9,,226273,2,,,0,9,,226274,2,,,0,10,,226275,2,,,0,10,,226276,2,,,0,12,,226277,2,,,0,54,,226278,2,,,0,12,,226279,2,,,0,13,,226280,2,,,0,12,,226281,2,0,10,0,15,,226282,2,0,10,0,55,,226283,2,0,10,0,15,,226287,2,0,10,0,17,,226288,2,0,10,0,15,,226290,2,0,10,0,58,,226289,2,0,10,0
1671800,'2_merged_15727752',301,,226432,2,0,10,0,30,,226433,2,0,10,0,76,,226428,2,0,10,0,30,,226363,2,,,0,81,,226394,2,,,0,21,,226395,2,,,0,15,,226372,2,,,0,56,,226373,2,,,0,19,,226374,2,,,0,20,,226375,2,,,0,55,,226376,2,,,0,14,,226377,2,,,0,13,,226378,2,,,0,13,,226380,2,,,0,11,,226381,2,,,0,53,,226382,2,,,0,14,,226383,2,,,0,15,,226384,2,,,0,15,,226385,2,,,0,52,,226386,2,,,0,15,,226387,2,,,0,15,,226388,2,,,0,15,,226389,2,,,0,54,,226390,2,,,0,15,,226391,2,,,0,12,,226392,2,,,0,12,,226393,2,,,0,12,,226379,2,,,0,51,,226364,2,,,0,12,,226396,2,,,0,13,,226397,2,,,0,12,,226398,2,,,0,13,,226399,2,,,0,49,,226365,2,,,0,10,,226400,2,,,0,11,,226401,2,,,0,10,,226402,2,,,0,10,,226403,2,,,0,10,,226404,2,,,0,49,,226366,2,,,0,10,,226405,2,,,0,10,,226406,2,,,0,10,,226407,2,,,0,10,,226408,2,,,0,11,,226409,2,,,0,51,,226367,2,,,0,11,,226410,2,,,0,10,,226411,2,,,0,10,,226412,2,,,0,10,,226413,2,,,0,10,,226414,2,,,0,50,,226368,2,,,0,10,,226415,2,,,0,10,,226416,2,,,0,10,,226418,2,,,0,10,,226419,2,,,0,10,,226420,2,,,0,50,,226369,2,,,0,9,,226421,2,,,0,12,,226422,2,,,0,10,,226417,2,,,0,9,,226423,2,,,0,10,,226424,2,,,0,50,,226370,2,,,0,11,,226425,2,,,0,11,,226426,2,,,0,12,,226427,2,,,0,12,,226335,2,,,0,52,,226336,2,,,0,12,,226337,2,,,0,13,,226338,2,,,0,13,,226339,2,0,10,0,15,,226340,2,0,10,0,55,,226341,2,0,10,0,15,,226342,2,0,10,0,18,,226343,2,0,10,0,55,,226344,2,0,10,0,14,,226345,2,0,10,0,14,,226346,2,0,10,0,18,,226347,2,0,10,0,55,,226348,2,0,10,0,15,,226349,2,0,10,0,20,,226358,2,0,10,0,20,,226350,2,0,10,0,60,,226351,2,0,10,0,22,,226352,2,0,10,0,61,,226353,2,0,10,0,24,,226354,2,0,10,0,31,,226355,2,0,10,0,70,,226356,2,0,10,0,32,,226357,2,0,10,0
1671800,'3_merged_15727751',300,,226518,2,0,10,0,30,,226519,2,0,10,0,76,,226516,2,0,10,0,30,,226517,2,0,10,0,77,,226512,2,,,0,22,,226453,2,,,0,20,,226459,2,,,0,61,,226460,2,,,0,24,,226513,2,,,0,60,,226461,2,,,0,14,,226463,2,,,0,15,,226436,2,,,0,14,,226462,2,,,0,11,,226464,2,,,0,53,,226465,2,,,0,14,,226466,2,,,0,15,,226467,2,,,0,15,,226468,2,,,0,55,,226469,2,,,0,16,,226470,2,,,0,14,,226471,2,,,0,16,,226472,2,,,0,56,,226473,2,,,0,16,,226474,2,,,0,12,,226475,2,,,0,14,,226476,2,,,0,53,,226477,2,,,0,14,,226497,2,,,0,13,,226478,2,,,0,11,,226479,2,,,0,13,,226480,2,,,0,52,,226437,2,,,0,11,,226481,2,,,0,12,,226482,2,,,0,12,,226483,2,,,0,12,,226484,2,,,0,52,,226438,2,,,0,13,,226485,2,,,0,12,,226486,2,,,0,13,,226487,2,,,0,12,,226488,2,,,0,52,,226449,2,,,0,13,,226489,2,,,0,12,,226490,2,,,0,13,,226491,2,,,0,12,,226492,2,,,0,52,,226450,2,,,0,12,,226493,2,,,0,11,,226494,2,,,0,12,,226495,2,,,0,12,,226458,2,,,0,51,,226451,2,,,0,11,,226496,2,,,0,12,,226454,2,,,0,12,,226455,2,,,0,12,,226456,2,,,0,52,,226452,2,,,0,12,,226439,2,,,0,14,,226440,2,,,0,14,,226441,2,,,0,55,,226442,2,,,0,15,,226443,2,,,0,15,,226444,2,,,0,16,,226445,2,0,10,0,55,,226446,2,0,10,0,16,,226447,2,0,10,0,15,,226448,2,0,10,0,15,,226457,2,0,10,0,55,,226515,2,0,10,0,15,,226499,2,0,10,0,20,,226500,2,0,10,0,15,,226501,2,0,10,0,55,,226502,2,0,10,0,15,,226514,2,0,10,0,20,,226503,2,0,10,0,60,,226504,2,0,10,0,20,,226505,2,0,10,0,22,,226506,2,0,10,0,61,,226507,2,0,10,0,24,,226508,2,0,10,0,71,,226509,2,0,10,0,30,,226510,2,0,10,0,70,,226511,2,0,10,0
