674900,'101_merged_15727747',722,,219156,14,0,62 63 64,0
674900,'1_merged_15727750',535,,219221,14,0,62 63 129,0,11,,219222,14,0,62 63 129,0,59,,219223,14,0,62 63 129,0,17,,219224,14,0,62 63 129,0,15,,219225,14,0,62 63 129,0,16,,219226,14,0,62 63 129,0,56,,219227,14,0,62 63 129,0,32,,219228,14,0,62 63 129,0,13,,219229,14,0,58 59,0,55,,219230,14,0,58 59,0,14,,219167,14,0,62 63 129,0,15,,219212,14,0,58 59,0,62,,219213,14,0,62 63 129,0,11,,219214,14,0,58 59,0,14,,219215,14,0,62 63 129,0,8,,219216,14,0,60 61 8,0,9,,219217,14,0,58 59,0,9,,219218,14,0,62 63 129,0,55,,219219,14,0,58 59,0,15,,219220,14,0,62 63 129,0,15,,219168,14,0,58 59,0,15,,219193,14,0,62 63 129,0,55,,219194,14,0,58 59,0,17,,219195,14,0,62 63 129,0,15,,219196,14,0,58 59,0,15,,219197,14,0,62 63 129,0,55,,219198,14,0,58 59,0,15,,219199,14,0,62 63 129,0,12,,219200,14,0,58 59,0,17,,219201,14,0,62 63 129,0,55,,219202,14,0,58 59,0,15,,219203,14,0,62 63 129,0,17,,219204,14,0,58 59,0,13,,219205,14,0,62 63 129,0,57,,219206,14,0,60 61 8,0,37,,219207,14,0,62 63 129,0,58,,219208,14,0,62 63 129,0,15,,219209,14,0,62 63 129,0,15,,219210,14,0,62 63 129,0,17,,219211,14,0,62 63 129,0,54,,219159,14,0,62 63 129,0,14,,219165,14,0,62 63 129,0,23,,219187,14,0,62 63 129,0,7,,219169,14,0,62 63 129,0,63,,219158,14,0,62 63 129,0,7,,219188,14,0,62 63 129,0,23,,219189,14,0,62 63 129,0,3,,219190,14,0,62 63 129,0,55,,219191,14,0,62 63 129,0,21,,219192,14,0,62 63 129,0,10,,219166,14,0,62 63 129,0,17,,219160,14,0,62 63 129,0,10,,219170,14,0,62 63 129,0,55,,219171,14,0,62 63 129,0,14,,219182,14,0,62 63 129,0,16,,219183,14,0,62 63 129,0,12,,219184,14,0,62 63 129,0,53,,219185,14,0,60 61 8,0,17,,219186,14,0,62 63 129,0,15,,219164,14,0,62 63 129,0,14,,219161,14,0,62 63 129,0,56,,219174,14,0,60 61 8,0,14,,219175,14,0,62 63 129,0,30,,219176,14,0,62 63 129,0,70,,219177,14,0,62 63 129,0,30,,219162,14,0,62 63 129,0,69,,219179,14,0,62 63 129,0,30,,219173,14,0,62 63 129,0,68,,219178,14,0,62 63 129,0,30,,219163,14,0,62 63 129,0,70,,219181,14,0,58 59,0,29,,219172,14,0,58 59,0,70,,219180,14,0,58 59,0
674900,'201_merged_15727755',721,,219231,14,0,62 63 129,0
674900,'2_merged_15727752',621,,219234,14,0,62 63 129,0,31,,219235,14,0,62 63 129,0,66,,219236,14,0,62 63 129,0,15,,219237,14,0,62 63 129,0,15,,219238,14,0,58 59,0,55,,219239,14,0,62 63 129,0,10,,219240,14,0,58 59,0,15,,219241,14,0,62 63 129,0,15,,219242,14,0,58 59,0,16,,219243,14,0,62 63 129,0,57,,219244,14,0,58 59,0,14,,219245,14,0,62 63 129,0,15,,219246,14,0,58 59,0,57,,219247,14,0,62 63 129,0,15,,219248,14,0,58 59,0,15,,219249,14,0,62 63 129,0,15,,219250,14,0,58 59,0,55,,219251,14,0,62 63 129,0,15,,219252,14,0,58 59,0,17,,219253,14,0,62 63 129,0,16,,219254,14,0,58 59,0,54,,219255,14,0,62 63 129,0,17,,219256,14,0,58 59,0,15,,219257,14,0,62 63 129,0,12,,219258,14,0,58 59,0,55,,219259,14,0,62 63 129,0,15,,219260,14,0,58 59,0,18,,219261,14,0,62 63 129,0,15,,219262,14,0,58 59,0,55,,219263,14,0,62 63 129,0,15,,219264,14,0,58 59,0,15,,219265,14,0,62 63 129,0,15,,219266,14,0,58 59,0,56,,219267,14,0,62 63 129,0,14,,219268,14,0,58 59,0,16,,219269,14,0,62 63 129,0,15,,219270,14,0,58 59,0,55,,219271,14,0,62 63 129,0,12,,219272,14,0,58 59,0,15,,219273,14,0,62 63 129,0,15,,219274,14,0,58 59,0,54,,219275,14,0,62 63 129,0,15,,219276,14,0,58 59,0,15,,219277,14,0,62 63 129,0,15,,219278,14,0,58 59,0,55,,219279,14,0,62 63 129,0,15,,219280,14,0,58 59,0,14,,219281,14,0,62 63 129,0,15,,219282,14,0,62 63 129,0,55,,219283,14,0,62 63 129,0,20,,219284,14,0,62 63 129,0,20,,219285,14,0,62 63 129,0,58,,219286,14,0,62 63 129,0,21,,219287,14,0,62 63 129,0,20,,219288,14,0,62 63 129,0,59,,219289,14,0,62 63 129,0,26,,219290,14,0,62 63 129,0,30,,219291,14,0,62 63 129,0,68,,219292,14,0,62 63 129,0,30,,219293,14,0,62 63 129,0,68,,219294,14,0,62 63 129,0,30,,219295,14,0,62 63 129,0,70,,219296,14,0,62 63 129,0,30,,219297,14,0,62 63 129,0,69,,219298,14,0,58 59,0,35,,219232,14,0,58 59,0,65,,219233,14,0,58 59,0
674900,'3_merged_15727751',627,,219328,14,0,62 63 129,0,32,,219327,14,0,62 63 129,0,63,,219333,14,0,62 63 129,0,30,,219332,14,0,62 63 129,0,55,,219344,14,0,58 59,0,15,,219343,14,0,62 63 129,0,15,,219342,14,0,58 59,0,14,,219341,14,0,62 63 129,0,58,,219340,14,0,58 59,0,16,,219339,14,0,62 63 129,0,15,,219363,14,0,58 59,0,16,,219362,14,0,62 63 129,0,55,,219338,14,0,58 59,0,16,,219337,14,0,62 63 129,0,15,,219336,14,0,58 59,0,15,,219335,14,0,62 63 129,0,50,,219334,14,0,58 59,0,14,,219331,14,0,62 63 129,0,16,,219330,14,0,58 59,0,15,,219329,14,0,62 63 129,0,53,,219355,14,0,58 59,0,17,,219303,14,0,62 63 129,0,15,,219302,14,0,58 59,0,15,,219301,14,0,62 63 129,0,54,,219300,14,0,58 59,0,18,,219299,14,0,62 63 129,0,15,,219361,14,0,58 59,0,9,,219360,14,0,62 63 129,0,61,,219359,14,0,58 59,0,15,,219358,14,0,62 63 129,0,15,,219357,14,0,58 59,0,15,,219356,14,0,62 63 129,0,55,,219354,14,0,58 59,0,15,,219353,14,0,62 63 129,0,14,,219352,14,0,58 59,0,16,,219351,14,0,62 63 129,0,5,,219350,14,0,58 59,0,64,,219349,14,0,62 63 129,0,15,,219348,14,0,58 59,0,15,,219347,14,0,62 63 129,0,53,,219346,14,0,58 59,0,15,,219345,14,0,62 63 129,0,15,,219316,14,0,58 59,0,15,,219326,14,0,62 63 129,0,55,,219325,14,0,58 59,0,20,,219324,14,0,62 63 129,0,15,,219323,14,0,58 59,0,15,,219322,14,0,62 63 129,0,55,,219321,14,0,58 59,0,15,,219320,14,0,62 63 129,0,15,,219319,14,0,58 59,0,13,,219318,14,0,62 63 129,0,55,,219317,14,0,58 59,0,15,,219315,14,0,62 63 129,0,15,,219314,14,0,58 59,0,11,,219313,14,0,62 63 129,0,60,,219312,14,0,62 63 129,0,19,,219311,14,0,62 63 129,0,71,,219310,14,0,62 63 129,0,31,,219309,14,0,62 63 129,0,70,,219308,14,0,62 63 129,0,29,,219307,14,0,62 63 129,0,70,,219306,14,0,62 63 129,0,31,,219305,14,0,62 63 129,0,101,,219304,14,0,58 59,0
674900,'701_merged_15727744',1430,,219364,14,0,62 63 121 122 123,0
674900,'801_merged_15727766',1426,,219365,14,0,62 63 129,0
722400,'1_merged_15727750',546,,224208,20,,,0,61,,224206,20,,,0,23,,224183,20,,,0,7,,224181,20,,,0,65,,224209,20,,,0,7,,224213,20,,,0,23,,224207,20,,,0,21,,224204,20,,,0,51,,224210,20,,,0,26,,224203,20,,,0,18,,224202,20,,,0,63,,224214,20,,,0,17,,224199,20,,,0,78,,224198,20,,,0,21,,224196,20,,,0,30,,224195,20,,,0,70,,224194,20,,,0,30,,224193,20,,,0,71,,224192,20,,,0,30,,224191,20,,,0,71,,224197,20,,,0,71,,224190,20,,,0,33,,224205,20,,,0,70,,224201,20,,,0,31,,224211,20,,,0,21,,224200,20,,,0,60,,224189,20,,,0,26,,224212,20,,,0,17,,224188,20,,,0,60,,224180,20,,,0,15,,224178,20,,,0,15,,224215,20,,,0,54,,224187,20,,,0,21,,224186,20,,,0,32,,224185,20,,,0,60,,224184,20,,,0,18,,224179,20,,,0,26,,224182,20,,,0,72,,224219,20,,,0
3454101,'1_merged_15727750',522,,235694,14,,,0,30,,235695,14,,,0,70,,235696,14,,,0,30,,235697,14,,,0,70,,235698,14,,,0,30,,235699,14,,,0,70,,235700,14,,,0,80,,235701,14,,,0,40,,235702,14,,,0,81,,235703,14,,,0,80,,235704,14,,,0,40,,235705,14,,,0,81,,235706,14,,,0,80,,235707,14,,,0,40,,235708,14,,,0,80,,235709,14,,,0,82,,235710,14,,,0,28,,235711,14,,,0,70,,235712,14,,,0,40,,235713,14,,,0,70,,235714,14,,,0,30,,235715,14,,,0,80,,235716,14,,,0,90,,235717,14,,,0,40,,235718,14,,,0,80,,235719,14,,,0,80,,235720,14,,,0,40,,235721,14,,,0
3454101,'2_merged_15727752',842,,235722,14,,,0,84,,235723,14,,,0,86,,235724,14,,,0,45,,235725,14,,,0,87,,235726,14,,,0,85,,235727,14,,,0,85,,235728,14,,,0,45,,235729,14,,,0,85,,235730,14,,,0,85,,235731,14,,,0,85,,235732,14,,,0,45,,235733,14,,,0,83,,235734,14,,,0,85,,235735,14,,,0,85,,235736,14,,,0,45,,235737,14,,,0,85,,235738,14,,,0,85,,235739,14,,,0,85,,235740,14,,,0
3454101,'3_merged_15727751',842,,235741,14,,,0,85,,235742,14,,,0,85,,235743,14,,,0,45,,235744,14,,,0,86,,235745,14,,,0,86,,235746,14,,,0,85,,235747,14,,,0,45,,235748,14,,,0,85,,235749,14,,,0,85,,235750,14,,,0,85,,235751,14,,,0,44,,235752,14,,,0,85,,235753,14,,,0,84,,235754,14,,,0,85,,235755,14,,,0,45,,235756,14,,,0,85,,235757,14,,,0,85,,235758,14,,,0,85,,235759,14,,,0
