667200,'1_merged_15726439',550,,205211,3,,,0,51,,205212,3,,,0,16,,205169,15,,,0,7,,205170,15,,,0,15,,205171,15,,,0,15,,205172,15,,,0,58,,205173,15,,,0,22,,205174,15,,,0,12,,205175,15,,,0,55,,205176,15,,,0,23,,205178,15,,,0,12,,205179,15,,,0,13,,205180,15,,,0,59,,205215,15,,,0,15,,205188,15,,,0,26,,205189,15,,,0,70,,205190,15,,,0,30,,205191,15,,,0,69,,205192,15,,,0,30,,205193,15,,,0,70,,205194,15,,,0,29,,205195,15,,,0,70,,205196,15,,,0,30,,205197,15,,,0,69,,205198,15,,,0,28,,205199,15,,,0,70,,205200,15,,,0,29,,205201,15,,,0,65,,205213,15,,,0,5,,205181,15,,,0,16,,205182,15,,,0,15,,205183,15,,,0,59,,205184,15,,,0,18,,205185,15,,,0,25,,205186,15,,,0,10,,205187,15,,,0,61,,205214,15,,,0,1,,205202,15,,,0,21,,205203,15,,,0,64,,205205,15,,,0,5,,205206,15,,,0,16,,205207,15,,,0,13,,205208,15,,,0,16,,205209,15,,,0,74,,205210,15,,,0
667200,'2_merged_15726441',546,,205216,3,,,0,70,,205217,3,,,0,31,,205218,3,,,0,69,,205219,15,,,0,31,,205220,15,,,0,70,,205221,15,,,0,30,,205222,15,,,0,70,,205223,15,,,0,30,,205224,15,,,0,70,,205225,15,,,0,30,,205226,15,,,0,70,,205227,15,,,0,30,,205228,15,,,0,71,,205229,15,,,0,31,,205230,15,,,0,68,,205231,15,,,0,30,,205232,15,,,0,60,,205233,15,,,0,25,,205234,15,,,0,25,,205235,15,,,0,62,,205236,15,,,0,14,,205237,15,,,0,24,,205238,15,,,0,57,,205239,15,,,0,25,,205240,15,,,0,63,,205241,15,,,0,22,,205242,15,,,0,14,,205243,15,,,0,64,,205244,15,,,0,19,,205245,15,,,0,20,,205246,15,,,0,64,,205247,15,,,0,20,,205248,15,,,0,32,,205249,15,,,0,74,,205250,15,,,0
667200,'3_merged_15726440',719,,205251,3,,,0,30,,205252,15,,,0,70,,205253,15,,,0,30,,205254,15,,,0,70,,205255,15,,,0,30,,205256,15,,,0,70,,205257,15,,,0,30,,205258,15,,,0,70,,205259,15,,,0,30,,205260,15,,,0,70,,205261,15,,,0,30,,205262,15,,,0,70,,205263,15,,,0,32,,205264,15,,,0,70,,205265,15,,,0,30,,205266,15,,,0,71,,205267,15,,,0,30,,205268,15,,,0,70,,205269,15,,,0,31,,205270,15,,,0,70,,205271,15,,,0,30,,205272,15,,,0,70,,205277,15,,,0,33,,205273,15,,,0,65,,205274,15,,,0,28,,205275,15,,,0,70,,205276,15,,,0
667300,'101_merged_15726436',815,,205386,3,,,0,823,,205384,15,,,0,90,,205385,15,,,0
667300,'1_merged_15726439',525,,205421,3,,,0,34,,205422,3,,,0,62,,205423,3,,,0,8,,205424,3,,,0,28,,205425,3,,,0,64,,205426,3,,,0,220,,205412,3,,,0,66,,205413,3,,,0,29,,205414,15,,,0,70,,205415,15,,,0,30,,205416,15,,,0,66,,205417,15,,,0,32,,205418,15,,,0,70,,205419,15,,,0,28,,205420,15,,,0,26,,205429,15,,,0,75,,205399,15,,,0,26,,205400,15,,,0,68,,205401,15,,,0,29,,205402,15,,,0,3,,205403,15,,,0,58,,205404,15,,,0,35,,205405,15,,,0,61,,205406,15,,,0,29,,205407,15,,,0,12,,205408,15,,,0,57,,205387,15,,,0,15,,205394,15,,,0,29,,205395,15,,,0,71,,205396,3,,,0,30,,205397,3,,,0,70,,205398,3,,,0,31,,205388,3,,,0,69,,205389,3,,,0,100,,205390,3,,,0,99,,205391,3,,,0,100,,205392,3,,,0,96,,205393,3,,,0
667300,'201_merged_15726444',1638,,205431,15,,,0,90,,205432,15,,,0
667300,'2_merged_15726441',618,,205433,3,,,0,102,,205434,3,,,0,102,,205435,3,,,0,100,,205436,3,,,0,30,,205437,3,,,0,70,,205438,3,,,0,9,,205439,15,,,0,69,,205440,15,,,0,37,,205441,15,,,0,64,,205442,15,,,0,28,,205443,15,,,0,73,,205444,15,,,0,30,,205445,15,,,0,72,,205446,15,,,0,33,,205447,15,,,0,74,,205448,15,,,0,32,,205449,15,,,0,71,,205450,15,,,0,32,,205451,15,,,0,74,,205452,15,,,0,30,,205453,15,,,0,75,,205454,15,,,0,25,,205455,3,,,0,70,,205456,3,,,0,30,,205457,3,,,0,70,,205458,3,,,0,30,,205459,3,,,0,71,,205460,3,,,0,100,,205461,3,,,0,100,,205462,3,,,0,100,,205463,3,,,0,102,,205464,3,,,0
667300,'3_merged_15726440',655,,205465,3,,,0,95,,205466,3,,,0,91,,205467,3,,,0,80,,205468,3,,,0,23,,205469,3,,,0,72,,205470,3,,,0,21,,205471,15,,,0,71,,205472,15,,,0,29,,205473,15,,,0,70,,205474,15,,,0,31,,205475,15,,,0,71,,205476,15,,,0,29,,205477,15,,,0,72,,205478,15,,,0,32,,205479,15,,,0,70,,205480,15,,,0,31,,205481,15,,,0,72,,205482,15,,,0,28,,205483,15,,,0,70,,205484,15,,,0,30,,205485,15,,,0,70,,205486,15,,,0,17,,205487,3,,,0,28,,205488,3,,,0,69,,205489,3,,,0,30,,205490,3,,,0,71,,205491,3,,,0,30,,205492,3,,,0,69,,205493,3,,,0,100,,205494,3,,,0,99,,205495,3,,,0,106,,205496,3,,,0,98,,205497,3,,,0
1671700,'1_merged_15726439',2056,,226155,25,,,0,68,,226156,25,,,0,26,,226157,25,,,0,69,,226158,25,,,0,30,,226159,25,,,0,70,,226160,25,,,0,30,,226161,25,,,0,69,,226162,25,,,0,30,,226163,25,,,0,69,,226164,25,,,0
1671700,'2_merged_15726441',2054,,226165,25,,,0,65,,226166,25,,,0,31,,226167,25,,,0,71,,226173,25,,,0,30,,226168,25,,,0,67,,226169,25,,,0,30,,226170,25,,,0,72,,226172,25,,,0,99,,226171,25,,,0
1671700,'3_merged_15726440',2053,,226174,25,,,0,70,,226175,25,,,0,28,,226176,25,,,0,70,,226183,25,,,0,31,,226177,25,,,0,69,,226178,25,,,0,30,,226179,25,,,0,65,,226182,25,,,0,30,,226180,25,,,0,69,,226181,25,,,0
2263900,'1_merged_15726439',547,,228142,3,,,0,70,,228143,3,,,0,30,,228144,3,,,0,70,,228145,3,,,0,30,,228146,3,,,0,70,,228147,3,,,0,30,,228148,3,,,0,70,,228149,3,,,0,30,,228150,3,,,0,70,,228151,3,,,0,30,,228152,3,,,0,70,,228153,3,,,0,30,,228154,3,,,0,70,,228155,3,,,0,30,,228156,3,,,0,70,,228157,3,,,0,30,,228158,3,,,0,70,,228159,3,,,0,30,,228160,3,,,0,70,,228161,3,,,0,30,,228162,3,,,0,70,,228163,3,,,0,30,,228164,3,,,0,70,,228165,3,,,0,30,,228166,3,,,0,70,,228167,3,,,0,30,,228168,3,,,0,70,,228169,3,,,0,100,,228170,3,,,0
2263900,'2_merged_15726441',617,,228171,3,,,0,30,,228172,3,,,0,70,,228173,3,,,0,30,,228174,3,,,0,70,,228175,3,,,0,30,,228176,3,,,0,70,,228177,3,,,0,30,,228178,3,,,0,70,,228179,3,,,0,30,,228180,3,,,0,70,,228181,3,,,0,30,,228182,3,,,0,70,,228183,3,,,0,30,,228184,3,,,0,70,,228185,3,,,0,30,,228186,3,,,0,70,,228187,3,,,0,30,,228188,3,,,0,70,,228189,3,,,0,30,,228190,3,,,0,70,,228191,3,,,0,30,,228192,3,,,0,70,,228193,3,,,0,30,,228194,3,,,0,70,,228195,3,,,0,30,,228196,3,,,0,70,,228197,3,,,0,100,,228198,3,,,0
2263900,'3_merged_15726440',747,,228199,3,,,0,70,,228200,3,,,0,30,,228201,3,,,0,70,,228202,3,,,0,30,,228203,3,,,0,70,,228204,3,,,0,30,,228205,3,,,0,70,,228206,3,,,0,30,,228207,3,,,0,70,,228208,3,,,0,30,,228209,3,,,0,70,,228210,3,,,0,30,,228211,3,,,0,70,,228212,3,,,0,30,,228213,3,,,0,70,,228214,3,,,0,30,,228215,3,,,0,70,,228216,3,,,0,30,,228217,3,,,0,70,,228218,3,,,0,30,,228219,3,,,0,70,,228220,3,,,0,30,,228221,3,,,0,70,,228222,3,,,0,100,,228223,3,,,0
3930700,'1_merged_15726439',545,,240265,3,,,0,55,,240266,3,,,0,11,,240267,3,,,0,16,,240268,3,,,0,17,,240269,3,,,0,15,,240270,3,,,0,58,,240271,3,,,0,7,,240272,3,,,0,7,,240273,3,,,0,7,,240274,3,,,0,6,,240275,3,,,0,4,,240276,3,,,0,3,,240277,3,,,0,7,,240278,3,,,0,42,,240279,3,,,0,5,,240280,3,,,0,2,,240281,3,,,0,3,,240282,3,,,0,3,,240283,3,,,0,4,,240284,3,,,0,3,,240285,3,,,0,5,,240286,3,,,0,3,,240287,3,,,0,4,,240288,3,,,0,7,,240289,3,,,0,4,,240290,3,,,0,7,,240291,3,,,0,6,,240292,3,,,0,44,,240293,3,,,0,5,,240294,3,,,0,7,,240295,3,,,0,8,,240296,3,,,0,7,,240297,3,,,0,8,,240298,3,,,0,7,,240299,3,,,0,8,,240300,3,,,0,7,,240301,3,,,0,47,,240302,3,,,0,7,,240303,3,,,0,7,,240304,3,,,0,6,,240305,3,,,0,7,,240306,3,,,0,8,,240307,3,,,0,6,,240308,3,,,0,6,,240309,3,,,0,6,,240310,3,,,0,46,,240311,3,,,0,6,,240312,3,,,0,6,,240313,3,,,0,6,,240314,3,,,0,6,,240315,3,,,0,6,,240316,3,,,0,6,,240317,3,,,0,6,,240318,3,,,0,6,,240319,3,,,0,6,,240320,3,,,0,46,,240321,3,,,0,6,,240322,3,,,0,6,,240323,3,,,0,6,,240324,3,,,0,6,,240325,3,,,0,6,,240326,3,,,0,6,,240327,3,,,0,6,,240328,3,,,0,6,,240329,3,,,0,6,,240330,3,,,0,46,,240331,3,,,0,6,,240332,3,,,0,6,,240333,3,,,0,6,,240334,3,,,0,6,,240335,3,,,0,6,,240336,3,,,0,6,,240337,3,,,0,6,,240338,3,,,0,6,,240339,3,,,0,6,,240340,3,,,0,46,,240341,3,,,0,6,,240342,3,,,0,6,,240343,3,,,0,6,,240344,3,,,0,6,,240345,3,,,0,6,,240346,3,,,0,6,,240347,3,,,0,6,,240348,3,,,0,6,,240349,3,,,0,6,,240350,3,,,0,46,,240351,3,,,0,5,,240352,3,,,0,7,,240353,3,,,0,6,,240354,3,,,0,6,,240355,3,,,0,6,,240356,3,,,0,5,,240357,3,,,0,8,,240358,3,,,0,6,,240359,3,,,0,6,,240360,3,,,0,45,,240361,3,,,0,5,,240362,3,,,0,8,,240363,3,,,0,6,,240364,3,,,0,6,,240365,3,,,0,5,,240366,3,,,0,5,,240367,3,,,0,8,,240368,3,,,0,6,,240369,3,,,0,6,,240370,3,,,0,45,,240371,3,,,0,5,,240372,3,,,0,5,,240405,3,,,0,4,,240373,3,,,0,6,,240374,3,,,0,5,,240375,3,,,0,4,,240376,3,,,0,5,,240377,3,,,0,5,,240406,3,,,0,5,,240378,3,,,0,5,,240379,3,,,0,5,,240380,3,,,0,47,,240381,3,,,0,14,,240382,3,,,0,16,,240383,3,,,0,15,,240384,3,,,0,54,,240385,3,,,0,15,,240386,3,,,0,15,,240387,3,,,0,15,,240388,3,,,0,55,,240389,3,,,0,14,,240390,3,,,0,15,,240391,3,,,0,14,,240392,3,,,0,55,,240393,3,,,0,16,,240394,3,,,0,15,,240395,3,,,0,15,,240396,3,,,0,55,,240397,3,,,0,15,,240398,3,,,0,30,,240399,3,,,0,70,,240400,3,,,0,30,,240401,3,,,0,70,,240402,3,,,0,30,,240403,3,,,0,70,,240404,3,,,0
3930700,'2_merged_15726441',619,,240407,3,,,0,29,,240408,3,,,0,72,,240409,3,,,0,30,,240410,3,,,0,70,,240411,3,,,0,30,,240412,3,,,0,70,,240413,3,,,0,30,,240414,3,,,0,72,,240415,3,,,0,31,,240416,3,,,0,69,,240417,3,,,0,29,,240418,3,,,0,71,,240419,3,,,0,29,,240420,3,,,0,69,,240421,3,,,0,30,,240422,3,,,0,70,,240423,3,,,0,31,,240424,3,,,0,70,,240425,3,,,0,31,,240426,3,,,0,71,,240427,3,,,0,30,,240428,3,,,0,70,,240429,3,,,0,30,,240430,3,,,0,70,,240431,3,,,0,29,,240432,3,,,0,69,,240433,3,,,0,28,,240434,3,,,0,70,,240435,3,,,0,30,,240436,3,,,0,70,,240437,3,,,0,30,,240438,3,,,0,70,,240439,3,,,0,29,,240440,3,,,0,72,,240441,3,,,0,30,,240442,3,,,0,71,,240443,3,,,0,31,,240444,3,,,0,68,,240445,3,,,0
3930700,'3_merged_15726440',749,,240446,3,,,0,68,,240447,3,,,0,31,,240448,3,,,0,72,,240449,3,,,0,30,,240450,3,,,0,70,,240451,3,,,0,28,,240452,3,,,0,73,,240453,3,,,0,30,,240454,3,,,0,71,,240455,3,,,0,30,,240456,3,,,0,70,,240457,3,,,0,29,,240458,3,,,0,70,,240459,3,,,0,30,,240460,3,,,0,69,,240461,3,,,0,32,,240462,3,,,0,70,,240463,3,,,0,29,,240464,3,,,0,67,,240465,3,,,0,30,,240466,3,,,0,70,,240467,3,,,0,29,,240468,3,,,0,72,,240469,3,,,0,29,,240470,3,,,0,70,,240471,3,,,0,31,,240472,3,,,0,70,,240473,3,,,0,31,,240474,3,,,0,72,,240475,3,,,0,27,,240476,3,,,0,74,,240477,3,,,0,25,,240478,3,,,0,70,,240479,3,,,0,30,,240480,3,,,0,69,,240481,3,,,0
