664601,'101_merged_15727747',910,,199486,36,,,0,730,,199484,36,,,0
664601,'1_merged_15727750',512,,199501,25,,,0,30,,199504,25,,,0,67,,199528,36,,,0,22,,199512,36,,,0,20,,199511,36,,,0,60,,199510,36,,,0,27,,199522,36,,,0,20,,199516,36,,,0,61,,199498,36,,,0,15,,199518,36,,,0,22,,199532,36,,,0,67,,199490,36,,,0,29,,199496,36,,,0,69,,199493,36,,,0,30,,199526,36,,,0,70,,199521,36,,,0,30,,199514,36,,,0,70,,199509,36,,,0,31,,199508,36,,,0,71,,199515,36,,,0,30,,199519,36,,,0,72,,199488,36,,,0,31,,199506,36,,,0,62,,199505,36,,,0,19,,199531,36,,,0,21,,199494,36,,,0,63,,199530,36,,,0,79,,199507,36,,,0,19,,199492,36,,,0,19,,199502,36,,,0,18,,199491,36,,,0,59,,199517,36,,,0,20,,199497,36,,,0,24,,199495,36,,,0,66,,199529,36,,,0,29,,199499,36,,,0,67,,199527,36,,,0,30,,199489,36,,,0,68,,199503,36,,,0,30,,199520,36,,,0,70,,199525,36,,,0,38,,199524,36,,,0,144,,199523,36,,,0,100,,199513,36,,,0,58,,199500,36,,,0
664601,'201_merged_15727755',910,,199533,36,,,0,730,,199534,36,,,0
664601,'2_merged_15727752',648,,199548,36,,,0,70,,199541,36,,,0,30,,199539,36,,,0,71,,199554,36,,,0,38,,199555,36,,,0,72,,199556,36,,,0,18,,199535,36,,,0,71,,199545,36,,,0,28,,199558,36,,,0,77,,199551,36,,,0,32,,199560,36,,,0,70,,199561,36,,,0,32,,199562,36,,,0,68,,199564,36,,,0,31,,199559,36,,,0,70,,199536,36,,,0,32,,199537,36,,,0,70,,199538,36,,,0,28,,199570,36,,,0,70,,199565,36,,,0,29,,199568,36,,,0,68,,199566,36,,,0,30,,199567,36,,,0,68,,199569,36,,,0,28,,199552,36,,,0,71,,199546,36,,,0,28,,199547,36,,,0,67,,199553,36,,,0,30,,199542,36,,,0,69,,199557,36,,,0,30,,199563,36,,,0,72,,199543,36,,,0,89,,199544,36,,,0,96,,199540,36,,,0,99,,199549,36,,,0,59,,199550,36,,,0
664601,'3_merged_15727751',809,,199585,36,,,0,30,,199582,36,,,0,70,,199587,36,,,0,33,,199578,36,,,0,71,,199579,36,,,0,30,,199577,36,,,0,70,,199601,36,,,0,31,,199598,36,,,0,70,,199599,36,,,0,31,,199580,36,,,0,70,,199581,36,,,0,29,,199600,36,,,0,72,,199571,36,,,0,29,,199586,36,,,0,70,,199588,36,,,0,29,,199589,36,,,0,70,,199590,36,,,0,29,,199591,36,,,0,70,,199592,36,,,0,30,,199593,36,,,0,71,,199594,36,,,0,29,,199595,36,,,0,69,,199603,36,,,0,28,,199573,36,,,0,69,,199574,36,,,0,29,,199597,36,,,0,70,,199596,36,,,0,29,,199584,36,,,0,70,,199602,36,,,0,99,,199575,36,,,0,105,,199576,36,,,0,46,,199572,36,,,0,146,,199583,36,,,0
665101,'101_merged_15727747',1547,,201157,1,,,0,5,,201156,1,,,0,55,,201154,20,,,0,19,,201155,21,,,0
665101,'1_merged_15727750',537,,201218,20,,,0,20,,201237,20,,,0,57,,201158,20,,,0,10,,201159,20,,,0,10,,201240,20,,,0,10,,201160,20,,,0,10,,201161,20,,,0,50,,201162,20,,,0,10,,201163,21,,,0,9,,201164,20,,,0,11,,201165,20,,,0,11,,201166,21,,,0,10,,201238,20,,,0,51,,201215,20,,,0,10,,201239,21,,,0,10,,201241,20,,,0,10,,201216,20,,,0,11,,201217,20,,,0,11,,201236,21,,,0,50,,201188,20,,,0,16,,201189,21,,,0,15,,201190,20,,,0,14,,201191,21,,,0,54,,201192,20,,,0,15,,201193,20,,,0,15,,201194,20,,,0,15,,201195,20,,,0,55,,201196,20,,,0,15,,201197,20,,,0,15,,201198,20,,,0,15,,201199,20,,,0,55,,201200,20,,,0,15,,201201,20,,,0,15,,201202,20,,,0,15,,201203,20,,,0,55,,201204,20,,,0,15,,201205,20,,,0,15,,201206,20,,,0,14,,201207,20,,,0,55,,201208,20,,,0,15,,201209,20,,,0,15,,201210,20,,,0,15,,201211,20,,,0,55,,201212,20,,,0,14,,201213,20,,,0,14,,201214,20,,,0,17,,201219,20,,,0,8,,201167,20,,,0,44,,201168,20,,,0,13,,201169,20,,,0,20,,201170,20,,,0,10,,201171,20,,,0,10,,201172,21,,,0,50,,201173,20,,,0,10,,201174,20,,,0,10,,201175,21,,,0,10,,201176,20,,,0,10,,201177,20,,,0,11,,201178,21,,,0,50,,201179,20,,,0,10,,201180,20,,,0,10,,201181,21,,,0,15,,201182,20,,,0,16,,201183,20,,,0,55,,201184,20,,,0,15,,201185,20,,,0,15,,201186,20,,,0,15,,201187,20,,,0,55,,201220,20,,,0,16,,201234,20,,,0,15,,201235,20,,,0,15,,201230,20,,,0,55,,201221,20,,,0,15,,201222,20,,,0,15,,201231,20,,,0,15,,201232,20,,,0,55,,201233,20,,,0,15,,201223,20,,,0,28,,201229,20,,,0,71,,201224,20,,,0,26,,201228,20,,,0,70,,201225,20,,,0,27,,201227,20,,,0,67,,201226,20,,,0
665101,'201_merged_15727755',1607,,201242,20,,,0,19,,201243,21,,,0
665101,'2_merged_15727752',603,,201244,20,,,0,20,,201245,20,,,0,20,,201246,20,,,0,60,,201247,20,,,0,20,,201248,20,,,0,15,,201249,20,,,0,15,,201250,20,,,0,55,,201251,20,,,0,15,,201252,20,,,0,15,,201253,20,,,0,15,,201254,20,,,0,56,,201255,20,,,0,16,,201256,20,,,0,15,,201257,20,,,0,16,,201258,20,,,0,55,,201259,20,,,0,15,,201260,20,,,0,15,,201261,20,,,0,16,,201262,20,,,0,55,,201263,20,,,0,15,,201264,20,,,0,15,,201265,20,,,0,15,,201266,20,,,0,55,,201267,20,,,0,18,,201268,20,,,0,15,,201269,20,,,0,56,,201270,20,,,0,15,,201271,20,,,0,15,,201272,20,,,0,15,,201273,20,,,0,55,,201274,20,,,0,15,,201275,20,,,0,15,,201276,20,,,0,16,,201277,20,,,0,55,,201278,20,,,0,15,,201279,20,,,0,14,,201280,20,,,0,15,,201281,20,,,0,56,,201282,20,,,0,14,,201283,20,,,0,15,,201284,20,,,0,16,,201285,20,,,0,55,,201286,20,,,0,14,,201287,20,,,0,15,,201288,20,,,0,14,,201289,20,,,0,55,,201290,20,,,0,14,,201291,20,,,0,16,,201292,20,,,0,15,,201293,20,,,0,12,,201294,20,,,0,55,,201295,20,,,0,14,,201296,20,,,0,15,,201297,20,,,0,15,,201298,20,,,0,55,,201299,20,,,0,14,,201300,20,,,0,15,,201301,20,,,0,14,,201302,20,,,0,55,,201303,20,,,0,15,,201304,20,,,0,15,,201305,20,,,0,15,,201306,20,,,0,55,,201307,20,,,0,19,,201308,20,,,0,20,,201309,20,,,0,69,,201310,20,,,0,30,,201311,20,,,0,68,,201312,20,,,0,30,,201313,20,,,0,69,,201314,20,,,0
665101,'3_merged_15727751',623,,201315,20,,,0,20,,201316,20,,,0,60,,201317,20,,,0,20,,201318,20,,,0,20,,201319,20,,,0,60,,201320,20,,,0,20,,201321,20,,,0,20,,201322,20,,,0,57,,201323,20,,,0,15,,201324,21,,,0,14,,201325,21,,,0,15,,201326,21,,,0,15,,201327,21,,,0,56,,201328,21,,,0,16,,201329,21,,,0,16,,201330,21,,,0,56,,201331,21,,,0,15,,201332,21,,,0,9,,201333,21,,,0,15,,201334,21,,,0,15,,201335,21,,,0,54,,201336,21,,,0,16,,201337,21,,,0,15,,201338,21,,,0,15,,201339,21,,,0,56,,201340,21,,,0,15,,201341,21,,,0,15,,201342,21,,,0,15,,201343,21,,,0,55,,201344,21,,,0,15,,201345,21,,,0,15,,201346,21,,,0,15,,201347,21,,,0,55,,201348,21,,,0,15,,201349,21,,,0,15,,201350,21,,,0,15,,201351,21,,,0,56,,201352,21,,,0,15,,201353,21,,,0,14,,201354,21,,,0,15,,201355,21,,,0,55,,201356,21,,,0,15,,201357,21,,,0,15,,201358,21,,,0,57,,201359,21,,,0,15,,201360,21,,,0,15,,201361,21,,,0,14,,201362,21,,,0,14,,201363,21,,,0,54,,201364,21,,,0,14,,201365,21,,,0,14,,201366,21,,,0,15,,201367,21,,,0,55,,201368,21,,,0,15,,201369,21,,,0,19,,201370,21,,,0,70,,201371,21,,,0,30,,201372,21,,,0,71,,201373,20,,,0,30,,201374,20,,,0,70,,201375,20,,,0,30,,201376,20,,,0,70,,201377,20,,,0,30,,201378,20,,,0,70,,201379,20,,,0
