670400,'1_merged_15727750',548,,211046,13,,,0,55,,211045,13,0,84,0,14,,211044,13,,,0,14,,211101,13,,,0,15,,211043,13,0,84,0,55,,211112,13,,,0,15,,211104,13,0,84,0,15,,211098,13,,,0,15,,211042,13,0,84,0,55,,211041,13,,,0,14,,211083,13,0,84,0,14,,211082,13,,,0,14,,211081,13,0,84,0,14,,211080,13,,,0,54,,211079,13,0,84,0,14,,211067,13,,,0,14,,211078,13,0,84,0,14,,211060,13,,,0,55,,211059,13,0,84,0,15,,211058,13,,,0,15,,211057,13,0,84,0,15,,211056,13,,,0,55,,211055,13,0,84,0,15,,211054,13,,,0,14,,211077,13,0,84,0,14,,211076,13,,,0,54,,211075,13,0,84,0,15,,211074,13,,,0,15,,211073,13,0,84,0,15,,211072,13,,,0,55,,211071,13,0,84,0,13,,211040,13,,,0,16,,211039,13,0,84,0,16,,211038,13,,,0,55,,211037,13,0,84,0,15,,211036,13,,,0,15,,211109,13,0,84,0,15,,211108,13,,,0,56,,211070,13,0,84,0,15,,211107,13,,,0,14,,211097,13,,,0,16,,211106,13,,,0,55,,211110,13,,,0,15,,211105,13,,,0,15,,211049,13,,,0,15,,211103,13,,,0,55,,211111,13,,,0,16,,211069,13,,,0,16,,211053,13,,,0,12,,211099,13,,,0,52,,211052,13,,,0,12,,211051,13,,,0,12,,211047,13,,,0,12,,211102,13,0,84,0,12,,211100,13,,,0,52,,211096,13,0,84,0,12,,211095,13,,,0,12,,211094,13,0,84,0,12,,211093,13,,,0,12,,211092,13,0,84,0,52,,211091,13,,,0,15,,211090,13,0,84,0,15,,211048,13,,,0,15,,211089,13,0,84,0,55,,211088,13,,,0,15,,211087,13,0,84,0,15,,211050,13,,,0,21,,211086,13,0,84,0,70,,211085,13,,,0,30,,211084,13,0,84,0,70,,211066,13,,,0,30,,211065,13,0,84,0,70,,211064,13,,,0,30,,211063,13,0,84,0,67,,211062,13,,,0,28,,211068,13,0,84,0,74,,211061,13,,,0
670400,'2_merged_15727752',616,,211159,13,,,0,30,,211133,13,,,0,62,,211143,13,0,84,0,17,,211134,13,,,0,16,,211144,13,0,84,0,16,,211135,13,,,0,58,,211145,13,0,84,0,18,,211137,13,,,0,15,,211146,13,0,84,0,55,,211138,13,,,0,15,,211148,13,0,84,0,13,,211139,13,,,0,13,,211149,13,0,84,0,14,,211140,13,,,0,54,,211142,13,0,84,0,15,,211136,13,,,0,15,,211131,13,0,84,0,14,,211132,13,,,0,54,,211160,13,0,84,0,14,,211161,13,,,0,14,,211162,13,0,84,0,14,,211141,13,,,0,54,,211163,13,0,84,0,14,,211164,13,,,0,14,,211165,13,0,84,0,15,,211166,13,,,0,55,,211167,13,0,84,0,15,,211168,13,,,0,16,,211169,13,0,84,0,16,,211170,13,,,0,56,,211171,13,0,84,0,15,,211172,13,,,0,16,,211173,13,0,84,0,16,,211174,13,,,0,55,,211175,13,0,84,0,16,,211176,13,,,0,15,,211177,13,0,84,0,15,,211147,13,,,0,56,,211178,13,0,84,0,15,,211179,13,,,0,15,,211180,13,0,84,0,15,,211181,13,,,0,56,,211150,13,0,84,0,16,,211156,13,,,0,16,,211151,13,0,84,0,56,,211182,13,,,0,16,,211152,13,0,84,0,16,,211113,13,,,0,14,,211153,13,0,84,0,54,,211114,13,,,0,14,,211115,13,0,84,0,14,,211154,13,,,0,13,,211116,13,0,84,0,13,,211117,13,,,0,56,,211118,13,0,84,0,16,,211155,13,0,84,0,15,,211119,13,0,84,0,15,,211120,13,,,0,55,,211121,13,0,84,0,18,,211157,13,0,84,0,20,,211122,13,,,0,60,,211123,13,0,84,0,23,,211124,13,0,84,0,69,,211125,13,,,0,29,,211126,13,0,84,0,29,,211127,13,,,0,73,,211128,13,0,84,0,80,,211129,13,,,0,41,,211158,13,0,84,0,74,,211130,13,,,0
670400,'3_merged_15727751',611,,211205,13,,,0,36,,211204,13,0,84,0,70,,211185,13,,,0,20,,211203,13,,,0,15,,211202,13,0,84,0,55,,211241,13,,,0,15,,211201,13,0,84,0,15,,211200,13,,,0,15,,211199,13,0,84,0,56,,211213,13,,,0,16,,211198,13,0,84,0,15,,211211,13,,,0,15,,211197,13,0,84,0,55,,211223,13,,,0,15,,211221,13,0,84,0,16,,211243,13,,,0,15,,211192,13,0,84,0,55,,211216,13,,,0,15,,211220,13,0,84,0,15,,211235,13,,,0,15,,211236,13,0,84,0,55,,211209,13,,,0,15,,211219,13,0,84,0,15,,211227,13,,,0,15,,211226,13,0,84,0,55,,211230,13,,,0,15,,211187,13,0,84,0,15,,211214,13,,,0,15,,211207,13,0,84,0,55,,211242,13,,,0,15,,211186,13,0,84,0,15,,211231,13,,,0,14,,211206,13,0,84,0,54,,211184,13,,,0,15,,211191,13,0,84,0,15,,211234,13,,,0,15,,211212,13,0,84,0,55,,211240,13,,,0,16,,211190,13,0,84,0,16,,211183,13,,,0,16,,211188,13,0,84,0,54,,211215,13,,,0,15,,211196,13,0,84,0,14,,211245,13,,,0,15,,211237,13,0,84,0,55,,211208,13,,,0,15,,211195,13,0,84,0,15,,211244,13,,,0,15,,211239,13,0,84,0,55,,211228,13,,,0,16,,211194,13,0,84,0,16,,211217,13,,,0,16,,211225,13,0,84,0,56,,211229,13,,,0,15,,211193,13,0,84,0,16,,211233,13,0,84,0,56,,211246,13,0,84,0,26,,211210,13,,,0,30,,211238,13,0,84,0,70,,211218,13,,,0,30,,211224,13,0,84,0,70,,211222,13,,,0,30,,211247,13,0,84,0,70,,211248,13,0,84,0,30,,211189,13,,,0,72,,211232,13,,,0
670901,'101_merged_15727747',621,,213293,3,,,0
670901,'1_merged_15727750',457,,213316,3,,,0,62,,213306,3,,,0,21,,213318,3,,,0,60,,213307,3,,,0,41,,213314,3,,,0,59,,213319,3,,,0,20,,213323,3,,,0,16,,213295,3,,,0,15,,213298,3,,,0,60,,213320,3,,,0,20,,213297,3,,,0,70,,213321,3,,,0,30,,213296,3,,,0,100,,213310,3,,,0,100,,213311,3,,,0,100,,213313,3,,,0,100,,213322,3,,,0,76,,213312,3,,,0,30,,213317,3,,,0,69,,213308,3,,,0,29,,213300,3,,,0,24,,213294,3,,,0,70,,213301,3,,,0,30,,213302,3,,,0,70,,213303,3,,,0,71,,213304,3,,,0,37,,213299,3,,,0,77,,213315,3,,,0,105,,213305,3,,,0,107,,213309,3,,,0
670901,'201_merged_15727755',621,,213324,3,,,0
670901,'2_merged_15727752',757,,213337,3,,,0,99,,213335,3,,,0,100,,213334,3,,,0,100,,213332,3,,,0,100,,213331,3,,,0,100,,213330,3,,,0,100,,213329,3,,,0,100,,213333,3,,,0,100,,213326,3,,,0,100,,213328,3,,,0,100,,213336,3,,,0,100,,213327,3,,,0,100,,213325,3,,,0,103,,213338,3,,,0
670901,'3_merged_15727751',1117,,213340,3,,,0,105,,213345,3,,,0,105,,213346,3,,,0,100,,213342,3,,,0,100,,213341,3,,,0,100,,213343,3,,,0,100,,213339,3,,,0,100,,213349,3,,,0,100,,213344,3,,,0,95,,213348,3,,,0,96,,213347,3,,,0
671200,'101_merged_15727747',708,,213387,18,,,0,16,,213389,18,,,0,809,,213390,18,,,0,68,,213388,18,,,0
671200,'1_merged_15727750',523,,213417,18,,,0,21,,213418,18,,,0,61,,213445,18,,,0,11,,213419,18,,,0,10,,213433,18,,,0,10,,213483,18,,,0,11,,213443,18,,,0,10,,213434,18,,,0,46,,213444,18,,,0,12,,213435,18,,,0,19,,213436,18,,,0,8,,213470,18,,,0,9,,213437,18,,,0,49,,213395,18,,,0,7,,213476,18,,,0,8,,213438,18,,,0,12,,213403,18,,,0,11,,213441,18,,,0,11,,213461,18,,,0,52,,213442,18,,,0,12,,213404,18,,,0,11,,213420,18,,,0,13,,213405,18,,,0,12,,213421,18,,,0,54,,213392,18,,,0,15,,213422,18,,,0,15,,213406,18,,,0,15,,213423,18,,,0,55,,213394,18,,,0,15,,213424,18,,,0,15,,213407,18,,,0,16,,213425,18,,,0,55,,213462,18,,,0,16,,213426,18,,,0,15,,213408,18,,,0,15,,213427,18,,,0,55,,213432,18,,,0,15,,213428,18,,,0,15,,213409,18,,,0,15,,213439,18,,,0,54,,213440,18,,,0,14,,213410,18,,,0,12,,213429,18,,,0,10,,213487,18,,,0,10,,213463,18,,,0,50,,213499,18,,,0,10,,213399,18,,,0,11,,213416,18,,,0,22,,213459,18,,,0,11,,213469,18,,,0,54,,213411,18,,,0,7,,213446,18,,,0,9,,213488,18,,,0,7,,213447,18,,,0,7,,213477,18,,,0,14,,213396,18,,,0,7,,213448,18,,,0,53,,213496,18,,,0,6,,213449,18,,,0,12,,213497,18,,,0,7,,213450,18,,,0,12,,213451,18,,,0,5,,213413,18,,,0,52,,213498,18,,,0,6,,213464,18,,,0,11,,213467,18,,,0,6,,213466,18,,,0,8,,213430,18,,,0,6,,213489,18,,,0,7,,213471,18,,,0,8,,213478,18,,,0,48,,213393,18,,,0,9,,213431,18,,,0,9,,213414,18,,,0,10,,213472,18,,,0,10,,213398,18,,,0,10,,213490,18,,,0,50,,213479,18,,,0,10,,213468,18,,,0,8,,213400,18,,,0,9,,213484,18,,,0,10,,213485,18,,,0,11,,213491,18,,,0,50,,213480,18,,,0,10,,213401,18,,,0,10,,213402,18,,,0,10,,213473,18,,,0,10,,213486,18,,,0,10,,213492,18,,,0,50,,213481,18,,,0,11,,213391,18,,,0,11,,213452,18,,,0,12,,213453,18,,,0,12,,213482,18,,,0,52,,213493,18,,,0,12,,213474,18,,,0,12,,213454,18,,,0,15,,213475,18,,,0,15,,213494,18,,,0,55,,213455,18,,,0,14,,213456,18,,,0,32,,213457,18,,,0,72,,213458,18,,,0
671200,'201_merged_15727755',708,,213503,18,,,0,16,,213501,18,,,0,809,,213500,18,,,0,68,,213502,18,,,0
671200,'2_merged_15727752',632,,213529,18,,,0,25,,213528,18,,,0,60,,213578,18,,,0,15,,213527,18,,,0,15,,213585,18,,,0,55,,213551,18,,,0,15,,213526,18,,,0,15,,213515,18,,,0,15,,213586,18,,,0,55,,213547,18,,,0,15,,213525,18,,,0,15,,213559,18,,,0,15,,213560,18,,,0,55,,213561,18,,,0,15,,213562,18,,,0,15,,213563,18,,,0,16,,213564,18,,,0,55,,213565,18,,,0,15,,213566,18,,,0,15,,213567,18,,,0,15,,213568,18,,,0,55,,213569,18,,,0,14,,213570,18,,,0,15,,213571,18,,,0,14,,213572,18,,,0,56,,213573,18,,,0,15,,213574,18,,,0,15,,213575,18,,,0,15,,213576,18,,,0,56,,213577,18,,,0,15,,213524,18,,,0,15,,213512,18,,,0,15,,213553,18,,,0,55,,213539,18,,,0,15,,213511,18,,,0,16,,213510,18,,,0,15,,213509,18,,,0,55,,213508,18,,,0,15,,213540,18,,,0,14,,213519,18,,,0,15,,213548,18,,,0,53,,213558,18,,,0,13,,213520,18,,,0,10,,213521,18,,,0,10,,213522,18,,,0,10,,213549,18,,,0,9,,213523,18,,,0,50,,213516,18,,,0,10,,213582,18,,,0,10,,213541,18,,,0,10,,213514,18,,,0,10,,213550,18,,,0,9,,213517,18,,,0,50,,213518,18,,,0,10,,213583,18,,,0,10,,213542,18,,,0,10,,213513,18,,,0,9,,213552,18,,,0,11,,213507,18,,,0,51,,213506,18,,,0,10,,213584,18,,,0,9,,213505,18,,,0,10,,213554,18,,,0,10,,213543,18,,,0,10,,213579,18,,,0,51,,213504,18,,,0,12,,213538,18,,,0,12,,213555,18,,,0,12,,213544,18,,,0,13,,213580,18,,,0,53,,213537,18,,,0,12,,213536,18,,,0,13,,213556,18,,,0,15,,213545,18,,,0,56,,213535,18,,,0,15,,213534,18,,,0,15,,213581,18,,,0,15,,213546,18,,,0,60,,213533,18,,,0,20,,213532,18,,,0,20,,213557,18,,,0,60,,213531,18,,,0,29,,213530,18,,,0
671200,'3_merged_15727751',817,,213589,18,,,0,15,,213653,18,,,0,16,,213588,18,,,0,56,,213654,18,,,0,15,,213587,18,,,0,15,,213595,18,,,0,15,,213596,18,,,0,55,,213597,18,,,0,16,,213598,18,,,0,15,,213599,18,,,0,14,,213600,18,,,0,54,,213601,18,,,0,14,,213602,18,,,0,14,,213603,18,,,0,15,,213604,18,,,0,55,,213605,18,,,0,15,,213606,18,,,0,16,,213607,18,,,0,15,,213608,18,,,0,55,,213609,18,,,0,15,,213610,18,,,0,16,,213611,18,,,0,15,,213612,18,,,0,55,,213613,18,,,0,15,,213614,18,,,0,15,,213615,18,,,0,15,,213616,18,,,0,56,,213617,18,,,0,15,,213618,18,,,0,15,,213619,18,,,0,15,,213620,18,,,0,55,,213621,18,,,0,15,,213622,18,,,0,15,,213594,18,,,0,12,,213623,18,,,0,11,,213624,18,,,0,54,,213625,18,,,0,11,,213626,18,,,0,11,,213627,18,,,0,11,,213628,18,,,0,11,,213629,18,,,0,52,,213630,18,,,0,12,,213631,18,,,0,12,,213632,18,,,0,12,,213633,18,,,0,13,,213634,18,,,0,53,,213635,18,,,0,12,,213636,18,,,0,12,,213637,18,,,0,12,,213638,18,,,0,12,,213639,18,,,0,52,,213592,18,,,0,13,,213640,18,,,0,15,,213641,18,,,0,14,,213642,18,,,0,55,,213643,18,,,0,14,,213644,18,,,0,15,,213645,18,,,0,15,,213646,18,,,0,56,,213647,18,,,0,14,,213648,18,,,0,15,,213649,18,,,0,15,,213650,18,,,0,55,,213651,18,,,0,15,,213591,18,,,0,14,,213652,18,,,0,15,,213593,18,,,0,55,,213590,18,,,0
673701,'101_merged_15727747',646,,217484,7,,,0,10,,217485,7,,,0,103,,217486,7,,,0,684,,217483,7,,,0
673701,'1_merged_15727750',514,,217524,7,,,0,10,,217525,7,,,0,10,,217488,7,,,0,11,,217522,7,,,0,10,,217523,7,,,0,50,,217487,7,,,0,10,,217526,7,,,0,10,,217489,7,,,0,10,,217543,7,,,0,71,,217527,7,,,0,9,,217544,7,,,0,9,,217545,7,,,0,9,,217528,7,,,0,10,,217529,7,,,0,9,,217530,7,,,0,52,,217505,7,,,0,10,,217547,7,,,0,15,,217506,7,,,0,15,,217507,7,,,0,15,,217546,7,,,0,55,,217508,7,,,0,24,,217509,7,,,0,69,,217510,7,,,0,30,,217511,7,,,0,70,,217512,7,,,0,30,,217513,7,,,0,21,,217514,7,,,0,60,,217515,7,,,0,18,,217516,7,,,0,18,,217517,7,,,0,59,,217518,7,,,0,16,,217519,7,,,0,16,,217520,7,,,0,55,,217521,7,,,0,15,,217502,7,,,0,15,,217503,7,,,0,17,,217504,7,,,0,12,,217491,7,,,0,52,,217533,7,,,0,12,,217534,7,,,0,15,,217535,7,,,0,15,,217490,7,,,0,55,,217536,7,,,0,15,,217537,7,,,0,15,,217538,7,,,0,17,,217539,7,,,0,57,,217540,7,,,0,14,,217548,7,,,0,14,,217541,7,,,0,17,,217492,7,,,0,57,,217532,7,,,0,16,,217493,7,,,0,26,,217494,7,,,0,69,,217531,7,,,0,30,,217495,7,,,0,70,,217496,7,,,0,29,,217497,7,,,0,73,,217498,7,,,0,27,,217542,7,,,0,73,,217499,7,,,0,101,,217500,7,,,0,116,,217501,7,,,0
673701,'201_merged_15727755',646,,217549,7,,,0,10,,217550,7,,,0
673701,'2_merged_15727752',608,,217551,7,,,0,20,,217552,7,,,0,20,,217553,7,,,0,60,,217554,7,,,0,20,,217555,7,,,0,21,,217556,7,,,0,60,,217557,7,,,0,20,,217558,7,,,0,20,,217559,7,,,0,60,,217560,7,,,0,21,,217561,7,,,0,20,,217562,7,,,0,60,,217563,7,,,0,20,,217564,7,,,0,20,,217565,7,,,0,60,,217566,7,,,0,20,,217567,7,,,0,20,,217568,7,,,0,60,,217569,7,,,0,21,,217570,7,,,0,20,,217571,7,,,0,60,,217572,7,,,0,20,,217573,7,,,0,20,,217574,7,,,0,60,,217575,7,,,0,20,,217576,7,,,0,20,,217577,7,,,0,55,,217578,7,,,0,16,,217597,7,,,0,15,,217579,7,,,0,15,,217580,7,,,0,55,,217581,7,,,0,15,,217598,7,,,0,15,,217582,7,,,0,15,,217596,7,,,0,71,,217583,7,,,0,30,,217584,7,,,0,70,,217585,7,,,0,30,,217586,7,,,0,69,,217587,7,,,0,29,,217588,7,,,0,70,,217589,7,,,0,30,,217590,7,,,0,71,,217591,7,,,0,31,,217592,7,,,0,70,,217593,7,,,0,98,,217594,7,,,0,123,,217595,7,,,0
673701,'3_merged_15727751',554,,217611,7,,,0,70,,217610,7,,,0,30,,217609,7,,,0,70,,217608,7,,,0,30,,217604,7,,,0,70,,217606,7,,,0,31,,217603,7,,,0,70,,217607,7,,,0,30,,217622,7,,,0,71,,217613,7,,,0,30,,217616,7,,,0,70,,217612,7,,,0,30,,217624,7,,,0,61,,217602,7,,,0,20,,217635,7,,,0,20,,217614,7,,,0,70,,217601,7,,,0,30,,217605,7,,,0,70,,217600,7,,,0,30,,217626,7,,,0,60,,217599,7,,,0,20,,217632,7,,,0,20,,217621,7,,,0,60,,217630,7,,,0,20,,217629,7,,,0,20,,217631,7,,,0,70,,217618,7,,,0,30,,217628,7,,,0,59,,217619,7,,,0,20,,217633,7,,,0,20,,217625,7,,,0,70,,217634,7,,,0,30,,217620,7,,,0,72,,217617,7,,,0,107,,217627,7,,,0,105,,217623,7,,,0,110,,217615,7,,,0
673900,'101_merged_15727747',1548,,218122,2,0,86 87,0,85,,218121,2,0,86 87,0
673900,'1_merged_15727750',1522,,218128,2,0,85 12,0,91,,218129,2,0,86 87,0,38,,218125,2,0,86 87,0,58,,218127,2,0,86 87,0,24,,218131,2,0,86 87,0,23,,218130,2,0,86 87,0,64,,218126,2,0,86 87,0
673900,'201_merged_15727755',1548,,218134,2,0,86 87,0,85,,218133,2,0,86 87,0
732101,'1_merged_15727750',536,,224410,3,0,76 77 89,0,71,,224406,3,0,76 77 89,0,33,,224381,3,0,76 77 89,0,72,,224382,3,0,76 77 89,0,32,,224394,3,0,76 77 89,0,71,,224405,3,0,76 77 89,0,31,,224395,3,0,76 77 89,0,71,,224389,3,0,76 77 89,0,31,,224396,3,0,76 77 89,0,70,,224384,3,0,76 77 89,0,30,,224397,3,0,76 77 89,0,70,,224390,3,0,76 77 89,0,30,,224398,3,0,76 77 89,0,68,,224385,3,0,76 77 89,0,28,,224399,3,0,76 77 89,0,70,,224391,3,0,76 77 89,0,30,,224400,3,0,76 77 89,0,70,,224386,3,0,76 77 89,0,30,,224401,3,0,76 77 89,0,70,,224392,3,0,76 77 89,0,30,,224402,3,0,76 77 89,0,70,,224387,3,0,76 77 89,0,30,,224403,3,0,76 77 89,0,72,,224393,3,0,76 77 89,0,32,,224404,3,0,76 77 89,0,72,,224388,3,0,76 77 89,0,32,,224407,3,0,76 77 89,0,71,,224411,3,0,76 77 89,0,34,,224408,3,0,76 77 89,0,72,,224412,3,0,76 77 89,0,30,,224409,3,0,76 77 89,0,99,,224383,3,0,76 77 89,0,99,,224380,3,0,76 77 89,0,149,,224413,3,0,76 77 89,0
732101,'2_merged_15727752',541,,224452,3,0,76 77 89,0,71,,224436,3,0,76 77 89,0,29,,224435,3,0,76 77 89,0,69,,224434,3,0,76 77 89,0,20,,224433,3,0,76 77 89,0,20,,224453,3,0,76 77 89,0,60,,224432,3,0,76 77 89,0,28,,224431,3,0,76 77 89,0,68,,224441,3,0,76 77 89,0,28,,224430,3,0,76 77 89,0,70,,224440,3,0,76 77 89,0,21,,224451,3,0,76 77 89,0,20,,224417,3,0,76 77 89,0,60,,224439,3,0,76 77 89,0,20,,224429,3,0,76 77 89,0,20,,224444,3,0,76 77 89,0,59,,224438,3,0,76 77 89,0,19,,224428,3,0,76 77 89,0,20,,224445,3,0,76 77 89,0,60,,224437,3,0,76 77 89,0,20,,224427,3,0,76 77 89,0,20,,224446,3,0,76 77 89,0,60,,224416,3,0,76 77 89,0,20,,224426,3,0,76 77 89,0,20,,224447,3,0,76 77 89,0,60,,224415,3,0,76 77 89,0,20,,224423,3,0,76 77 89,0,20,,224448,3,0,76 77 89,0,60,,224414,3,0,76 77 89,0,20,,224422,3,0,76 77 89,0,20,,224449,3,0,76 77 89,0,60,,224443,3,0,76 77 89,0,20,,224421,3,0,76 77 89,0,20,,224450,3,0,76 77 89,0,70,,224442,3,0,76 77 89,0,30,,224420,3,0,76 77 89,0,71,,224454,3,0,76 77 89,0,33,,224419,3,0,76 77 89,0,72,,224455,3,0,76 77 89,0,31,,224418,3,0,76 77 89,0,152,,224424,3,0,76 77 89,0,99,,224425,3,0,76 77 89,0,99,,224456,3,0,76 77 89,0
732101,'3_merged_15727751',650,,224483,3,0,76 77 89,0,69,,224482,3,0,76 77 89,0,29,,224481,3,0,76 77 89,0,70,,224480,3,0,76 77 89,0,30,,224479,3,0,76 77 89,0,70,,224478,3,0,76 77 89,0,30,,224477,3,0,76 77 89,0,69,,224461,3,0,76 77 89,0,30,,224476,3,0,76 77 89,0,60,,224460,3,0,76 77 89,0,20,,224475,3,0,76 77 89,0,20,,224484,3,0,76 77 89,0,60,,224459,3,0,76 77 89,0,20,,224474,3,0,76 77 89,0,20,,224485,3,0,76 77 89,0,60,,224458,3,0,76 77 89,0,20,,224473,3,0,76 77 89,0,20,,224486,3,0,76 77 89,0,60,,224457,3,0,76 77 89,0,20,,224472,3,0,76 77 89,0,20,,224487,3,0,76 77 89,0,60,,224465,3,0,76 77 89,0,20,,224471,3,0,76 77 89,0,20,,224488,3,0,76 77 89,0,60,,224464,3,0,76 77 89,0,20,,224470,3,0,76 77 89,0,20,,224489,3,0,76 77 89,0,60,,224463,3,0,76 77 89,0,20,,224469,3,0,76 77 89,0,21,,224490,3,0,76 77 89,0,60,,224462,3,0,76 77 89,0,20,,224491,3,0,76 77 89,0,20,,224468,3,0,76 77 89,0,68,,224492,3,0,76 77 89,0,32,,224467,3,0,76 77 89,0,73,,224493,3,0,76 77 89,0,33,,224466,3,0,76 77 89,0,101,,224494,3,0,76 77 89,0,104,,224495,3,0,76 77 89,0,141,,224496,3,0,76 77 89,0
1770700,'101_merged_15727747',1544,,226973,2,,,0
1770700,'1_merged_15727750',509,,226999,1,,,0,18,,227000,1,,,0,15,,227001,1,,,0,12,,227002,1,,,0,56,,227018,2,,,0,16,,227019,2,,,0,16,,227020,2,,,0,15,,227003,2,,,0,57,,227004,2,,,0,16,,227005,2,,,0,16,,227021,2,,,0,13,,227022,2,,,0,54,,227023,2,,,0,15,,227024,2,,,0,14,,227025,2,,,0,13,,227026,2,,,0,55,,227006,2,,,0,16,,227027,2,,,0,13,,227007,3,,,0,18,,227028,2,,,0,52,,227008,3,,,0,16,,227029,2,,,0,14,,227009,3,,,0,15,,227030,2,,,0,54,,227010,3,,,0,15,,227031,2,,,0,15,,227011,3,,,0,15,,227032,2,,,0,55,,227012,3,,,0,15,,227033,2,,,0,15,,227013,3,,,0,15,,227034,2,,,0,54,,227014,3,,,0,17,,227035,2,,,0,14,,227015,3,,,0,15,,227036,2,,,0,55,,227016,3,,,0,15,,227037,2,,,0,13,,227017,3,,,0,10,,227038,2,,,0,55,,227039,2,,,0,14,,227040,2,,,0,15,,227041,2,,,0,27,,226974,2,,,0,56,,226975,2,,,0,15,,227042,2,,,0,16,,226976,2,,,0,15,,226977,2,,,0,55,,226978,2,,,0,15,,226979,2,,,0,17,,226980,2,,,0,57,,226981,2,,,0,19,,226982,2,,,0,14,,226983,2,,,0,18,,226984,2,,,0,54,,226985,2,,,0,16,,226986,2,,,0,17,,226994,2,,,0,15,,226987,2,,,0,54,,226995,2,,,0,15,,226988,2,,,0,15,,226996,2,,,0,15,,226989,2,,,0,55,,226997,2,,,0,14,,226990,2,,,0,23,,226991,2,,,0,61,,226998,2,,,0,17,,226992,2,,,0,81,,226993,2,,,0
1770700,'201_merged_15727755',1544,,227043,2,,,0
1770700,'2_merged_15727752',557,,227079,2,,,0,71,,227080,2,,,0,31,,227081,2,,,0,55,,227095,2,,,0,14,,227082,2,,,0,15,,227096,2,,,0,16,,227085,2,,,0,55,,227097,2,,,0,15,,227045,2,,,0,19,,227098,2,,,0,11,,227046,2,,,0,52,,227048,2,,,0,15,,227047,2,,,0,15,,227049,2,,,0,15,,227071,2,,,0,55,,227050,2,,,0,15,,227072,2,,,0,15,,227051,2,,,0,15,,227073,2,,,0,53,,227052,2,,,0,16,,227074,2,,,0,15,,227093,2,,,0,15,,227075,2,,,0,55,,227053,2,,,0,15,,227076,2,,,0,14,,227054,2,,,0,13,,227077,2,,,0,55,,227055,2,,,0,14,,227078,2,,,0,15,,227056,2,,,0,15,,227083,2,,,0,55,,227057,2,,,0,15,,227086,2,,,0,15,,227058,2,,,0,15,,227087,2,,,0,55,,227059,2,,,0,15,,227088,2,,,0,15,,227060,2,,,0,15,,227089,2,,,0,56,,227061,2,,,0,17,,227090,2,,,0,16,,227062,2,,,0,16,,227091,2,,,0,55,,227063,2,,,0,17,,227092,2,,,0,11,,227064,2,,,0,17,,227099,2,,,0,55,,227065,2,,,0,14,,227100,2,,,0,16,,227066,2,,,0,16,,227101,2,,,0,55,,227067,2,,,0,15,,227102,2,,,0,15,,227068,2,,,0,16,,227103,2,,,0,55,,227069,2,,,0,15,,227104,2,,,0,18,,227070,2,,,0,60,,227105,2,,,0,20,,227044,2,,,0,15,,227106,2,,,0,66,,227107,2,,,0,24,,227094,2,,,0,70,,227084,2,,,0
1770700,'3_merged_15727751',556,,227113,2,,,0,72,,227114,2,,,0,30,,227115,2,,,0,70,,227116,2,,,0,30,,227117,2,,,0,55,,227138,2,,,0,15,,227118,2,,,0,15,,227139,2,,,0,14,,227119,2,,,0,54,,227155,2,,,0,15,,227145,2,,,0,15,,227156,2,,,0,15,,227120,2,,,0,55,,227146,2,,,0,15,,227121,2,,,0,15,,227147,2,,,0,15,,227122,2,,,0,55,,227148,2,,,0,15,,227123,2,,,0,15,,227149,2,,,0,15,,227124,2,,,0,55,,227150,2,,,0,14,,227125,2,,,0,15,,227151,2,,,0,15,,227126,2,,,0,55,,227152,2,,,0,15,,227127,2,,,0,15,,227111,2,,,0,15,,227128,2,,,0,55,,227153,2,,,0,16,,227129,2,,,0,14,,227154,2,,,0,15,,227130,2,,,0,54,,227158,2,,,0,15,,227131,2,,,0,15,,227159,2,,,0,15,,227132,2,,,0,55,,227160,2,,,0,15,,227133,2,,,0,15,,227161,2,,,0,15,,227134,2,,,0,55,,227162,2,,,0,15,,227135,2,,,0,15,,227163,2,,,0,15,,227136,2,,,0,55,,227164,2,,,0,15,,227137,2,,,0,16,,227108,2,,,0,15,,227140,2,,,0,55,,227109,2,,,0,20,,227141,2,,,0,18,,227110,2,,,0,59,,227142,2,,,0,18,,227157,2,,,0,21,,227143,2,,,0,63,,227112,2,,,0,20,,227144,2,,,0
4885500,'1_merged_15727750',701,,242128,3,0,129 132 71,0,30,,242129,3,0,129 132 71,0,70,,242130,3,0,129 132 71,0,30,,242131,3,0,129 132 71,0,70,,242132,3,0,129 132 71,0,30,,242133,3,0,129 132 71,0,70,,242134,3,0,129 132 71,0,30,,242135,3,0,129 132 71,0,70,,242136,3,0,129 132 71,0,30,,242137,3,0,129 132 71,0,70,,242138,3,0,129 132 71,0,30,,242139,3,0,129 132 71,0,70,,242140,3,0,129 132 71,0,30,,242141,3,0,129 132 71,0,70,,242142,3,0,129 132 71,0,31,,242143,3,0,129 132 71,0,70,,242144,3,0,129 132 71,0,30,,242145,3,0,129 132 71,0,70,,242146,3,0,129 132 71,0,30,,242147,3,0,129 132 71,0,70,,242148,3,0,129 132 71,0,30,,242149,3,0,129 132 71,0,70,,242150,3,0,129 132 71,0,29,,242151,3,0,129 132 71,0,70,,242152,3,0,129 132 71,0,30,,242153,3,0,129 132 71,0,70,,242154,3,0,129 132 71,0,30,,242155,3,0,129 132 71,0,70,,242156,3,0,129 132 71,0
4885500,'2_merged_15727752',804,,242157,3,0,129 132 71,0,28,,242158,3,0,129 132 71,0,70,,242159,3,0,129 132 71,0,30,,242160,3,0,129 132 71,0,70,,242161,3,0,129 132 71,0,30,,242162,3,0,129 132 71,0,70,,242163,3,0,129 132 71,0,30,,242164,3,0,129 132 71,0,69,,242165,3,0,129 132 71,0,30,,242166,3,0,129 132 71,0,70,,242167,3,0,129 132 71,0,30,,242168,3,0,129 132 71,0,70,,242169,3,0,129 132 71,0,30,,242170,3,0,129 132 71,0,70,,242171,3,0,129 132 71,0,30,,242172,3,0,129 132 71,0,70,,242173,3,0,129 132 71,0,31,,242174,3,0,129 132 71,0,70,,242175,3,0,129 132 71,0,29,,242176,3,0,129 132 71,0,70,,242177,3,0,129 132 71,0,30,,242178,3,0,129 132 71,0,70,,242179,3,0,129 132 71,0,30,,242180,3,0,129 132 71,0,70,,242181,3,0,129 132 71,0
4885500,'3_merged_15727751',801,,242182,3,0,129 132 71,0,30,,242183,3,0,129 132 71,0,70,,242184,3,0,129 132 71,0,30,,242185,3,0,129 132 71,0,70,,242186,3,0,129 132 71,0,30,,242187,3,0,129 132 71,0,70,,242188,3,0,129 132 71,0,30,,242189,3,0,129 132 71,0,70,,242190,3,0,129 132 71,0,30,,242191,3,0,129 132 71,0,70,,242192,3,0,129 132 71,0,30,,242193,3,0,129 132 71,0,70,,242194,3,0,129 132 71,0,30,,242195,3,0,129 132 71,0,70,,242196,3,0,129 132 71,0,30,,242197,3,0,129 132 71,0,70,,242198,3,0,129 132 71,0,30,,242199,3,0,129 132 71,0,70,,242200,3,0,129 132 71,0,30,,242201,3,0,129 132 71,0,70,,242202,3,0,129 132 71,0,30,,242203,3,0,129 132 71,0,70,,242204,3,0,129 132 71,0
