667201,'101_merged_15726436',1530,,205278,13,0,11 12,0,70,,205279,23,,,0
667201,'1_merged_15726439',539,,205298,23,,,0,72,,205299,23,,,0,19,,205300,23,,,0,12,,205301,23,,,0,16,,205280,23,,,0,50,,205294,23,,,0,11,,205295,23,,,0,9,,205296,23,,,0,13,,205297,23,,,0,12,,205321,23,,,0,53,,205302,23,,,0,18,,205303,23,,,0,12,,205304,23,,,0,16,,205305,23,,,0,51,,205306,23,,,0,11,,205307,23,,,0,14,,205308,23,,,0,20,,205309,23,,,0,65,,205310,23,,,0,30,,205311,23,,,0,70,,205312,23,,,0,30,,205313,23,,,0,69,,205314,23,,,0,28,,205320,23,,,0,66,,205315,23,,,0,38,,205316,23,,,0,68,,205317,23,,,0,28,,205318,23,,,0,72,,205319,23,,,0,30,,205281,23,,,0,9,,205282,23,,,0,70,,205283,23,,,0,13,,205284,23,,,0,67,,205322,23,,,0,7,,205285,23,,,0,21,,205286,23,,,0,21,,205287,23,,,0,8,,205288,23,,,0,56,,205289,23,,,0,19,,205290,23,,,0,18,,205291,23,,,0,61,,205292,23,0,11 12,0,11,,205293,23,,,0
667201,'201_merged_15726444',1600,,205323,23,,,0
667201,'2_merged_15726441',644,,205325,23,,,0,70,,205326,23,,,0,30,,205327,23,,,0,70,,205328,23,,,0,30,,205329,23,,,0,69,,205330,23,,,0,30,,205331,23,,,0,70,,205332,23,,,0,30,,205333,23,,,0,67,,205334,23,,,0,27,,205335,23,,,0,76,,205336,23,,,0,30,,205337,23,,,0,71,,205338,23,,,0,27,,205339,23,,,0,62,,205340,23,,,0,13,,205341,23,,,0,24,,205342,23,,,0,16,,205343,23,,,0,65,,205344,23,,,0,24,,205345,23,,,0,62,,205346,23,,,0,14,,205347,23,,,0,24,,205348,23,,,0,57,,205349,23,,,0,24,,205350,23,,,0,23,,205351,23,,,0,61,,205352,23,,,0,16,,205353,23,,,0,21,,205354,23,,,0,59,,205355,23,,,0,19,,205356,23,,,0
667201,'3_merged_15726440',713,,205358,23,,,0,30,,205359,23,,,0,70,,205360,23,,,0,30,,205361,23,,,0,70,,205362,23,,,0,30,,205363,23,,,0,70,,205364,23,,,0,29,,205365,23,,,0,71,,205366,23,,,0,28,,205367,23,,,0,71,,205368,23,,,0,30,,205369,23,,,0,70,,205370,23,,,0,30,,205371,23,,,0,71,,205372,23,,,0,29,,205373,23,,,0,71,,205374,23,,,0,30,,205375,23,,,0,70,,205376,23,,,0,29,,205377,23,,,0,71,,205382,23,,,0,30,,205378,23,,,0,70,,205379,23,,,0,30,,205380,23,,,0,70,,205381,23,,,0
667301,'101_merged_15726436',1525,,205498,28,0,11 12,0,11,,205499,20,0,11 12,0,78,,205500,28,0,11 12,0
667301,'1_merged_15726439',537,,205532,28,0,11 12,0,74,,205533,28,0,11 12,0,34,,205534,28,,,0,10,,205535,28,,,0,49,,205536,28,,,0,14,,205537,28,,,0,12,,205538,28,,,0,20,,205539,28,,,0,59,,205540,28,,,0,19,,205501,28,,,0,16,,205542,28,0,11 12,0,11,,205543,28,,,0,55,,205544,28,0,11 12,0,22,,205545,28,,,0,10,,205503,28,,,0,67,,205522,28,,,0,23,,205523,28,,,0,27,,205524,28,,,0,70,,205525,28,,,0,72,,205526,28,,,0,30,,205527,28,,,0,26,,205528,28,,,0,72,,205529,28,,,0,71,,205530,28,,,0,28,,205531,28,,,0,26,,205546,28,,,0,80,,205513,28,,,0,25,,205514,28,,,0,66,,205515,28,,,0,32,,205516,28,,,0,78,,205517,28,,,0,7,,205518,28,,,0,68,,205519,28,,,0,18,,205520,28,0,11 12,0,20,,205521,28,0,11 12,0,57,,205502,28,0,11 12,0,37,,205541,28,0,11 12,0,68,,205504,28,0,11 12,0,31,,205505,28,0,11 12,0,71,,205506,27,0,11 12,0,29,,205507,27,0,11 12,0,99,,205508,27,0,11 12,0,98,,205509,27,0,11 12,0,101,,205510,27,0,11 12,0,71,,205511,27,0,11 12,0,90,,205512,27,0,11 12,0
667301,'201_merged_15726444',1614,,205547,28,0,11 12,0
667301,'2_merged_15726441',636,,205548,28,0,11 12,0,71,,205549,28,0,11 12,0,104,,205550,28,0,11 12,0,113,,205551,28,,,0,32,,205552,28,,,0,74,,205553,28,,,0,22,,205554,28,,,0,69,,205555,28,,,0,30,,205556,28,,,0,80,,205557,28,,,0,24,,205558,28,,,0,69,,205559,28,,,0,33,,205560,28,,,0,71,,205561,28,,,0,72,,205562,28,,,0,32,,205563,28,,,0,73,,205564,28,,,0,32,,205565,28,,,0,73,,205566,28,,,0,28,,205567,28,,,0,74,,205568,28,0,11 12,0,28,,205569,28,0,11 12,0,73,,205570,28,0,11 12,0,26,,205571,28,0,11 12,0,70,,205572,28,0,11 12,0,28,,205573,28,0,11 12,0,70,,205574,28,0,11 12,0,31,,205575,27,0,11 12,0,97,,205576,27,0,11 12,0,101,,205577,27,0,11 12,0,99,,205578,27,0,11 12,0,70,,205579,27,0,11 12,0,103,,205580,27,0,11 12,0
667301,'3_merged_15726440',740,,205581,28,0,11 12,0,101,,205582,28,0,11 12,0,86,,205583,28,,,0,75,,205584,28,,,0,30,,205585,28,,,0,72,,205586,28,,,0,24,,205587,28,,,0,74,,205588,28,,,0,27,,205589,28,,,0,71,,205590,28,,,0,31,,205591,28,,,0,72,,205592,28,,,0,29,,205593,28,,,0,71,,205594,28,,,0,32,,205595,28,,,0,71,,205596,28,,,0,30,,205597,28,,,0,69,,205598,28,,,0,34,,205599,28,0,11 12,0,76,,205600,28,0,11 12,0,34,,205601,28,0,11 12,0,69,,205602,28,0,11 12,0,30,,205603,28,0,11 12,0,67,,205604,28,0,11 12,0,31,,205605,28,0,11 12,0,68,,205606,28,0,11 12,0,99,,205607,27,0,11 12,0,100,,205608,27,0,11 12,0,98,,205609,27,0,11 12,0,102,,205610,27,0,11 12,0,100,,205611,27,0,11 12,0
1671701,'1_merged_15726439',1949,,226184,23,,,0,69,,226185,23,,,0,26,,226186,23,,,0,70,,226187,23,,,0,30,,226188,23,,,0,70,,226189,23,,,0,30,,226190,23,,,0,66,,226191,23,,,0,34,,226192,23,,,0,70,,226193,23,,,0,30,,226194,23,0,11 12,0,11,,226195,23,0,11 12,0,98,,226197,23,0,11 12,0
1671701,'2_merged_15726441',1947,,226198,23,,,0,63,,226199,23,,,0,29,,226200,23,,,0,70,,226211,23,,,0,31,,226201,23,,,0,70,,226202,23,,,0,30,,226203,23,,,0,70,,226210,23,,,0,30,,226204,23,,,0,69,,226205,23,,,0,21,,226206,23,0,11 12,0,27,,226209,23,0,11 12,0,99,,226208,23,0,11 12,0
1671701,'3_merged_15726440',1943,,226212,23,,,0,70,,226213,23,,,0,30,,226214,23,,,0,70,,226225,23,,,0,30,,226215,23,,,0,69,,226216,23,,,0,28,,226217,23,,,0,70,,226224,23,,,0,30,,226218,23,,,0,69,,226219,23,,,0,30,,226220,23,0,11 12,0,20,,226222,23,0,11 12,0,92,,226221,23,,,0
2263901,'1_merged_15726439',630,,228224,21,,,0,70,,228225,21,,,0,30,,228226,21,,,0,27,,228227,21,,,0,73,,228228,21,,,0,27,,228229,21,,,0,70,,228230,21,,,0,30,,228231,21,,,0,70,,228232,21,,,0,30,,228233,21,,,0,70,,228234,21,,,0,30,,228235,21,,,0,70,,228236,21,,,0,30,,228237,21,,,0,70,,228238,21,,,0,30,,228239,21,,,0,70,,228240,21,,,0,30,,228241,21,,,0,70,,228242,21,,,0,73,,228243,21,,,0,30,,228244,21,,,0,70,,228245,21,,,0,33,,228246,21,,,0,67,,228247,21,,,0,28,,228248,21,,,0,28,,228249,21,,,0,70,,228250,21,,,0,74,,228251,21,,,0,100,,228252,21,,,0
2263901,'2_merged_15726441',656,,228253,21,,,0,70,,228254,21,,,0,30,,228255,21,,,0,67,,228256,21,,,0,30,,228257,21,,,0,70,,228258,21,,,0,30,,228259,21,,,0,73,,228260,21,,,0,30,,228261,21,,,0,70,,228262,21,,,0,30,,228263,21,,,0,70,,228264,21,,,0,29,,228265,21,,,0,70,,228266,21,,,0,30,,228267,21,,,0,70,,228268,21,,,0,30,,228269,21,,,0,70,,228270,21,,,0,31,,228271,21,,,0,71,,228272,21,,,0,30,,228273,21,,,0,70,,228274,21,,,0,29,,228275,21,,,0,70,,228276,21,,,0,30,,228277,21,,,0,70,,228278,21,,,0,30,,228279,21,,,0,100,,228280,21,,,0
2263901,'3_merged_15726440',828,,228281,21,,,0,27,,228282,21,,,0,70,,228283,21,,,0,30,,228284,21,,,0,70,,228285,21,,,0,30,,228286,21,,,0,70,,228287,21,,,0,30,,228288,21,,,0,70,,228289,21,,,0,30,,228290,21,,,0,70,,228291,21,,,0,30,,228292,21,,,0,70,,228293,21,,,0,30,,228294,21,,,0,70,,228295,21,,,0,29,,228296,21,,,0,70,,228297,21,,,0,30,,228298,21,,,0,70,,228299,21,,,0,30,,228300,21,,,0,70,,228301,21,,,0,30,,228302,21,,,0,70,,228303,21,,,0,32,,228304,21,,,0,100,,228305,21,,,0
3930701,'1_merged_15726439',606,,240482,9,,,0,16,,240483,9,,,0,17,,240484,9,,,0,15,,240485,9,,,0,58,,240486,9,,,0,14,,240487,9,,,0,13,,240488,9,,,0,7,,240489,9,,,0,7,,240490,9,,,0,47,,240491,9,,,0,8,,240492,9,,,0,4,,240493,9,,,0,3,,240494,9,,,0,5,,240495,9,,,0,3,,240496,9,,,0,4,,240497,9,,,0,4,,240498,9,,,0,3,,240499,9,,,0,4,,240500,9,,,0,4,,240501,9,,,0,3,,240502,9,,,0,6,,240503,9,,,0,4,,240504,9,,,0,45,,240505,9,,,0,7,,240506,9,,,0,3,,240507,9,,,0,5,,240508,9,,,0,4,,240509,9,,,0,3,,240510,9,,,0,8,,240511,9,,,0,7,,240512,9,,,0,8,,240513,9,,,0,7,,240514,9,,,0,7,,240515,9,,,0,47,,240516,9,,,0,7,,240517,9,,,0,6,,240518,9,,,0,7,,240519,9,,,0,8,,240520,9,,,0,6,,240521,9,,,0,6,,240522,9,,,0,6,,240523,9,,,0,6,,240524,9,,,0,46,,240525,9,,,0,6,,240526,9,,,0,6,,240527,9,,,0,6,,240528,9,,,0,6,,240529,9,,,0,6,,240530,9,,,0,6,,240531,9,,,0,6,,240532,9,,,0,6,,240533,9,,,0,6,,240534,9,,,0,46,,240535,9,,,0,6,,240536,9,,,0,6,,240537,9,,,0,6,,240538,9,,,0,6,,240539,9,,,0,6,,240540,9,,,0,6,,240541,9,,,0,6,,240542,9,,,0,6,,240543,9,,,0,6,,240544,9,,,0,46,,240545,9,,,0,6,,240546,9,,,0,6,,240547,9,,,0,6,,240548,9,,,0,6,,240549,9,,,0,6,,240550,9,,,0,6,,240551,9,,,0,6,,240552,9,,,0,6,,240553,9,,,0,6,,240554,9,,,0,46,,240555,9,,,0,6,,240556,9,,,0,6,,240557,9,,,0,6,,240558,9,,,0,6,,240559,9,,,0,6,,240560,9,,,0,6,,240561,9,,,0,6,,240562,9,,,0,6,,240563,9,,,0,6,,240564,9,,,0,45,,240565,9,,,0,7,,240566,9,,,0,6,,240567,9,,,0,6,,240568,9,,,0,5,,240569,9,,,0,5,,240570,9,,,0,8,,240571,9,,,0,6,,240572,9,,,0,6,,240573,9,,,0,5,,240574,9,,,0,45,,240575,9,,,0,8,,240576,9,,,0,6,,240577,9,,,0,6,,240578,9,,,0,5,,240579,9,,,0,5,,240580,9,,,0,8,,240581,9,,,0,6,,240582,9,,,0,6,,240583,9,,,0,5,,240584,9,,,0,45,,240585,9,,,0,9,,240586,9,,,0,6,,240587,9,,,0,5,,240588,9,,,0,5,,240589,9,,,0,5,,240590,9,,,0,5,,240623,9,,,0,5,,240591,9,,,0,5,,240592,9,,,0,5,,240593,9,,,0,7,,240594,9,,,0,48,,240595,9,,,0,6,,240596,9,,,0,9,,240597,9,,,0,7,,240598,9,,,0,6,,240599,9,,,0,9,,240600,9,,,0,14,,240601,9,,,0,55,,240602,9,,,0,15,,240603,9,,,0,15,,240604,9,,,0,15,,240605,9,,,0,54,,240606,9,,,0,15,,240607,9,,,0,14,,240608,9,,,0,15,,240609,9,,,0,56,,240610,9,,,0,15,,240611,9,,,0,15,,240612,9,,,0,15,,240613,9,,,0,55,,240614,9,,,0,13,,240615,9,,,0,17,,240616,9,,,0,70,,240617,9,,,0,30,,240618,9,,,0,70,,240619,9,,,0,30,,240620,9,,,0,70,,240621,9,,,0,28,,240622,9,,,0
3930701,'2_merged_15726441',644,,240624,9,,,0,72,,240625,9,,,0,30,,240626,9,,,0,70,,240627,9,,,0,30,,240628,9,,,0,70,,240629,9,,,0,30,,240630,9,,,0,72,,240631,9,,,0,31,,240632,9,,,0,69,,240633,9,,,0,29,,240634,9,,,0,71,,240635,9,,,0,29,,240636,9,,,0,69,,240637,9,,,0,30,,240638,9,,,0,70,,240639,9,,,0,31,,240640,9,,,0,70,,240641,9,,,0,31,,240642,9,,,0,71,,240643,9,,,0,30,,240644,9,,,0,70,,240645,9,,,0,30,,240646,9,,,0,70,,240647,9,,,0,29,,240648,9,,,0,69,,240649,9,,,0,28,,240650,9,,,0,70,,240651,9,,,0,30,,240652,9,,,0,70,,240653,9,,,0,30,,240654,9,,,0,70,,240655,9,,,0,29,,240656,9,,,0,72,,240657,9,,,0,30,,240658,9,,,0,71,,240659,9,,,0,31,,240660,9,,,0,68,,240661,9,,,0,29,,240662,9,,,0
3930701,'3_merged_15726440',813,,240663,9,,,0,31,,240664,9,,,0,72,,240665,9,,,0,30,,240666,9,,,0,70,,240667,9,,,0,28,,240668,9,,,0,73,,240669,9,,,0,30,,240670,9,,,0,71,,240671,9,,,0,30,,240672,9,,,0,70,,240673,9,,,0,29,,240674,9,,,0,70,,240675,9,,,0,30,,240676,9,,,0,69,,240677,9,,,0,32,,240678,9,,,0,70,,240679,9,,,0,29,,240680,9,,,0,67,,240681,9,,,0,30,,240682,9,,,0,70,,240683,9,,,0,29,,240684,9,,,0,72,,240685,9,,,0,29,,240686,9,,,0,70,,240687,9,,,0,31,,240688,9,,,0,70,,240689,9,,,0,31,,240690,9,,,0,72,,240691,9,,,0,27,,240692,9,,,0,74,,240693,9,,,0,25,,240694,9,,,0,70,,240695,9,,,0,30,,240696,9,,,0,70,,240697,9,,,0,30,,240698,9,,,0
