674900,'101_merged_15727747',710,,219156,6,0,62 63 64,0
674900,'1_merged_15727750',524,,219221,6,0,62 63 129,0,11,,219222,6,0,62 63 129,0,19,,219223,6,0,62 63 129,0,57,,219224,6,0,62 63 129,0,15,,219225,6,0,62 63 129,0,16,,219226,6,0,62 63 129,0,16,,219227,6,0,62 63 129,0,70,,219228,6,0,62 63 129,0,13,,219229,6,0,58 59,0,15,,219230,6,0,58 59,0,53,,219167,6,0,62 63 129,0,17,,219212,6,0,58 59,0,21,,219213,6,0,62 63 129,0,11,,219214,6,0,58 59,0,55,,219215,6,0,62 63 129,0,8,,219216,6,0,60 61 8,0,9,,219217,6,0,58 59,0,9,,219218,6,0,62 63 129,0,15,,219219,6,0,58 59,0,55,,219220,6,0,62 63 129,0,15,,219168,6,0,58 59,0,15,,219193,6,0,62 63 129,0,15,,219194,6,0,58 59,0,57,,219195,6,0,62 63 129,0,15,,219196,6,0,58 59,0,15,,219197,6,0,62 63 129,0,15,,219198,6,0,58 59,0,55,,219199,6,0,62 63 129,0,12,,219200,6,0,58 59,0,17,,219201,6,0,62 63 129,0,14,,219202,6,0,58 59,0,55,,219203,6,0,62 63 129,0,17,,219204,6,0,58 59,0,13,,219205,6,0,62 63 129,0,17,,219206,6,0,60 61 8,0,75,,219207,6,0,62 63 129,0,17,,219208,6,0,62 63 129,0,55,,219209,6,0,62 63 129,0,15,,219210,6,0,62 63 129,0,17,,219211,6,0,62 63 129,0,14,,219159,6,0,62 63 129,0,54,,219165,6,0,62 63 129,0,23,,219187,6,0,62 63 129,0,7,,219169,6,0,62 63 129,0,23,,219158,6,0,62 63 129,0,47,,219188,6,0,62 63 129,0,23,,219189,6,0,62 63 129,0,5,,219190,6,0,62 63 129,0,15,,219191,6,0,62 63 129,0,61,,219192,6,0,62 63 129,0,11,,219166,6,0,62 63 129,0,17,,219160,6,0,62 63 129,0,10,,219170,6,0,62 63 129,0,55,,219171,6,0,62 63 129,0,15,,219182,6,0,62 63 129,0,16,,219183,6,0,62 63 129,0,13,,219184,6,0,62 63 129,0,13,,219185,6,0,60 61 8,0,57,,219186,6,0,62 63 129,0,15,,219164,6,0,62 63 129,0,14,,219161,6,0,62 63 129,0,16,,219174,6,0,60 61 8,0,54,,219175,6,0,62 63 129,0,30,,219176,6,0,62 63 129,0,70,,219177,6,0,62 63 129,0,30,,219162,6,0,62 63 129,0,70,,219179,6,0,62 63 129,0,30,,219173,6,0,62 63 129,0,69,,219178,6,0,62 63 129,0,30,,219163,6,0,62 63 129,0,70,,219181,6,0,58 59,0,29,,219172,6,0,58 59,0,70,,219180,6,0,58 59,0
674900,'201_merged_15727755',710,,219231,6,0,62 63 129,0
674900,'2_merged_15727752',610,,219234,6,0,62 63 129,0,32,,219235,6,0,62 63 129,0,67,,219236,6,0,62 63 129,0,15,,219237,6,0,62 63 129,0,15,,219238,6,0,58 59,0,15,,219239,6,0,62 63 129,0,50,,219240,6,0,58 59,0,15,,219241,6,0,62 63 129,0,15,,219242,6,0,58 59,0,15,,219243,6,0,62 63 129,0,55,,219244,6,0,58 59,0,16,,219245,6,0,62 63 129,0,15,,219246,6,0,58 59,0,16,,219247,6,0,62 63 129,0,55,,219248,6,0,58 59,0,15,,219249,6,0,62 63 129,0,15,,219250,6,0,58 59,0,15,,219251,6,0,62 63 129,0,55,,219252,6,0,58 59,0,15,,219253,6,0,62 63 129,0,16,,219254,6,0,58 59,0,15,,219255,6,0,62 63 129,0,57,,219256,6,0,58 59,0,15,,219257,6,0,62 63 129,0,12,,219258,6,0,58 59,0,15,,219259,6,0,62 63 129,0,55,,219260,6,0,58 59,0,17,,219261,6,0,62 63 129,0,15,,219262,6,0,58 59,0,15,,219263,6,0,62 63 129,0,55,,219264,6,0,58 59,0,15,,219265,6,0,62 63 129,0,15,,219266,6,0,58 59,0,15,,219267,6,0,62 63 129,0,54,,219268,6,0,58 59,0,16,,219269,6,0,62 63 129,0,15,,219270,6,0,58 59,0,15,,219271,6,0,62 63 129,0,53,,219272,6,0,58 59,0,15,,219273,6,0,62 63 129,0,15,,219274,6,0,58 59,0,15,,219275,6,0,62 63 129,0,55,,219276,6,0,58 59,0,15,,219277,6,0,62 63 129,0,15,,219278,6,0,58 59,0,15,,219279,6,0,62 63 129,0,55,,219280,6,0,58 59,0,14,,219281,6,0,62 63 129,0,15,,219282,6,0,62 63 129,0,15,,219283,6,0,62 63 129,0,60,,219284,6,0,62 63 129,0,20,,219285,6,0,62 63 129,0,18,,219286,6,0,62 63 129,0,62,,219287,6,0,62 63 129,0,20,,219288,6,0,62 63 129,0,19,,219289,6,0,62 63 129,0,66,,219290,6,0,62 63 129,0,30,,219291,6,0,62 63 129,0,69,,219292,6,0,62 63 129,0,30,,219293,6,0,62 63 129,0,69,,219294,6,0,62 63 129,0,30,,219295,6,0,62 63 129,0,70,,219296,6,0,62 63 129,0,30,,219297,6,0,62 63 129,0,69,,219298,6,0,58 59,0,35,,219232,6,0,58 59,0,65,,219233,6,0,58 59,0
674900,'3_merged_15727751',617,,219328,6,0,62 63 129,0,32,,219327,6,0,62 63 129,0,63,,219333,6,0,62 63 129,0,31,,219332,6,0,62 63 129,0,15,,219344,6,0,58 59,0,55,,219343,6,0,62 63 129,0,15,,219342,6,0,58 59,0,14,,219341,6,0,62 63 129,0,16,,219340,6,0,58 59,0,56,,219339,6,0,62 63 129,0,15,,219363,6,0,58 59,0,15,,219362,6,0,62 63 129,0,15,,219338,6,0,58 59,0,56,,219337,6,0,62 63 129,0,15,,219336,6,0,58 59,0,15,,219335,6,0,62 63 129,0,10,,219334,6,0,58 59,0,54,,219331,6,0,62 63 129,0,16,,219330,6,0,58 59,0,15,,219329,6,0,62 63 129,0,13,,219355,6,0,58 59,0,57,,219303,6,0,62 63 129,0,15,,219302,6,0,58 59,0,15,,219301,6,0,62 63 129,0,14,,219300,6,0,58 59,0,58,,219299,6,0,62 63 129,0,15,,219361,6,0,58 59,0,9,,219360,6,0,62 63 129,0,21,,219359,6,0,58 59,0,55,,219358,6,0,62 63 129,0,15,,219357,6,0,58 59,0,15,,219356,6,0,62 63 129,0,15,,219354,6,0,58 59,0,53,,219353,6,0,62 63 129,0,14,,219352,6,0,58 59,0,16,,219351,6,0,62 63 129,0,5,,219350,6,0,58 59,0,65,,219349,6,0,62 63 129,0,15,,219348,6,0,58 59,0,15,,219347,6,0,62 63 129,0,13,,219346,6,0,58 59,0,56,,219345,6,0,62 63 129,0,15,,219316,6,0,58 59,0,15,,219326,6,0,62 63 129,0,15,,219325,6,0,58 59,0,60,,219324,6,0,62 63 129,0,15,,219323,6,0,58 59,0,15,,219322,6,0,62 63 129,0,15,,219321,6,0,58 59,0,55,,219320,6,0,62 63 129,0,15,,219319,6,0,58 59,0,14,,219318,6,0,62 63 129,0,15,,219317,6,0,58 59,0,55,,219315,6,0,62 63 129,0,15,,219314,6,0,58 59,0,11,,219313,6,0,62 63 129,0,20,,219312,6,0,62 63 129,0,60,,219311,6,0,62 63 129,0,31,,219310,6,0,62 63 129,0,71,,219309,6,0,62 63 129,0,30,,219308,6,0,62 63 129,0,70,,219307,6,0,62 63 129,0,30,,219306,6,0,62 63 129,0,71,,219305,6,0,62 63 129,0,101,,219304,6,0,58 59,0
674900,'701_merged_15727744',1412,,219364,6,0,62 63 121 122 123,0
674900,'801_merged_15727766',1411,,219365,6,0,62 63 129,0
3003700,'101_merged_15727747',829,,229377,6,,,0,596,,229375,6,,,0,20,,229374,6,,,0,81,,229376,6,,,0
3003700,'1_merged_15727750',503,,229411,6,,,0,31,,229412,6,,,0,21,,229387,6,,,0,49,,229413,6,,,0,19,,229386,6,,,0,6,,229414,6,,,0,24,,229385,6,,,0,5,,229415,6,,,0,58,,229380,6,,,0,14,,229416,6,,,0,15,,229378,6,,,0,14,,229417,6,,,0,60,,229418,6,,,0,30,,229419,6,,,0,65,,229420,6,,,0,35,,229421,6,,,0,69,,229388,6,,,0,31,,229389,6,,,0,70,,229390,6,,,0,30,,229391,6,,,0,70,,229392,6,,,0,30,,229393,6,,,0,71,,229394,6,,,0,29,,229395,6,,,0,70,,229396,6,,,0,28,,229397,6,,,0,73,,229398,6,,,0,26,,229399,6,,,0,65,,229407,6,,,0,25,,229400,6,,,0,5,,229384,6,,,0,65,,229401,6,,,0,5,,229383,6,,,0,24,,229402,6,,,0,6,,229382,6,,,0,18,,229379,6,,,0,61,,229381,6,,,0,24,,229403,6,,,0,65,,229404,6,,,0,100,,229405,6,,,0,99,,229406,6,,,0,99,,229408,6,,,0,100,,229409,6,,,0,99,,229410,6,,,0
3003700,'2_merged_15727752',717,,229426,6,,,0,30,,229442,6,,,0,70,,229427,6,,,0,31,,229443,6,,,0,71,,229428,6,,,0,30,,229444,6,,,0,70,,229429,6,,,0,30,,229445,6,,,0,70,,229430,6,,,0,30,,229446,6,,,0,70,,229424,6,,,0,30,,229447,6,,,0,72,,229425,6,,,0,30,,229448,6,,,0,70,,229431,6,,,0,30,,229449,6,,,0,70,,229432,6,,,0,30,,229422,6,,,0,70,,229433,6,,,0,30,,229423,6,,,0,68,,229434,6,,,0,30,,229450,6,,,0,69,,229435,6,,,0,25,,229451,6,,,0,65,,229436,6,,,0,100,,229437,6,,,0,100,,229438,6,,,0,100,,229439,6,,,0,99,,229440,6,,,0,100,,229441,6,,,0
3003700,'3_merged_15727751',708,,229460,6,,,0,100,,229461,6,,,0,100,,229462,6,,,0,100,,229463,6,,,0,100,,229464,6,,,0,31,,229470,6,,,0,70,,229465,6,,,0,30,,229471,6,,,0,70,,229466,6,,,0,30,,229472,6,,,0,70,,229467,6,,,0,30,,229473,6,,,0,70,,229468,6,,,0,30,,229474,6,,,0,70,,229469,6,,,0,30,,229475,6,,,0,70,,229452,6,,,0,30,,229476,6,,,0,70,,229453,6,,,0,100,,229454,6,,,0,99,,229455,6,,,0,99,,229456,6,,,0,100,,229457,6,,,0,99,,229458,6,,,0,100,,229459,6,,,0
