668200,'101_merged_15727747',1701,,207237,13,,,0
668200,'1_merged_15727750',526,,207238,13,,,0,20,,207239,13,,,0,12,,207240,13,,,0,50,,207241,13,,,0,8,,207242,13,,,0,10,,207243,13,,,0,9,,207244,13,,,0,8,,207245,13,,,0,8,,207246,13,,,0,7,,207247,13,,,0,47,,207248,13,,,0,8,,207249,13,,,0,7,,207250,13,,,0,7,,207251,13,,,0,7,,207252,13,,,0,8,,207253,13,,,0,8,,207254,13,,,0,8,,207255,13,,,0,47,,207256,13,,,0,7,,207257,13,,,0,8,,207258,13,,,0,7,,207259,13,,,0,6,,207260,13,,,0,8,,207261,13,,,0,7,,207262,13,,,0,8,,207263,13,,,0,48,,207264,13,,,0,10,,207265,13,,,0,14,,207266,13,,,0,15,,207267,13,,,0,14,,207268,13,,,0,54,,207269,13,,,0,14,,207270,13,,,0,15,,207271,13,,,0,16,,207272,13,,,0,55,,207273,13,,,0,16,,207274,13,,,0,15,,207275,13,,,0,14,,207276,13,,,0,54,,207277,13,,,0,14,,207278,13,,,0,14,,207279,13,,,0,15,,207280,13,,,0,55,,207281,13,,,0,15,,207282,13,,,0,15,,207283,13,,,0,17,,207284,13,,,0,53,,207285,13,,,0,14,,207286,13,,,0,13,,207287,13,,,0,10,,207288,13,,,0,10,,207289,13,,,0,50,,207290,13,,,0,10,,207291,13,,,0,11,,207292,13,,,0,10,,207293,13,,,0,10,,207294,13,,,0,11,,207295,13,,,0,51,,207296,13,,,0,8,,207297,13,,,0,9,,207298,13,,,0,9,,207299,13,,,0,9,,207300,13,,,0,8,,207301,13,,,0,60,,207302,13,,,0,10,,207303,13,,,0,10,,207304,13,,,0,10,,207305,13,,,0,10,,207306,13,,,0,50,,207307,13,,,0,9,,207308,13,,,0,10,,207309,13,,,0,8,,207310,13,,,0,15,,207311,13,,,0,14,,207312,13,,,0,55,,207313,13,,,0,14,,207314,13,,,0,14,,207315,13,,,0,14,,207316,13,,,0,55,,207317,13,,,0,15,,207318,13,,,0,15,,207319,13,,,0,14,,207320,13,,,0,55,,207321,13,,,0,16,,207322,13,,,0,20,,207323,13,,,0,60,,207324,13,,,0,19,,207325,13,,,0,23,,207326,13,,,0,62,,207327,13,,,0,21,,207328,13,,,0,27,,207329,13,,,0,71,,207330,13,,,0,31,,207331,13,,,0
668200,'201_merged_15727755',1701,,207333,13,,,0
668200,'2_merged_15727752',625,,207375,13,,,0,20,,207334,13,,,0,58,,207335,13,,,0,20,,207336,13,,,0,20,,207337,13,,,0,58,,207412,13,,,0,16,,207413,13,,,0,15,,207414,13,,,0,16,,207340,13,,,0,55,,207408,13,,,0,15,,207338,13,,,0,15,,207339,13,,,0,15,,207409,13,,,0,55,,207410,13,,,0,15,,207411,13,,,0,16,,207341,13,,,0,15,,207407,13,,,0,55,,207342,13,,,0,16,,207343,13,,,0,16,,207405,13,,,0,15,,207406,13,,,0,55,,207344,13,,,0,15,,207404,13,,,0,16,,207345,13,,,0,15,,207403,13,,,0,55,,207346,13,,,0,15,,207347,13,,,0,11,,207400,13,,,0,12,,207401,13,,,0,12,,207402,13,,,0,52,,207348,13,,,0,10,,207349,13,,,0,13,,207398,13,,,0,10,,207399,13,,,0,10,,207350,13,,,0,50,,207397,13,,,0,10,,207351,13,,,0,10,,207352,13,,,0,11,,207396,13,,,0,10,,207353,13,,,0,11,,207393,13,,,0,50,,207394,13,,,0,10,,207395,13,,,0,10,,207356,13,,,0,10,,207390,13,,,0,11,,207354,13,,,0,9,,207355,13,,,0,50,,207391,13,,,0,11,,207392,13,,,0,8,,207357,13,,,0,10,,207389,13,,,0,10,,207358,13,,,0,9,,207359,13,,,0,50,,207388,13,,,0,10,,207360,13,,,0,9,,207386,13,,,0,10,,207387,13,,,0,10,,207361,13,,,0,18,,207385,13,,,0,48,,207362,13,,,0,11,,207384,13,,,0,18,,207365,13,,,0,14,,207366,13,,,0,55,,207380,13,,,0,9,,207363,13,,,0,10,,207364,13,,,0,14,,207381,13,,,0,16,,207382,13,,,0,58,,207383,13,,,0,21,,207367,13,,,0,14,,207368,13,,,0,54,,207379,13,,,0,15,,207369,13,,,0,14,,207376,13,,,0,20,,207377,13,,,0,60,,207378,13,,,0,19,,207370,13,,,0,20,,207374,13,,,0,60,,207371,13,,,0,20,,207372,13,,,0,30,,207373,13,,,0
668200,'3_merged_15727751',617,,207415,13,,,0,20,,207416,13,,,0,20,,207417,13,,,0,60,,207418,13,,,0,20,,207419,13,,,0,21,,207420,13,,,0,58,,207421,13,,,0,15,,207422,13,,,0,15,,207423,13,,,0,55,,207424,13,,,0,15,,207425,13,,,0,16,,207426,13,,,0,15,,207427,13,,,0,56,,207428,13,,,0,15,,207429,13,,,0,15,,207430,13,,,0,15,,207431,13,,,0,55,,207432,13,,,0,15,,207433,13,,,0,16,,207434,13,,,0,15,,207435,13,,,0,55,,207436,13,,,0,15,,207437,13,,,0,14,,207438,13,,,0,17,,207439,13,,,0,53,,207440,13,,,0,17,,207441,13,,,0,15,,207442,13,,,0,15,,207443,13,,,0,55,,207444,13,,,0,15,,207445,13,,,0,15,,207446,13,,,0,14,,207447,13,,,0,54,,207448,13,,,0,16,,207449,13,,,0,14,,207450,13,,,0,16,,207451,13,,,0,54,,207452,13,,,0,16,,207453,13,,,0,19,,207454,13,,,0,11,,207455,13,,,0,56,,207456,13,,,0,14,,207457,13,,,0,15,,207458,13,,,0,15,,207459,13,,,0,57,,207460,13,,,0,14,,207461,13,,,0,14,,207462,13,,,0,14,,207463,13,,,0,55,,207464,13,,,0,15,,207465,13,,,0,15,,207466,13,,,0,16,,207467,13,,,0,55,,207468,13,,,0,14,,207469,13,,,0,14,,207470,13,,,0,17,,207471,13,,,0,60,,207472,13,,,0,24,,207473,13,,,0,25,,207474,13,,,0,70,,207475,13,,,0,30,,207476,13,,,0,69,,207477,13,,,0
668300,'1_merged_15727750',1556,,207718,13,,,0,61,,207719,13,,,0,16,,207720,13,,,0,7,,207721,13,,,0,19,,207722,13,,,0,68,,207723,13,,,0,29,,207724,13,,,0,53,,207725,13,,,0,11,,207726,13,,,0,12,,207727,13,,,0,26,,207728,13,,,0,64,,207729,13,,,0,25,,207730,13,,,0
669200,'1_merged_15727750',600,,209056,20,,,0,30,,209057,20,,,0,70,,209058,20,,,0,20,,209059,20,,,0,20,,209060,20,,,0,60,,209061,20,,,0,20,,209062,20,,,0,20,,209063,20,,,0,60,,209064,20,,,0,20,,209065,20,,,0,20,,209066,20,,,0,60,,209067,20,,,0,20,,209068,20,,,0,20,,209069,20,,,0,60,,209070,20,,,0,21,,209071,20,,,0,21,,209072,20,,,0,60,,209073,20,,,0,20,,209074,20,,,0,20,,209075,20,,,0,60,,209076,20,,,0,20,,209077,20,,,0,20,,209078,20,,,0,60,,209079,20,,,0,22,,209080,20,,,0,20,,209081,20,,,0,60,,209082,20,,,0,20,,209083,20,,,0,20,,209084,20,,,0,60,,209085,20,,,0,20,,209086,20,,,0,20,,209087,20,,,0,60,,209088,20,,,0,20,,209089,20,,,0,20,,209090,20,,,0,59,,209091,20,,,0,19,,209092,20,,,0,25,,209093,20,,,0,70,,209094,20,,,0,30,,209095,20,,,0,70,,209096,20,,,0,20,,209097,20,,,0,70,,209098,20,,,0,40,,209099,20,,,0,70,,209100,7,,,0,37,,209101,7,,,0,69,,209102,7,,,0,77,,209103,7,,,0,32,,209104,7,,,0,86,,209105,7,,,0
669200,'2_merged_15727752',556,,209106,20,,,0,60,,209107,20,,,0,30,,209108,20,,,0,70,,209109,20,,,0,30,,209110,20,,,0,70,,209111,20,,,0,31,,209112,20,,,0,70,,209113,20,,,0,30,,209114,20,,,0,70,,209115,20,,,0,30,,209116,20,,,0,70,,209117,20,,,0,21,,209118,20,,,0,20,,209119,20,,,0,60,,209120,20,,,0,20,,209121,20,,,0,20,,209122,20,,,0,60,,209123,20,,,0,20,,209124,20,,,0,20,,209125,20,,,0,60,,209126,20,,,0,20,,209127,20,,,0,20,,209128,20,,,0,60,,209129,20,,,0,20,,209130,20,,,0,20,,209131,20,,,0,60,,209132,20,,,0,20,,209133,20,,,0,20,,209134,20,,,0,60,,209135,20,,,0,20,,209136,20,,,0,19,,209137,20,,,0,61,,209138,20,,,0,30,,209139,20,,,0,69,,209140,20,,,0,30,,209141,20,,,0,70,,209142,20,,,0,30,,209143,20,,,0,58,,209144,7,,,0,40,,209145,7,,,0,80,,209146,7,,,0,80,,209147,7,,,0,40,,209148,7,,,0,80,,209149,7,,,0,80,,209150,7,,,0
669200,'3_merged_15727751',647,,209151,20,,,0,70,,209152,20,,,0,30,,209153,20,,,0,71,,209154,20,,,0,30,,209155,20,,,0,70,,209156,20,,,0,31,,209157,20,,,0,70,,209158,20,,,0,30,,209159,20,,,0,70,,209160,20,,,0,20,,209161,20,,,0,20,,209162,20,,,0,60,,209163,20,,,0,20,,209164,20,,,0,20,,209165,20,,,0,60,,209166,20,,,0,20,,209167,20,,,0,20,,209168,20,,,0,60,,209169,20,,,0,20,,209170,20,,,0,20,,209171,20,,,0,60,,209172,20,,,0,20,,209173,20,,,0,20,,209174,20,,,0,60,,209175,20,,,0,20,,209176,20,,,0,20,,209177,20,,,0,60,,209178,20,,,0,20,,209179,20,,,0,20,,209180,20,,,0,60,,209181,20,,,0,29,,209182,20,,,0,70,,209183,20,,,0,30,,209184,20,,,0,70,,209185,20,,,0,30,,209186,20,,,0,59,,209187,7,,,0,40,,209188,7,,,0,80,,209189,7,,,0,80,,209190,7,,,0,40,,209191,7,,,0,80,,209192,7,,,0,80,,209193,7,,,0
683700,'1101_merged_15727765',2643,,223818,19,,,0
683700,'1201_merged_15727743',2643,,223819,19,,,0
683700,'1_merged_15727750',2523,,223820,19,,,0,20,,223821,19,,,0,60,,223822,19,,,0,29,,223823,19,,,0,74,,223824,19,,,0,19,,223825,19,,,0,28,,223826,19,,,0
683700,'2_merged_15727752',2527,,223829,19,,,0,23,,223834,19,,,0,54,,223828,19,,,0,19,,223833,19,,,0,20,,223830,19,,,0,70,,223832,19,,,0,12,,223831,19,,,0,34,,223827,19,,,0
683700,'3_merged_15727751',711,,223839,13,,,0,40,,223840,13,0,50 51,0,73,,223841,13,0,50 51,0,1535,,223842,19,,,0,72,,223843,19,,,0,70,,223844,19,,,0,38,,223845,19,,,0,71,,223846,19,,,0,24,,223847,19,,,0,88,,223848,19,,,0,25,,223849,19,,,0
