2263800,'101_merged_15726436',726,,227870,8,,,0,826,,227869,8,,,0
2263800,'1_merged_15726439',507,,227903,8,,,0,30,,227904,8,,,0,71,,227905,8,,,0,11,,227906,8,,,0,14,,227907,8,,,0,17,,227908,8,,,0,53,,227909,8,,,0,16,,227910,8,,,0,10,,227911,8,,,0,20,,227912,8,,,0,63,,227913,8,,,0,18,,227914,8,,,0,25,,227880,8,,,0,66,,227881,8,,,0,29,,227882,8,,,0,70,,227883,8,,,0,31,,227884,8,,,0,70,,227885,8,,,0,30,,227886,8,,,0,70,,227887,8,,,0,30,,227888,8,,,0,71,,227889,8,,,0,32,,227890,8,,,0,68,,227891,8,,,0,28,,227892,8,,,0,71,,227893,8,,,0,16,,227894,8,,,0,65,,227923,8,,,0,19,,227895,8,,,0,12,,227896,8,,,0,15,,227871,8,,,0,54,,227901,8,,,0,15,,227902,8,,,0,17,,227872,8,,,0,20,,227900,8,,,0,63,,227922,8,,,0,19,,227874,8,,,0,64,,227921,8,,,0,26,,227915,8,,,0,21,,227873,8,,,0,74,,227897,8,,,0,26,,227898,8,,,0,72,,227899,8,,,0,32,,227875,8,,,0,68,,227919,8,,,0,28,,227920,8,,,0,70,,227876,8,,,0,32,,227918,8,,,0,70,,227877,8,,,0,30,,227917,8,,,0,69,,227878,8,,,0,30,,227916,8,,,0,70,,227879,8,,,0
2263800,'201_merged_15726444',1552,,227924,8,,,0
2263800,'2_merged_15726441',604,,227925,8,,,0,20,,227926,8,,,0,30,,227927,8,,,0,70,,227928,8,,,0,30,,227929,8,,,0,70,,227930,8,,,0,31,,227931,8,,,0,70,,227932,8,,,0,30,,227933,8,,,0,71,,227934,8,,,0,30,,227935,8,,,0,70,,227936,8,,,0,30,,227937,8,,,0,70,,227938,8,,,0,30,,227939,8,,,0,70,,227940,8,,,0,30,,227941,8,,,0,70,,227942,8,,,0,30,,227943,8,,,0,70,,227944,8,,,0,30,,227945,8,,,0,70,,227946,8,,,0,30,,227947,8,,,0,70,,227948,8,,,0,30,,227949,8,,,0,65,,227950,8,,,0,30,,227951,8,,,0,70,,227952,8,,,0,30,,227953,8,,,0,69,,227954,8,,,0,30,,227955,8,,,0,70,,227956,8,,,0,30,,227957,8,,,0,69,,227958,8,,,0,30,,227959,8,,,0,70,,227960,8,,,0,30,,227961,8,,,0,90,,227962,8,,,0,66,,227963,8,,,0,43,,227964,8,,,0,70,,227965,8,,,0
2263800,'3_merged_15726440',634,,227978,8,,,0,70,,227969,8,,,0,30,,227979,8,,,0,70,,227980,8,,,0,30,,227981,8,,,0,70,,227982,8,,,0,30,,227983,8,,,0,71,,227985,8,,,0,30,,227986,8,,,0,70,,227984,8,,,0,30,,227987,8,,,0,71,,227988,8,,,0,30,,227989,8,,,0,69,,227990,8,,,0,30,,227991,8,,,0,70,,227992,8,,,0,31,,227993,8,,,0,70,,227994,8,,,0,30,,227995,8,,,0,70,,227996,8,,,0,30,,227997,8,,,0,70,,227998,8,,,0,30,,227999,8,,,0,69,,228000,8,,,0,30,,228001,8,,,0,70,,228002,8,,,0,30,,228003,8,,,0,70,,227966,8,,,0,30,,227967,8,,,0,71,,227968,8,,,0,31,,227970,8,,,0,77,,227971,8,,,0,31,,227972,8,,,0,70,,227973,8,,,0,25,,227974,8,,,0,69,,227975,8,,,0,30,,227976,8,,,0,69,,227977,8,,,0
3004601,'101_merged_15726436',1549,,230944,8,,,0,77,,230943,8,,,0
3004601,'1_merged_15726439',445,,230961,8,,,0,62,,230962,8,,,0,20,,230963,8,,,0,18,,230964,8,,,0,55,,230965,8,,,0,14,,230947,8,,,0,16,,230966,8,,,0,12,,230967,8,,,0,16,,230968,8,,,0,52,,230969,8,,,0,19,,230948,8,,,0,10,,230998,8,,,0,14,,230977,8,,,0,53,,230978,8,,,0,23,,230979,8,,,0,19,,230980,8,,,0,69,,230981,8,,,0,30,,230982,8,,,0,70,,230983,8,,,0,30,,230984,8,,,0,71,,230985,8,,,0,29,,230986,8,,,0,72,,230987,8,,,0,30,,230988,8,,,0,70,,230989,8,,,0,30,,230990,8,,,0,71,,230991,8,,,0,30,,230992,8,,,0,59,,230945,8,,,0,20,,230996,8,,,0,81,,230997,8,,,0,33,,230970,8,,,0,12,,230971,8,,,0,53,,230972,8,,,0,15,,230973,8,,,0,15,,230974,8,,,0,15,,230975,8,,,0,61,,230976,8,,,0,21,,230946,8,,,0,65,,230994,8,,,0,17,,230995,8,,,0,30,,230949,8,,,0,69,,230950,8,,,0,30,,230993,8,,,0,70,,230951,8,,,0,30,,230952,8,,,0,70,,230960,8,,,0,30,,230953,8,,,0,70,,230954,8,,,0,30,,230959,8,,,0,70,,230955,8,,,0,30,,230956,8,,,0,70,,230958,8,,,0,30,,230957,8,,,0
3004601,'201_merged_15726444',1549,,231000,8,,,0,77,,230999,8,,,0
3004601,'2_merged_15726441',525,,231038,8,,,0,30,,231013,8,,,0,70,,231039,8,,,0,30,,231040,8,,,0,70,,231041,8,,,0,30,,231001,8,,,0,70,,231002,8,,,0,31,,231003,8,,,0,70,,231004,8,,,0,30,,231005,8,,,0,71,,231006,8,,,0,31,,231007,8,,,0,70,,231008,8,,,0,30,,231009,8,,,0,70,,231010,8,,,0,30,,231011,8,,,0,70,,231012,8,,,0,30,,231014,8,,,0,70,,231015,8,,,0,30,,231016,8,,,0,70,,231017,8,,,0,30,,231018,8,,,0,70,,231019,8,,,0,30,,231020,8,,,0,70,,231021,8,,,0,30,,231022,8,,,0,70,,231023,8,,,0,29,,231024,8,,,0,70,,231025,8,,,0,29,,231026,8,,,0,70,,231027,8,,,0,32,,231028,8,,,0,69,,231029,8,,,0,29,,231030,8,,,0,71,,231031,8,,,0,29,,231032,8,,,0,70,,231033,8,,,0,30,,231034,8,,,0,70,,231035,8,,,0,30,,231036,8,,,0,70,,231037,8,,,0
3004601,'3_merged_15726440',525,,231043,8,,,0,30,,231044,8,,,0,70,,231045,8,,,0,30,,231046,8,,,0,70,,231047,8,,,0,30,,231048,8,,,0,70,,231049,8,,,0,30,,231050,8,,,0,71,,231051,8,,,0,30,,231052,8,,,0,70,,231053,8,,,0,30,,231054,8,,,0,70,,231055,8,,,0,31,,231042,8,,,0,70,,231056,8,,,0,30,,231057,8,,,0,70,,231058,8,,,0,30,,231059,8,,,0,70,,231060,8,,,0,30,,231061,8,,,0,70,,231062,8,,,0,31,,231063,8,,,0,73,,231064,8,,,0,27,,231065,8,,,0,72,,231066,8,,,0,27,,231067,8,,,0,70,,231068,8,,,0,30,,231069,8,,,0,69,,231070,8,,,0,30,,231071,8,,,0,70,,231072,8,,,0,30,,231073,8,,,0,69,,231074,8,,,0,30,,231075,8,,,0,70,,231076,8,,,0,30,,231077,8,,,0,70,,231078,8,,,0,30,,231079,8,,,0,70,,231080,8,,,0,30,,231081,8,,,0
3004900,'101_merged_15726436',1559,,231533,8,,,0,60,,231532,8,,,0
3004900,'1_merged_15726439',540,,231578,8,,,0,15,,231579,8,,,0,54,,231580,8,,,0,16,,231571,8,,,0,13,,231572,8,,,0,17,,231534,8,,,0,50,,231535,8,,,0,20,,231536,8,,,0,5,,231537,8,,,0,21,,231538,8,,,0,55,,231539,8,,,0,10,,231581,8,,,0,12,,231540,8,,,0,9,,231541,8,,,0,65,,231542,8,,,0,34,,231543,8,,,0,65,,231544,8,,,0,30,,231545,8,,,0,71,,231546,8,,,0,30,,231547,8,,,0,70,,231548,8,,,0,30,,231549,8,,,0,70,,231550,8,,,0,30,,231551,8,,,0,71,,231552,8,,,0,30,,231553,8,,,0,25,,231577,8,,,0,50,,231582,8,,,0,15,,231554,8,,,0,12,,231555,8,,,0,11,,231556,8,,,0,67,,231557,8,,,0,25,,231558,8,,,0,13,,231559,8,,,0,57,,231560,8,,,0,12,,231561,8,,,0,14,,231562,8,,,0,19,,231563,8,,,0,59,,231564,8,,,0,15,,231565,8,,,0,17,,231583,8,,,0,58,,231566,8,,,0,35,,231567,8,,,0,70,,231568,8,,,0,30,,231569,8,,,0,69,,231570,8,,,0,32,,231573,8,,,0,69,,231574,8,,,0,32,,231575,8,,,0,70,,231576,8,,,0
3004900,'201_merged_15726444',1559,,231585,8,,,0,60,,231584,8,,,0
3004900,'2_merged_15726441',542,,231598,8,,,0,68,,231600,8,,,0,30,,231601,8,,,0,70,,231602,8,,,0,30,,231603,8,,,0,71,,231604,8,,,0,30,,231605,8,,,0,70,,231606,8,,,0,30,,231586,8,,,0,65,,231591,8,,,0,35,,231599,8,,,0,66,,231616,8,,,0,30,,231607,8,,,0,70,,231608,8,,,0,30,,231609,8,,,0,70,,231610,8,,,0,30,,231611,8,,,0,70,,231612,8,,,0,30,,231613,8,,,0,70,,231614,8,,,0,29,,231615,8,,,0,72,,231617,8,,,0,20,,231622,8,,,0,20,,231587,8,,,0,60,,231588,8,,,0,20,,231623,8,,,0,20,,231589,8,,,0,59,,231590,8,,,0,20,,231624,8,,,0,20,,231592,8,,,0,62,,231593,8,,,0,19,,231625,8,,,0,18,,231594,8,,,0,60,,231595,8,,,0,30,,231596,8,,,0,70,,231597,8,,,0,30,,231618,8,,,0,70,,231619,8,,,0,30,,231620,8,,,0,69,,231621,8,,,0
3004900,'3_merged_15726440',640,,231628,8,,,0,70,,231629,8,,,0,30,,231630,8,,,0,70,,231631,8,,,0,30,,231626,8,,,0,71,,231627,8,,,0,30,,231632,8,,,0,70,,231633,8,,,0,30,,231634,8,,,0,70,,231635,8,,,0,30,,231636,8,,,0,65,,231637,8,,,0,30,,231638,8,,,0,70,,231639,8,,,0,30,,231640,8,,,0,70,,231641,8,,,0,31,,231642,8,,,0,70,,231643,8,,,0,30,,231644,8,,,0,70,,231645,8,,,0,30,,231646,8,,,0,70,,231647,8,,,0,30,,231648,8,,,0,71,,231649,8,,,0,24,,231650,8,,,0,75,,231651,8,,,0,30,,231652,8,,,0,69,,231653,8,,,0,30,,231654,8,,,0,69,,231655,8,,,0,30,,231656,8,,,0,65,,231657,8,,,0,33,,231658,8,,,0,72,,231659,8,,,0
3058400,'1_merged_15726439',532,,232736,9,,,0,68,,232737,9,,,0,30,,232725,9,,,0,25,,232757,9,,,0,57,,232758,9,,,0,19,,232738,9,,,0,17,,232739,9,,,0,58,,232759,9,,,0,19,,232740,9,,,0,75,,232741,9,,,0,25,,232742,9,,,0,27,,232743,9,,,0,70,,232744,9,,,0,27,,232745,9,,,0,74,,232746,9,,,0,27,,232747,9,,,0,64,,232748,9,,,0,34,,232749,9,,,0,73,,232750,9,,,0,30,,232751,9,,,0,75,,232752,9,,,0,27,,232753,9,,,0,74,,232754,9,,,0,31,,232755,9,,,0,77,,232756,9,,,0,69,,232726,9,,,0,33,,232735,9,,,0,78,,232727,9,,,0,25,,232734,9,,,0,63,,232728,9,,,0,34,,232733,9,,,0,66,,232729,9,,,0,32,,232732,9,,,0,69,,232730,9,,,0,33,,232731,9,,,0,98,,232760,9,,,0
3058400,'2_merged_15726441',558,,232761,9,,,0,68,,232762,9,,,0,75,,232763,9,,,0,30,,232764,9,,,0,70,,232765,9,,,0,30,,232766,9,,,0,70,,232767,9,,,0,31,,232768,9,,,0,71,,232769,9,,,0,30,,232770,9,,,0,70,,232771,9,,,0,30,,232772,9,,,0,70,,232773,9,,,0,31,,232774,9,,,0,70,,232775,9,,,0,30,,232776,9,,,0,71,,232777,9,,,0,30,,232778,9,,,0,70,,232779,9,,,0,29,,232780,9,,,0,70,,232781,9,,,0,30,,232782,9,,,0,70,,232783,9,,,0,31,,232784,9,,,0,69,,232785,9,,,0,30,,232786,9,,,0,70,,232787,9,,,0,29,,232788,9,,,0,70,,232789,9,,,0,30,,232792,9,,,0,73,,232790,9,,,0,32,,232791,9,,,0,101,,232793,9,,,0,100,,232794,9,,,0
3058400,'3_merged_15726440',738,,232796,9,,,0,72,,232797,9,,,0,29,,232798,9,,,0,70,,232799,9,,,0,30,,232800,9,,,0,70,,232801,9,,,0,30,,232802,9,,,0,72,,232803,9,,,0,31,,232804,9,,,0,72,,232805,9,,,0,30,,232806,9,,,0,70,,232807,9,,,0,30,,232808,9,,,0,70,,232809,9,,,0,28,,232810,9,,,0,70,,232811,9,,,0,31,,232812,9,,,0,70,,232813,9,,,0,30,,232814,9,,,0,71,,232815,9,,,0,30,,232816,9,,,0,69,,232795,9,,,0,29,,232817,9,,,0,70,,232818,9,,,0,29,,232819,9,,,0,70,,232820,9,,,0,31,,232821,9,,,0,71,,232822,9,,,0,28,,232823,9,,,0,101,,232824,9,,,0,100,,232825,9,,,0
