672101,'1_merged_15727750',501,,214849,2,,,0,16,,214852,2,,,0,15,,214847,2,,,0,13,,214854,2,,,0,13,,214853,2,,,0,55,,214851,2,,,0,15,,214855,2,,,0,25,,214850,2,,,0,86,,214848,2,,,0
673700,'101_merged_15727747',735,,217330,2,,,0,767,,217332,2,,,0,98,,217331,2,,,0
673700,'1_merged_15727750',451,,217375,2,,,0,74,,217333,2,,,0,20,,217372,2,,,0,58,,217384,2,,,0,16,,217385,2,,,0,19,,217386,2,,,0,11,,217373,2,,,0,9,,217374,2,,,0,49,,217382,2,,,0,12,,217383,2,,,0,39,,217351,2,,,0,64,,217334,2,,,0,20,,217358,2,,,0,61,,217359,2,,,0,30,,217360,2,,,0,70,,217361,2,,,0,28,,217362,2,,,0,28,,217363,2,,,0,67,,217364,2,,,0,29,,217365,2,,,0,67,,217366,2,,,0,27,,217367,2,,,0,60,,217368,2,,,0,20,,217369,2,,,0,18,,217370,2,,,0,55,,217371,2,,,0,9,,217335,2,,,0,6,,217387,2,,,0,9,,217353,2,,,0,9,,217354,2,,,0,14,,217355,2,,,0,59,,217356,2,,,0,10,,217357,2,,,0,10,,217348,2,,,0,11,,217349,2,,,0,10,,217350,2,,,0,65,,217336,2,,,0,16,,217352,2,,,0,18,,217337,2,,,0,55,,217376,2,,,0,21,,217377,2,,,0,15,,217378,2,,,0,61,,217379,2,,,0,15,,217380,2,,,0,19,,217338,2,,,0,68,,217339,2,,,0,32,,217340,2,,,0,71,,217341,2,,,0,28,,217381,2,,,0,74,,217342,2,,,0,29,,217343,2,,,0,72,,217344,2,,,0,28,,217345,2,,,0,83,,217346,2,,,0,97,,217347,2,,,0
673700,'201_merged_15727755',735,,217388,2,,,0,768,,217390,2,,,0,97,,217389,2,,,0
673700,'2_merged_15727752',559,,217391,2,,,0,67,,217392,2,,,0,24,,217393,2,,,0,63,,217394,2,,,0,23,,217395,2,,,0,21,,217396,2,,,0,58,,217397,2,,,0,20,,217398,2,,,0,20,,217399,2,,,0,58,,217400,2,,,0,19,,217401,2,,,0,20,,217402,2,,,0,59,,217403,2,,,0,17,,217404,2,,,0,20,,217405,2,,,0,58,,217406,2,,,0,19,,217407,2,,,0,22,,217408,2,,,0,60,,217409,2,,,0,21,,217410,2,,,0,18,,217411,2,,,0,60,,217412,2,,,0,20,,217413,2,,,0,20,,217414,2,,,0,60,,217415,2,,,0,20,,217416,2,,,0,19,,217417,2,,,0,60,,217418,2,,,0,21,,217419,2,,,0,21,,217420,2,,,0,55,,217421,2,,,0,16,,217422,2,,,0,15,,217439,2,,,0,18,,217423,2,,,0,55,,217424,2,,,0,15,,217425,2,,,0,16,,217440,2,,,0,20,,217426,2,,,0,56,,217427,2,,,0,23,,217428,2,,,0,23,,217429,2,,,0,58,,217430,2,,,0,19,,217431,2,,,0,18,,217432,2,,,0,68,,217433,2,,,0,30,,217434,2,,,0,73,,217435,2,,,0,30,,217436,2,,,0,70,,217441,2,,,0,76,,217437,2,,,0,112,,217438,2,,,0
673700,'3_merged_15727751',544,,217447,2,,,0,73,,217446,2,,,0,33,,217445,2,,,0,70,,217444,2,,,0,31,,217468,2,,,0,70,,217448,2,,,0,30,,217442,2,,,0,69,,217449,2,,,0,30,,217466,2,,,0,68,,217452,2,,,0,30,,217459,2,,,0,67,,217458,2,,,0,29,,217450,2,,,0,68,,217457,2,,,0,29,,217461,2,,,0,70,,217456,2,,,0,19,,217467,2,,,0,20,,217482,2,,,0,59,,217455,2,,,0,30,,217465,2,,,0,71,,217454,2,,,0,29,,217464,2,,,0,70,,217453,2,,,0,20,,217463,2,,,0,21,,217474,2,,,0,62,,217451,2,,,0,21,,217475,2,,,0,20,,217462,2,,,0,61,,217476,2,,,0,23,,217479,2,,,0,20,,217470,2,,,0,62,,217477,2,,,0,20,,217480,2,,,0,20,,217469,2,,,0,62,,217478,2,,,0,20,,217481,2,,,0,60,,217471,2,,,0,23,,217472,2,,,0,28,,217460,2,,,0,71,,217473,2,,,0,35,,217443,2,,,0
673801,'1_merged_15727750',420,,217925,2,,,0,12,,217959,2,,,0,10,,217953,2,,,0,10,,217932,2,,,0,52,,217926,2,,,0,12,,217894,2,,,0,12,,217943,2,,,0,12,,217942,2,,,0,12,,217963,2,,,0,53,,217917,2,,,0,13,,217960,2,,,0,13,,217905,2,,,0,13,,217899,2,,,0,13,,217904,2,,,0,53,,217964,2,,,0,13,,217896,2,,,0,13,,217927,2,,,0,13,,217941,2,,,0,55,,217895,2,,,0,15,,217948,2,,,0,15,,217944,2,,,0,15,,217935,2,,,0,55,,217923,2,,,0,15,,217920,2,,,0,15,,217934,2,,,0,15,,217878,2,,,0,55,,217919,2,,,0,15,,217949,2,,,0,15,,217886,2,,,0,15,,217922,2,,,0,55,,217888,2,,,0,15,,217954,2,,,0,15,,217906,2,,,0,15,,217921,2,,,0,55,,217907,2,,,0,15,,217956,2,,,0,15,,217958,2,,,0,15,,217955,2,,,0,55,,217898,2,,,0,15,,217893,2,,,0,15,,217891,2,,,0,15,,217952,2,,,0,55,,217890,2,,,0,15,,217951,2,,,0,16,,217946,2,,,0,15,,217950,2,,,0,55,,217887,2,,,0,15,,217938,2,,,0,15,,217910,2,,,0,15,,217961,2,,,0,52,,217909,2,,,0,12,,217902,2,,,0,12,,217939,2,,,0,12,,217903,2,,,0,12,,217892,2,,,0,51,,217908,2,,,0,12,,217912,2,,,0,12,,217918,2,,,0,12,,217901,2,,,0,12,,217924,2,,,0,52,,217945,2,,,0,12,,217940,2,,,0,12,,217889,2,,,0,12,,217966,2,,,0,12,,217916,2,,,0,52,,217915,2,,,0,11,,217965,2,,,0,15,,217947,2,,,0,15,,217914,2,,,0,15,,217911,2,,,0,53,,217913,2,,,0,17,,217881,2,,,0,15,,217897,2,,,0,15,,217900,2,,,0,55,,217933,2,,,0,19,,217880,2,,,0,21,,217957,2,,,0,61,,217931,2,,,0,21,,217885,2,,,0,20,,217882,2,,,0,60,,217930,2,,,0,21,,217884,2,,,0,22,,217929,2,,,0,62,,217883,2,,,0,22,,217879,2,,,0,62,,217928,2,,,0,22,,217936,2,,,0,26,,217937,2,,,0
673801,'2_merged_15727752',538,,218043,2,,,0,15,,218034,2,,,0,56,,218044,2,,,0,17,,218035,2,,,0,18,,218006,2,,,0,15,,218007,2,,,0,55,,218008,2,,,0,15,,218009,2,,,0,15,,218010,2,,,0,15,,218011,2,,,0,55,,218022,2,,,0,15,,218012,2,,,0,15,,217975,2,,,0,15,,218013,2,,,0,55,,217986,2,,,0,15,,218014,2,,,0,15,,217976,2,,,0,15,,218037,2,,,0,55,,217989,2,,,0,15,,218015,2,,,0,15,,217984,2,,,0,15,,218016,2,,,0,56,,217990,2,,,0,16,,218017,2,,,0,15,,218000,2,,,0,55,,218026,2,,,0,15,,217991,2,,,0,15,,217967,2,,,0,15,,217999,2,,,0,55,,217968,2,,,0,15,,218001,2,,,0,15,,217996,2,,,0,15,,218021,2,,,0,55,,218038,2,,,0,15,,218002,2,,,0,15,,217995,2,,,0,15,,217983,2,,,0,55,,218039,2,,,0,15,,218023,2,,,0,15,,217994,2,,,0,15,,218030,2,,,0,55,,218040,2,,,0,15,,217985,2,,,0,15,,217993,2,,,0,15,,218031,2,,,0,55,,218041,2,,,0,15,,218020,2,,,0,15,,217992,2,,,0,15,,218032,2,,,0,55,,218042,2,,,0,15,,217987,2,,,0,15,,217969,2,,,0,15,,218033,2,,,0,55,,217970,2,,,0,15,,218019,2,,,0,15,,217971,2,,,0,15,,217988,2,,,0,55,,217972,2,,,0,15,,218025,2,,,0,15,,217973,2,,,0,15,,218036,2,,,0,55,,217974,2,,,0,15,,218029,2,,,0,15,,217982,2,,,0,15,,218018,2,,,0,55,,217979,2,,,0,15,,218024,2,,,0,15,,217981,2,,,0,15,,218027,2,,,0,55,,217978,2,,,0,15,,218003,2,,,0,15,,217980,2,,,0,15,,218028,2,,,0,55,,217977,2,,,0,15,,218004,2,,,0,29,,218005,2,,,0,70,,217998,2,,,0,30,,217997,2,,,0
673801,'3_merged_15727751',600,,218076,2,,,0,15,,218077,2,,,0,15,,218078,2,,,0,15,,218079,2,,,0,55,,218080,2,,,0,16,,218081,2,,,0,15,,218082,2,,,0,15,,218083,2,,,0,55,,218099,2,,,0,15,,218100,2,,,0,15,,218068,2,,,0,15,,218102,2,,,0,55,,218070,2,,,0,15,,218103,2,,,0,15,,218069,2,,,0,15,,218059,2,,,0,55,,218104,2,,,0,15,,218105,2,,,0,15,,218084,2,,,0,15,,218071,2,,,0,55,,218106,2,,,0,15,,218064,2,,,0,15,,218089,2,,,0,15,,218072,2,,,0,55,,218065,2,,,0,15,,218066,2,,,0,15,,218090,2,,,0,15,,218091,2,,,0,55,,218067,2,,,0,15,,218050,2,,,0,15,,218088,2,,,0,15,,218085,2,,,0,55,,218051,2,,,0,15,,218052,2,,,0,15,,218095,2,,,0,15,,218086,2,,,0,55,,218053,2,,,0,15,,218055,2,,,0,15,,218096,2,,,0,15,,218087,2,,,0,55,,218056,2,,,0,12,,218057,2,,,0,12,,218097,2,,,0,12,,218108,2,,,0,12,,218073,2,,,0,52,,218058,2,,,0,15,,218109,2,,,0,15,,218110,2,,,0,16,,218111,2,,,0,56,,218112,2,,,0,17,,218113,2,,,0,15,,218114,2,,,0,15,,218115,2,,,0,55,,218116,2,,,0,15,,218117,2,,,0,15,,218118,2,,,0,15,,218119,2,,,0,55,,218120,2,,,0,15,,218074,2,,,0,15,,218092,2,,,0,15,,218098,2,,,0,55,,218075,2,,,0,15,,218093,2,,,0,15,,218063,2,,,0,15,,218101,2,,,0,55,,218062,2,,,0,15,,218107,2,,,0,15,,218061,2,,,0,15,,218094,2,,,0,54,,218060,2,,,0,14,,218054,2,,,0
1169201,'101_merged_15727747',1547,,225472,2,,,0
1169201,'1_merged_15727750',555,,225499,2,,,0,63,,225498,2,,,0,20,,225503,2,,,0,20,,225497,2,,,0,60,,225496,2,,,0,17,,225518,2,,,0,17,,225495,2,,,0,56,,225504,2,,,0,15,,225494,2,,,0,15,,225519,2,,,0,13,,225505,2,,,0,57,,225493,2,,,0,18,,225492,2,,,0,20,,225507,2,,,0,60,,225491,2,,,0,20,,225490,2,,,0,20,,225506,2,,,0,60,,225489,2,,,0,20,,225508,2,,,0,20,,225488,2,,,0,60,,225487,2,,,0,20,,225509,2,,,0,20,,225486,2,,,0,60,,225485,2,,,0,20,,225510,2,,,0,20,,225484,2,,,0,60,,225483,2,,,0,20,,225511,2,,,0,20,,225482,2,,,0,61,,225481,2,,,0,20,,225512,2,,,0,80,,225501,2,,,0,16,,225515,2,,,0,15,,225480,2,,,0,15,,225516,2,,,0,54,,225479,2,,,0,16,,225478,2,,,0,17,,225513,2,,,0,15,,225517,2,,,0,56,,225500,2,,,0,16,,225514,2,,,0,15,,225477,2,,,0,70,,225476,2,,,0,30,,225475,2,,,0,70,,225473,2,,,0,30,,225474,2,,,0,72,,225502,2,,,0,100,,225520,2,,,0,101,,225521,2,,,0,98,,225522,2,,,0
1169201,'201_merged_15727755',1547,,225523,2,,,0
1169201,'2_merged_15727752',654,,225524,2,,,0,63,,225550,2,,,0,20,,225525,2,,,0,20,,225526,2,,,0,60,,225551,2,,,0,20,,225549,2,,,0,20,,225527,2,,,0,60,,225552,2,,,0,20,,225528,2,,,0,20,,225529,2,,,0,60,,225553,2,,,0,20,,225530,2,,,0,19,,225531,2,,,0,59,,225554,2,,,0,19,,225532,2,,,0,19,,225533,2,,,0,60,,225555,2,,,0,20,,225534,2,,,0,20,,225535,2,,,0,61,,225556,2,,,0,20,,225536,2,,,0,19,,225537,2,,,0,60,,225557,2,,,0,20,,225538,2,,,0,20,,225539,2,,,0,60,,225558,2,,,0,20,,225542,2,,,0,20,,225540,2,,,0,60,,225559,2,,,0,20,,225541,2,,,0,20,,225543,2,,,0,60,,225560,2,,,0,21,,225544,2,,,0,21,,225545,2,,,0,61,,225565,2,,,0,21,,225546,2,,,0,70,,225547,2,,,0,30,,225548,2,,,0,97,,225561,2,,,0,100,,225562,2,,,0,98,,225563,2,,,0,98,,225564,2,,,0
1169201,'3_merged_15727751',750,,225567,2,,,0,70,,225568,2,,,0,31,,225569,2,,,0,71,,225570,2,,,0,31,,225571,2,,,0,71,,225572,2,,,0,30,,225573,2,,,0,70,,225574,2,,,0,30,,225575,2,,,0,70,,225589,2,,,0,30,,225576,2,,,0,70,,225577,2,,,0,30,,225578,2,,,0,63,,225566,2,,,0,20,,225590,2,,,0,20,,225579,2,,,0,60,,225580,2,,,0,20,,225591,2,,,0,20,,225581,2,,,0,60,,225582,2,,,0,20,,225592,2,,,0,20,,225583,2,,,0,66,,225584,2,,,0,30,,225593,2,,,0,70,,225585,2,,,0,30,,225586,2,,,0,70,,225587,2,,,0,100,,225588,2,,,0,100,,225594,2,,,0,100,,225595,2,,,0,98,,225596,2,,,0
1294000,'101_merged_15727747',1600,,225860,2,,,0
1294000,'1_merged_15727750',429,,225861,2,0,62 103 8,0,30,,225862,2,,,0,73,,225863,2,,,0,68,,225864,2,,,0,32,,225865,2,,,0,70,,225866,2,,,0,32,,225867,2,,,0,73,,225868,2,0,62 103 8,0,33,,225869,2,0,62 103 8,0,72,,225870,2,0,62 103 8,0,30,,225871,2,0,62 103 8,0,70,,225872,2,0,62 103 8,0,30,,225873,2,0,62 103 8,0,70,,225874,2,0,62 103 8,0,30,,225875,2,0,62 103 8,0,70,,225876,2,0,62 103 8,0,31,,225877,2,0,62 103 8,0,70,,225878,2,0,62 103 8,0,27,,225879,2,0,62 103 8,0,67,,225880,2,0,62 103 8,0,29,,225881,2,0,62 103 8,0,69,,225895,2,0,62 103 8,0,28,,225896,2,,,0,93,,225882,2,,,0,26,,225883,2,,,0,69,,225884,2,,,0,29,,225885,2,,,0,70,,225886,2,,,0,30,,225887,2,0,62 103 8,0,70,,225888,2,0,62 103 8,0,30,,225889,2,0,62 103 8,0,70,,225890,2,0,62 103 8,0,33,,225891,2,0,62 103 8,0,75,,225892,2,0,62 103 8,0,100,,225893,2,0,62 103 8,0,100,,225894,2,0,62 103 8,0
1294000,'201_merged_15727755',1600,,225897,2,,,0
1294000,'2_merged_15727752',600,,225927,2,0,62 103 8,0,31,,225915,2,0,62 103 8,0,70,,225916,2,0,62 103 8,0,30,,225917,2,0,62 103 8,0,70,,225918,2,0,62 103 8,0,30,,225919,2,0,62 103 8,0,71,,225920,2,0,62 103 8,0,31,,225921,2,0,62 103 8,0,71,,225922,2,0,62 103 8,0,30,,225923,2,0,62 103 8,0,70,,225924,2,0,62 103 8,0,30,,225925,2,0,62 103 8,0,70,,225926,2,0,62 103 8,0,30,,225904,2,0,62 103 8,0,70,,225905,2,0,62 103 8,0,30,,225906,2,0,62 103 8,0,70,,225907,2,0,62 103 8,0,30,,225908,2,0,62 103 8,0,70,,225909,2,0,62 103 8,0,30,,225910,2,0,62 103 8,0,70,,225911,2,0,62 103 8,0,30,,225912,2,0,62 103 8,0,70,,225902,2,0,62 103 8,0,30,,225903,2,0,62 103 8,0,70,,225913,2,0,62 103 8,0,30,,225898,2,0,62 103 8,0,70,,225899,2,0,62 103 8,0,30,,225900,2,0,62 103 8,0,70,,225901,2,0,62 103 8,0,30,,225914,2,0,62 103 8,0,99,,225928,2,0,62 103 8,0,100,,225929,2,0,62 103 8,0,107,,225930,2,0,62 103 8,0
1294000,'3_merged_15727751',608,,225934,2,0,62 103 8,0,34,,225935,2,0,62 103 8,0,70,,225960,2,0,62 103 8,0,31,,225936,2,0,62 103 8,0,70,,225937,2,0,62 103 8,0,30,,225938,2,0,62 103 8,0,70,,225939,2,0,62 103 8,0,30,,225940,2,0,62 103 8,0,70,,225941,2,0,62 103 8,0,30,,225931,2,0,62 103 8,0,70,,225942,2,0,62 103 8,0,30,,225943,2,0,62 103 8,0,70,,225944,2,0,62 103 8,0,30,,225945,2,0,62 103 8,0,70,,225946,2,0,62 103 8,0,30,,225947,2,0,62 103 8,0,70,,225932,2,0,62 103 8,0,30,,225948,2,0,62 103 8,0,70,,225949,2,0,62 103 8,0,30,,225950,2,0,62 103 8,0,70,,225951,2,0,62 103 8,0,30,,225952,2,0,62 103 8,0,71,,225953,2,0,62 103 8,0,31,,225954,2,0,62 103 8,0,71,,225955,2,0,62 103 8,0,31,,225956,2,0,62 103 8,0,71,,225957,2,0,62 103 8,0,31,,225958,2,0,62 103 8,0,71,,225959,2,0,62 103 8,0,31,,225933,2,0,62 103 8,0,101,,225961,2,0,62 103 8,0,98,,225962,2,0,62 103 8,0,103,,225963,2,0,62 103 8,0
3182000,'1803_merged_15727760',1809,,233525,23,,,0,100,,233526,23,,,0,95,,233527,23,,,0,100,,233528,23,,,0
3182000,'1_merged_15727750',710,,233560,23,,,0,29,,233559,23,,,0,72,,233558,23,,,0,28,,233557,23,,,0,70,,233556,23,,,0,30,,233555,23,,,0,70,,233554,23,,,0,30,,233553,23,,,0,70,,233552,23,,,0,30,,233551,23,,,0,70,,233550,23,,,0,30,,233549,23,,,0,70,,233548,23,,,0,30,,233547,23,,,0,70,,233546,23,,,0,20,,233561,23,,,0,20,,233545,23,,,0,60,,233544,23,,,0,30,,233543,23,,,0,70,,233542,23,,,0,30,,233541,23,,,0,70,,233540,23,,,0,30,,233539,23,,,0,70,,233538,23,,,0,30,,233537,23,,,0,70,,233536,23,,,0,30,,233535,23,,,0,70,,233534,23,,,0,30,,233533,23,,,0,70,,233532,23,,,0,30,,233531,23,,,0,70,,233530,23,,,0,40,,233529,23,,,0
3182000,'2_merged_15727752',809,,233562,23,,,0,30,,233563,23,,,0,70,,233564,23,,,0,30,,233565,23,,,0,70,,233566,23,,,0,30,,233567,23,,,0,70,,233568,23,,,0,30,,233569,23,,,0,70,,233570,23,,,0,30,,233571,23,,,0,70,,233572,23,,,0,30,,233573,23,,,0,70,,233574,23,,,0,30,,233575,23,,,0,70,,233576,23,,,0,30,,233577,23,,,0,70,,233578,23,,,0,30,,233579,23,,,0,70,,233580,23,,,0,30,,233581,23,,,0,70,,233582,23,,,0,30,,233583,23,,,0,70,,233584,23,,,0,30,,233585,23,,,0,70,,233586,23,,,0,30,,233587,23,,,0,70,,233588,23,,,0,30,,233589,23,,,0
3182000,'32603_merged_15727742',1809,,233590,23,,,0,100,,233591,23,,,0,95,,233592,23,,,0,100,,233593,23,,,0
3182000,'3_merged_15727751',909,,233594,23,,,0,30,,233595,23,,,0,70,,233596,23,,,0,30,,233597,23,,,0,70,,233598,23,,,0,30,,233599,23,,,0,70,,233600,23,,,0,30,,233601,23,,,0,70,,233602,23,,,0,30,,233603,23,,,0,70,,233604,23,,,0,30,,233605,23,,,0,70,,233606,23,,,0,30,,233607,23,,,0,70,,233608,23,,,0,30,,233609,23,,,0,70,,233610,23,,,0,30,,233611,23,,,0,100,,233612,23,,,0,95,,233613,23,,,0,100,,233614,23,,,0,100,,233615,23,,,0
3404401,'1_merged_15727750',652,,235359,28,,,0,96,,235358,28,,,0,104,,235357,28,,,0,100,,235356,28,,,0,100,,235355,28,,,0,100,,235354,28,,,0,100,,235353,28,,,0,100,,235352,28,,,0,100,,235351,28,,,0,103,,235350,28,,,0,97,,235349,28,,,0,100,,235348,28,,,0,100,,235347,28,,,0,100,,235346,28,,,0,100,,235345,28,,,0,100,,235344,28,,,0,100,,235343,28,,,0,100,,235342,28,,,0
3404401,'2_merged_15727752',752,,235360,28,,,0,100,,235361,28,,,0,100,,235362,28,,,0,100,,235363,28,,,0,100,,235364,28,,,0,100,,235365,28,,,0,100,,235366,28,,,0,100,,235367,28,,,0,100,,235368,28,,,0,100,,235369,28,,,0,100,,235370,28,,,0,100,,235371,28,,,0,100,,235372,28,,,0,100,,235373,28,,,0,100,,235374,28,,,0,100,,235375,28,,,0,100,,235376,28,,,0
3404401,'3_merged_15727751',852,,235377,28,,,0,100,,235378,28,,,0,100,,235379,28,,,0,100,,235380,28,,,0,100,,235381,28,,,0,100,,235382,28,,,0,100,,235383,28,,,0,100,,235384,28,,,0,100,,235385,28,,,0,100,,235386,28,,,0,100,,235387,28,,,0,100,,235388,28,,,0,100,,235389,28,,,0,100,,235390,28,,,0,100,,235391,28,,,0,100,,235392,28,,,0
