2263800,'101_merged_15727747',724,,227870,5,,,0,826,,227869,5,,,0
2263800,'1_merged_15727750',506,,227903,5,,,0,29,,227904,5,,,0,72,,227905,5,,,0,11,,227906,5,,,0,14,,227907,5,,,0,16,,227908,5,,,0,53,,227909,5,,,0,16,,227910,5,,,0,10,,227911,5,,,0,20,,227912,5,,,0,63,,227913,5,,,0,18,,227914,5,,,0,25,,227880,5,,,0,66,,227881,5,,,0,29,,227882,5,,,0,70,,227883,5,,,0,31,,227884,5,,,0,70,,227885,5,,,0,30,,227886,5,,,0,70,,227887,5,,,0,30,,227888,5,,,0,71,,227889,5,,,0,32,,227890,5,,,0,67,,227891,5,,,0,28,,227892,5,,,0,72,,227893,5,,,0,16,,227894,5,,,0,65,,227923,5,,,0,19,,227895,5,,,0,12,,227896,5,,,0,15,,227871,5,,,0,54,,227901,5,,,0,15,,227902,5,,,0,17,,227872,5,,,0,20,,227900,5,,,0,63,,227922,5,,,0,19,,227874,5,,,0,24,,227921,5,,,0,66,,227915,5,,,0,21,,227873,5,,,0,74,,227897,5,,,0,26,,227898,5,,,0,72,,227899,5,,,0,32,,227875,5,,,0,68,,227919,5,,,0,28,,227920,5,,,0,70,,227876,5,,,0,32,,227918,5,,,0,70,,227877,5,,,0,30,,227917,5,,,0,70,,227878,5,,,0,30,,227916,5,,,0,70,,227879,5,,,0
2263800,'201_merged_15727755',1550,,227924,5,,,0
2263800,'2_merged_15727752',602,,227925,5,,,0,20,,227926,5,,,0,31,,227927,5,,,0,70,,227928,5,,,0,30,,227929,5,,,0,70,,227930,5,,,0,30,,227931,5,,,0,70,,227932,5,,,0,30,,227933,5,,,0,71,,227934,5,,,0,30,,227935,5,,,0,70,,227936,5,,,0,30,,227937,5,,,0,70,,227938,5,,,0,30,,227939,5,,,0,70,,227940,5,,,0,30,,227941,5,,,0,70,,227942,5,,,0,30,,227943,5,,,0,70,,227944,5,,,0,30,,227945,5,,,0,70,,227946,5,,,0,30,,227947,5,,,0,70,,227948,5,,,0,30,,227949,5,,,0,65,,227950,5,,,0,30,,227951,5,,,0,70,,227952,5,,,0,30,,227953,5,,,0,69,,227954,5,,,0,30,,227955,5,,,0,70,,227956,5,,,0,30,,227957,5,,,0,70,,227958,5,,,0,30,,227959,5,,,0,70,,227960,5,,,0,30,,227961,5,,,0,89,,227962,5,,,0,67,,227963,5,,,0,43,,227964,5,,,0,70,,227965,5,,,0
2263800,'3_merged_15727751',632,,227978,5,,,0,70,,227969,5,,,0,30,,227979,5,,,0,70,,227980,5,,,0,31,,227981,5,,,0,70,,227982,5,,,0,30,,227983,5,,,0,70,,227985,5,,,0,30,,227986,5,,,0,70,,227984,5,,,0,30,,227987,5,,,0,71,,227988,5,,,0,30,,227989,5,,,0,69,,227990,5,,,0,30,,227991,5,,,0,70,,227992,5,,,0,31,,227993,5,,,0,70,,227994,5,,,0,30,,227995,5,,,0,70,,227996,5,,,0,30,,227997,5,,,0,70,,227998,5,,,0,30,,227999,5,,,0,69,,228000,5,,,0,30,,228001,5,,,0,70,,228002,5,,,0,30,,228003,5,,,0,70,,227966,5,,,0,30,,227967,5,,,0,72,,227968,5,,,0,31,,227970,5,,,0,76,,227971,5,,,0,31,,227972,5,,,0,70,,227973,5,,,0,25,,227974,5,,,0,69,,227975,5,,,0,30,,227976,5,,,0,70,,227977,5,,,0
3004601,'101_merged_15727747',1546,,230944,5,,,0,77,,230943,5,,,0
3004601,'1_merged_15727750',443,,230961,5,,,0,62,,230962,5,,,0,20,,230963,5,,,0,18,,230964,5,,,0,15,,230965,5,,,0,54,,230947,5,,,0,16,,230966,5,,,0,12,,230967,5,,,0,16,,230968,5,,,0,52,,230969,5,,,0,19,,230948,5,,,0,10,,230998,5,,,0,14,,230977,5,,,0,53,,230978,5,,,0,22,,230979,5,,,0,19,,230980,5,,,0,70,,230981,5,,,0,30,,230982,5,,,0,70,,230983,5,,,0,30,,230984,5,,,0,71,,230985,5,,,0,29,,230986,5,,,0,71,,230987,5,,,0,30,,230988,5,,,0,70,,230989,5,,,0,30,,230990,5,,,0,71,,230991,5,,,0,31,,230992,5,,,0,58,,230945,5,,,0,20,,230996,5,,,0,81,,230997,5,,,0,34,,230970,5,,,0,12,,230971,5,,,0,53,,230972,5,,,0,15,,230973,5,,,0,15,,230974,5,,,0,15,,230975,5,,,0,61,,230976,5,,,0,21,,230946,5,,,0,25,,230994,5,,,0,57,,230995,5,,,0,30,,230949,5,,,0,69,,230950,5,,,0,30,,230993,5,,,0,70,,230951,5,,,0,30,,230952,5,,,0,70,,230960,5,,,0,30,,230953,5,,,0,70,,230954,5,,,0,30,,230959,5,,,0,70,,230955,5,,,0,30,,230956,5,,,0,70,,230958,5,,,0,30,,230957,5,,,0
3004601,'201_merged_15727755',1546,,231000,5,,,0,77,,230999,5,,,0
3004601,'2_merged_15727752',523,,231038,5,,,0,30,,231013,5,,,0,70,,231039,5,,,0,30,,231040,5,,,0,70,,231041,5,,,0,30,,231001,5,,,0,70,,231002,5,,,0,31,,231003,5,,,0,70,,231004,5,,,0,30,,231005,5,,,0,71,,231006,5,,,0,30,,231007,5,,,0,70,,231008,5,,,0,30,,231009,5,,,0,70,,231010,5,,,0,30,,231011,5,,,0,70,,231012,5,,,0,30,,231014,5,,,0,70,,231015,5,,,0,30,,231016,5,,,0,71,,231017,5,,,0,30,,231018,5,,,0,70,,231019,5,,,0,30,,231020,5,,,0,69,,231021,5,,,0,30,,231022,5,,,0,70,,231023,5,,,0,30,,231024,5,,,0,70,,231025,5,,,0,29,,231026,5,,,0,70,,231027,5,,,0,32,,231028,5,,,0,69,,231029,5,,,0,29,,231030,5,,,0,71,,231031,5,,,0,29,,231032,5,,,0,70,,231033,5,,,0,30,,231034,5,,,0,70,,231035,5,,,0,30,,231036,5,,,0,70,,231037,5,,,0
3004601,'3_merged_15727751',523,,231043,5,,,0,30,,231044,5,,,0,70,,231045,5,,,0,30,,231046,5,,,0,70,,231047,5,,,0,30,,231048,5,,,0,70,,231049,5,,,0,30,,231050,5,,,0,71,,231051,5,,,0,30,,231052,5,,,0,70,,231053,5,,,0,30,,231054,5,,,0,70,,231055,5,,,0,31,,231042,5,,,0,70,,231056,5,,,0,30,,231057,5,,,0,70,,231058,5,,,0,30,,231059,5,,,0,70,,231060,5,,,0,30,,231061,5,,,0,70,,231062,5,,,0,30,,231063,5,,,0,73,,231064,5,,,0,27,,231065,5,,,0,73,,231066,5,,,0,27,,231067,5,,,0,70,,231068,5,,,0,30,,231069,5,,,0,69,,231070,5,,,0,30,,231071,5,,,0,70,,231072,5,,,0,30,,231073,5,,,0,69,,231074,5,,,0,30,,231075,5,,,0,70,,231076,5,,,0,30,,231077,5,,,0,70,,231078,5,,,0,30,,231079,5,,,0,70,,231080,5,,,0,30,,231081,5,,,0
3004900,'101_merged_15727747',1556,,231533,5,,,0,60,,231532,5,,,0
3004900,'1_merged_15727750',538,,231578,5,,,0,15,,231579,5,,,0,54,,231580,5,,,0,16,,231571,5,,,0,13,,231572,5,,,0,17,,231534,5,,,0,50,,231535,5,,,0,20,,231536,5,,,0,5,,231537,5,,,0,21,,231538,5,,,0,55,,231539,5,,,0,10,,231581,5,,,0,12,,231540,5,,,0,9,,231541,5,,,0,65,,231542,5,,,0,34,,231543,5,,,0,25,,231544,5,,,0,70,,231545,5,,,0,71,,231546,5,,,0,30,,231547,5,,,0,70,,231548,5,,,0,30,,231549,5,,,0,70,,231550,5,,,0,30,,231551,5,,,0,70,,231552,5,,,0,30,,231553,5,,,0,25,,231577,5,,,0,50,,231582,5,,,0,15,,231554,5,,,0,12,,231555,5,,,0,11,,231556,5,,,0,67,,231557,5,,,0,25,,231558,5,,,0,13,,231559,5,,,0,57,,231560,5,,,0,12,,231561,5,,,0,14,,231562,5,,,0,19,,231563,5,,,0,60,,231564,5,,,0,15,,231565,5,,,0,17,,231583,5,,,0,58,,231566,5,,,0,35,,231567,5,,,0,70,,231568,5,,,0,30,,231569,5,,,0,69,,231570,5,,,0,32,,231573,5,,,0,69,,231574,5,,,0,32,,231575,5,,,0,70,,231576,5,,,0
3004900,'201_merged_15727755',1556,,231585,5,,,0,60,,231584,5,,,0
3004900,'2_merged_15727752',540,,231598,5,,,0,68,,231600,5,,,0,30,,231601,5,,,0,70,,231602,5,,,0,30,,231603,5,,,0,71,,231604,5,,,0,30,,231605,5,,,0,70,,231606,5,,,0,30,,231586,5,,,0,65,,231591,5,,,0,35,,231599,5,,,0,66,,231616,5,,,0,30,,231607,5,,,0,70,,231608,5,,,0,30,,231609,5,,,0,70,,231610,5,,,0,30,,231611,5,,,0,70,,231612,5,,,0,30,,231613,5,,,0,70,,231614,5,,,0,29,,231615,5,,,0,71,,231617,5,,,0,20,,231622,5,,,0,20,,231587,5,,,0,60,,231588,5,,,0,20,,231623,5,,,0,20,,231589,5,,,0,60,,231590,5,,,0,20,,231624,5,,,0,20,,231592,5,,,0,62,,231593,5,,,0,19,,231625,5,,,0,18,,231594,5,,,0,60,,231595,5,,,0,30,,231596,5,,,0,70,,231597,5,,,0,30,,231618,5,,,0,70,,231619,5,,,0,30,,231620,5,,,0,69,,231621,5,,,0
3004900,'3_merged_15727751',638,,231628,5,,,0,70,,231629,5,,,0,30,,231630,5,,,0,70,,231631,5,,,0,30,,231626,5,,,0,71,,231627,5,,,0,30,,231632,5,,,0,70,,231633,5,,,0,30,,231634,5,,,0,70,,231635,5,,,0,30,,231636,5,,,0,65,,231637,5,,,0,30,,231638,5,,,0,70,,231639,5,,,0,30,,231640,5,,,0,70,,231641,5,,,0,31,,231642,5,,,0,70,,231643,5,,,0,30,,231644,5,,,0,70,,231645,5,,,0,30,,231646,5,,,0,70,,231647,5,,,0,30,,231648,5,,,0,70,,231649,5,,,0,25,,231650,5,,,0,75,,231651,5,,,0,30,,231652,5,,,0,69,,231653,5,,,0,30,,231654,5,,,0,69,,231655,5,,,0,30,,231656,5,,,0,25,,231657,5,,,0,73,,231658,5,,,0,72,,231659,5,,,0
3058400,'1_merged_15727750',530,,232736,6,,,0,28,,232737,6,,,0,70,,232725,6,,,0,25,,232757,6,,,0,57,,232758,6,,,0,19,,232738,6,,,0,17,,232739,6,,,0,58,,232759,6,,,0,18,,232740,6,,,0,35,,232741,6,,,0,66,,232742,6,,,0,27,,232743,6,,,0,70,,232744,6,,,0,27,,232745,6,,,0,74,,232746,6,,,0,27,,232747,6,,,0,64,,232748,6,,,0,34,,232749,6,,,0,73,,232750,6,,,0,30,,232751,6,,,0,74,,232752,6,,,0,27,,232753,6,,,0,74,,232754,6,,,0,31,,232755,6,,,0,77,,232756,6,,,0,70,,232726,6,,,0,32,,232735,6,,,0,78,,232727,6,,,0,26,,232734,6,,,0,63,,232728,6,,,0,34,,232733,6,,,0,65,,232729,6,,,0,32,,232732,6,,,0,70,,232730,6,,,0,33,,232731,6,,,0,98,,232760,6,,,0
3058400,'2_merged_15727752',557,,232761,6,,,0,68,,232762,6,,,0,75,,232763,6,,,0,30,,232764,6,,,0,70,,232765,6,,,0,30,,232766,6,,,0,70,,232767,6,,,0,30,,232768,6,,,0,71,,232769,6,,,0,30,,232770,6,,,0,70,,232771,6,,,0,30,,232772,6,,,0,70,,232773,6,,,0,31,,232774,6,,,0,70,,232775,6,,,0,30,,232776,6,,,0,70,,232777,6,,,0,31,,232778,6,,,0,70,,232779,6,,,0,29,,232780,6,,,0,70,,232781,6,,,0,30,,232782,6,,,0,70,,232783,6,,,0,30,,232784,6,,,0,69,,232785,6,,,0,30,,232786,6,,,0,70,,232787,6,,,0,30,,232788,6,,,0,70,,232789,6,,,0,30,,232792,6,,,0,73,,232790,6,,,0,32,,232791,6,,,0,101,,232793,6,,,0,100,,232794,6,,,0
3058400,'3_merged_15727751',737,,232796,6,,,0,72,,232797,6,,,0,29,,232798,6,,,0,70,,232799,6,,,0,29,,232800,6,,,0,70,,232801,6,,,0,30,,232802,6,,,0,72,,232803,6,,,0,31,,232804,6,,,0,71,,232805,6,,,0,30,,232806,6,,,0,70,,232807,6,,,0,30,,232808,6,,,0,70,,232809,6,,,0,29,,232810,6,,,0,70,,232811,6,,,0,31,,232812,6,,,0,70,,232813,6,,,0,30,,232814,6,,,0,71,,232815,6,,,0,30,,232816,6,,,0,69,,232795,6,,,0,29,,232817,6,,,0,70,,232818,6,,,0,29,,232819,6,,,0,70,,232820,6,,,0,31,,232821,6,,,0,71,,232822,6,,,0,28,,232823,6,,,0,101,,232824,6,,,0,100,,232825,6,,,0
