682800,'101_merged_15726436',813,,223489,16,0,32,0,87,,223490,24,,,0
682800,'1201_merged_15726432',2122,,223491,23,,,0,107,,223492,23,,,0
682800,'1_merged_15726439',818,,223510,24,,,0,120,,223509,23,,,0,80,,223508,23,,,0,39,,223507,23,,,0,80,,223506,23,,,0,80,,223505,23,,,0,40,,223504,23,,,0,81,,223503,23,,,0,82,,223502,23,,,0,80,,223501,23,,,0,40,,223500,23,,,0,84,,223499,23,,,0,78,,223498,23,,,0,38,,223497,23,,,0,80,,223496,23,,,0,36,,223495,23,,,0,90,,223494,23,,,0,68,,223493,23,,,0
682800,'201_merged_15726444',900,,223511,24,,,0
682800,'2_merged_15726441',928,,223513,23,,,0,80,,223530,23,,,0,40,,223529,23,,,0,80,,223528,23,,,0,82,,223527,23,,,0,40,,223526,23,,,0,80,,223525,23,,,0,80,,223524,23,,,0,40,,223523,23,,,0,80,,223522,23,,,0,79,,223521,23,,,0,39,,223520,23,,,0,80,,223519,23,,,0,79,,223518,23,,,0,39,,223517,23,,,0,108,,223516,23,,,0,147,,223515,23,,,0,107,,223514,23,,,0,104,,223512,23,,,0
682800,'3_merged_15726440',1126,,223536,23,,,0,80,,223543,23,,,0,40,,223535,23,,,0,80,,223542,23,,,0,81,,223541,23,,,0,40,,223534,23,,,0,80,,223540,23,,,0,80,,223533,23,,,0,40,,223532,23,,,0,79,,223539,23,,,0,80,,223538,23,,,0,40,,223531,23,,,0,77,,223537,23,,,0
3454300,'101_merged_15726436',1554,,236229,16,0,37,0
3454300,'1_merged_15726439',502,,236293,16,0,37,0,22,,236294,16,0,37,0,15,,236304,16,0,37,0,15,,236230,16,0,37,0,55,,236231,16,0,37,0,13,,236232,16,0,37,0,13,,236303,16,0,37,0,12,,236233,16,0,37,0,12,,236234,16,0,37,0,53,,236235,16,0,37,0,12,,236302,16,0,37,0,12,,236236,16,0,37,0,11,,236237,16,0,37,0,11,,236238,16,0,37,0,50,,236239,16,0,37,0,12,,236301,16,0,37,0,10,,236240,16,0,37,0,10,,236306,16,0,37,0,11,,236241,16,0,37,0,52,,236242,16,0,37,0,15,,236243,16,0,37,0,15,,236300,16,0,37,0,16,,236244,16,0,37,0,55,,236245,16,0,37,0,15,,236246,16,0,37,0,15,,236299,16,0,37,0,15,,236247,16,0,37,0,55,,236248,16,0,37,0,15,,236249,16,0,37,0,15,,236298,16,0,37,0,15,,236250,16,0,37,0,55,,236251,16,0,37,0,16,,236252,16,0,37,0,15,,236297,16,0,37,0,16,,236253,16,0,37,0,55,,236254,16,0,37,0,15,,236255,16,0,37,0,15,,236296,16,0,37,0,15,,236290,16,0,37,0,55,,236291,16,0,37,0,18,,236292,16,0,37,0,15,,236305,16,0,37,0,15,,236256,16,0,37,0,56,,236257,16,0,37,0,20,,236258,16,0,37,0,9,,236259,16,0,37,0,63,,236260,16,0,37,0,12,,236261,16,0,37,0,11,,236262,16,0,37,0,12,,236263,16,0,37,0,12,,236264,16,0,37,0,53,,236265,16,0,37,0,12,,236266,16,0,37,0,13,,236267,16,0,37,0,12,,236268,16,0,37,0,11,,236269,16,0,37,0,50,,236270,16,0,37,0,12,,236271,16,0,37,0,11,,236272,16,0,37,0,12,,236273,16,0,37,0,13,,236274,16,,,0,11,,236275,16,,,0,55,,236276,16,,,0,16,,236277,16,,,0,18,,236278,16,,,0,54,,236279,16,,,0,13,,236280,16,,,0,15,,236281,16,,,0,72,,236282,16,,,0,26,,236283,16,,,0,31,,236284,16,,,0,68,,236285,16,,,0,29,,236286,16,,,0,70,,236287,16,,,0,30,,236288,16,,,0,100,,236289,16,0,37,0,99,,236295,16,0,37,0
3454300,'2001_merged_15726452',1432,,236307,4,0,37,0
3454300,'201_merged_15726444',1554,,236308,16,0,37,0
3454300,'2_merged_15726441',536,,236336,16,,,0,67,,236335,16,,,0,30,,236334,16,,,0,25,,236333,16,,,0,71,,236332,16,,,0,72,,236331,16,,,0,30,,236330,16,,,0,70,,236329,16,,,0,21,,236309,16,,,0,22,,236328,16,,,0,60,,236327,16,,,0,20,,236326,16,,,0,20,,236325,16,,,0,60,,236324,16,,,0,20,,236323,16,,,0,21,,236322,16,,,0,60,,236321,16,,,0,20,,236320,16,,,0,20,,236319,16,,,0,60,,236318,16,,,0,20,,236317,16,,,0,20,,236316,16,,,0,60,,236315,16,,,0,20,,236314,16,,,0,20,,236313,16,,,0,60,,236312,16,,,0,20,,236311,16,,,0,20,,236310,16,,,0,60,,236357,16,,,0,20,,236356,16,,,0,23,,236355,16,,,0,59,,236354,16,,,0,18,,236353,16,,,0,20,,236352,16,,,0,60,,236351,16,,,0,20,,236350,16,,,0,20,,236349,16,,,0,60,,236348,16,,,0,28,,236347,16,,,0,70,,236346,16,,,0,33,,236345,16,,,0,69,,236344,16,,,0,30,,236343,16,,,0,70,,236342,16,,,0,29,,236341,16,,,0,70,,236340,16,,,0,100,,236339,16,,,0,100,,236338,16,0,37,0,97,,236337,16,0,37,0
3454300,'3_merged_15726440',539,,236400,16,,,0,72,,236401,16,,,0,30,,236358,16,,,0,70,,236359,16,,,0,30,,236360,16,,,0,70,,236361,16,,,0,30,,236385,16,,,0,71,,236386,16,,,0,28,,236387,16,,,0,64,,236388,16,,,0,27,,236393,16,,,0,20,,236389,16,,,0,60,,236390,16,,,0,20,,236394,16,,,0,19,,236391,16,,,0,60,,236392,16,,,0,20,,236395,16,,,0,20,,236362,16,,,0,60,,236363,16,,,0,20,,236396,16,,,0,20,,236364,16,,,0,60,,236365,16,,,0,20,,236397,16,,,0,20,,236366,16,,,0,60,,236367,16,,,0,20,,236398,16,,,0,21,,236368,16,,,0,60,,236369,16,,,0,20,,236399,16,,,0,20,,236370,16,,,0,62,,236371,16,,,0,30,,236372,16,,,0,71,,236373,16,,,0,30,,236374,16,,,0,75,,236375,16,,,0,36,,236376,16,,,0,75,,236377,16,,,0,75,,236378,16,,,0,35,,236379,16,,,0,79,,236380,16,,,0,30,,236381,16,,,0,110,,236382,16,,,0,141,,236383,16,0,37,0,101,,236384,16,0,37,0
3454300,'62101_merged_15726437',1511,,236402,4,0,37,0
