673700,'101_merged_15726436',808,,217330,25,,,0,737,,217332,25,,,0,96,,217331,25,,,0
673700,'1_merged_15726439',515,,217375,25,,,0,34,,217333,25,,,0,61,,217372,25,,,0,20,,217384,25,,,0,18,,217385,25,,,0,59,,217386,25,,,0,12,,217373,25,,,0,11,,217374,25,,,0,10,,217382,25,,,0,12,,217383,25,,,0,79,,217351,25,,,0,24,,217334,25,,,0,60,,217358,25,,,0,21,,217359,25,,,0,70,,217360,25,,,0,30,,217361,25,,,0,69,,217362,25,,,0,28,,217363,25,,,0,68,,217364,25,,,0,30,,217365,25,,,0,28,,217366,25,,,0,68,,217367,25,,,0,20,,217368,25,,,0,60,,217369,25,,,0,18,,217370,25,,,0,15,,217371,25,,,0,9,,217335,25,,,0,7,,217387,25,,,0,49,,217353,25,,,0,9,,217354,25,,,0,15,,217355,25,,,0,21,,217356,25,,,0,50,,217357,25,,,0,10,,217348,25,,,0,10,,217349,25,,,0,10,,217350,25,,,0,25,,217336,25,,,0,56,,217352,25,,,0,17,,217337,25,,,0,15,,217376,25,,,0,59,,217377,25,,,0,15,,217378,25,,,0,18,,217379,25,,,0,15,,217380,25,,,0,55,,217338,25,,,0,28,,217339,25,,,0,70,,217340,25,,,0,31,,217341,25,,,0,68,,217381,25,,,0,32,,217342,25,,,0,69,,217343,25,,,0,30,,217344,25,,,0,68,,217345,25,,,0,42,,217346,25,,,0,96,,217347,25,,,0
673700,'201_merged_15726444',808,,217388,25,,,0,737,,217390,25,,,0,96,,217389,25,,,0
673700,'2_merged_15726441',621,,217391,25,,,0,28,,217392,25,,,0,64,,217393,25,,,0,24,,217394,25,,,0,64,,217395,25,,,0,21,,217396,25,,,0,19,,217397,25,,,0,60,,217398,25,,,0,20,,217399,25,,,0,19,,217400,25,,,0,60,,217401,25,,,0,20,,217402,25,,,0,20,,217403,25,,,0,19,,217404,25,,,0,60,,217405,25,,,0,19,,217406,25,,,0,62,,217407,25,,,0,22,,217408,25,,,0,22,,217409,25,,,0,62,,217410,25,,,0,19,,217411,25,,,0,20,,217412,25,,,0,60,,217413,25,,,0,20,,217414,25,,,0,20,,217415,25,,,0,60,,217416,25,,,0,19,,217417,25,,,0,20,,217418,25,,,0,60,,217419,25,,,0,20,,217420,25,,,0,15,,217421,25,,,0,15,,217422,25,,,0,55,,217439,25,,,0,17,,217423,25,,,0,15,,217424,25,,,0,15,,217425,25,,,0,56,,217440,25,,,0,16,,217426,25,,,0,16,,217427,25,,,0,62,,217428,25,,,0,22,,217429,25,,,0,18,,217430,25,,,0,58,,217431,25,,,0,18,,217432,25,,,0,28,,217433,25,,,0,70,,217434,25,,,0,31,,217435,25,,,0,70,,217436,25,,,0,30,,217441,25,,,0,76,,217437,25,,,0,112,,217438,25,,,0
673700,'3_merged_15726440',605,,217447,25,,,0,33,,217446,25,,,0,73,,217445,25,,,0,32,,217444,25,,,0,72,,217468,25,,,0,32,,217448,25,,,0,70,,217442,25,,,0,29,,217449,25,,,0,70,,217466,25,,,0,29,,217452,25,,,0,70,,217459,25,,,0,29,,217458,25,,,0,70,,217450,25,,,0,29,,217457,25,,,0,70,,217461,25,,,0,30,,217456,25,,,0,60,,217467,25,,,0,20,,217482,25,,,0,20,,217455,25,,,0,70,,217465,25,,,0,31,,217454,25,,,0,69,,217464,25,,,0,30,,217453,25,,,0,60,,217463,25,,,0,20,,217474,25,,,0,20,,217451,25,,,0,60,,217475,25,,,0,20,,217462,25,,,0,21,,217476,25,,,0,61,,217479,25,,,0,20,,217470,25,,,0,21,,217477,25,,,0,60,,217480,25,,,0,20,,217469,25,,,0,20,,217478,25,,,0,60,,217481,25,,,0,20,,217471,25,,,0,22,,217472,25,,,0,68,,217460,25,,,0,30,,217473,25,,,0,75,,217443,25,,,0
1169301,'1_merged_15726439',535,,225637,4,,,0,23,,225636,4,,,0,72,,225635,4,,,0,28,,225634,4,,,0,68,,225633,4,,,0,29,,225632,4,,,0,69,,225647,4,,,0,31,,225631,4,,,0,71,,225645,4,,,0,32,,225648,4,,,0,70,,225649,4,,,0,30,,225650,4,,,0,70,,225651,4,,,0,30,,225652,4,,,0,70,,225653,4,,,0,30,,225654,4,,,0,70,,225655,4,,,0,28,,225656,4,,,0,71,,225657,4,,,0,32,,225644,4,,,0,72,,225643,4,,,0,70,,225646,4,,,0,33,,225642,4,,,0,72,,225641,4,,,0,32,,225640,4,,,0,64,,225639,4,,,0,39,,225638,4,,,0,69,,225658,4,,,0,31,,225659,4,,,0,70,,225660,4,,,0,28,,225661,4,,,0,70,,225662,4,,,0
1294000,'101_merged_15726436',1635,,225860,20,,,0
1294000,'1_merged_15726439',449,,225861,20,0,62 103 8,0,70,,225862,20,,,0,34,,225863,20,,,0,68,,225864,20,,,0,37,,225865,20,,,0,72,,225866,20,,,0,72,,225867,20,,,0,33,,225868,20,0,62 103 8,0,71,,225869,20,0,62 103 8,0,31,,225870,20,0,62 103 8,0,70,,225871,20,0,62 103 8,0,30,,225872,20,0,62 103 8,0,70,,225873,20,0,62 103 8,0,31,,225874,20,0,62 103 8,0,70,,225875,20,0,62 103 8,0,31,,225876,20,0,62 103 8,0,71,,225877,20,0,62 103 8,0,30,,225878,20,0,62 103 8,0,68,,225879,20,0,62 103 8,0,28,,225880,20,0,62 103 8,0,71,,225881,20,0,62 103 8,0,31,,225895,20,0,62 103 8,0,70,,225896,20,,,0,93,,225882,20,,,0,26,,225883,20,,,0,27,,225884,20,,,0,64,,225885,20,,,0,29,,225886,20,,,0,68,,225887,20,0,62 103 8,0,30,,225888,20,0,62 103 8,0,70,,225889,20,0,62 103 8,0,28,,225890,20,0,62 103 8,0,73,,225891,20,0,62 103 8,0,34,,225892,20,0,62 103 8,0,100,,225893,20,0,62 103 8,0,100,,225894,20,0,62 103 8,0
1294000,'201_merged_15726444',1635,,225897,20,,,0
1294000,'2_merged_15726441',621,,225927,20,0,62 103 8,0,31,,225915,20,0,62 103 8,0,70,,225916,20,0,62 103 8,0,32,,225917,20,0,62 103 8,0,73,,225918,20,0,62 103 8,0,31,,225919,20,0,62 103 8,0,71,,225920,20,0,62 103 8,0,71,,225921,20,0,62 103 8,0,31,,225922,20,0,62 103 8,0,70,,225923,20,0,62 103 8,0,30,,225924,20,0,62 103 8,0,70,,225925,20,0,62 103 8,0,31,,225926,20,0,62 103 8,0,70,,225904,20,0,62 103 8,0,30,,225905,20,0,62 103 8,0,70,,225906,20,0,62 103 8,0,30,,225907,20,0,62 103 8,0,70,,225908,20,0,62 103 8,0,30,,225909,20,0,62 103 8,0,70,,225910,20,0,62 103 8,0,30,,225911,20,0,62 103 8,0,70,,225912,20,0,62 103 8,0,29,,225902,20,0,62 103 8,0,70,,225903,20,0,62 103 8,0,30,,225913,20,0,62 103 8,0,69,,225898,20,0,62 103 8,0,30,,225899,20,0,62 103 8,0,70,,225900,20,0,62 103 8,0,27,,225901,20,0,62 103 8,0,30,,225914,20,0,62 103 8,0,98,,225928,20,0,62 103 8,0,100,,225929,20,0,62 103 8,0,147,,225930,20,0,62 103 8,0
1294000,'3_merged_15726440',628,,225934,20,0,62 103 8,0,74,,225935,20,0,62 103 8,0,31,,225960,20,0,62 103 8,0,71,,225936,20,0,62 103 8,0,31,,225937,20,0,62 103 8,0,71,,225938,20,0,62 103 8,0,30,,225939,20,0,62 103 8,0,71,,225940,20,0,62 103 8,0,30,,225941,20,0,62 103 8,0,70,,225931,20,0,62 103 8,0,30,,225942,20,0,62 103 8,0,70,,225943,20,0,62 103 8,0,31,,225944,20,0,62 103 8,0,70,,225945,20,0,62 103 8,0,30,,225946,20,0,62 103 8,0,70,,225947,20,0,62 103 8,0,30,,225932,20,0,62 103 8,0,70,,225948,20,0,62 103 8,0,29,,225949,20,0,62 103 8,0,70,,225950,20,0,62 103 8,0,30,,225951,20,0,62 103 8,0,70,,225952,20,0,62 103 8,0,31,,225953,20,0,62 103 8,0,71,,225954,20,0,62 103 8,0,31,,225955,20,0,62 103 8,0,70,,225956,20,0,62 103 8,0,31,,225957,20,0,62 103 8,0,71,,225958,20,0,62 103 8,0,30,,225959,20,0,62 103 8,0,71,,225933,20,0,62 103 8,0,101,,225961,20,0,62 103 8,0,98,,225962,20,0,62 103 8,0,103,,225963,20,0,62 103 8,0
