672201,'1_merged_15726439',455,,215041,33,4,,0,60,,215042,33,4,,0,18,,215043,33,4,,0,72,,215045,33,4,,0,16,,215046,33,4,,0,16,,215047,33,4,,0,15,,215048,33,4,,0,54,,215049,33,4,,0,19,,215050,33,4,,0,16,,215051,33,4,,0,17,,215052,33,4,,0,55,,215053,33,4,,0,16,,215054,33,4,,0,14,,215055,33,4,,0,57,,215056,33,4,,0,16,,215057,33,4,,0,13,,215058,33,4,,0,15,,215059,33,4,,0,13,,215060,33,4,,0,55,,215061,33,4,,0,15,,215062,33,4,,0,15,,215063,33,4,,0,58,,215064,33,4,,0,14,,215065,33,4,,0,15,,215066,33,4,,0,15,,215067,33,4,,0,15,,215068,33,4,,0,55,,215069,33,4,,0,15,,215070,33,4,,0,15,,215071,33,4,,0,15,,215072,33,4,,0,55,,215073,33,4,,0,15,,215074,33,4,,0,15,,215075,33,4,,0,15,,215076,33,4,,0,55,,215077,33,4,,0,19,,215078,33,4,,0,13,,215079,33,4,,0,56,,215080,33,4,,0,15,,215081,33,4,,0,14,,215082,33,4,,0,18,,215083,33,4,,0,55,,215084,33,4,,0,15,,215085,33,4,,0,16,,215086,33,4,,0,15,,215087,33,4,,0,55,,215088,33,4,,0,15,,215089,33,4,,0,15,,215090,33,4,,0,15,,215091,33,4,,0,55,,215092,33,4,,0,15,,215093,33,4,,0,16,,215094,33,4,,0,15,,215095,33,4,,0,54,,215096,33,4,,0,15,,215097,33,4,,0,13,,215098,33,4,,0,15,,215099,33,4,,0,68,,215101,33,4,,0,33,,215103,33,4,,0,70,,215104,33,4,,0,32,,215105,33,4,,0,70,,215106,33,4,,0,28,,215107,33,4,,0,71,,215108,33,4,,0,97,,215110,33,4,,0,195,,215112,33,4,,0
672201,'2_merged_15726441',557,,215144,33,4,,0,70,,215143,33,4,,0,31,,215131,33,4,,0,70,,215141,33,4,,0,21,,215177,33,4,,0,62,,215119,33,4,,0,17,,215126,33,4,,0,17,,215156,33,4,,0,56,,215176,33,4,,0,15,,215120,33,4,,0,14,,215142,33,4,,0,15,,215145,33,4,,0,56,,215175,33,4,,0,15,,215152,33,4,,0,15,,215153,33,4,,0,15,,215154,33,4,,0,55,,215174,33,4,,0,15,,215151,33,4,,0,17,,215150,33,4,,0,15,,215139,33,4,,0,55,,215173,33,4,,0,16,,215136,33,4,,0,16,,215134,33,4,,0,15,,215135,33,4,,0,54,,215172,33,4,,0,15,,215160,33,4,,0,15,,215114,33,4,,0,14,,215124,33,4,,0,55,,215171,33,4,,0,15,,215128,33,4,,0,15,,215123,33,4,,0,15,,215130,33,4,,0,55,,215170,33,4,,0,15,,215138,33,4,,0,15,,215155,33,4,,0,14,,215158,33,4,,0,55,,215169,33,4,,0,15,,215159,33,4,,0,15,,215161,33,4,,0,15,,215162,33,4,,0,54,,215168,33,4,,0,15,,215163,33,4,,0,15,,215137,33,4,,0,14,,215157,33,4,,0,14,,215167,33,4,,0,55,,215140,33,4,,0,16,,215149,33,4,,0,15,,215117,33,4,,0,74,,215118,33,4,,0,20,,215129,33,4,,0,20,,215165,33,4,,0,62,,215132,33,4,,0,20,,215125,33,4,,0,61,,215164,33,4,,0,21,,215127,33,4,,0,19,,215121,33,4,,0,72,,215122,33,4,,0,31,,215116,33,4,,0,68,,215146,33,4,,0,97,,215147,33,4,,0,98,,215148,33,4,,0,101,,215115,33,4,,0
672201,'3_merged_15726440',602,,215201,33,4,,0,30,,215202,33,4,,0,70,,215206,33,4,,0,31,,215200,33,4,,0,70,,215205,33,4,,0,32,,215203,33,4,,0,22,,215178,33,4,,0,59,,215214,33,4,,0,21,,215204,33,4,,0,20,,215179,33,4,,0,60,,215213,33,4,,0,20,,215221,33,4,,0,21,,215180,33,4,,0,60,,215219,33,4,,0,21,,215227,33,4,,0,64,,215181,33,4,,0,20,,215217,33,4,,0,20,,215216,33,4,,0,60,,215182,33,4,,0,20,,215215,33,4,,0,21,,215229,33,4,,0,60,,215183,33,4,,0,20,,215199,33,4,,0,22,,215192,33,4,,0,58,,215184,33,4,,0,20,,215193,33,4,,0,20,,215210,33,4,,0,60,,215185,33,4,,0,20,,215194,33,4,,0,20,,215212,33,4,,0,60,,215186,33,4,,0,20,,215209,33,4,,0,20,,215196,33,4,,0,60,,215187,33,4,,0,20,,215211,33,4,,0,18,,215220,33,4,,0,60,,215188,33,4,,0,20,,215191,33,4,,0,20,,215228,33,4,,0,60,,215189,33,4,,0,20,,215208,33,4,,0,19,,215197,33,4,,0,80,,215195,33,4,,0,28,,215198,33,4,,0,70,,215225,33,4,,0,29,,215222,33,4,,0,71,,215226,33,4,,0,99,,215207,33,4,,0,98,,215224,33,4,,0,99,,215223,33,4,,0
672301,'1_merged_15726439',551,,215357,39,4,,0,72,,215358,39,4,,0,14,,215359,39,4,,0,15,,215360,39,4,,0,57,,215361,39,4,,0,14,,215362,39,4,,0,15,,215363,39,4,,0,17,,215364,39,4,,0,56,,215365,39,4,,0,16,,215366,39,4,,0,16,,215367,39,4,,0,15,,215368,39,4,,0,55,,215369,39,4,,0,15,,215370,39,4,,0,15,,215371,39,4,,0,15,,215372,39,4,,0,59,,215373,39,4,,0,23,,215374,39,4,,0,67,,215375,39,4,,0,29,,215376,39,4,,0,71,,215377,39,4,,0,30,,215378,39,4,,0,70,,215379,39,4,,0,30,,215380,39,4,,0,66,,215381,39,4,,0,31,,215382,39,4,,0,21,,215383,39,4,,0,62,,215384,39,4,,0,19,,215385,39,4,,0,21,,215386,39,4,,0,55,,215387,39,4,,0,13,,215388,39,4,,0,15,,215389,39,4,,0,15,,215390,39,4,,0,55,,215391,39,4,,0,16,,215392,39,4,,0,15,,215393,39,4,,0,15,,215394,39,4,,0,54,,215395,39,4,,0,14,,215396,39,4,,0,13,,215397,39,4,,0,70,,215399,39,4,,0,15,,215400,39,4,,0,13,,215401,39,4,,0,15,,215402,39,4,,0,58,,215411,39,4,,0,30,,215403,39,4,,0,70,,215410,39,4,,0,29,,215404,39,4,,0,70,,215409,39,4,,0,32,,215405,39,4,,0,110,,215406,39,4,,0,108,,215407,39,4,,0,152,,215408,39,4,,0
672301,'2_merged_15726441',623,,215430,39,4,,0,215,,215418,39,4,,0,1003,,215442,39,4,,0,70,,215438,39,4,,0,30,,215412,39,4,,0,318,,215427,39,4,,0,96,,215443,39,4,,0
672301,'3_merged_15726440',713,,215470,39,4,,0,100,,215471,39,4,,0,29,,215472,39,4,,0,68,,215469,39,4,,0,31,,215468,39,4,,0,70,,215477,39,4,,0,34,,215467,39,4,,0,801,,215458,39,4,,0,70,,215459,39,4,,0,30,,215460,39,4,,0,70,,215462,39,4,,0,30,,215463,39,4,,0,69,,215456,39,4,,0,30,,215455,39,4,,0,70,,215475,39,4,,0,29,,215447,39,4,,0,70,,215446,39,4,,0,29,,215476,39,4,,0,95,,215478,39,4,,0
672701,'1_merged_15726439',717,,216374,63,4,,0,838,,216375,65,4,,0,301,,216391,63,4,,0,48,,216392,63,4,,0,47,,216394,59,4,,0,167,,216398,59,4,,0,134,,216401,59,4,,0
672701,'2_merged_15726441',738,,216450,59,4,,0,172,,216453,59,4,,0,31,,216430,59,4,,0,70,,216432,59,4,,0,31,,216421,59,4,,0,73,,216441,59,4,,0,33,,216452,59,4,,0,69,,216443,59,4,,0,30,,216444,59,4,,0,71,,216445,59,4,,0,30,,216446,59,4,,0,70,,216454,59,4,,0,31,,216449,59,4,,0,70,,216423,59,4,,0,33,,216424,59,4,,0,68,,216437,59,4,,0,31,,216435,59,4,,0,68,,216436,59,4,,0,32,,216438,59,4,,0,67,,216439,59,4,,0,200,,216420,59,4,,0,31,,216427,59,4,,0,69,,216422,59,4,,0,25,,216434,59,4,,0,70,,216428,59,4,,0,221,,216447,59,4,,0
672701,'3_merged_15726440',1106,,216475,59,4,,0,33,,216472,59,4,,0,72,,216458,59,4,,0,26,,216468,59,4,,0,69,,216467,59,4,,0,32,,216470,59,4,,0,71,,216469,59,4,,0,29,,216455,59,4,,0,69,,216471,59,4,,0,32,,216473,59,4,,0,69,,216462,59,4,,0,32,,216461,59,4,,0,71,,216474,59,4,,0,29,,216477,59,4,,0,74,,216465,59,4,,0
3454201,'1_merged_15726439',529,,235995,33,4,,0,1983,,236078,33,4,,0
