668001,'1_merged_15727750',619,,207102,9,,,0,99,,207103,21,,,0,29,,207104,21,,,0,70,,207105,21,,,0,40,,207106,21,,,0,72,,207107,21,,,0,16,,207108,21,,,0,72,,207109,21,,,0,28,,207110,21,,,0,71,,207111,21,,,0,27,,207112,21,,,0,74,,207113,21,,,0,30,,207114,21,,,0,74,,207115,21,,,0,30,,207116,21,,,0,68,,207117,21,,,0,29,,207118,21,,,0,70,,207119,21,,,0,17,,207120,21,,,0,13,,207121,21,,,0,52,,207122,21,,,0,20,,207123,21,,,0,19,,207124,21,,,0,11,,207125,21,,,0,56,,207126,21,,,0,13,,207127,21,,,0,18,,207128,21,,,0,14,,207129,21,,,0,57,,207130,21,,,0,13,,207131,21,,,0,15,,207132,21,,,0,14,,207133,21,,,0,53,,207134,21,,,0,14,,207135,21,,,0,33,,207136,21,,,0,101,,207137,21,,,0,100,,207138,21,,,0,101,,207139,21,,,0,100,,207140,21,,,0,98,,207141,21,,,0
668001,'2_merged_15727752',647,,207142,21,,,0,72,,207143,21,,,0,30,,207144,21,,,0,70,,207145,21,,,0,21,,207146,21,,,0,79,,207147,21,,,0,30,,207148,21,,,0,55,,207149,21,,,0,15,,207150,21,,,0,15,,207151,21,,,0,15,,207152,21,,,0,55,,207153,21,,,0,16,,207154,21,,,0,15,,207155,21,,,0,15,,207156,21,,,0,55,,207157,21,,,0,15,,207158,21,,,0,15,,207159,21,,,0,16,,207160,21,,,0,55,,207161,21,,,0,15,,207162,21,,,0,15,,207163,21,,,0,15,,207164,21,,,0,54,,207165,21,,,0,15,,207166,21,,,0,15,,207167,21,,,0,15,,207168,21,,,0,54,,207169,21,,,0,16,,207170,21,,,0,15,,207171,21,,,0,16,,207172,21,,,0,54,,207173,21,,,0,15,,207174,21,,,0,14,,207175,21,,,0,16,,207176,21,,,0,54,,207177,21,,,0,15,,207178,21,,,0,14,,207179,21,,,0,15,,207180,21,,,0,55,,207181,21,,,0,15,,207182,21,,,0,14,,207183,21,,,0,15,,207184,21,,,0,71,,207185,21,,,0,31,,207186,21,,,0,100,,207187,21,,,0,101,,207188,21,,,0,99,,207189,21,,,0,100,,207190,21,,,0,100,,207191,21,,,0
668001,'3_merged_15727751',822,,207192,21,,,0,29,,207193,21,,,0,71,,207194,21,,,0,30,,207195,21,,,0,55,,207196,21,,,0,13,,207197,21,,,0,17,,207198,21,,,0,15,,207199,21,,,0,55,,207200,21,,,0,14,,207201,21,,,0,16,,207202,21,,,0,17,,207203,21,,,0,53,,207204,21,,,0,14,,207205,21,,,0,16,,207206,21,,,0,15,,207207,21,,,0,55,,207208,21,,,0,13,,207209,21,,,0,16,,207210,21,,,0,16,,207211,21,,,0,54,,207212,21,,,0,14,,207213,21,,,0,16,,207214,21,,,0,16,,207215,21,,,0,55,,207216,21,,,0,11,,207217,21,,,0,17,,207218,21,,,0,14,,207219,21,,,0,56,,207220,21,,,0,16,,207221,21,,,0,16,,207222,21,,,0,15,,207223,21,,,0,55,,207224,21,,,0,13,,207225,21,,,0,17,,207226,21,,,0,15,,207227,21,,,0,55,,207228,21,,,0,14,,207229,21,,,0,15,,207230,21,,,0,16,,207231,21,,,0,70,,207232,21,,,0,32,,207236,21,,,0,99,,207233,21,,,0,99,,207234,21,,,0,99,,207235,21,,,0
668200,'101_merged_15727747',1705,,207237,15,,,0
668200,'1_merged_15727750',528,,207238,15,,,0,20,,207239,15,,,0,52,,207240,15,,,0,10,,207241,15,,,0,8,,207242,15,,,0,11,,207243,15,,,0,9,,207244,15,,,0,8,,207245,15,,,0,8,,207246,15,,,0,47,,207247,15,,,0,7,,207248,15,,,0,8,,207249,15,,,0,7,,207250,15,,,0,7,,207251,15,,,0,7,,207252,15,,,0,8,,207253,15,,,0,8,,207254,15,,,0,49,,207255,15,,,0,7,,207256,15,,,0,6,,207257,15,,,0,8,,207258,15,,,0,7,,207259,15,,,0,6,,207260,15,,,0,8,,207261,15,,,0,7,,207262,15,,,0,8,,207263,15,,,0,48,,207264,15,,,0,10,,207265,15,,,0,15,,207266,15,,,0,15,,207267,15,,,0,54,,207268,15,,,0,14,,207269,15,,,0,14,,207270,15,,,0,15,,207271,15,,,0,15,,207272,15,,,0,55,,207273,15,,,0,16,,207274,15,,,0,15,,207275,15,,,0,55,,207276,15,,,0,14,,207277,15,,,0,14,,207278,15,,,0,14,,207279,15,,,0,15,,207280,15,,,0,55,,207281,15,,,0,15,,207282,15,,,0,15,,207283,15,,,0,17,,207284,15,,,0,53,,207285,15,,,0,14,,207286,15,,,0,13,,207287,15,,,0,10,,207288,15,,,0,51,,207289,15,,,0,10,,207290,15,,,0,10,,207291,15,,,0,11,,207292,15,,,0,10,,207293,15,,,0,9,,207294,15,,,0,51,,207295,15,,,0,11,,207296,15,,,0,8,,207297,15,,,0,9,,207298,15,,,0,9,,207299,15,,,0,9,,207300,15,,,0,8,,207301,15,,,0,60,,207302,15,,,0,10,,207303,15,,,0,10,,207304,15,,,0,10,,207305,15,,,0,10,,207306,15,,,0,50,,207307,15,,,0,8,,207308,15,,,0,10,,207309,15,,,0,9,,207310,15,,,0,14,,207311,15,,,0,54,,207312,15,,,0,15,,207313,15,,,0,14,,207314,15,,,0,14,,207315,15,,,0,14,,207316,15,,,0,55,,207317,15,,,0,15,,207318,15,,,0,15,,207319,15,,,0,14,,207320,15,,,0,55,,207321,15,,,0,16,,207322,15,,,0,20,,207323,15,,,0,60,,207324,15,,,0,19,,207325,15,,,0,23,,207326,15,,,0,62,,207327,15,,,0,21,,207328,15,,,0,27,,207329,15,,,0,71,,207330,15,,,0,71,,207331,15,,,0
668200,'201_merged_15727755',1705,,207333,15,,,0
668200,'2_merged_15727752',628,,207375,15,,,0,20,,207334,15,,,0,58,,207335,15,,,0,20,,207336,15,,,0,20,,207337,15,,,0,58,,207412,15,,,0,16,,207413,15,,,0,15,,207414,15,,,0,16,,207340,15,,,0,55,,207408,15,,,0,15,,207338,15,,,0,15,,207339,15,,,0,15,,207409,15,,,0,56,,207410,15,,,0,15,,207411,15,,,0,16,,207341,15,,,0,15,,207407,15,,,0,55,,207342,15,,,0,16,,207343,15,,,0,16,,207405,15,,,0,15,,207406,15,,,0,55,,207344,15,,,0,15,,207404,15,,,0,16,,207345,15,,,0,15,,207403,15,,,0,55,,207346,15,,,0,15,,207347,15,,,0,11,,207400,15,,,0,12,,207401,15,,,0,52,,207402,15,,,0,12,,207348,15,,,0,10,,207349,15,,,0,13,,207398,15,,,0,10,,207399,15,,,0,10,,207350,15,,,0,50,,207397,15,,,0,10,,207351,15,,,0,10,,207352,15,,,0,10,,207396,15,,,0,10,,207353,15,,,0,11,,207393,15,,,0,50,,207394,15,,,0,10,,207395,15,,,0,10,,207356,15,,,0,10,,207390,15,,,0,11,,207354,15,,,0,9,,207355,15,,,0,50,,207391,15,,,0,11,,207392,15,,,0,9,,207357,15,,,0,10,,207389,15,,,0,10,,207358,15,,,0,8,,207359,15,,,0,50,,207388,15,,,0,10,,207360,15,,,0,9,,207386,15,,,0,10,,207387,15,,,0,10,,207361,15,,,0,58,,207385,15,,,0,8,,207362,15,,,0,11,,207384,15,,,0,18,,207365,15,,,0,14,,207366,15,,,0,55,,207380,15,,,0,9,,207363,15,,,0,10,,207364,15,,,0,14,,207381,15,,,0,16,,207382,15,,,0,58,,207383,15,,,0,21,,207367,15,,,0,14,,207368,15,,,0,54,,207379,15,,,0,15,,207369,15,,,0,14,,207376,15,,,0,20,,207377,15,,,0,60,,207378,15,,,0,18,,207370,15,,,0,20,,207374,15,,,0,60,,207371,15,,,0,20,,207372,15,,,0,70,,207373,15,,,0
668200,'3_merged_15727751',620,,207415,15,,,0,19,,207416,15,,,0,61,,207417,15,,,0,20,,207418,15,,,0,20,,207419,15,,,0,61,,207420,15,,,0,18,,207421,15,,,0,15,,207422,15,,,0,15,,207423,15,,,0,55,,207424,15,,,0,15,,207425,15,,,0,16,,207426,15,,,0,15,,207427,15,,,0,56,,207428,15,,,0,15,,207429,15,,,0,15,,207430,15,,,0,15,,207431,15,,,0,55,,207432,15,,,0,15,,207433,15,,,0,16,,207434,15,,,0,15,,207435,15,,,0,56,,207436,15,,,0,15,,207437,15,,,0,14,,207438,15,,,0,17,,207439,15,,,0,53,,207440,15,,,0,17,,207441,15,,,0,15,,207442,15,,,0,15,,207443,15,,,0,55,,207444,15,,,0,15,,207445,15,,,0,15,,207446,15,,,0,14,,207447,15,,,0,54,,207448,15,,,0,16,,207449,15,,,0,14,,207450,15,,,0,16,,207451,15,,,0,54,,207452,15,,,0,16,,207453,15,,,0,19,,207454,15,,,0,11,,207455,15,,,0,56,,207456,15,,,0,14,,207457,15,,,0,15,,207458,15,,,0,14,,207459,15,,,0,57,,207460,15,,,0,14,,207461,15,,,0,14,,207462,15,,,0,14,,207463,15,,,0,55,,207464,15,,,0,15,,207465,15,,,0,15,,207466,15,,,0,16,,207467,15,,,0,55,,207468,15,,,0,14,,207469,15,,,0,14,,207470,15,,,0,17,,207471,15,,,0,60,,207472,15,,,0,24,,207473,15,,,0,65,,207474,15,,,0,30,,207475,15,,,0,70,,207476,15,,,0,29,,207477,15,,,0
668300,'1_merged_15727750',1558,,207718,15,,,0,61,,207719,15,,,0,16,,207720,15,,,0,8,,207721,15,,,0,59,,207722,15,,,0,28,,207723,15,,,0,28,,207724,15,,,0,53,,207725,15,,,0,11,,207726,15,,,0,12,,207727,15,,,0,67,,207728,15,,,0,24,,207729,15,,,0,25,,207730,15,,,0
669200,'1_merged_15727750',603,,209056,22,,,0,30,,209057,22,,,0,70,,209058,22,,,0,20,,209059,22,,,0,20,,209060,22,,,0,60,,209061,22,,,0,20,,209062,22,,,0,20,,209063,22,,,0,60,,209064,22,,,0,20,,209065,22,,,0,20,,209066,22,,,0,60,,209067,22,,,0,20,,209068,22,,,0,20,,209069,22,,,0,60,,209070,22,,,0,21,,209071,22,,,0,21,,209072,22,,,0,60,,209073,22,,,0,20,,209074,22,,,0,20,,209075,22,,,0,60,,209076,22,,,0,20,,209077,22,,,0,20,,209078,22,,,0,60,,209079,22,,,0,22,,209080,22,,,0,20,,209081,22,,,0,60,,209082,22,,,0,20,,209083,22,,,0,20,,209084,22,,,0,60,,209085,22,,,0,20,,209086,22,,,0,20,,209087,22,,,0,60,,209088,22,,,0,20,,209089,22,,,0,20,,209090,22,,,0,59,,209091,22,,,0,19,,209092,22,,,0,25,,209093,22,,,0,70,,209094,22,,,0,30,,209095,22,,,0,69,,209096,22,,,0,20,,209097,22,,,0,70,,209098,22,,,0,40,,209099,22,,,0,70,,209100,9,,,0,37,,209101,9,,,0,69,,209102,9,,,0,77,,209103,9,,,0,32,,209104,9,,,0,86,,209105,9,,,0
669200,'2_merged_15727752',558,,209106,22,,,0,60,,209107,22,,,0,30,,209108,22,,,0,70,,209109,22,,,0,30,,209110,22,,,0,70,,209111,22,,,0,32,,209112,22,,,0,70,,209113,22,,,0,30,,209114,22,,,0,70,,209115,22,,,0,30,,209116,22,,,0,70,,209117,22,,,0,21,,209118,22,,,0,60,,209119,22,,,0,20,,209120,22,,,0,20,,209121,22,,,0,60,,209122,22,,,0,20,,209123,22,,,0,20,,209124,22,,,0,60,,209125,22,,,0,20,,209126,22,,,0,20,,209127,22,,,0,60,,209128,22,,,0,20,,209129,22,,,0,20,,209130,22,,,0,60,,209131,22,,,0,20,,209132,22,,,0,20,,209133,22,,,0,60,,209134,22,,,0,20,,209135,22,,,0,20,,209136,22,,,0,59,,209137,22,,,0,21,,209138,22,,,0,30,,209139,22,,,0,69,,209140,22,,,0,30,,209141,22,,,0,70,,209142,22,,,0,30,,209143,22,,,0,57,,209144,9,,,0,40,,209145,9,,,0,80,,209146,9,,,0,80,,209147,9,,,0,40,,209148,9,,,0,80,,209149,9,,,0,80,,209150,9,,,0
669200,'3_merged_15727751',649,,209151,22,,,0,70,,209152,22,,,0,30,,209153,22,,,0,72,,209154,22,,,0,30,,209155,22,,,0,70,,209156,22,,,0,31,,209157,22,,,0,70,,209158,22,,,0,30,,209159,22,,,0,70,,209160,22,,,0,20,,209161,22,,,0,60,,209162,22,,,0,20,,209163,22,,,0,20,,209164,22,,,0,60,,209165,22,,,0,20,,209166,22,,,0,20,,209167,22,,,0,60,,209168,22,,,0,20,,209169,22,,,0,20,,209170,22,,,0,60,,209171,22,,,0,20,,209172,22,,,0,20,,209173,22,,,0,60,,209174,22,,,0,20,,209175,22,,,0,20,,209176,22,,,0,60,,209177,22,,,0,20,,209178,22,,,0,20,,209179,22,,,0,60,,209180,22,,,0,20,,209181,22,,,0,28,,209182,22,,,0,71,,209183,22,,,0,30,,209184,22,,,0,70,,209185,22,,,0,29,,209186,22,,,0,59,,209187,9,,,0,40,,209188,9,,,0,80,,209189,9,,,0,80,,209190,9,,,0,40,,209191,9,,,0,80,,209192,9,,,0,80,,209193,9,,,0
683700,'1101_merged_15727765',2644,,223818,21,,,0
683700,'1201_merged_15727743',2644,,223819,21,,,0
683700,'1_merged_15727750',2524,,223820,21,,,0,20,,223821,21,,,0,60,,223822,21,,,0,29,,223823,21,,,0,74,,223824,21,,,0,19,,223825,21,,,0,28,,223826,21,,,0
683700,'2_merged_15727752',2529,,223829,21,,,0,23,,223834,21,,,0,54,,223828,21,,,0,19,,223833,21,,,0,20,,223830,21,,,0,70,,223832,21,,,0,12,,223831,21,,,0,74,,223827,21,,,0
683700,'3_merged_15727751',713,,223839,15,,,0,40,,223840,15,0,50 51,0,73,,223841,15,0,50 51,0,1575,,223842,21,,,0,32,,223843,21,,,0,70,,223844,21,,,0,37,,223845,21,,,0,71,,223846,21,,,0,24,,223847,21,,,0,88,,223848,21,,,0,25,,223849,21,,,0
