672600,'1_merged_15726439',519,,216079,5,,,0,30,,216080,5,,,0,70,,216081,5,,,0,30,,216082,5,,,0,71,,216083,5,,,0,30,,216084,5,,,0,70,,216085,5,,,0,30,,216086,5,,,0,70,,216087,5,,,0,30,,216088,5,,,0,85,,216089,5,,,0,70,,216090,5,,,0,30,,216091,5,,,0,70,,216092,5,,,0,30,,216093,5,,,0,70,,216094,5,,,0,31,,216095,5,,,0,70,,216096,5,,,0,35,,216097,5,,,0,74,,216098,5,,,0,24,,216099,15,,,0,65,,216100,15,,,0,32,,216101,15,,,0,71,,216102,15,,,0,39,,216103,15,,,0,65,,216104,15,,,0,33,,216105,15,,,0,65,,216106,15,,,0,30,,216107,15,,,0,70,,216108,15,,,0,27,,216109,15,,,0,71,,216110,15,,,0,30,,216076,15,,,0,67,,216077,15,,,0,55,,216078,15,,,0
672600,'2_merged_15726441',652,,216132,5,,,0,90,,216129,5,,,0,96,,216117,5,,,0,68,,216139,5,,,0,30,,216118,5,,,0,70,,216134,5,,,0,30,,216119,5,,,0,69,,216136,5,,,0,32,,216128,5,,,0,68,,216137,5,,,0,30,,216120,5,,,0,70,,216138,5,,,0,34,,216121,5,,,0,65,,216133,5,,,0,32,,216122,5,,,0,70,,216140,5,,,0,28,,216123,15,,,0,70,,216111,15,,,0,30,,216124,15,,,0,68,,216135,15,,,0,32,,216125,15,,,0,72,,216112,15,,,0,29,,216126,15,,,0,72,,216131,15,,,0,28,,216127,15,,,0,70,,216113,15,,,0,98,,216114,15,,,0,100,,216115,15,,,0,100,,216130,15,,,0
672600,'3_merged_15726440',746,,216147,5,,,0,104,,216148,5,,,0,77,,216150,5,,,0,73,,216160,5,,,0,34,,216153,5,,,0,77,,216162,5,,,0,35,,216154,5,,,0,71,,216161,5,,,0,25,,216155,5,,,0,70,,216163,5,,,0,30,,216156,5,,,0,70,,216164,5,,,0,30,,216157,5,,,0,70,,216165,5,,,0,30,,216158,15,,,0,71,,216166,15,,,0,28,,216159,15,,,0,69,,216149,15,,,0,30,,216151,15,,,0,71,,216141,15,,,0,29,,216152,15,,,0,70,,216142,15,,,0,104,,216143,15,,,0,104,,216144,15,,,0,100,,216145,15,,,0,101,,216146,15,,,0
3454301,'1901_merged_15726443',1454,,236404,4,,,0
3454301,'1_merged_15726439',442,,236470,4,,,0,17,,236471,4,,,0,57,,236405,4,,,0,13,,236406,4,,,0,15,,236407,4,,,0,56,,236480,4,,,0,14,,236408,4,,,0,12,,236409,4,,,0,12,,236410,4,,,0,10,,236479,4,,,0,10,,236411,4,,,0,50,,236412,4,,,0,11,,236413,4,,,0,10,,236414,4,,,0,9,,236478,4,,,0,10,,236415,4,,,0,9,,236482,4,,,0,48,,236416,4,,,0,16,,236417,4,,,0,12,,236418,4,,,0,13,,236477,4,,,0,12,,236419,4,,,0,52,,236420,4,,,0,13,,236421,4,,,0,14,,236422,4,,,0,15,,236476,4,,,0,55,,236423,4,,,0,15,,236424,4,,,0,17,,236425,4,,,0,15,,236475,4,,,0,57,,236426,4,,,0,15,,236427,4,,,0,11,,236428,4,,,0,17,,236474,4,,,0,55,,236429,4,,,0,15,,236430,4,,,0,15,,236431,4,,,0,15,,236473,4,,,0,55,,236467,4,,,0,15,,236468,4,,,0,15,,236469,4,,,0,15,,236472,4,,,0,58,,236432,4,,,0,16,,236433,4,,,0,17,,236434,4,,,0,69,,236435,4,,,0,16,,236436,4,,,0,23,,236437,4,,,0,52,,236438,4,,,0,12,,236439,4,,,0,12,,236440,4,,,0,12,,236441,4,,,0,12,,236442,4,,,0,51,,236443,4,,,0,12,,236444,4,,,0,12,,236445,4,,,0,14,,236446,4,,,0,13,,236447,4,,,0,53,,236448,4,,,0,14,,236449,4,,,0,12,,236450,4,,,0,11,,236451,4,,,0,9,,236452,4,,,0,56,,236453,8,,,0,14,,236454,8,,,0,15,,236455,8,,,0,16,,236456,8,,,0,58,,236457,8,,,0,14,,236458,8,,,0,27,,236459,8,,,0,71,,236460,8,,,0,28,,236461,8,,,0,70,,236462,8,,,0,30,,236463,8,,,0,69,,236464,8,,,0,28,,236465,8,,,0,70,,236466,8,,,0
3454301,'2001_merged_15726452',1454,,236483,4,,,0
3454301,'2_merged_15726441',522,,236531,8,,,0,35,,236530,8,,,0,70,,236529,8,,,0,30,,236528,8,,,0,69,,236527,8,,,0,29,,236526,8,,,0,66,,236525,8,,,0,19,,236524,8,,,0,60,,236523,8,,,0,19,,236522,8,,,0,20,,236521,8,,,0,20,,236520,8,,,0,60,,236519,8,,,0,19,,236518,8,,,0,20,,236517,8,,,0,62,,236516,8,,,0,20,,236515,8,,,0,60,,236514,8,,,0,20,,236513,8,,,0,20,,236512,8,,,0,60,,236511,8,,,0,18,,236510,8,,,0,20,,236509,8,,,0,20,,236508,8,,,0,60,,236507,8,,,0,20,,236506,8,,,0,19,,236485,8,,,0,60,,236484,8,,,0,22,,236505,8,,,0,64,,236504,8,,,0,14,,236503,8,,,0,23,,236502,8,,,0,62,,236501,8,,,0,21,,236500,8,,,0,22,,236499,8,,,0,60,,236498,8,,,0,22,,236497,8,,,0,29,,236496,8,,,0,70,,236495,8,,,0,33,,236494,8,,,0,71,,236493,8,,,0,70,,236492,8,,,0,30,,236491,8,,,0,72,,236490,8,,,0,30,,236489,8,,,0,98,,236488,8,,,0,100,,236487,8,,,0,96,,236486,4,,,0
3454301,'3_merged_15726440',527,,236540,8,,,0,75,,236541,8,,,0,34,,236572,8,,,0,70,,236573,8,,,0,32,,236574,8,,,0,69,,236542,8,,,0,30,,236543,8,,,0,73,,236544,8,,,0,31,,236545,8,,,0,70,,236546,8,,,0,32,,236537,8,,,0,64,,236547,8,,,0,20,,236548,8,,,0,18,,236538,8,,,0,60,,236549,8,,,0,20,,236550,8,,,0,19,,236539,8,,,0,60,,236551,8,,,0,19,,236552,8,,,0,20,,236536,8,,,0,60,,236553,8,,,0,20,,236554,8,,,0,20,,236533,8,,,0,60,,236555,8,,,0,20,,236556,8,,,0,22,,236534,8,,,0,60,,236557,8,,,0,20,,236558,8,,,0,20,,236535,8,,,0,60,,236559,8,,,0,30,,236560,8,,,0,70,,236571,8,,,0,36,,236561,8,,,0,74,,236562,8,,,0,40,,236563,8,,,0,70,,236566,8,,,0,79,,236565,8,,,0,40,,236564,8,,,0,70,,236567,8,,,0,32,,236568,8,,,0,80,,236532,8,,,0,97,,236569,8,,,0,102,,236570,4,,,0
3454301,'62101_merged_15726437',1541,,236575,4,,,0
3454301,'62201_merged_15726435',1541,,236576,4,,,0
