672700,'101_merged_15726436',1635,,216259,51,,,0
672700,'1_merged_15726439',458,,216271,51,,,0,63,,216272,51,,,0,80,,216260,51,,,0,21,,216273,51,,,0,21,,216274,51,,,0,59,,216275,51,,,0,19,,216276,51,,,0,27,,216277,51,,,0,63,,216278,51,,,0,25,,216279,51,,,0,69,,216280,51,,,0,21,,216281,51,,,0,19,,216282,51,,,0,64,,216283,51,,,0,30,,216284,51,,,0,69,,216285,51,,,0,29,,216286,51,,,0,70,,216287,51,,,0,23,,216288,51,,,0,71,,216289,51,,,0,30,,216290,51,,,0,28,,216291,51,,,0,68,,216292,51,,,0,19,,216293,51,,,0,67,,216294,51,,,0,30,,216295,51,,,0,65,,216296,51,,,0,44,,216297,51,,,0,62,,216298,51,,,0,10,,216299,51,,,0,24,,216300,51,,,0,55,,216301,51,,,0,19,,216302,51,,,0,29,,216303,51,,,0,70,,216304,51,,,0,27,,216261,51,,,0,69,,216270,51,,,0,26,,216262,51,,,0,71,,216263,51,,,0,30,,216268,51,,,0,79,,216269,51,,,0,30,,216264,51,,,0,74,,216265,51,,,0,94,,216266,51,,,0,104,,216267,51,,,0
672700,'201_merged_15726444',1635,,216305,51,,,0
672700,'2_merged_15726441',721,,216324,51,,,0,31,,216309,51,,,0,75,,216316,51,,,0,31,,216340,51,,,0,69,,216306,51,,,0,32,,216317,51,,,0,70,,216308,51,,,0,74,,216329,51,,,0,33,,216307,51,,,0,68,,216336,51,,,0,36,,216311,51,,,0,70,,216313,51,,,0,31,,216314,51,,,0,70,,216312,51,,,0,31,,216319,51,,,0,69,,216320,51,,,0,31,,216338,51,,,0,71,,216321,51,,,0,29,,216330,51,,,0,69,,216331,51,,,0,28,,216332,51,,,0,69,,216333,51,,,0,30,,216327,51,,,0,66,,216335,51,,,0,31,,216326,51,,,0,67,,216328,51,,,0,29,,216322,51,,,0,70,,216323,51,,,0,26,,216339,51,,,0,30,,216318,51,,,0,70,,216334,51,,,0,30,,216315,51,,,0,71,,216310,51,,,0,106,,216325,51,,,0,92,,216337,51,,,0
672700,'3_merged_15726440',810,,216341,51,,,0,101,,216350,51,,,0,92,,216353,51,,,0,44,,216361,51,,,0,69,,216355,51,,,0,29,,216368,51,,,0,70,,216344,51,,,0,30,,216371,51,,,0,71,,216357,51,,,0,32,,216358,51,,,0,69,,216359,51,,,0,31,,216345,51,,,0,68,,216343,51,,,0,32,,216367,51,,,0,69,,216369,51,,,0,29,,216372,51,,,0,69,,216360,51,,,0,28,,216365,51,,,0,68,,216366,51,,,0,28,,216363,51,,,0,69,,216342,51,,,0,29,,216354,51,,,0,69,,216351,51,,,0,30,,216352,51,,,0,67,,216348,51,,,0,29,,216349,51,,,0,70,,216370,51,,,0,29,,216356,51,,,0,69,,216362,51,,,0,28,,216346,51,,,0,98,,216347,51,,,0,96,,216364,51,,,0
673000,'101_merged_15726436',1615,,217004,11,,,0
673000,'1_merged_15726439',514,,217024,11,,,0,15,,217025,11,,,0,16,,217026,11,,,0,55,,217027,11,,,0,11,,217071,11,,,0,10,,217028,11,,,0,12,,217029,11,,,0,10,,217030,11,,,0,11,,217031,11,,,0,50,,217032,11,,,0,10,,217033,11,,,0,13,,217034,11,,,0,10,,217070,11,,,0,10,,217035,11,,,0,11,,217036,11,,,0,51,,217037,11,,,0,13,,217038,11,,,0,12,,217039,11,,,0,14,,217040,11,,,0,11,,217041,11,,,0,52,,217042,11,,,0,12,,217043,11,,,0,11,,217069,11,,,0,12,,217044,11,,,0,11,,217045,11,,,0,55,,217046,11,,,0,15,,217047,11,,,0,15,,217048,11,,,0,61,,217049,11,,,0,21,,217050,11,,,0,20,,217051,11,,,0,60,,217052,11,,,0,20,,217053,11,,,0,20,,217054,11,,,0,60,,217055,11,,,0,20,,217056,11,,,0,20,,217057,11,,,0,57,,217058,11,,,0,15,,217059,11,,,0,16,,217060,11,,,0,15,,217061,11,,,0,53,,217062,11,,,0,15,,217063,11,,,0,12,,217064,11,,,0,15,,217065,11,,,0,12,,217066,11,,,0,52,,217067,11,,,0,20,,217068,11,,,0,12,,217005,11,,,0,12,,217006,11,,,0,52,,217007,11,,,0,12,,217008,11,,,0,11,,217009,11,,,0,12,,217010,11,,,0,12,,217011,11,,,0,51,,217012,11,,,0,14,,217013,11,,,0,15,,217014,11,,,0,15,,217015,11,,,0,14,,217016,11,,,0,67,,217017,11,,,0,30,,217018,11,,,0,67,,217019,11,,,0,33,,217020,11,,,0,70,,217021,11,,,0,100,,217022,11,,,0,100,,217023,11,,,0
673000,'201_merged_15726444',1615,,217072,11,,,0
673000,'2_merged_15726441',707,,217100,11,,,0,20,,217088,11,,,0,20,,217090,11,,,0,60,,217110,11,,,0,21,,217087,11,,,0,23,,217099,11,,,0,60,,217111,11,,,0,21,,217086,11,,,0,23,,217098,11,,,0,60,,217112,11,,,0,22,,217085,11,,,0,21,,217102,11,,,0,60,,217097,11,,,0,21,,217084,11,,,0,16,,217117,11,,,0,56,,217103,11,,,0,18,,217073,11,,,0,18,,217104,11,,,0,54,,217118,11,,,0,14,,217083,11,,,0,16,,217096,11,,,0,15,,217082,11,,,0,57,,217119,11,,,0,15,,217105,11,,,0,15,,217095,11,,,0,15,,217081,11,,,0,55,,217106,11,,,0,15,,217113,11,,,0,15,,217094,11,,,0,15,,217080,11,,,0,55,,217107,11,,,0,15,,217093,11,,,0,15,,217114,11,,,0,15,,217079,11,,,0,54,,217109,11,,,0,15,,217092,11,,,0,15,,217115,11,,,0,15,,217108,11,,,0,53,,217120,11,,,0,15,,217078,11,,,0,13,,217091,11,,,0,16,,217077,11,,,0,59,,217116,11,,,0,20,,217089,11,,,0,24,,217076,11,,,0,70,,217101,11,,,0,28,,217075,11,,,0,70,,217074,11,,,0,99,,217121,11,,,0,94,,217122,11,,,0
673000,'3_merged_15726440',810,,217156,11,,,0,18,,217136,11,,,0,20,,217146,11,,,0,62,,217157,11,,,0,22,,217135,11,,,0,23,,217145,11,,,0,63,,217158,11,,,0,22,,217134,11,,,0,61,,217148,11,,,0,21,,217144,11,,,0,20,,217133,11,,,0,60,,217149,11,,,0,20,,217123,11,,,0,20,,217150,11,,,0,62,,217132,11,,,0,21,,217143,11,,,0,20,,217131,11,,,0,60,,217151,11,,,0,19,,217142,11,,,0,15,,217161,11,,,0,15,,217130,11,,,0,55,,217152,11,,,0,15,,217141,11,,,0,15,,217162,11,,,0,15,,217129,11,,,0,55,,217153,11,,,0,12,,217140,11,,,0,17,,217163,11,,,0,15,,217128,11,,,0,55,,217155,11,,,0,14,,217139,11,,,0,15,,217164,11,,,0,15,,217154,11,,,0,55,,217127,11,,,0,13,,217138,11,,,0,18,,217126,11,,,0,20,,217159,11,,,0,60,,217137,11,,,0,20,,217125,11,,,0,19,,217160,11,,,0,60,,217147,11,,,0,20,,217165,11,,,0,20,,217124,11,,,0,99,,217166,11,,,0,97,,217167,11,,,0
