666600,'101_merged_15726436',834,,204310,44,,,0,5,,204308,44,,,0,866,,204309,40,,,0
666600,'1_merged_15726439',549,,204349,21,,,0,79,,204348,42,,,0,73,,204331,42,,,0,26,,204347,42,,,0,23,,204346,42,,,0,67,,204345,40,,,0,86,,204344,40,,,0,28,,204343,40,,,0,69,,204342,40,,,0,30,,204341,40,,,0,70,,204327,40,,,0,30,,204326,40,,,0,70,,204325,40,,,0,30,,204340,40,,,0,70,,204324,40,,,0,30,,204339,40,,,0,70,,204338,40,,,0,31,,204337,40,,,0,73,,204336,40,,,0,36,,204323,40,,,0,70,,204322,40,,,0,21,,204352,40,,,0,15,,204313,40,,,0,72,,204351,40,,,0,16,,204335,40,,,0,16,,204312,40,,,0,54,,204334,40,,,0,13,,204333,40,,,0,13,,204332,40,,,0,13,,204311,40,,,0,15,,204330,40,,,0,59,,204321,40,,,0,30,,204329,40,,,0,69,,204328,40,,,0,28,,204314,40,,,0,70,,204315,40,,,0,26,,204353,40,,,0,70,,204316,40,,,0,39,,204317,40,,,0,88,,204318,40,,,0,84,,204319,40,,,0,89,,204320,40,,,0,42,,204350,40,,,0
666600,'201_merged_15726444',831,,204356,40,,,0,5,,204354,40,,,0,869,,204355,40,,,0
666600,'2_merged_15726441',724,,204357,40,,,0,29,,204358,40,,,0,70,,204359,40,,,0,31,,204360,40,,,0,72,,204361,40,,,0,31,,204362,40,,,0,70,,204363,40,,,0,31,,204364,40,,,0,70,,204365,40,,,0,31,,204366,40,,,0,73,,204367,40,,,0,70,,204368,40,,,0,30,,204369,40,,,0,69,,204370,40,,,0,30,,204371,40,,,0,69,,204372,40,,,0,30,,204373,40,,,0,29,,204374,40,,,0,71,,204375,40,,,0,29,,204376,40,,,0,69,,204377,40,,,0,30,,204378,40,,,0,70,,204379,40,,,0,30,,204380,40,,,0,68,,204381,40,,,0,28,,204382,40,,,0,70,,204390,40,,,0,30,,204383,40,,,0,70,,204391,40,,,0,30,,204384,40,,,0,99,,204385,40,,,0,98,,204386,40,,,0,100,,204387,40,,,0,100,,204388,40,,,0,74,,204389,40,,,0
666600,'3_merged_15726440',736,,204408,40,,,0,95,,204409,40,,,0,100,,204392,40,,,0,70,,204417,40,,,0,34,,204393,40,,,0,70,,204418,40,,,0,30,,204394,40,,,0,71,,204410,40,,,0,31,,204395,40,,,0,72,,204411,40,,,0,30,,204396,40,,,0,69,,204412,40,,,0,30,,204397,40,,,0,69,,204413,40,,,0,30,,204398,40,,,0,70,,204414,40,,,0,30,,204399,40,,,0,70,,204415,40,,,0,28,,204400,40,,,0,70,,204416,40,,,0,29,,204401,40,,,0,70,,204419,40,,,0,30,,204402,40,,,0,68,,204420,40,,,0,32,,204403,40,,,0,66,,204421,40,,,0,31,,204404,40,,,0,99,,204405,40,,,0,99,,204406,40,,,0,111,,204407,40,,,0
666701,'101_merged_15726436',809,,204730,4,,,0
666701,'1_merged_15726439',436,,204758,4,,,0,18,,204798,4,,,0,62,,204731,4,,,0,19,,204732,4,,,0,20,,204733,4,,,0,55,,204734,4,,,0,12,,204735,4,,,0,8,,204736,4,,,0,9,,204737,4,,,0,14,,204802,4,,,0,52,,204803,4,,,0,17,,204738,4,,,0,11,,204739,4,,,0,19,,204740,4,,,0,71,,204741,4,,,0,15,,204742,4,,,0,16,,204743,4,,,0,54,,204801,4,,,0,19,,204759,4,,,0,13,,204760,4,,,0,14,,204797,4,,,0,55,,204744,4,,,0,15,,204745,4,,,0,15,,204746,4,,,0,15,,204747,4,,,0,54,,204748,4,,,0,14,,204749,4,,,0,15,,204750,4,,,0,14,,204800,4,,,0,55,,204761,4,,,0,15,,204762,4,,,0,17,,204796,4,,,0,15,,204751,4,,,0,57,,204752,4,,,0,14,,204753,4,,,0,15,,204754,4,,,0,16,,204755,4,,,0,56,,204756,4,,,0,13,,204757,4,,,0,15,,204799,4,,,0,15,,204763,4,,,0,51,,204764,4,,,0,16,,204795,4,,,0,14,,204765,4,,,0,16,,204766,4,,,0,56,,204767,4,,,0,14,,204768,4,,,0,14,,204769,4,,,0,15,,204770,4,,,0,51,,204771,4,,,0,20,,204772,4,,,0,15,,204794,4,,,0,17,,204779,4,,,0,55,,204791,4,,,0,16,,204792,4,,,0,15,,204773,4,,,0,15,,204774,4,,,0,55,,204775,4,,,0,15,,204776,4,,,0,15,,204777,4,,,0,16,,204778,4,,,0,57,,204793,4,,,0,17,,204780,4,,,0,20,,204790,4,,,0,59,,204781,4,,,0,27,,204782,4,,,0,73,,204783,4,,,0,32,,204784,4,,,0,73,,204785,4,,,0,30,,204786,4,,,0,68,,204787,4,,,0,30,,204788,4,,,0,70,,204789,4,,,0
666701,'201_merged_15726444',809,,204804,4,,,0
666701,'2_merged_15726441',544,,204813,4,,,0,69,,204814,4,,,0,20,,204831,4,,,0,21,,204832,4,,,0,59,,204828,4,,,0,15,,204833,4,,,0,16,,204834,4,,,0,14,,204835,4,,,0,55,,204836,4,,,0,11,,204837,4,,,0,8,,204805,4,,,0,12,,204838,4,,,0,56,,204839,4,,,0,14,,204840,4,,,0,12,,204841,4,,,0,16,,204842,4,,,0,15,,204843,4,,,0,56,,204844,4,,,0,15,,204845,4,,,0,16,,204846,4,,,0,10,,204848,4,,,0,55,,204849,4,,,0,16,,204850,4,,,0,15,,204847,4,,,0,15,,204851,4,,,0,54,,204827,4,,,0,13,,204852,4,,,0,18,,204853,4,,,0,13,,204854,4,,,0,55,,204856,4,,,0,15,,204857,4,,,0,15,,204858,4,,,0,17,,204859,4,,,0,55,,204860,4,,,0,17,,204861,4,,,0,15,,204862,4,,,0,16,,204863,4,,,0,55,,204864,4,,,0,13,,204865,4,,,0,15,,204866,4,,,0,16,,204867,4,,,0,55,,204868,4,,,0,14,,204869,4,,,0,15,,204870,4,,,0,15,,204871,4,,,0,56,,204806,4,,,0,15,,204807,4,,,0,24,,204808,4,,,0,54,,204809,4,,,0,11,,204830,4,,,0,14,,204810,4,,,0,15,,204811,4,,,0,57,,204829,4,,,0,14,,204812,4,,,0,16,,204816,4,,,0,22,,204815,4,,,0,57,,204817,4,,,0,23,,204818,4,,,0,72,,204855,4,,,0,33,,204819,4,,,0,72,,204820,4,,,0,35,,204821,4,,,0,68,,204822,4,,,0,29,,204823,4,,,0,73,,204824,4,,,0,30,,204825,4,,,0,67,,204826,4,,,0
666701,'3_merged_15726440',654,,204887,4,,,0,60,,204888,4,,,0,17,,204873,4,,,0,16,,204889,4,,,0,55,,204890,4,,,0,14,,204886,4,,,0,12,,204872,4,,,0,13,,204891,4,,,0,12,,204892,4,,,0,52,,204893,4,,,0,9,,204894,4,,,0,10,,204895,4,,,0,19,,204896,4,,,0,15,,204897,4,,,0,55,,204898,4,,,0,12,,204899,4,,,0,17,,204900,4,,,0,15,,204901,4,,,0,55,,204902,4,,,0,15,,204881,4,,,0,15,,204882,4,,,0,15,,204883,4,,,0,56,,204903,4,,,0,14,,204904,4,,,0,15,,204905,4,,,0,14,,204906,4,,,0,55,,204907,4,,,0,15,,204908,4,,,0,14,,204909,4,,,0,17,,204910,4,,,0,53,,204911,4,,,0,18,,204912,4,,,0,16,,204880,4,,,0,56,,204913,4,,,0,14,,204914,4,,,0,15,,204915,4,,,0,15,,204916,4,,,0,14,,204917,4,,,0,56,,204918,4,,,0,19,,204919,4,,,0,14,,204920,4,,,0,11,,204921,4,,,0,56,,204922,4,,,0,14,,204923,4,,,0,16,,204924,4,,,0,56,,204925,4,,,0,15,,204885,4,,,0,18,,204926,4,,,0,12,,204927,4,,,0,55,,204884,4,,,0,15,,204928,4,,,0,15,,204929,4,,,0,20,,204930,4,,,0,61,,204931,4,,,0,26,,204932,4,,,0,73,,204933,4,,,0,29,,204874,4,,,0,75,,204875,4,,,0,31,,204876,4,,,0,66,,204877,4,,,0,30,,204878,4,,,0,68,,204879,4,,,0
3003900,'1_merged_15726439',458,,229825,4,,,0,61,,229823,4,,,0,9,,229826,4,,,0,19,,229822,14,,,0,10,,229839,14,,,0,57,,229821,14,,,0,9,,229840,14,,,0,14,,229820,14,,,0,15,,229827,14,,,0,66,,229819,14,,,0,4,,229828,14,,,0,21,,229813,14,,,0,60,,229829,14,,,0,41,,229830,14,,,0,70,,229831,14,,,0,30,,229832,14,,,0,71,,229833,14,,,0,25,,229834,14,,,0,74,,229835,14,,,0,28,,229836,14,,,0,70,,229837,14,,,0,34,,229838,14,,,0,65,,229841,14,,,0,32,,229842,14,,,0,70,,229843,14,,,0,27,,229824,14,,,0,70,,229799,14,,,0,31,,229800,14,,,0,70,,229801,14,,,0,21,,229844,14,,,0,7,,229818,14,,,0,61,,229802,14,,,0,9,,229817,14,,,0,23,,229803,14,,,0,7,,229816,14,,,0,73,,229804,14,,,0,8,,229815,14,,,0,12,,229805,14,,,0,68,,229806,14,,,0,10,,229814,14,,,0,18,,229807,14,,,0,97,,229808,14,,,0,105,,229809,14,,,0,101,,229810,14,,,0,100,,229811,14,,,0,100,,229812,14,,,0
3003900,'2_merged_15726441',646,,229873,4,,,0,70,,229863,14,,,0,31,,229874,14,,,0,70,,229864,14,,,0,29,,229849,14,,,0,70,,229845,14,,,0,29,,229847,14,,,0,68,,229846,14,,,0,32,,229848,14,,,0,68,,229865,14,,,0,29,,229850,14,,,0,70,,229866,14,,,0,30,,229851,14,,,0,70,,229867,14,,,0,30,,229852,14,,,0,70,,229868,14,,,0,30,,229853,14,,,0,70,,229869,14,,,0,30,,229854,14,,,0,70,,229870,14,,,0,28,,229855,14,,,0,70,,229871,14,,,0,32,,229856,14,,,0,70,,229872,14,,,0,30,,229857,14,,,0,86,,229858,14,,,0,103,,229859,14,,,0,100,,229860,14,,,0,101,,229861,14,,,0,102,,229862,14,,,0
3003900,'3_merged_15726440',647,,229881,4,,,0,97,,229882,14,,,0,100,,229883,14,,,0,100,,229884,14,,,0,70,,229893,14,,,0,30,,229885,14,,,0,68,,229894,14,,,0,30,,229886,14,,,0,71,,229895,14,,,0,29,,229887,14,,,0,70,,229896,14,,,0,30,,229888,14,,,0,70,,229897,14,,,0,30,,229889,14,,,0,70,,229898,14,,,0,30,,229890,14,,,0,70,,229899,14,,,0,30,,229891,14,,,0,70,,229900,14,,,0,31,,229892,14,,,0,70,,229901,14,,,0,21,,229875,14,,,0,102,,229876,14,,,0,100,,229877,14,,,0,100,,229878,14,,,0,100,,229879,14,,,0,100,,229880,14,,,0
3004000,'101_merged_15726436',1454,,230007,4,,,0
3004000,'1_merged_15726439',456,,230008,4,,,0,62,,230013,4,,,0,7,,230027,4,,,0,20,,230012,14,,,0,10,,230028,14,,,0,58,,230011,14,,,0,10,,230029,14,,,0,19,,230010,14,,,0,11,,230030,14,,,0,60,,230009,14,,,0,10,,230031,14,,,0,21,,230048,14,,,0,57,,230032,14,,,0,26,,230033,14,,,0,32,,230034,14,,,0,67,,230035,14,,,0,31,,230036,14,,,0,72,,230037,14,,,0,27,,230038,14,,,0,76,,230039,14,,,0,24,,230040,14,,,0,70,,230041,14,,,0,28,,230042,14,,,0,77,,230043,14,,,0,74,,230044,14,,,0,25,,230045,14,,,0,26,,230046,14,,,0,71,,230047,14,,,0,30,,230026,14,,,0,73,,230014,14,,,0,12,,230053,14,,,0,58,,230015,14,,,0,15,,230052,14,,,0,15,,230016,14,,,0,11,,230051,14,,,0,71,,230017,14,,,0,11,,230050,14,,,0,10,,230018,14,,,0,67,,230019,14,,,0,8,,230049,14,,,0,20,,230020,14,,,0,75,,230021,14,,,0,99,,230022,14,,,0,100,,230023,14,,,0,100,,230024,14,,,0,98,,230025,14,,,0
3004000,'2_merged_15726441',602,,230064,4,,,0,30,,230072,4,,,0,70,,230065,14,,,0,30,,230073,14,,,0,70,,230085,14,,,0,30,,230074,14,,,0,69,,230054,14,,,0,29,,230075,14,,,0,29,,230055,14,,,0,69,,230076,14,,,0,30,,230056,14,,,0,70,,230077,14,,,0,30,,230057,14,,,0,70,,230078,14,,,0,30,,230058,14,,,0,69,,230079,14,,,0,31,,230059,14,,,0,70,,230080,14,,,0,30,,230060,14,,,0,70,,230081,14,,,0,30,,230061,14,,,0,70,,230082,14,,,0,29,,230062,14,,,0,70,,230083,14,,,0,30,,230063,14,,,0,70,,230084,14,,,0,31,,230066,14,,,0,100,,230067,14,,,0,100,,230068,14,,,0,142,,230069,14,,,0,100,,230070,14,,,0,100,,230071,14,,,0
3004000,'3_merged_15726440',601,,230104,4,,,0,99,,230086,14,,,0,59,,230087,14,,,0,99,,230088,14,,,0,100,,230089,14,,,0,99,,230090,14,,,0,70,,230105,14,,,0,29,,230091,14,,,0,70,,230106,14,,,0,30,,230092,14,,,0,70,,230107,14,,,0,30,,230093,14,,,0,70,,230108,14,,,0,30,,230094,14,,,0,70,,230109,14,,,0,74,,230095,14,,,0,27,,230110,14,,,0,30,,230096,14,,,0,70,,230111,14,,,0,30,,230097,14,,,0,143,,230098,14,,,0,59,,230099,14,,,0,100,,230100,14,,,0,141,,230101,14,,,0,100,,230102,14,,,0,100,,230103,14,,,0
