670500,'1_merged_15726439',411,,211460,1,0,79 80 8,0,19,,211469,1,0,79 80 8,0,15,,211484,1,0,79 80 8,0,10,,211468,1,0,79 80 8,0,60,,211486,1,0,74 43 8,0,10,,211568,1,0,74 43 8,0,10,,211527,1,0,74 43 8,0,16,,211528,1,0,74 43 8,0,49,,211536,1,0,74 43 8,0,12,,211569,1,0,74 43 8,0,6,,211516,1,0,74 43 8,0,7,,211523,1,0,74 43 8,0,16,,211472,1,0,74 43 8,0,7,,211529,1,0,74 43 8,0,8,,211537,1,0,74 43 8,0,62,,211567,1,0,74 43 8,0,6,,211570,1,0,74 43 8,0,7,,211461,1,0,74 43 8,0,7,,211530,1,0,74 43 8,0,8,,211481,1,0,74 43 8,0,56,,211480,1,0,79 80 8,0,7,,211474,1,0,79 80 8,0,8,,211571,1,0,79 80 8,0,8,,211531,1,0,79 80 8,0,8,,211490,1,0,79 80 8,0,8,,211524,1,0,79 80 8,0,12,,211491,1,0,79 80 8,0,50,,211492,1,0,79 80 8,0,10,,211493,1,0,79 80 8,0,10,,211539,1,0,79 80 8,0,10,,211540,1,0,79 80 8,0,10,,211541,1,0,79 80 8,0,10,,211542,1,0,79 80 8,0,50,,211543,1,0,79 80 8,0,10,,211544,1,0,79 80 8,0,10,,211545,1,0,79 80 8,0,10,,211546,1,0,79 80 8,0,10,,211547,1,0,79 80 8,0,10,,211548,1,0,79 80 8,0,50,,211549,1,0,79 80 8,0,10,,211550,1,0,79 80 8,0,9,,211551,1,0,79 80 8,0,10,,211552,1,0,79 80 8,0,10,,211553,1,0,79 80 8,0,9,,211554,1,0,79 80 8,0,51,,211555,1,0,79 80 8,0,11,,211556,1,0,79 80 8,0,10,,211557,1,0,79 80 8,0,10,,211558,1,0,79 80 8,0,10,,211559,1,0,79 80 8,0,10,,211560,1,0,79 80 8,0,50,,211561,1,0,79 80 8,0,10,,211562,1,0,79 80 8,0,10,,211563,1,0,79 80 8,0,10,,211564,1,0,79 80 8,0,10,,211565,1,0,79 80 8,0,7,,211566,1,0,79 80 8,0,54,,211494,1,0,74 43 8,0,10,,211495,1,0,74 43 8,0,4,,211525,1,0,74 43 8,0,10,,211534,1,0,74 43 8,0,8,,211517,1,0,74 43 8,0,9,,211496,1,0,74 43 8,0,11,,211497,1,0,74 43 8,0,50,,211498,1,0,74 43 8,0,10,,211535,1,0,74 43 8,0,10,,211499,1,0,74 43 8,0,11,,211518,1,0,74 43 8,0,11,,211500,1,0,74 43 8,0,10,,211501,1,0,74 43 8,0,50,,211502,1,0,74 43 8,0,10,,211503,1,0,74 43 8,0,10,,211532,1,0,74 43 8,0,10,,211519,1,0,74 43 8,0,10,,211504,1,0,74 43 8,0,10,,211505,1,0,74 43 8,0,50,,211506,1,0,74 43 8,0,12,,211533,1,0,74 43 8,0,10,,211507,1,0,74 43 8,0,10,,211520,1,0,74 43 8,0,13,,211508,1,0,74 43 8,0,52,,211509,1,0,74 43 8,0,12,,211510,1,0,79 80 8,0,13,,211511,1,0,79 80 8,0,12,,211512,1,0,79 80 8,0,15,,211513,1,0,79 80 8,0,55,,211476,1,0,79 80 8,0,15,,211458,1,0,79 80 8,0,14,,211463,1,0,79 80 8,0,14,,211459,1,0,79 80 8,0,54,,211482,1,0,79 80 8,0,19,,211470,1,0,79 80 8,0,17,,211521,1,0,79 80 8,0,60,,211464,1,0,79 80 8,0,38,,211487,1,0,79 80 8,0,116,,211471,1,0,79 80 8,0,92,,211473,1,0,79 80 8,0,157,,211465,1,0,79 80 8,0
670500,'2_merged_15726441',517,,211676,1,0,79 80 8,0,5,,211581,1,0,79 80 8,0,9,,211601,1,0,79 80 8,0,10,,211618,1,0,79 80 8,0,9,,211588,1,0,79 80 8,0,8,,211580,1,0,79 80 8,0,49,,211625,1,0,79 80 8,0,9,,211677,1,0,79 80 8,0,8,,211572,1,0,79 80 8,0,16,,211633,1,0,79 80 8,0,8,,211623,1,0,79 80 8,0,8,,211678,1,0,79 80 8,0,47,,211626,1,0,79 80 8,0,8,,211615,1,0,79 80 8,0,20,,211634,1,0,79 80 8,0,20,,211579,1,0,79 80 8,0,50,,211627,1,0,79 80 8,0,11,,211613,1,0,79 80 8,0,22,,211611,1,0,79 80 8,0,12,,211628,1,0,79 80 8,0,12,,211577,1,0,79 80 8,0,64,,211583,1,0,79 80 8,0,11,,211599,1,0,79 80 8,0,12,,211629,1,0,79 80 8,0,12,,211598,1,0,79 80 8,0,52,,211582,1,0,79 80 8,0,12,,211576,1,0,79 80 8,0,11,,211597,1,0,79 80 8,0,12,,211630,1,0,79 80 8,0,11,,211603,1,0,79 80 8,0,52,,211593,1,0,79 80 8,0,11,,211602,1,0,79 80 8,0,11,,211631,1,0,79 80 8,0,11,,211584,1,0,79 80 8,0,11,,211589,1,0,79 80 8,0,50,,211590,1,0,79 80 8,0,10,,211638,1,0,79 80 8,0,10,,211639,1,0,79 80 8,0,10,,211640,1,0,79 80 8,0,10,,211641,1,0,79 80 8,0,10,,211642,1,0,79 80 8,0,49,,211643,1,0,79 80 8,0,10,,211644,1,0,79 80 8,0,10,,211645,1,0,79 80 8,0,9,,211646,1,0,79 80 8,0,10,,211647,1,0,79 80 8,0,10,,211648,1,0,79 80 8,0,9,,211649,1,0,79 80 8,0,50,,211650,1,0,79 80 8,0,10,,211651,1,0,79 80 8,0,10,,211652,1,0,79 80 8,0,10,,211653,1,0,79 80 8,0,10,,211654,1,0,79 80 8,0,10,,211655,1,0,79 80 8,0,50,,211656,1,0,79 80 8,0,10,,211657,1,0,79 80 8,0,10,,211658,1,0,79 80 8,0,10,,211659,1,0,79 80 8,0,10,,211660,1,0,79 80 8,0,10,,211661,1,0,79 80 8,0,50,,211662,1,0,79 80 8,0,10,,211663,1,0,79 80 8,0,10,,211664,1,0,79 80 8,0,10,,211665,1,0,79 80 8,0,10,,211666,1,0,79 80 8,0,52,,211667,1,0,79 80 8,0,10,,211668,1,0,79 80 8,0,10,,211669,1,0,79 80 8,0,10,,211670,1,0,79 80 8,0,10,,211671,1,0,79 80 8,0,10,,211672,1,0,79 80 8,0,50,,211673,1,0,79 80 8,0,10,,211632,1,0,79 80 8,0,10,,211674,1,0,79 80 8,0,11,,211585,1,0,79 80 8,0,10,,211596,1,0,79 80 8,0,10,,211635,1,0,79 80 8,0,53,,211616,1,0,79 80 8,0,12,,211595,1,0,79 80 8,0,14,,211573,1,0,79 80 8,0,12,,211609,1,0,79 80 8,0,14,,211617,1,0,79 80 8,0,54,,211636,1,0,79 80 8,0,22,,211600,1,0,79 80 8,0,11,,211608,1,0,79 80 8,0,12,,211592,1,0,79 80 8,0,53,,211637,1,0,79 80 8,0,24,,211619,1,0,79 80 8,0,12,,211607,1,0,79 80 8,0,65,,211675,1,0,79 80 8,0,15,,211620,1,0,79 80 8,0,16,,211612,1,0,79 80 8,0,62,,211621,1,0,79 80 8,0,22,,211624,1,0,79 80 8,0,23,,211606,1,0,79 80 8,0,72,,211605,1,0,79 80 8,0
670500,'3_merged_15726440',537,,211690,1,0,79 80 8,0,19,,211684,1,0,6 7 8,0,52,,211689,1,0,79 80 8,0,12,,211754,1,0,79 80 8,0,12,,211755,1,0,79 80 8,0,12,,211688,1,0,79 80 8,0,12,,211687,1,0,79 80 8,0,50,,211686,1,0,79 80 8,0,12,,211762,1,0,79 80 8,0,12,,211713,1,0,79 80 8,0,12,,211691,1,0,79 80 8,0,15,,211697,1,0,79 80 8,0,55,,211685,1,0,79 80 8,0,15,,211696,1,0,79 80 8,0,14,,211695,1,0,79 80 8,0,67,,211763,1,0,79 80 8,0,13,,211706,1,0,79 80 8,0,13,,211694,1,0,79 80 8,0,23,,211712,1,0,79 80 8,0,52,,211710,1,0,79 80 8,0,15,,211709,1,0,79 80 8,0,15,,211708,1,0,79 80 8,0,15,,211707,1,0,79 80 8,0,54,,211693,1,0,79 80 8,0,12,,211756,1,0,79 80 8,0,12,,211692,1,0,79 80 8,0,12,,211702,1,0,79 80 8,0,12,,211683,1,0,79 80 8,0,52,,211682,1,0,79 80 8,0,12,,211757,1,0,79 80 8,0,11,,211681,1,0,79 80 8,0,12,,211680,1,0,79 80 8,0,12,,211716,1,0,79 80 8,0,52,,211758,1,0,79 80 8,0,12,,211717,1,0,79 80 8,0,12,,211718,1,0,79 80 8,0,12,,211719,1,0,79 80 8,0,10,,211749,1,0,79 80 8,0,50,,211720,1,0,79 80 8,0,10,,211764,1,0,79 80 8,0,10,,211721,1,0,79 80 8,0,10,,211722,1,0,79 80 8,0,10,,211723,1,0,79 80 8,0,10,,211765,1,0,79 80 8,0,50,,211750,1,0,79 80 8,0,10,,211724,1,0,79 80 8,0,10,,211725,1,0,79 80 8,0,10,,211726,1,0,79 80 8,0,10,,211727,1,0,79 80 8,0,10,,211751,1,0,79 80 8,0,50,,211728,1,0,79 80 8,0,10,,211766,1,0,79 80 8,0,10,,211729,1,0,79 80 8,0,10,,211730,1,0,79 80 8,0,10,,211731,1,0,79 80 8,0,10,,211752,1,0,79 80 8,0,50,,211732,1,0,79 80 8,0,10,,211767,1,0,79 80 8,0,10,,211733,1,0,79 80 8,0,10,,211734,1,0,79 80 8,0,9,,211735,1,0,79 80 8,0,11,,211759,1,0,79 80 8,0,52,,211736,1,0,79 80 8,0,12,,211737,1,0,79 80 8,0,12,,211738,1,0,79 80 8,0,12,,211739,1,0,79 80 8,0,12,,211760,1,0,79 80 8,0,52,,211740,1,0,79 80 8,0,12,,211741,1,0,79 80 8,0,13,,211761,1,0,79 80 8,0,13,,211742,1,0,79 80 8,0,57,,211743,1,0,79 80 8,0,16,,211744,1,0,79 80 8,0,29,,211746,1,0,79 80 8,0,14,,211748,1,0,79 80 8,0,54,,211714,1,0,79 80 8,0,31,,211747,1,0,79 80 8,0,15,,211704,1,0,79 80 8,0,60,,211715,1,0,79 80 8,0,81,,211701,1,0,79 80 8,0,53,,211699,1,0,79 80 8,0
670501,'1_merged_15726439',600,,211769,51,4,,0,20,,211875,51,4,,0,10,,211772,51,4,,0,70,,211771,51,4,,0,10,,211876,51,4,,0,9,,211879,51,4,,0,20,,211774,57,4,,0,9,,211783,57,4,,0,9,,211795,57,4,,0,49,,211878,57,4,,0,10,,211796,57,4,,0,10,,211828,57,4,,0,10,,211829,57,4,,0,10,,211797,57,4,,0,10,,211831,57,4,,0,50,,211798,57,4,,0,10,,211830,57,4,,0,10,,211799,57,4,,0,9,,211800,57,4,,0,10,,211832,57,4,,0,10,,211838,57,4,,0,50,,211801,57,4,,0,10,,211839,51,4,,0,10,,211840,51,4,,0,10,,211841,51,4,,0,10,,211842,51,4,,0,10,,211843,51,4,,0,50,,211844,51,4,,0,10,,211845,51,4,,0,10,,211846,51,4,,0,11,,211847,51,4,,0,10,,211848,51,4,,0,10,,211849,51,4,,0,50,,211850,51,4,,0,10,,211851,51,4,,0,10,,211852,51,4,,0,10,,211853,51,4,,0,10,,211854,51,4,,0,10,,211855,51,4,,0,51,,211856,51,4,,0,10,,211857,51,4,,0,10,,211858,51,4,,0,11,,211859,51,4,,0,10,,211860,51,4,,0,10,,211861,51,4,,0,51,,211862,51,4,,0,10,,211863,51,4,,0,10,,211864,51,4,,0,11,,211865,51,4,,0,10,,211866,51,4,,0,50,,211867,51,4,,0,11,,211868,51,4,,0,10,,211869,51,4,,0,10,,211870,51,4,,0,11,,211871,51,4,,0,10,,211823,51,4,,0,50,,211802,51,4,,0,10,,211833,51,4,,0,10,,211803,51,4,,0,10,,211804,57,4,,0,11,,211805,57,4,,0,10,,211824,57,4,,0,50,,211806,57,4,,0,10,,211834,57,4,,0,10,,211807,57,4,,0,9,,211808,57,4,,0,7,,211880,57,4,,0,7,,211825,57,4,,0,7,,211809,57,4,,0,47,,211881,57,4,,0,7,,211810,57,4,,0,5,,211835,57,4,,0,9,,211811,57,4,,0,6,,211882,57,4,,0,7,,211812,57,4,,0,4,,211883,57,4,,0,6,,211813,57,4,,0,6,,211826,57,4,,0,7,,211884,57,4,,0,49,,211814,57,4,,0,7,,211815,57,4,,0,8,,211885,57,4,,0,10,,211816,57,4,,0,8,,211817,57,4,,0,9,,211818,57,4,,0,7,,211886,57,4,,0,48,,211776,57,4,,0,9,,211872,51,4,,0,9,,211820,51,4,,0,11,,211781,51,4,,0,12,,211777,51,4,,0,11,,211782,51,4,,0,61,,211778,51,4,,0,25,,211873,51,4,,0,64,,211827,51,4,,0,24,,211874,51,4,,0,15,,211780,51,4,,0,83,,211768,51,4,,0,15,,211836,51,4,,0,99,,211775,51,4,,0,60,,211786,51,4,,0,50,,211788,51,4,,0,89,,211789,51,4,,0
670501,'2_merged_15726441',553,,211889,32,4,,0,66,,211901,32,4,,0,13,,211927,51,4,,0,10,,211939,32,4,,0,10,,211947,32,4,,0,70,,211925,51,4,,0,11,,211902,51,4,,0,11,,211941,51,4,,0,63,,211948,51,4,,0,11,,211900,51,4,,0,11,,211942,51,4,,0,22,,211904,51,4,,0,52,,211926,51,4,,0,12,,211903,51,4,,0,12,,211943,51,4,,0,13,,211928,51,4,,0,12,,211908,51,4,,0,52,,211930,51,4,,0,12,,211891,51,4,,0,12,,211944,51,4,,0,12,,211897,51,4,,0,12,,211887,51,4,,0,52,,211921,51,4,,0,12,,211909,51,4,,0,12,,211945,51,4,,0,12,,211931,51,4,,0,12,,211896,51,4,,0,52,,211954,51,4,,0,11,,211955,51,4,,0,10,,211956,51,4,,0,10,,211957,51,4,,0,10,,211958,51,4,,0,10,,211959,51,4,,0,50,,211960,51,4,,0,10,,211961,51,4,,0,9,,211962,51,4,,0,9,,211963,51,4,,0,9,,211964,51,4,,0,10,,211965,51,4,,0,50,,211966,51,4,,0,10,,211967,51,4,,0,10,,211968,51,4,,0,10,,211969,51,4,,0,10,,211970,51,4,,0,10,,211971,51,4,,0,50,,211972,51,4,,0,10,,211973,51,4,,0,10,,211974,51,4,,0,10,,211975,51,4,,0,10,,211976,51,4,,0,10,,211977,51,4,,0,50,,211978,51,4,,0,10,,211979,51,4,,0,10,,211980,51,4,,0,10,,211981,51,4,,0,10,,211982,51,4,,0,10,,211983,51,4,,0,51,,211984,51,4,,0,10,,211985,51,4,,0,10,,211986,51,4,,0,10,,211987,51,4,,0,9,,211988,51,4,,0,10,,211989,51,4,,0,50,,211990,51,4,,0,9,,211915,51,4,,0,10,,211905,51,4,,0,10,,211991,51,4,,0,10,,211949,51,4,,0,10,,211932,51,4,,0,51,,211919,51,4,,0,8,,211992,51,4,,0,10,,211899,51,4,,0,10,,211933,51,4,,0,10,,211907,51,4,,0,60,,211934,51,4,,0,10,,211922,51,4,,0,10,,211993,51,4,,0,10,,211898,51,4,,0,9,,211951,51,4,,0,61,,211918,51,4,,0,11,,211910,51,4,,0,13,,211892,51,4,,0,23,,211890,51,4,,0,12,,211935,51,4,,0,52,,211913,51,4,,0,13,,211929,51,4,,0,12,,211912,51,4,,0,13,,211953,51,4,,0,53,,211994,51,4,,0,13,,211895,51,4,,0,26,,211916,51,4,,0,60,,211938,51,4,,0,22,,211917,51,4,,0,21,,211920,51,4,,0,63,,211940,51,4,,0,129,,211894,51,4,,0
670501,'3_merged_15726440',550,,212033,51,4,,0,62,,212011,51,4,,0,16,,212034,51,4,,0,16,,212073,51,4,,0,15,,212003,51,4,,0,55,,212009,51,4,,0,15,,212035,51,4,,0,15,,212013,51,4,,0,15,,212001,51,4,,0,53,,212008,51,4,,0,11,,212002,58,4,,0,25,,212006,51,4,,0,53,,212081,51,4,,0,13,,212005,51,4,,0,29,,211998,51,4,,0,15,,212012,51,4,,0,55,,212023,51,4,,0,15,,212022,51,4,,0,16,,212021,51,4,,0,15,,212020,51,4,,0,56,,212032,51,4,,0,16,,212031,51,4,,0,15,,212030,51,4,,0,55,,212029,51,4,,0,15,,212028,51,4,,0,15,,212027,51,4,,0,15,,212026,51,4,,0,12,,212025,51,4,,0,52,,212074,51,4,,0,12,,212024,51,4,,0,12,,212016,51,4,,0,13,,212015,51,4,,0,53,,212068,51,4,,0,12,,212014,51,4,,0,12,,212036,51,4,,0,12,,212037,51,4,,0,12,,212038,51,4,,0,52,,212069,51,4,,0,12,,212039,51,4,,0,12,,212040,51,4,,0,12,,212041,51,4,,0,10,,212042,51,4,,0,10,,212070,51,4,,0,50,,212043,51,4,,0,10,,212044,51,4,,0,10,,212082,51,4,,0,10,,212045,51,4,,0,10,,212046,51,4,,0,10,,212071,51,4,,0,50,,212083,51,4,,0,10,,212047,51,4,,0,10,,212048,51,4,,0,10,,212049,51,4,,0,12,,212050,51,4,,0,11,,212075,51,4,,0,52,,212051,51,4,,0,12,,212052,51,4,,0,11,,212053,51,4,,0,12,,212054,51,4,,0,12,,212076,51,4,,0,52,,212055,51,4,,0,12,,212056,51,4,,0,12,,212057,51,4,,0,12,,212077,51,4,,0,62,,212059,51,4,,0,11,,212060,51,4,,0,10,,212061,51,4,,0,10,,212084,51,4,,0,61,,212063,51,4,,0,9,,212064,51,4,,0,11,,212079,51,4,,0,12,,212065,51,4,,0,15,,212066,51,4,,0,55,,212067,51,4,,0,29,,212004,51,4,,0,15,,212018,51,4,,0,71,,212017,51,4,,0,15,,212078,51,4,,0,16,,211997,51,4,,0,83,,211996,51,4,,0,24,,211995,51,4,,0,76,,212000,51,4,,0
671400,'101_merged_15726436',617,,214189,1,,,0
671400,'1_merged_15726439',452,,214204,1,,,0,51,,214238,1,,,0,11,,214228,1,,,0,11,,214202,1,,,0,10,,214239,1,,,0,11,,214223,1,,,0,10,,214229,1,,,0,51,,214231,1,,,0,20,,214241,1,,,0,10,,214230,1,,,0,12,,214195,1,,,0,52,,214232,1,,,0,12,,214196,1,,,0,12,,214240,1,,,0,12,,214205,1,,,0,13,,214227,1,,,0,55,,214197,1,,,0,15,,214233,1,,,0,15,,214198,1,,,0,20,,214206,1,,,0,60,,214207,1,,,0,20,,214222,1,,,0,20,,214208,1,,,0,60,,214209,1,,,0,20,,214234,1,,,0,20,,214210,1,,,0,60,,214242,1,,,0,20,,214190,1,,,0,70,,214211,1,,,0,30,,214212,1,,,0,70,,214213,1,,,0,30,,214214,1,,,0,70,,214215,1,,,0,30,,214216,1,,,0,23,,214217,1,,,0,60,,214224,1,,,0,20,,214203,1,,,0,20,,214199,1,,,0,58,,214225,1,,,0,18,,214200,1,,,0,14,,214235,1,,,0,55,,214201,1,,,0,15,,214226,1,,,0,16,,214236,1,,,0,15,,214218,1,,,0,55,,214220,1,,,0,15,,214219,1,,,0,22,,214237,1,,,0,62,,214221,1,,,0,26,,214191,1,,,0,27,,214192,1,,,0,64,,214193,1,,,0
671400,'201_merged_15726444',617,,214243,1,,,0
671401,'1_merged_15726439',639,,214251,40,4,,0,12,,214291,40,4,,0,52,,214281,40,4,,0,12,,214283,40,4,,0,15,,214284,40,4,,0,15,,214282,40,4,,0,59,,214250,40,4,,0,15,,214256,40,4,,0,16,,214279,40,4,,0,15,,214257,40,4,,0,72,,214259,40,4,,0,82,,214261,40,4,,0,638,,214293,40,4,,0,15,,214285,40,4,,0,56,,214276,40,4,,0,16,,214249,40,4,,0,15,,214272,40,4,,0,15,,214286,40,4,,0,55,,214277,40,4,,0,12,,214295,40,4,,0,6,,214270,40,4,,0,10,,214296,40,4,,0,10,,214288,40,4,,0,6,,214287,40,4,,0,52,,214278,40,4,,0,13,,214274,40,4,,0,13,,214294,40,4,,0,15,,214289,40,4,,0,55,,214275,40,4,,0,18,,214273,40,4,,0,20,,214247,40,4,,0,59,,214292,40,4,,0,20,,214244,40,4,,0,22,,214246,40,4,,0,60,,214245,40,4,,0
1870501,'1_merged_15726439',906,,227517,53,4,,0,20,,227493,53,4,,0,19,,227494,53,4,,0,80,,227495,53,4,,0,20,,227496,53,4,,0,60,,227526,53,4,,0,20,,227497,53,4,,0,25,,227498,53,4,,0,72,,227511,53,4,,0,31,,227499,53,4,,0,70,,227487,53,4,,0,30,,227500,53,4,,0,71,,227501,53,4,,0,89,,227523,53,4,,0,17,,227503,53,4,,0,23,,227504,53,4,,0,56,,227519,53,4,,0,17,,227505,53,4,,0
