3181600,'1_merged_15727750',615,,234226,37,4,,0,31,,234227,37,4,,0,73,,234228,37,4,,0,32,,234229,37,4,,0,70,,234230,37,4,,0,30,,234206,37,4,,0,70,,234207,37,4,,0,31,,234208,37,4,,0,70,,234231,37,4,,0,30,,234232,37,4,,0,73,,234209,37,4,,0,29,,234210,37,4,,0,71,,234211,37,4,,0,31,,234212,37,4,,0,70,,234213,37,4,,0,30,,234214,37,4,,0,70,,234215,37,4,,0,33,,234216,37,4,,0,70,,234217,37,4,,0,28,,234218,37,4,,0,70,,234219,37,4,,0,31,,234220,37,4,,0,69,,234221,37,4,,0,28,,234222,37,4,,0,69,,234223,37,4,,0,30,,234224,37,4,,0,69,,234225,37,4,,0
3181600,'2_merged_15727752',754,,234233,37,4,,0,97,,234234,37,4,,0,100,,234235,37,4,,0,104,,234236,37,4,,0,99,,234237,37,4,,0,101,,234238,37,4,,0,100,,234239,37,4,,0,100,,234240,37,4,,0,100,,234241,37,4,,0,101,,234242,37,4,,0,99,,234243,37,4,,0,99,,234244,37,4,,0,100,,234245,37,4,,0,101,,234246,37,4,,0,100,,234247,37,4,,0
3181600,'3_merged_15727751',856,,234254,37,4,,0,100,,234255,37,4,,0,100,,234256,37,4,,0,100,,234257,37,4,,0,100,,234258,37,4,,0,100,,234248,37,4,,0,100,,234249,37,4,,0,101,,234250,37,4,,0,98,,234251,37,4,,0,100,,234252,37,4,,0,100,,234253,37,4,,0
3181601,'1_merged_15727750',635,,234274,1,,,0,70,,234275,1,,,0,30,,234276,1,,,0,70,,234277,1,,,0,30,,234278,1,,,0,70,,234279,1,,,0,30,,234280,1,,,0,70,,234281,1,,,0,30,,234282,1,,,0,70,,234283,1,,,0,30,,234284,1,,,0,70,,234285,1,,,0,30,,234259,1,,,0,69,,234260,1,,,0,30,,234261,1,,,0,70,,234262,1,,,0,31,,234263,1,,,0,71,,234264,1,,,0,30,,234265,1,,,0,70,,234266,1,,,0,30,,234267,1,,,0,69,,234268,1,,,0,30,,234269,1,,,0,70,,234270,1,,,0,30,,234271,1,,,0,70,,234272,1,,,0,30,,234273,1,,,0
3181601,'2_merged_15727752',806,,234288,1,,,0,100,,234289,1,,,0,98,,234290,1,,,0,100,,234291,1,,,0,101,,234292,1,,,0,102,,234293,1,,,0,96,,234294,1,,,0,99,,234295,1,,,0,102,,234286,1,,,0,101,,234287,1,,,0,100,,234296,1,,,0,101,,234297,1,,,0,100,,234298,1,,,0
3181601,'3_merged_15727751',806,,234299,1,,,0,100,,234300,1,,,0,99,,234301,1,,,0,101,,234302,1,,,0,100,,234303,1,,,0,100,,234304,1,,,0,98,,234305,1,,,0,101,,234306,1,,,0,100,,234307,1,,,0,100,,234308,1,,,0,101,,234309,1,,,0,101,,234310,1,,,0
3181700,'1_merged_15727750',522,,234338,39,,,0,30,,234311,39,,,0,70,,234312,39,,,0,31,,234313,39,,,0,62,,234314,39,,,0,33,,234315,39,,,0,70,,234316,39,,,0,31,,234317,39,,,0,70,,234318,39,,,0,30,,234319,39,,,0,70,,234320,39,,,0,30,,234321,39,,,0,70,,234322,39,,,0,32,,234323,39,,,0,70,,234324,39,,,0,30,,234325,39,,,0,70,,234326,39,,,0,29,,234327,39,,,0,70,,234328,39,,,0,32,,234329,39,,,0,71,,234330,39,,,0,31,,234331,39,,,0,68,,234332,39,,,0,30,,234333,39,,,0,68,,234334,39,,,0,27,,234335,39,,,0,70,,234336,39,,,0,30,,234337,39,,,0,71,,234339,39,,,0
3181700,'2_merged_15727752',747,,234342,39,,,0,98,,234343,39,,,0,100,,234344,39,,,0,100,,234345,39,,,0,99,,234346,39,,,0,102,,234347,39,,,0,102,,234348,39,,,0,97,,234349,39,,,0,102,,234350,39,,,0,103,,234351,39,,,0,100,,234352,39,,,0,100,,234340,39,,,0,100,,234341,39,,,0,100,,234353,39,,,0
3181700,'3_merged_15727751',845,,234354,39,,,0,102,,234355,39,,,0,100,,234356,39,,,0,101,,234357,39,,,0,100,,234358,39,,,0,99,,234359,39,,,0,103,,234360,39,,,0,98,,234361,39,,,0,101,,234362,39,,,0,100,,234363,39,,,0,100,,234364,39,,,0
3181900,'1_merged_15727750',530,,234615,1,,,0,70,,234616,1,,,0,30,,234617,1,,,0,70,,234618,1,,,0,30,,234619,1,,,0,70,,234620,1,,,0,30,,234621,1,,,0,70,,234622,1,,,0,30,,234623,1,,,0,70,,234624,1,,,0,30,,234625,1,,,0,70,,234626,1,,,0,30,,234627,1,,,0,70,,234628,1,,,0,30,,234629,1,,,0,70,,234630,1,,,0,30,,234631,1,,,0,70,,234632,1,,,0,30,,234633,1,,,0,70,,234634,1,,,0,30,,234635,1,,,0,70,,234601,1,,,0,30,,234602,1,,,0,70,,234603,1,,,0,30,,234604,1,,,0,70,,234605,1,,,0,30,,234606,1,,,0,70,,234607,1,,,0,30,,234608,1,,,0,70,,234613,1,,,0,30,,234609,1,,,0,70,,234612,1,,,0,30,,234610,1,,,0,70,,234614,1,,,0,30,,234611,1,,,0,70,,234636,1,,,0
3181900,'2_merged_15727752',700,,234637,1,,,0,30,,234651,1,,,0,70,,234667,1,,,0,30,,234652,1,,,0,70,,234668,1,,,0,30,,234653,1,,,0,70,,234638,1,,,0,30,,234654,1,,,0,70,,234639,1,,,0,30,,234655,1,,,0,70,,234640,1,,,0,30,,234656,1,,,0,70,,234641,1,,,0,30,,234657,1,,,0,70,,234642,1,,,0,30,,234658,1,,,0,70,,234643,1,,,0,30,,234659,1,,,0,72,,234644,1,,,0,28,,234660,1,,,0,70,,234645,1,,,0,30,,234661,1,,,0,70,,234646,1,,,0,30,,234662,1,,,0,25,,234647,1,,,0,70,,234663,1,,,0,75,,234648,1,,,0,30,,234664,1,,,0,70,,234649,1,,,0,30,,234665,1,,,0,70,,234650,1,,,0,30,,234666,1,,,0,70,,234669,1,,,0
3181900,'3_merged_15727751',700,,234673,1,,,0,30,,234686,1,,,0,70,,234674,1,,,0,30,,234687,1,,,0,70,,234675,1,,,0,30,,234688,1,,,0,70,,234676,1,,,0,30,,234689,1,,,0,70,,234677,1,,,0,30,,234690,1,,,0,70,,234678,1,,,0,30,,234670,1,,,0,70,,234679,1,,,0,30,,234672,1,,,0,70,,234680,1,,,0,30,,234671,1,,,0,70,,234681,1,,,0,30,,234691,1,,,0,70,,234682,1,,,0,30,,234692,1,,,0,70,,234683,1,,,0,30,,234693,1,,,0,70,,234684,1,,,0,30,,234694,1,,,0,70,,234685,1,,,0,30,,234695,1,,,0,70,,234699,1,,,0,30,,234696,1,,,0,70,,234697,1,,,0,30,,234698,1,,,0,70,,234700,1,,,0,100,,234701,1,,,0
3181901,'1_merged_15727750',644,,234718,36,4,,0,70,,234719,36,4,,0,30,,234720,36,4,,0,70,,234721,36,4,,0,32,,234722,36,4,,0,70,,234723,36,4,,0,30,,234724,36,4,,0,70,,234725,36,4,,0,30,,234726,36,4,,0,70,,234727,36,4,,0,30,,234728,36,4,,0,71,,234729,36,4,,0,30,,234730,36,4,,0,70,,234731,36,4,,0,30,,234732,36,4,,0,72,,234733,36,4,,0,30,,234734,36,4,,0,69,,234735,36,4,,0,30,,234736,36,4,,0,70,,234702,36,4,,0,30,,234703,36,4,,0,72,,234704,36,4,,0,26,,234705,36,4,,0,70,,234706,36,4,,0,30,,234707,36,4,,0,68,,234708,36,4,,0,28,,234709,36,4,,0,70,,234710,36,4,,0,11,,234711,36,4,,0,28,,234716,36,4,,0,74,,234712,36,4,,0,24,,234715,36,4,,0,70,,234713,36,4,,0,29,,234717,36,4,,0,70,,234714,36,4,,0,30,,234737,36,4,,0
3181901,'2_merged_15727752',807,,234769,36,4,,0,29,,234753,36,4,,0,70,,234739,36,4,,0,33,,234754,36,4,,0,70,,234740,36,4,,0,30,,234755,36,4,,0,70,,234741,36,4,,0,30,,234756,36,4,,0,70,,234742,36,4,,0,33,,234757,36,4,,0,71,,234743,36,4,,0,30,,234758,36,4,,0,70,,234744,36,4,,0,30,,234759,36,4,,0,70,,234745,36,4,,0,30,,234760,36,4,,0,70,,234746,36,4,,0,30,,234761,36,4,,0,70,,234747,36,4,,0,30,,234762,36,4,,0,67,,234748,36,4,,0,28,,234763,36,4,,0,69,,234738,36,4,,0,25,,234764,36,4,,0,22,,234749,36,4,,0,70,,234765,36,4,,0,31,,234750,36,4,,0,69,,234766,36,4,,0,30,,234751,36,4,,0,70,,234767,36,4,,0,30,,234752,36,4,,0,70,,234768,36,4,,0,30,,234770,36,4,,0
3181901,'3_merged_15727751',807,,234794,36,4,,0,30,,234775,36,4,,0,70,,234795,36,4,,0,31,,234776,36,4,,0,70,,234796,36,4,,0,31,,234777,36,4,,0,70,,234797,36,4,,0,32,,234778,36,4,,0,70,,234793,36,4,,0,30,,234779,36,4,,0,71,,234798,36,4,,0,30,,234780,36,4,,0,70,,234799,36,4,,0,30,,234781,36,4,,0,70,,234800,36,4,,0,30,,234782,36,4,,0,70,,234792,36,4,,0,30,,234783,36,4,,0,69,,234771,36,4,,0,29,,234784,36,4,,0,70,,234772,36,4,,0,28,,234785,36,4,,0,70,,234773,36,4,,0,30,,234786,36,4,,0,70,,234774,36,4,,0,30,,234787,36,4,,0,70,,234791,36,4,,0,29,,234789,36,4,,0,70,,234788,36,4,,0,30,,234790,36,4,,0,70,,234801,36,4,,0,100,,234802,36,4,,0
