671600,'1',450,,216018,23,,,0,70,,216019,23,,,0,28,,216020,23,,,0,62,,216021,23,,,0,19,,216022,23,,,0,20,,216023,23,,,0,60,,216024,23,,,0,30,,216025,23,,,0,73,,216026,23,,,0,30,,216027,23,,,0,73,,216028,23,,,0
675400,'101',1514,,220857,5,0,32,0
675401,'101',802,,220858,38,0,32,0
3181600,'1',559,,234226,11,,,0,71,,234227,11,,,0,73,,234228,11,,,0,31,,234229,11,,,0,69,,234230,11,,,0,30,,234206,11,,,0,70,,234207,11,,,0,31,,234208,11,,,0,70,,234231,11,,,0,30,,234232,11,,,0,71,,234209,11,,,0,30,,234210,11,,,0,71,,234211,11,,,0,31,,234212,11,,,0,70,,234213,11,,,0,30,,234214,11,,,0,70,,234215,11,,,0,31,,234216,11,,,0,71,,234217,11,,,0,29,,234218,11,,,0,70,,234219,11,,,0,31,,234220,11,,,0,69,,234221,11,,,0,28,,234222,11,,,0,70,,234223,11,,,0,30,,234224,11,,,0,70,,234225,11,,,0
3181600,'2',737,,234233,11,,,0,95,,234234,11,,,0,100,,234235,11,,,0,104,,234236,11,,,0,99,,234237,11,,,0,100,,234238,11,,,0,101,,234239,11,,,0,100,,234240,11,,,0,100,,234241,11,,,0,101,,234242,11,,,0,99,,234243,11,,,0,99,,234244,11,,,0,100,,234245,11,,,0,101,,234246,11,,,0,100,,234247,11,,,0
3181600,'3',837,,234254,11,,,0,100,,234255,11,,,0,100,,234256,11,,,0,100,,234257,11,,,0,100,,234258,11,,,0,100,,234248,11,,,0,100,,234249,11,,,0,100,,234250,11,,,0,100,,234251,11,,,0,100,,234252,11,,,0,100,,234253,11,,,0
3181601,'1',649,,234274,24,,,0,71,,234275,24,,,0,30,,234276,24,,,0,71,,234277,24,,,0,30,,234278,24,,,0,70,,234279,24,,,0,30,,234280,24,,,0,70,,234281,24,,,0,30,,234282,24,,,0,71,,234283,24,,,0,30,,234284,24,,,0,70,,234285,24,,,0,30,,234259,24,,,0,69,,234260,24,,,0,30,,234261,24,,,0,71,,234262,24,,,0,31,,234263,24,,,0,71,,234264,24,,,0,29,,234265,24,,,0,70,,234266,24,,,0,30,,234267,24,,,0,67,,234268,24,,,0,30,,234269,24,,,0,70,,234270,24,,,0,30,,234271,24,,,0,69,,234272,24,,,0,28,,234273,24,,,0
3181601,'2',820,,234288,24,,,0,100,,234289,24,,,0,98,,234290,24,,,0,100,,234291,24,,,0,102,,234292,24,,,0,102,,234293,24,,,0,96,,234294,24,,,0,99,,234295,24,,,0,103,,234286,24,,,0,100,,234287,24,,,0,100,,234296,24,,,0,101,,234297,24,,,0,100,,234298,24,,,0
3181601,'3',820,,234299,24,,,0,100,,234300,24,,,0,100,,234301,24,,,0,100,,234302,24,,,0,100,,234303,24,,,0,100,,234304,24,,,0,100,,234305,24,,,0,100,,234306,24,,,0,100,,234307,24,,,0,100,,234308,24,,,0,100,,234309,24,,,0,101,,234310,24,,,0
4085501,'1',447,,242113,23,,,0,71,,242114,23,,,0,29,,242115,23,,,0,64,,242116,23,,,0,19,,242117,23,,,0,20,,242118,23,,,0,60,,242119,23,,,0,20,,242120,23,,,0,20,,242121,23,,,0,61,,242122,23,,,0,20,,242123,23,,,0,20,,242124,23,,,0,60,,242125,23,,,0,32,,242126,23,,,0,70,,242127,23,,,0,30,,242128,23,,,0,70,,242129,23,,,0,28,,242130,23,,,0,70,,242131,23,,,0,30,,242132,23,,,0,70,,242133,23,,,0,31,,242134,23,,,0,70,,242135,23,,,0,30,,242136,23,,,0,70,,242137,23,,,0,21,,242138,23,,,0,19,,242139,23,,,0,60,,242140,23,,,0,20,,242141,23,,,0,20,,242142,23,,,0,60,,242143,23,,,0,20,,242144,23,,,0,20,,242145,23,,,0,60,,242146,23,,,0,20,,242147,23,,,0,20,,242148,23,,,0,60,,242149,23,,,0,31,,242150,23,,,0,70,,242151,23,,,0,30,,242152,23,,,0,70,,242153,23,,,0,30,,242154,23,,,0,69,,242155,23,,,0,30,,242156,23,,,0,70,,242157,23,,,0,30,,242162,23,,,0,70,,242158,23,,,0,30,,242163,23,,,0,70,,242159,23,,,0,88,,242160,23,,,0,100,,242161,23,,,0
4085501,'2',448,,242164,23,,,0,95,,242165,23,,,0,70,,242166,23,,,0,30,,242167,23,,,0,71,,242168,23,,,0,30,,242169,23,,,0,70,,242170,23,,,0,30,,242171,23,,,0,70,,242172,23,,,0,30,,242173,23,,,0,71,,242174,23,,,0,30,,242175,23,,,0,70,,242176,23,,,0,30,,242177,23,,,0,70,,242178,23,,,0,30,,242179,23,,,0,70,,242180,23,,,0,30,,242181,23,,,0,70,,242182,23,,,0,31,,242183,23,,,0,70,,242184,23,,,0,30,,242185,23,,,0,70,,242186,23,,,0,30,,242187,23,,,0,70,,242188,23,,,0,30,,242189,23,,,0,70,,242190,23,,,0,30,,242191,23,,,0,69,,242192,23,,,0,30,,242193,23,,,0,70,,242194,23,,,0,30,,242195,23,,,0,70,,242196,23,,,0,30,,242197,23,,,0,70,,242198,23,,,0,30,,242199,23,,,0,69,,242200,23,,,0,30,,242201,23,,,0,70,,242205,23,,,0,30,,242202,23,,,0,70,,242206,23,,,0,42,,242203,23,,,0,90,,242204,23,,,0
4085501,'3',450,,242207,23,,,0,99,,242208,23,,,0,70,,242209,23,,,0,30,,242210,23,,,0,69,,242211,23,,,0,29,,242212,23,,,0,72,,242213,23,,,0,30,,242214,23,,,0,70,,242215,23,,,0,31,,242216,23,,,0,70,,242217,23,,,0,29,,242218,23,,,0,70,,242219,23,,,0,31,,242220,23,,,0,70,,242221,23,,,0,30,,242222,23,,,0,70,,242223,23,,,0,30,,242224,23,,,0,70,,242225,23,,,0,30,,242226,23,,,0,70,,242227,23,,,0,30,,242228,23,,,0,70,,242229,23,,,0,30,,242230,23,,,0,70,,242231,23,,,0,30,,242232,23,,,0,70,,242233,23,,,0,30,,242234,23,,,0,69,,242235,23,,,0,30,,242236,23,,,0,70,,242237,23,,,0,30,,242238,23,,,0,70,,242239,23,,,0,30,,242240,23,,,0,70,,242241,23,,,0,30,,242242,23,,,0,69,,242243,23,,,0,30,,242244,23,,,0,70,,242248,23,,,0,30,,242245,23,,,0,68,,242249,23,,,0,40,,242246,23,,,0,90,,242247,23,,,0
