669201,'1_merged_15727750',514,,210472,10,,,0,88,,210473,25,,,0,30,,210474,25,,,0,70,,210475,25,,,0,20,,210476,25,,,0,25,,210477,25,,,0,60,,210478,25,,,0,20,,210479,25,,,0,20,,210480,25,,,0,60,,210481,25,,,0,20,,210482,25,,,0,20,,210483,25,,,0,60,,210484,25,,,0,20,,210485,25,,,0,20,,210486,25,,,0,60,,210487,25,,,0,20,,210488,25,,,0,20,,210489,25,,,0,60,,210490,25,,,0,20,,210491,25,,,0,20,,210492,25,,,0,60,,210493,25,,,0,20,,210494,25,,,0,20,,210495,25,,,0,60,,210496,25,,,0,20,,210497,25,,,0,20,,210498,25,,,0,60,,210499,25,,,0,20,,210500,25,,,0,20,,210501,25,,,0,60,,210502,25,,,0,20,,210503,25,,,0,20,,210504,25,,,0,60,,210505,25,,,0,20,,210506,25,,,0,20,,210507,25,,,0,60,,210508,25,,,0,19,,210509,25,,,0,25,,210510,25,,,0,68,,210511,25,,,0,30,,210512,25,,,0,69,,210513,25,,,0,30,,210514,25,,,0,68,,210515,25,,,0,35,,210516,25,0,46 47,0,77,,210517,25,0,46 47,0,29,,210518,25,0,46 47,0,77,,210519,25,0,46 47,0,69,,210520,25,0,46 47,0,44,,210521,25,0,46 47,0,72,,210522,25,0,46 47,0
669201,'2_merged_15727752',514,,210523,10,,,0,32,,210524,25,,,0,70,,210525,25,,,0,31,,210526,25,,,0,70,,210527,25,,,0,32,,210528,25,,,0,70,,210529,25,,,0,32,,210530,25,,,0,70,,210531,25,,,0,31,,210532,25,,,0,70,,210533,25,,,0,32,,210534,25,,,0,70,,210535,25,,,0,20,,210536,25,,,0,60,,210537,25,,,0,20,,210538,25,,,0,20,,210539,25,,,0,60,,210540,25,,,0,20,,210541,25,,,0,20,,210542,25,,,0,60,,210543,25,,,0,20,,210544,25,,,0,20,,210545,25,,,0,60,,210546,25,,,0,20,,210547,25,,,0,20,,210548,25,,,0,60,,210549,25,,,0,20,,210550,25,,,0,20,,210551,25,,,0,60,,210552,25,,,0,20,,210553,25,,,0,16,,210554,25,,,0,61,,210555,25,,,0,20,,210556,25,,,0,30,,210557,25,,,0,68,,210558,25,,,0,30,,210559,25,,,0,70,,210560,25,,,0,20,,210561,25,0,46 47,0,80,,210562,25,0,46 47,0,40,,210563,25,0,46 47,0,80,,210564,25,0,46 47,0,80,,210565,25,0,46 47,0,40,,210566,25,0,46 47,0,81,,210567,25,0,46 47,0,80,,210568,25,0,46 47,0
669201,'3_merged_15727751',626,,210569,10,,,0,23,,210570,25,,,0,70,,210571,25,,,0,30,,210572,25,,,0,71,,210573,25,,,0,30,,210574,25,,,0,70,,210575,25,,,0,31,,210576,25,,,0,70,,210577,25,,,0,30,,210578,25,,,0,70,,210579,25,,,0,20,,210580,25,,,0,60,,210581,25,,,0,20,,210582,25,,,0,20,,210583,25,,,0,60,,210584,25,,,0,20,,210585,25,,,0,20,,210586,25,,,0,60,,210587,25,,,0,20,,210588,25,,,0,20,,210589,25,,,0,60,,210590,25,,,0,20,,210591,25,,,0,20,,210592,25,,,0,60,,210593,25,,,0,20,,210594,25,,,0,20,,210595,25,,,0,60,,210596,25,,,0,20,,210597,25,,,0,20,,210598,25,,,0,60,,210599,25,,,0,20,,210600,25,,,0,28,,210601,25,,,0,72,,210602,25,,,0,30,,210603,25,,,0,68,,210604,25,,,0,30,,210605,25,,,0,68,,210606,25,0,46 47,0,40,,210607,25,0,46 47,0,80,,210608,25,0,46 47,0,78,,210609,25,0,46 47,0,42,,210610,25,0,46 47,0,82,,210611,25,0,46 47,0,80,,210612,25,0,46 47,0
683701,'1_merged_15727750',2503,,225128,5,,,0,103,,225129,27,,,0
683701,'2_merged_15727752',554,,225132,27,,,0,1951,,225130,5,,,0,106,,225131,27,,,0
683701,'3_merged_15727751',620,,225133,27,,,0,39,,225134,27,,,0,71,,225135,27,,,0,71,,225136,27,,,0,1531,,225138,5,,,0,71,,225139,5,,,0,40,,225140,27,,,0,73,,225141,27,,,0,108,,225143,27,,,0,29,,225144,27,,,0
3679900,'101_merged_15727747',1604,,237879,5,,,0
3679900,'1_merged_15727750',528,,237880,5,,,0,31,,237881,5,,,0,62,,237882,5,,,0,12,,237883,5,,,0,16,,237884,5,,,0,53,,237885,5,,,0,16,,237886,5,,,0,14,,237887,5,,,0,15,,237888,5,,,0,55,,237889,5,,,0,15,,237890,5,,,0,15,,237891,5,,,0,22,,237892,5,,,0,75,,237893,5,,,0,25,,237894,5,,,0,55,,237895,5,,,0,34,,237896,5,,,0,69,,237897,5,,,0,26,,237898,5,,,0,70,,237899,5,,,0,30,,237900,5,,,0,69,,237901,5,,,0,31,,237902,5,,,0,68,,237903,5,,,0,29,,237904,5,,,0,16,,237905,5,,,0,55,,237906,5,,,0,28,,237907,5,,,0,11,,237908,5,,,0,70,,237909,5,,,0,19,,237910,5,,,0,20,,237911,5,,,0,51,,237912,5,,,0,19,,237913,5,,,0,13,,237914,5,,,0,19,,237915,5,,,0,51,,237916,5,,,0,16,,237917,5,,,0,16,,237918,5,,,0,70,,237919,5,,,0,97,,237920,5,,,0,101,,237921,5,,,0,101,,237922,5,,,0,100,,237923,5,,,0,98,,237924,5,,,0,98,,237925,5,,,0,46,,237926,5,,,0
3679900,'201_merged_15727755',1604,,237927,5,,,0
3679900,'2_merged_15727752',601,,237937,5,,,0,33,,237938,5,,,0,70,,237960,5,,,0,30,,237928,5,,,0,69,,237929,5,,,0,31,,237930,5,,,0,71,,237931,5,,,0,29,,237932,5,,,0,69,,237933,5,,,0,31,,237934,5,,,0,70,,237935,5,,,0,30,,237936,5,,,0,69,,237961,5,,,0,32,,237939,5,,,0,69,,237959,5,,,0,29,,237940,5,,,0,71,,237941,5,,,0,31,,237958,5,,,0,68,,237942,5,,,0,31,,237957,5,,,0,71,,237943,5,,,0,27,,237944,5,,,0,72,,237945,5,,,0,29,,237946,5,,,0,72,,237947,5,,,0,29,,237948,5,,,0,69,,237949,5,,,0,99,,237950,5,,,0,102,,237951,5,,,0,102,,237952,5,,,0,98,,237953,5,,,0,101,,237954,5,,,0,97,,237955,5,,,0,48,,237956,5,,,0
3679900,'3_merged_15727751',704,,237962,5,,,0,102,,237963,5,,,0,101,,237964,5,,,0,30,,237965,5,,,0,67,,237966,5,,,0,30,,237967,5,,,0,69,,237968,5,,,0,31,,237969,5,,,0,72,,237970,5,,,0,27,,237971,5,,,0,74,,237972,5,,,0,28,,237973,5,,,0,70,,237974,5,,,0,29,,237975,5,,,0,74,,237976,5,,,0,27,,237977,5,,,0,68,,237978,5,,,0,35,,237979,5,,,0,66,,237980,5,,,0,31,,237981,5,,,0,70,,237982,5,,,0,30,,237983,5,,,0,71,,237984,5,,,0,100,,237985,5,,,0,99,,237986,5,,,0,100,,237987,5,,,0,101,,237988,5,,,0,101,,237989,5,,,0
