668200,'1',523,,208516,8,,,0,20,,208517,8,,,0,12,,208518,8,,,0,50,,208519,8,,,0,8,,208520,8,,,0,10,,208521,8,,,0,9,,208522,8,,,0,8,,208523,8,,,0,7,,208524,8,,,0,7,,208525,8,,,0,47,,208526,8,,,0,8,,208527,8,,,0,7,,208528,8,,,0,7,,208529,8,,,0,7,,208530,8,,,0,8,,208531,8,,,0,8,,208532,8,,,0,8,,208533,8,,,0,47,,208534,8,,,0,6,,208535,8,,,0,8,,208536,8,,,0,7,,208537,8,,,0,6,,208538,8,,,0,8,,208539,8,,,0,7,,208540,8,,,0,8,,208541,8,,,0,8,,208542,8,,,0,50,,208543,8,,,0,15,,208544,8,,,0,15,,208545,8,,,0,14,,208546,8,,,0,54,,208547,8,,,0,14,,208548,8,,,0,15,,208549,8,,,0,15,,208550,8,,,0,55,,208551,8,,,0,16,,208552,8,,,0,15,,208553,8,,,0,14,,208554,8,,,0,54,,208555,8,,,0,14,,208556,8,,,0,14,,208557,8,,,0,15,,208558,8,,,0,55,,208559,8,,,0,15,,208560,8,,,0,15,,208561,8,,,0,17,,208562,8,,,0,53,,208563,8,,,0,14,,208564,8,,,0,13,,208565,8,,,0,10,,208566,8,,,0,10,,208567,8,,,0,50,,208568,8,,,0,10,,208569,8,,,0,11,,208570,8,,,0,10,,208571,8,,,0,10,,208572,8,,,0,11,,208573,8,,,0,51,,208574,8,,,0,8,,208575,8,,,0,9,,208576,8,,,0,9,,208577,8,,,0,9,,208578,8,,,0,8,,208579,8,,,0,60,,208580,8,,,0,10,,208581,8,,,0,10,,208582,8,,,0,10,,208583,8,,,0,10,,208584,8,,,0,10,,208585,8,,,0,49,,208586,8,,,0,10,,208587,8,,,0,9,,208588,8,,,0,15,,208589,8,,,0,14,,208590,8,,,0,55,,208591,8,,,0,14,,208592,8,,,0,14,,208593,8,,,0,14,,208594,8,,,0,55,,208595,8,,,0,15,,208596,8,,,0,15,,208597,8,,,0,14,,208598,8,,,0,55,,208599,8,,,0,16,,208600,8,,,0,20,,208601,8,,,0,60,,208602,8,,,0,20,,208603,8,,,0,23,,208604,8,,,0,62,,208605,8,,,0,21,,208606,8,,,0,27,,208607,8,,,0,71,,208608,8,,,0,31,,208609,8,,,0
668200,'101',1656,,208515,8,,,0
668200,'2',622,,208653,8,,,0,20,,208612,8,,,0,58,,208613,8,,,0,20,,208614,8,,,0,20,,208615,8,,,0,18,,208690,8,,,0,55,,208691,8,,,0,15,,208692,8,,,0,16,,208618,8,,,0,15,,208686,8,,,0,55,,208616,8,,,0,15,,208617,8,,,0,15,,208687,8,,,0,15,,208688,8,,,0,55,,208689,8,,,0,16,,208619,8,,,0,15,,208685,8,,,0,55,,208620,8,,,0,16,,208621,8,,,0,15,,208683,8,,,0,15,,208684,8,,,0,55,,208622,8,,,0,15,,208682,8,,,0,16,,208623,8,,,0,15,,208681,8,,,0,55,,208624,8,,,0,15,,208625,8,,,0,11,,208678,8,,,0,12,,208679,8,,,0,12,,208680,8,,,0,52,,208626,8,,,0,10,,208627,8,,,0,13,,208676,8,,,0,10,,208677,8,,,0,10,,208628,8,,,0,10,,208675,8,,,0,50,,208629,8,,,0,10,,208630,8,,,0,11,,208674,8,,,0,10,,208631,8,,,0,11,,208671,8,,,0,10,,208672,8,,,0,50,,208673,8,,,0,10,,208634,8,,,0,10,,208668,8,,,0,11,,208632,8,,,0,9,,208633,8,,,0,10,,208669,8,,,0,51,,208670,8,,,0,9,,208635,8,,,0,10,,208667,8,,,0,10,,208636,8,,,0,9,,208637,8,,,0,10,,208666,8,,,0,50,,208638,8,,,0,9,,208664,8,,,0,10,,208665,8,,,0,10,,208639,8,,,0,18,,208663,8,,,0,48,,208640,8,,,0,11,,208662,8,,,0,18,,208643,8,,,0,14,,208644,8,,,0,55,,208658,8,,,0,9,,208641,8,,,0,11,,208642,8,,,0,14,,208659,8,,,0,15,,208660,8,,,0,58,,208661,8,,,0,22,,208645,8,,,0,14,,208646,8,,,0,14,,208657,8,,,0,55,,208647,8,,,0,14,,208654,8,,,0,20,,208655,8,,,0,60,,208656,8,,,0,19,,208648,8,,,0,20,,208652,8,,,0,60,,208649,8,,,0,20,,208650,8,,,0,30,,208651,8,,,0
668200,'201',1656,,208611,8,,,0
668200,'3',614,,208693,8,,,0,20,,208694,8,,,0,20,,208695,8,,,0,60,,208696,8,,,0,20,,208697,8,,,0,21,,208698,8,,,0,58,,208699,8,,,0,15,,208700,8,,,0,15,,208701,8,,,0,15,,208702,8,,,0,55,,208703,8,,,0,15,,208704,8,,,0,15,,208705,8,,,0,16,,208706,8,,,0,55,,208707,8,,,0,15,,208708,8,,,0,15,,208709,8,,,0,15,,208710,8,,,0,55,,208711,8,,,0,16,,208712,8,,,0,15,,208713,8,,,0,55,,208714,8,,,0,15,,208715,8,,,0,14,,208716,8,,,0,17,,208717,8,,,0,13,,208718,8,,,0,57,,208719,8,,,0,15,,208720,8,,,0,15,,208721,8,,,0,55,,208722,8,,,0,15,,208723,8,,,0,15,,208724,8,,,0,14,,208725,8,,,0,14,,208726,8,,,0,56,,208727,8,,,0,14,,208728,8,,,0,16,,208729,8,,,0,14,,208730,8,,,0,56,,208731,8,,,0,19,,208732,8,,,0,11,,208733,8,,,0,56,,208734,8,,,0,14,,208735,8,,,0,15,,208736,8,,,0,15,,208737,8,,,0,57,,208738,8,,,0,14,,208739,8,,,0,14,,208740,8,,,0,14,,208741,8,,,0,15,,208742,8,,,0,55,,208743,8,,,0,15,,208744,8,,,0,17,,208745,8,,,0,55,,208746,8,,,0,14,,208747,8,,,0,14,,208748,8,,,0,16,,208749,8,,,0,60,,208750,8,,,0,25,,208751,8,,,0,25,,208752,8,,,0,70,,208753,8,,,0,30,,208754,8,,,0,69,,208755,8,,,0
668300,'1',1552,,208996,8,,,0,62,,208997,8,,,0,16,,208998,8,,,0,6,,208999,8,,,0,19,,209000,8,,,0,68,,209001,8,,,0,29,,209002,8,,,0,53,,209003,8,,,0,11,,209004,8,,,0,12,,209005,8,,,0,26,,209006,8,,,0,65,,209007,8,,,0,25,,209008,8,,,0
668501,'1',2532,,209176,22,4,,0
668501,'2',2531,,209205,22,4,,0
669200,'1',557,,210334,15,,,0,70,,210335,15,,,0,30,,210336,15,,,0,60,,210337,15,,,0,20,,210338,15,,,0,20,,210339,15,,,0,60,,210340,15,,,0,20,,210341,15,,,0,20,,210342,15,,,0,60,,210343,15,,,0,20,,210344,15,,,0,20,,210345,15,,,0,60,,210346,15,,,0,20,,210347,15,,,0,20,,210348,15,,,0,61,,210349,15,,,0,20,,210350,15,,,0,20,,210351,15,,,0,60,,210352,15,,,0,20,,210353,15,,,0,20,,210354,15,,,0,60,,210355,15,,,0,20,,210356,15,,,0,20,,210357,15,,,0,61,,210358,15,,,0,20,,210359,15,,,0,20,,210360,15,,,0,60,,210361,15,,,0,20,,210362,15,,,0,20,,210363,15,,,0,60,,210364,15,,,0,20,,210365,15,,,0,20,,210366,15,,,0,60,,210367,15,,,0,20,,210368,15,,,0,20,,210369,15,,,0,59,,210370,15,,,0,25,,210371,15,,,0,70,,210372,15,,,0,30,,210373,15,,,0,70,,210374,15,,,0,20,,210375,15,,,0,70,,210376,15,,,0,40,,210377,15,,,0,71,,210378,2,,,0,37,,210379,2,,,0,69,,210380,2,,,0,37,,210381,2,,,0,71,,210382,2,,,0,86,,210383,2,,,0
669200,'2',552,,210384,15,,,0,60,,210385,15,,,0,30,,210386,15,,,0,70,,210387,15,,,0,30,,210388,15,,,0,70,,210389,15,,,0,31,,210390,15,,,0,70,,210391,15,,,0,30,,210392,15,,,0,70,,210393,15,,,0,30,,210394,15,,,0,70,,210395,15,,,0,21,,210396,15,,,0,20,,210397,15,,,0,60,,210398,15,,,0,20,,210399,15,,,0,20,,210400,15,,,0,60,,210401,15,,,0,20,,210402,15,,,0,20,,210403,15,,,0,60,,210404,15,,,0,20,,210405,15,,,0,20,,210406,15,,,0,60,,210407,15,,,0,20,,210408,15,,,0,20,,210409,15,,,0,60,,210410,15,,,0,20,,210411,15,,,0,20,,210412,15,,,0,60,,210413,15,,,0,20,,210414,15,,,0,20,,210415,15,,,0,60,,210416,15,,,0,30,,210417,15,,,0,69,,210418,15,,,0,30,,210419,15,,,0,70,,210420,15,,,0,30,,210421,15,,,0,59,,210422,2,,,0,40,,210423,2,,,0,80,,210424,2,,,0,80,,210425,2,,,0,40,,210426,2,,,0,80,,210427,2,,,0,80,,210428,2,,,0
669200,'3',643,,210429,15,,,0,70,,210430,15,,,0,30,,210431,15,,,0,71,,210432,15,,,0,30,,210433,15,,,0,70,,210434,15,,,0,30,,210435,15,,,0,70,,210436,15,,,0,30,,210437,15,,,0,70,,210438,15,,,0,20,,210439,15,,,0,20,,210440,15,,,0,60,,210441,15,,,0,20,,210442,15,,,0,20,,210443,15,,,0,60,,210444,15,,,0,20,,210445,15,,,0,20,,210446,15,,,0,60,,210447,15,,,0,20,,210448,15,,,0,20,,210449,15,,,0,60,,210450,15,,,0,20,,210451,15,,,0,20,,210452,15,,,0,60,,210453,15,,,0,20,,210454,15,,,0,20,,210455,15,,,0,60,,210456,15,,,0,20,,210457,15,,,0,20,,210458,15,,,0,60,,210459,15,,,0,30,,210460,15,,,0,70,,210461,15,,,0,30,,210462,15,,,0,70,,210463,15,,,0,30,,210464,15,,,0,59,,210465,2,,,0,40,,210466,2,,,0,80,,210467,2,,,0,80,,210468,2,,,0,40,,210469,2,,,0,80,,210470,2,,,0,80,,210471,2,,,0
683700,'1',2520,,225098,14,,,0,20,,225099,14,,,0,60,,225100,14,,,0,29,,225101,14,,,0,74,,225102,14,,,0,19,,225103,14,,,0,28,,225104,14,,,0
683700,'1101',2640,,225096,14,,,0
683700,'1201',2640,,225097,14,,,0
683700,'2',2524,,225107,14,,,0,23,,225112,14,,,0,54,,225106,14,,,0,19,,225111,14,,,0,20,,225108,14,,,0,70,,225110,14,,,0,12,,225109,14,,,0,34,,225105,14,,,0
683700,'3',708,,225117,8,,,0,40,,225118,8,0,50 51,0,73,,225119,8,0,50 51,0,1535,,225120,14,,,0,72,,225121,14,,,0,30,,225122,14,,,0,78,,225123,14,,,0,71,,225124,14,,,0,24,,225125,14,,,0,88,,225126,14,,,0,25,,225127,14,,,0
3831100,'1',542,,240617,2,,,0,15,,240618,2,,,0,52,,240619,2,,,0,6,,240620,2,,,0,6,,240621,2,,,0,6,,240622,2,,,0,6,,240623,2,,,0,6,,240624,2,,,0,6,,240625,2,,,0,6,,240626,2,,,0,6,,240627,2,,,0,46,,240628,2,,,0,6,,240629,2,,,0,6,,240630,2,,,0,6,,240631,2,,,0,6,,240632,2,,,0,6,,240633,2,,,0,6,,240634,2,,,0,6,,240635,2,,,0,6,,240636,2,,,0,6,,240637,2,,,0,47,,240638,2,,,0,6,,240639,2,,,0,6,,240640,2,,,0,6,,240641,2,,,0,6,,240642,2,,,0,6,,240643,2,,,0,6,,240644,2,,,0,6,,240645,2,,,0,6,,240646,2,,,0,6,,240647,2,,,0,46,,240648,2,,,0,6,,240649,2,,,0,5,,240650,2,0,11 12,0,4,,240651,2,,,0,7,,240652,2,,,0,7,,240653,2,,,0,8,,240654,2,,,0,8,,240655,2,,,0,7,,240656,2,,,0,48,,240657,2,,,0,5,,240658,2,0,11 12,0,5,,240659,2,,,0,10,,240660,2,,,0,10,,240661,2,,,0,10,,240662,2,,,0,10,,240663,2,,,0,51,,240664,2,,,0,10,,240665,2,,,0,10,,240666,2,,,0,10,,240667,2,,,0,10,,240668,2,,,0,10,,240669,2,,,0,50,,240670,2,,,0,10,,240671,2,,,0,10,,240672,2,,,0,10,,240673,2,,,0,10,,240674,2,,,0,10,,240675,2,,,0,50,,240676,2,,,0,10,,240678,2,,,0,10,,240679,2,,,0,10,,240680,2,,,0,10,,240682,2,,,0,10,,240683,2,,,0,50,,240684,2,,,0,8,,240685,2,,,0,9,,240687,2,,,0,8,,240688,2,,,0,8,,240689,2,,,0,8,,240690,2,,,0,9,,240691,2,,,0,49,,240692,2,,,0,7,,240693,2,,,0,8,,240694,2,,,0,7,,240695,2,,,0,8,,240696,2,,,0,7,,240697,2,,,0,8,,240698,2,,,0,7,,240699,2,,,0,48,,240700,2,,,0,7,,240701,2,,,0,8,,240702,2,,,0,7,,240703,2,,,0,8,,240704,2,,,0,7,,240705,2,,,0,8,,240706,2,,,0,7,,240707,2,,,0,48,,240708,2,,,0,7,,240709,2,,,0,9,,240710,2,,,0,6,,240711,2,,,0,8,,240712,2,,,0,7,,240713,2,,,0,9,,240714,2,,,0,6,,240715,2,,,0,47,,240716,2,0,11 12,0,8,,240717,2,,,0,9,,240718,2,,,0,9,,240719,2,,,0,9,,240720,2,,,0,4,,240721,2,0,11 12,0,4,,240722,2,,,0,9,,240723,2,,,0,49,,240724,2,,,0,12,,240725,2,,,0,12,,240726,2,,,0,1,,240727,2,0,11 12,0,11,,240728,2,,,0,6,,240729,2,0,11 12,0,6,,240730,2,,,0,50,,240731,2,,,0,7,,240759,2,0,11 12,0,7,,240732,2,,,0,12,,240733,2,,,0,12,,240734,2,,,0,12,,240735,2,,,0,52,,240736,2,,,0,12,,240737,2,,,0,12,,240738,2,,,0,12,,240739,2,,,0,12,,240740,2,,,0,51,,240741,2,,,0,8,,240742,2,0,11 12,0,7,,240743,2,,,0,15,,240744,2,,,0,15,,240745,2,,,0,55,,240746,2,,,0,5,,240760,2,0,11 12,0,10,,240747,2,,,0,15,,240748,2,,,0,15,,240749,2,,,0,55,,240750,2,,,0,15,,240751,2,,,0,15,,240752,2,,,0,15,,240753,2,,,0,55,,240754,2,,,0,25,,240755,2,,,0,15,,240756,2,0,11 12,0,15,,240757,2,0,11 12,0,55,,240758,2,0,11 12,0
3831100,'1101',2513,,240611,2,0,11 12,0
3831100,'1201',2513,,240612,2,0,11 12,0
3831100,'2',547,,240762,2,,,0,57,,240763,2,,,0,15,,240764,2,,,0,15,,240765,2,,,0,15,,240766,2,,,0,55,,240767,2,,,0,12,,240768,2,,,0,12,,240769,2,,,0,12,,240770,2,,,0,12,,240771,2,,,0,53,,240772,2,,,0,12,,240773,2,,,0,12,,240774,2,,,0,12,,240775,2,,,0,12,,240776,2,,,0,52,,240777,2,,,0,12,,240778,2,,,0,12,,240779,2,,,0,12,,240780,2,,,0,12,,240781,2,,,0,52,,240782,2,,,0,12,,240783,2,,,0,12,,240784,2,,,0,12,,240785,2,,,0,12,,240786,2,,,0,52,,240787,2,,,0,12,,240788,2,,,0,12,,240789,2,,,0,12,,240790,2,,,0,12,,240791,2,,,0,52,,240792,2,,,0,12,,240793,2,,,0,12,,240794,2,,,0,12,,240795,2,,,0,12,,240796,2,,,0,52,,240797,2,,,0,12,,240798,2,,,0,12,,240799,2,,,0,12,,240800,2,,,0,12,,240801,2,,,0,52,,240802,2,,,0,12,,240803,2,,,0,12,,240804,2,,,0,12,,240805,2,,,0,12,,240806,2,,,0,52,,240807,2,,,0,12,,240808,2,,,0,12,,240809,2,,,0,12,,240810,2,,,0,12,,240811,2,,,0,52,,240812,2,,,0,12,,240813,2,,,0,12,,240814,2,,,0,12,,240815,2,,,0,12,,240816,2,,,0,52,,240817,2,,,0,12,,240818,2,,,0,12,,240819,2,,,0,12,,240820,2,,,0,12,,240821,2,,,0,52,,240822,2,,,0,12,,240823,2,,,0,12,,240824,2,,,0,12,,240825,2,,,0,12,,240826,2,,,0,52,,240827,2,,,0,5,,240828,2,0,11 12,0,7,,240829,2,,,0,12,,240830,2,,,0,12,,240831,2,,,0,12,,240832,2,,,0,52,,240833,2,,,0,12,,240834,2,,,0,12,,240835,2,,,0,12,,240836,2,,,0,12,,240837,2,,,0,52,,240838,2,,,0,12,,240839,2,,,0,12,,240840,2,,,0,12,,240841,2,,,0,12,,240842,2,,,0,52,,240843,2,,,0,15,,240844,2,,,0,15,,240845,2,,,0,7,,240846,2,0,11 12,0,8,,240847,2,,,0,54,,240848,2,,,0,15,,240849,2,,,0,15,,240850,2,,,0,15,,240851,2,,,0,55,,240852,2,,,0,15,,240853,2,,,0,15,,240854,2,,,0,15,,240855,2,,,0,55,,240856,2,0,11 12,0,15,,240857,2,0,11 12,0,15,,240858,2,0,11 12,0,15,,240859,2,0,11 12,0,55,,240860,2,0,11 12,0
3831100,'3',549,,240861,2,,,0,55,,240862,2,,,0,15,,240863,2,,,0,15,,240864,2,,,0,15,,240865,2,,,0,55,,240866,2,,,0,15,,240867,2,,,0,15,,240868,2,,,0,15,,240869,2,,,0,55,,240870,2,,,0,12,,240871,2,,,0,12,,240872,2,,,0,12,,240873,2,,,0,12,,240874,2,,,0,52,,240875,2,,,0,12,,240876,2,,,0,12,,240877,2,,,0,12,,240878,2,,,0,12,,240879,2,,,0,52,,240880,2,,,0,12,,240881,2,,,0,12,,240882,2,,,0,12,,240883,2,,,0,12,,240884,2,,,0,52,,240885,2,,,0,12,,240886,2,,,0,12,,240887,2,,,0,12,,240888,2,,,0,12,,240889,2,,,0,53,,240890,2,,,0,12,,240891,2,,,0,12,,240892,2,,,0,12,,240893,2,,,0,12,,240894,2,,,0,52,,240895,2,,,0,12,,240896,2,,,0,12,,240897,2,,,0,12,,240898,2,,,0,12,,240899,2,,,0,52,,240900,2,,,0,12,,240901,2,,,0,12,,240902,2,,,0,12,,240903,2,,,0,12,,240904,2,,,0,52,,240905,2,,,0,12,,240906,2,,,0,12,,240907,2,,,0,12,,240908,2,,,0,12,,240909,2,,,0,52,,240910,2,,,0,12,,240911,2,,,0,12,,240912,2,,,0,12,,240913,2,,,0,12,,240914,2,,,0,52,,240915,2,,,0,12,,240916,2,,,0,8,,240917,2,0,11 12,0,4,,240918,2,,,0,12,,240919,2,,,0,12,,240920,2,,,0,52,,240921,2,,,0,12,,240922,2,,,0,12,,240923,2,,,0,13,,240924,2,,,0,11,,240925,2,,,0,51,,240926,2,,,0,12,,240927,2,,,0,12,,240928,2,,,0,12,,240929,2,,,0,12,,240930,2,,,0,52,,240931,2,,,0,12,,240932,2,,,0,12,,240933,2,,,0,6,,240934,2,0,11 12,0,7,,240935,2,,,0,12,,240936,2,,,0,52,,240937,2,,,0,11,,240938,2,,,0,12,,240939,2,,,0,12,,240940,2,,,0,12,,240941,2,,,0,52,,240942,2,,,0,15,,240943,2,,,0,15,,240944,2,,,0,6,,240945,2,0,11 12,0,9,,240946,2,,,0,55,,240947,2,,,0,15,,240948,2,,,0,15,,240949,2,,,0,15,,240950,2,,,0,8,,240951,2,0,11 12,0,47,,240952,2,0,11 12,0,15,,240953,2,0,11 12,0,15,,240954,2,0,11 12,0,15,,240955,2,0,11 12,0,55,,240956,2,0,11 12,0,15,,240957,2,0,11 12,0,15,,240958,2,0,11 12,0,15,,240959,2,0,11 12,0
