670400,'1',559,,212324,28,,,0,69,,212322,28,,,0,14,,212379,28,,,0,71,,212390,28,,,0,31,,212376,28,,,0,70,,212319,28,,,0,28,,212360,28,,,0,67,,212358,28,,,0,28,,212345,28,,,0,68,,212338,28,,,0,30,,212336,28,,,0,70,,212334,28,,,0,30,,212332,28,,,0,69,,212354,28,,,0,29,,212352,28,,,0,71,,212350,28,,,0,28,,212318,28,,,0,72,,212316,28,,,0,31,,212314,28,,,0,71,,212386,28,,,0,31,,212385,28,,,0,14,,212375,28,,,0,56,,212384,28,,,0,15,,212388,28,,,0,16,,212383,28,,,0,15,,212327,28,,,0,55,,212381,28,,,0,14,,212389,28,,,0,15,,212347,28,,,0,16,,212331,28,,,0,51,,212377,28,,,0,12,,212330,28,,,0,12,,212329,28,,,0,12,,212325,28,,,0,64,,212378,28,,,0,23,,212373,28,,,0,24,,212371,28,,,0,63,,212369,28,,,0,30,,212326,28,,,0,69,,212366,28,,,0,30,,212328,28,,,0,91,,212363,28,,,0,99,,212344,28,,,0,99,,212342,28,,,0,97,,212340,28,,,0,102,,212339,28,,,0
670400,'2',627,,212437,28,,,0,30,,212411,28,,,0,79,,212412,28,,,0,72,,212413,28,,,0,36,,212415,28,,,0,70,,212416,28,,,0,29,,212417,28,,,0,67,,212418,28,,,0,29,,212414,28,,,0,69,,212410,28,,,0,28,,212439,28,,,0,69,,212419,28,,,0,28,,212442,28,,,0,69,,212444,28,,,0,30,,212446,28,,,0,73,,212448,28,,,0,31,,212450,28,,,0,72,,212452,28,,,0,31,,212454,28,,,0,70,,212425,28,,,0,31,,212457,28,,,0,70,,212459,28,,,0,32,,212434,28,,,0,72,,212460,28,,,0,32,,212391,28,,,0,68,,212392,28,,,0,28,,212432,28,,,0,65,,212395,28,,,0,101,,212398,28,,,0,93,,212400,28,,,0,111,,212403,28,,,0,98,,212405,28,,,0,112,,212407,28,,,0,115,,212408,28,,,0
670400,'3',621,,212483,28,,,0,106,,212463,28,,,0,20,,212481,28,,,0,70,,212519,28,,,0,31,,212478,28,,,0,70,,212491,28,,,0,31,,212489,28,,,0,71,,212501,28,,,0,31,,212521,28,,,0,70,,212494,28,,,0,30,,212513,28,,,0,70,,212487,28,,,0,31,,212505,28,,,0,70,,212508,28,,,0,30,,212492,28,,,0,70,,212520,28,,,0,30,,212509,28,,,0,69,,212462,28,,,0,30,,212512,28,,,0,70,,212518,28,,,0,32,,212461,28,,,0,70,,212493,28,,,0,29,,212523,28,,,0,69,,212486,28,,,0,30,,212522,28,,,0,69,,212506,28,,,0,32,,212495,28,,,0,72,,212507,28,,,0,112,,212488,28,,,0,100,,212496,28,,,0,100,,212500,28,,,0,170,,212467,28,,,0,32,,212510,28,,,0
672100,'1',1538,,216115,11,,,0,75,,216119,11,,,0,35,,216114,11,,,0,75,,216120,11,,,0,20,,216118,11,,,0,59,,216121,11,,,0,18,,216123,11,,,0,20,,216117,11,,,0,60,,216124,11,,,0,21,,216122,11,,,0,16,,216116,11,,,0
673800,'1',538,,218995,14,,,0,12,,218997,14,,,0,51,,218994,14,,,0,12,,218996,14,,,0,11,,218968,14,,,0,11,,218923,14,,,0,12,,218967,14,,,0,12,,218958,14,,,0,53,,218939,14,,,0,14,,218999,14,,,0,12,,218964,14,,,0,13,,218922,14,,,0,52,,218931,14,,,0,12,,218924,14,,,0,14,,218917,14,,,0,15,,218963,14,,,0,14,,218985,14,,,0,55,,218984,14,,,0,15,,218986,14,,,0,15,,218962,14,,,0,15,,218942,14,,,0,55,,218972,14,,,0,16,,218966,14,,,0,15,,218971,14,,,0,15,,218946,14,,,0,55,,218970,14,,,0,15,,218941,14,,,0,15,,218969,14,,,0,15,,218989,14,,,0,55,,218976,14,,,0,16,,218950,14,,,0,15,,218930,14,,,0,56,,218949,14,,,0,15,,218929,14,,,0,15,,218947,14,,,0,15,,218928,14,,,0,56,,218927,14,,,0,16,,218948,14,,,0,15,,218961,14,,,0,15,,218956,14,,,0,57,,218921,14,,,0,15,,218952,14,,,0,16,,218959,14,,,0,16,,218936,14,,,0,52,,218940,14,,,0,12,,218944,14,,,0,12,,218934,14,,,0,12,,218960,14,,,0,12,,218935,14,,,0,52,,219000,14,,,0,12,,218951,14,,,0,23,,218957,14,,,0,11,,218955,14,,,0,51,,218965,14,,,0,12,,218975,14,,,0,11,,219001,14,,,0,10,,218937,14,,,0,12,,218945,14,,,0,10,,218998,14,,,0,50,,218983,14,,,0,10,,218926,14,,,0,9,,218954,14,,,0,10,,218915,14,,,0,10,,218978,14,,,0,9,,218953,14,,,0,55,,218982,14,,,0,15,,218943,14,,,0,15,,218980,14,,,0,15,,218987,14,,,0,55,,218977,14,,,0,14,,218938,14,,,0,15,,218933,14,,,0,15,,218932,14,,,0,55,,218916,14,,,0,14,,218988,14,,,0,18,,218993,14,,,0,60,,218974,14,,,0,20,,218981,14,,,0,19,,218920,14,,,0,20,,218973,14,,,0,60,,218979,14,,,0,19,,218919,14,,,0,20,,218990,14,,,0,60,,218991,14,,,0,26,,218918,14,,,0,63,,218992,14,,,0,26,,218925,14,,,0
673800,'101',1728,,218914,14,,,0
673800,'2',620,,219020,14,,,0,15,,219021,14,,,0,15,,219022,14,,,0,55,,219023,14,,,0,15,,219024,14,,,0,15,,219025,14,,,0,15,,219042,14,,,0,55,,219026,14,,,0,15,,219041,14,,,0,15,,219027,14,,,0,15,,219028,14,,,0,57,,219065,14,,,0,14,,219030,14,,,0,15,,219076,14,,,0,15,,219031,14,,,0,56,,219066,14,,,0,15,,219032,14,,,0,16,,219075,14,,,0,15,,219033,14,,,0,55,,219011,14,,,0,15,,219034,14,,,0,15,,219074,14,,,0,15,,219035,14,,,0,56,,219012,14,,,0,15,,219045,14,,,0,16,,219073,14,,,0,15,,219046,14,,,0,55,,219053,14,,,0,15,,219047,14,,,0,16,,219072,14,,,0,15,,219048,14,,,0,54,,219014,14,,,0,15,,219049,14,,,0,15,,219071,14,,,0,15,,219050,14,,,0,55,,219067,14,,,0,15,,219051,14,,,0,14,,219070,14,,,0,15,,219052,14,,,0,56,,219043,14,,,0,15,,219054,14,,,0,15,,219069,14,,,0,15,,219055,14,,,0,54,,219044,14,,,0,15,,219056,14,,,0,15,,219039,14,,,0,15,,219057,14,,,0,54,,219038,14,,,0,15,,219058,14,,,0,14,,219068,14,,,0,13,,219059,14,,,0,52,,219081,14,,,0,12,,219013,14,,,0,12,,219063,14,,,0,12,,219064,14,,,0,12,,219060,14,,,0,51,,219082,14,,,0,12,,219040,14,,,0,12,,219061,14,,,0,12,,219018,14,,,0,12,,219062,14,,,0,53,,219037,14,,,0,15,,219009,14,,,0,15,,219016,14,,,0,15,,219006,14,,,0,55,,219015,14,,,0,15,,219008,14,,,0,13,,219019,14,,,0,15,,219005,14,,,0,55,,219017,14,,,0,15,,219007,14,,,0,15,,219029,14,,,0,15,,219004,14,,,0,60,,219010,14,,,0,19,,219003,14,,,0,20,,219036,14,,,0,70,,219080,14,,,0,30,,219079,14,,,0,72,,219078,14,,,0,33,,219077,14,,,0
673800,'201',1728,,219002,14,,,0
673800,'3',612,,219090,14,,,0,14,,219091,14,,,0,14,,219092,14,,,0,15,,219093,14,,,0,55,,219094,14,,,0,15,,219095,14,,,0,15,,219096,14,,,0,16,,219097,14,,,0,56,,219124,14,,,0,17,,219098,14,,,0,16,,219141,14,,,0,56,,219099,14,,,0,16,,219086,14,,,0,16,,219100,14,,,0,15,,219142,14,,,0,56,,219101,14,,,0,15,,219083,14,,,0,15,,219102,14,,,0,15,,219144,14,,,0,55,,219122,14,,,0,15,,219088,14,,,0,16,,219103,14,,,0,15,,219087,14,,,0,55,,219104,14,,,0,15,,219143,14,,,0,16,,219105,14,,,0,15,,219085,14,,,0,55,,219106,14,,,0,15,,219138,14,,,0,15,,219107,14,,,0,15,,219126,14,,,0,55,,219116,14,,,0,15,,219125,14,,,0,15,,219117,14,,,0,15,,219127,14,,,0,52,,219118,14,,,0,15,,219123,14,,,0,18,,219084,14,,,0,15,,219128,14,,,0,55,,219135,14,,,0,14,,219139,14,,,0,15,,219119,14,,,0,16,,219089,14,,,0,55,,219120,14,,,0,15,,219140,14,,,0,14,,219145,14,,,0,15,,219146,14,,,0,55,,219147,14,,,0,15,,219148,14,,,0,15,,219149,14,,,0,15,,219150,14,,,0,55,,219151,14,,,0,15,,219152,14,,,0,15,,219153,14,,,0,15,,219154,14,,,0,54,,219155,14,,,0,15,,219129,14,,,0,15,,219121,14,,,0,15,,219131,14,,,0,56,,219137,14,,,0,14,,219130,14,,,0,12,,219115,14,,,0,14,,219132,14,,,0,56,,219114,14,,,0,14,,219134,14,,,0,15,,219113,14,,,0,14,,219133,14,,,0,56,,219112,14,,,0,15,,219136,14,,,0,14,,219111,14,,,0,15,,219110,14,,,0,15,,219109,14,,,0,60,,219108,14,,,0
2338400,'1',430,,229587,7,,,0,14,,229624,7,,,0,12,,229625,7,,,0,53,,229626,7,,,0,12,,229588,7,,,0,8,,229608,7,,,0,8,,229589,7,,,0,8,,229627,7,,,0,10,,229590,7,,,0,49,,229609,7,,,0,8,,229591,7,,,0,10,,229610,7,,,0,7,,229682,7,0,93 57,0,9,,229592,7,,,0,10,,229611,7,,,0,53,,229593,7,,,0,17,,229594,7,,,0,11,,229612,7,0,93 57,0,12,,229595,7,,,0,61,,229596,7,,,0,14,,229597,7,,,0,15,,229613,7,0,93 57,0,14,,229598,7,,,0,14,,229614,7,0,93 57,0,54,,229615,7,0,93 57,0,14,,229599,7,,,0,14,,229616,7,0,93 57,0,15,,229600,7,,,0,55,,229617,7,0,93 57,0,15,,229601,7,,,0,15,,229618,7,0,93 57,0,14,,229602,7,,,0,54,,229619,7,0,93 57,0,14,,229603,7,,,0,14,,229620,7,0,93 57,0,16,,229604,7,,,0,55,,229621,7,0,93 57,0,14,,229605,7,,,0,12,,229622,7,0,93 57,0,12,,229606,7,,,0,13,,229623,7,0,93 57,0,52,,229607,7,,,0,12,,229628,7,0,93 57,0,12,,229629,7,,,0,12,,229630,7,0,93 57,0,12,,229632,7,,,0,55,,229633,7,0,93 57,0,16,,229634,7,,,0,18,,229676,7,,,0,53,,229635,7,0,93 57,0,10,,229636,7,,,0,13,,229637,7,,,0,14,,229638,7,,,0,20,,229674,7,,,0,50,,229639,7,,,0,10,,229640,7,,,0,10,,229641,7,,,0,10,,229642,7,,,0,10,,229643,7,,,0,10,,229644,7,,,0,50,,229645,7,,,0,10,,229646,7,,,0,10,,229647,7,,,0,10,,229648,7,,,0,8,,229649,7,,,0,10,,229650,7,,,0,54,,229651,7,,,0,10,,229652,7,,,0,8,,229653,7,,,0,9,,229654,7,,,0,9,,229678,7,0,93 57,0,9,,229655,7,,,0,48,,229656,7,,,0,10,,229657,7,,,0,8,,229658,7,0,93 57,0,10,,229675,7,,,0,10,,229659,7,,,0,10,,229679,7,0,93 57,0,50,,229660,7,,,0,10,,229661,7,0,93 57,0,10,,229662,7,,,0,12,,229663,7,0,93 57,0,12,,229664,7,,,0,12,,229680,7,0,93 57,0,52,,229665,7,,,0,12,,229666,7,0,93 57,0,12,,229667,7,,,0,14,,229668,7,0,93 57,0,10,,229681,7,,,0,52,,229669,7,0,93 57,0,11,,229670,7,,,0,12,,229671,7,0,93 57,0,13,,229672,7,,,0,67,,229673,7,,,0
2338400,'101',746,,229585,7,0,93 110,0,8,,229586,7,0,93 110,0,794,,229584,7,,,0
2338400,'2',619,,229689,7,,,0,15,,229690,7,0,93 57,0,15,,229691,7,,,0,55,,229692,7,0,93 57,0,15,,229693,7,,,0,15,,229694,7,0,93 57,0,14,,229695,7,,,0,52,,229696,7,0,93 57,0,12,,229697,7,,,0,12,,229698,7,0,93 57,0,13,,229771,7,,,0,11,,229772,7,0,93 57,0,53,,229699,7,,,0,12,,229700,7,0,93 57,0,13,,229701,7,,,0,11,,229702,7,0,93 57,0,13,,229703,7,,,0,52,,229704,7,0,93 57,0,12,,229705,7,,,0,13,,229706,7,0,93 57,0,13,,229707,7,,,0,11,,229708,7,0,93 57,0,54,,229709,7,,,0,12,,229710,7,0,93 57,0,12,,229711,7,,,0,12,,229712,7,0,93 57,0,12,,229713,7,,,0,52,,229714,7,0,93 57,0,12,,229715,7,,,0,12,,229716,7,0,93 57,0,12,,229717,7,,,0,12,,229718,7,0,93 57,0,51,,229719,7,,,0,9,,229720,7,0,93 57,0,11,,229753,7,,,0,10,,229762,7,0,93 57,0,10,,229754,7,,,0,10,,229763,7,0,93 57,0,50,,229755,7,,,0,10,,229764,7,0,93 57,0,10,,229756,7,,,0,10,,229765,7,0,93 57,0,10,,229757,7,,,0,10,,229766,7,0,93 57,0,50,,229758,7,,,0,10,,229767,7,0,93 57,0,10,,229759,7,,,0,10,,229768,7,0,93 57,0,10,,229760,7,,,0,10,,229769,7,0,93 57,0,50,,229761,7,,,0,9,,229770,7,0,93 57,0,11,,229736,7,,,0,9,,229745,7,0,93 57,0,11,,229737,7,,,0,9,,229746,7,0,93 57,0,50,,229738,7,,,0,9,,229747,7,0,93 57,0,9,,229739,7,,,0,10,,229748,7,0,93 57,0,10,,229740,7,,,0,10,,229749,7,0,93 57,0,49,,229741,7,,,0,9,,229750,7,0,93 57,0,11,,229742,7,,,0,9,,229751,7,0,93 57,0,10,,229743,7,,,0,10,,229752,7,0,93 57,0,9,,229744,7,,,0,55,,229721,7,0,93 57,0,15,,229722,7,,,0,15,,229723,7,0,93 57,0,16,,229724,7,,,0,55,,229725,7,0,93 57,0,16,,229726,7,,,0,16,,229727,7,0,93 57,0,56,,229728,7,,,0,16,,229729,7,0,93 57,0,16,,229730,7,,,0,15,,229731,7,0,93 57,0,61,,229732,7,,,0,19,,229733,7,0,93 57,0,20,,229734,7,,,0,60,,229735,7,0,93 57,0
2338400,'201',746,,229683,7,0,93 57,0,8,,229684,7,0,93 57,0,794,,229685,7,,,0
2338400,'3',616,,229821,7,0,93 57,0,15,,229785,7,,,0,15,,229820,7,0,93 57,0,55,,229784,7,,,0,15,,229819,7,0,93 57,0,15,,229825,7,,,0,15,,229818,7,0,93 57,0,55,,229783,7,,,0,15,,229817,7,0,93 57,0,15,,229782,7,,,0,15,,229816,7,,,0,55,,229839,7,,,0,15,,229815,7,0,93 57,0,16,,229781,7,,,0,14,,229814,7,0,93 57,0,56,,229838,7,,,0,15,,229813,7,0,93 57,0,15,,229830,7,,,0,15,,229812,7,0,93 57,0,55,,229837,7,,,0,15,,229811,7,0,93 57,0,16,,229780,7,,,0,14,,229810,7,0,93 57,0,56,,229836,7,,,0,15,,229809,7,0,93 57,0,15,,229779,7,,,0,15,,229808,7,0,93 57,0,56,,229835,7,,,0,15,,229807,7,0,93 57,0,15,,229778,7,,,0,15,,229806,7,0,93 57,0,55,,229834,7,,,0,15,,229805,7,0,93 57,0,17,,229777,7,,,0,16,,229804,7,0,93 57,0,55,,229776,7,,,0,15,,229803,7,0,93 57,0,15,,229775,7,,,0,15,,229802,7,0,93 57,0,55,,229774,7,,,0,14,,229801,7,0,93 57,0,15,,229773,7,,,0,15,,229800,7,0,93 57,0,56,,229841,7,,,0,14,,229799,7,0,93 57,0,16,,229832,7,,,0,14,,229798,7,0,93 57,0,56,,229840,7,,,0,14,,229797,7,0,93 57,0,15,,229827,7,,,0,15,,229796,7,0,93 57,0,55,,229833,7,,,0,15,,229795,7,0,93 57,0,15,,229822,7,,,0,15,,229794,7,0,93 57,0,55,,229831,7,,,0,14,,229793,7,0,93 57,0,16,,229826,7,,,0,14,,229792,7,0,93 57,0,55,,229824,7,,,0,14,,229791,7,0,93 57,0,14,,229829,7,,,0,15,,229790,7,0,93 57,0,60,,229828,7,,,0,20,,229789,7,0,93 57,0,20,,229788,7,0,93 57,0,63,,229823,7,,,0
