667200,'1_merged_15727750',551,,206489,4,,,0,51,,206490,4,,,0,16,,206447,16,,,0,7,,206448,16,,,0,15,,206449,16,,,0,15,,206450,16,,,0,58,,206451,16,,,0,22,,206452,16,,,0,12,,206453,16,,,0,56,,206454,16,,,0,23,,206456,16,,,0,12,,206457,16,,,0,13,,206458,16,,,0,58,,206493,16,,,0,15,,206466,16,,,0,26,,206467,16,,,0,70,,206468,16,,,0,30,,206469,16,,,0,69,,206470,16,,,0,30,,206471,16,,,0,70,,206472,16,,,0,30,,206473,16,,,0,70,,206474,16,,,0,30,,206475,16,,,0,69,,206476,16,,,0,28,,206477,16,,,0,70,,206478,16,,,0,29,,206479,16,,,0,65,,206491,16,,,0,5,,206459,16,,,0,16,,206460,16,,,0,15,,206461,16,,,0,59,,206462,16,,,0,18,,206463,16,,,0,25,,206464,16,,,0,9,,206465,16,,,0,61,,206492,16,,,0,1,,206480,16,,,0,21,,206481,16,,,0,64,,206483,16,,,0,5,,206484,16,,,0,16,,206485,16,,,0,13,,206486,16,,,0,16,,206487,16,,,0,74,,206488,16,,,0
667200,'2_merged_15727752',548,,206494,4,,,0,70,,206495,4,,,0,30,,206496,4,,,0,70,,206497,16,,,0,30,,206498,16,,,0,70,,206499,16,,,0,30,,206500,16,,,0,70,,206501,16,,,0,30,,206502,16,,,0,70,,206503,16,,,0,30,,206504,16,,,0,70,,206505,16,,,0,30,,206506,16,,,0,71,,206507,16,,,0,32,,206508,16,,,0,68,,206509,16,,,0,30,,206510,16,,,0,60,,206511,16,,,0,25,,206512,16,,,0,25,,206513,16,,,0,62,,206514,16,,,0,14,,206515,16,,,0,24,,206516,16,,,0,56,,206517,16,,,0,25,,206518,16,,,0,63,,206519,16,,,0,22,,206520,16,,,0,14,,206521,16,,,0,64,,206522,16,,,0,19,,206523,16,,,0,20,,206524,16,,,0,64,,206525,16,,,0,20,,206526,16,,,0,32,,206527,16,,,0,75,,206528,16,,,0
667200,'3_merged_15727751',720,,206529,4,,,0,30,,206530,16,,,0,70,,206531,16,,,0,30,,206532,16,,,0,70,,206533,16,,,0,30,,206534,16,,,0,70,,206535,16,,,0,30,,206536,16,,,0,70,,206537,16,,,0,30,,206538,16,,,0,70,,206539,16,,,0,30,,206540,16,,,0,71,,206541,16,,,0,32,,206542,16,,,0,69,,206543,16,,,0,30,,206544,16,,,0,71,,206545,16,,,0,30,,206546,16,,,0,70,,206547,16,,,0,31,,206548,16,,,0,70,,206549,16,,,0,30,,206550,16,,,0,70,,206555,16,,,0,33,,206551,16,,,0,65,,206552,16,,,0,28,,206553,16,,,0,70,,206554,16,,,0
669201,'1_merged_15727750',550,,210473,5,,,0,70,,210474,5,,,0,30,,210475,5,,,0,60,,210476,5,,,0,21,,210477,5,,,0,20,,210478,5,,,0,60,,210479,5,,,0,20,,210480,5,,,0,20,,210481,5,,,0,60,,210482,5,,,0,20,,210483,5,,,0,20,,210484,5,,,0,60,,210485,5,,,0,20,,210486,5,,,0,20,,210487,5,,,0,60,,210488,5,,,0,20,,210489,5,,,0,20,,210490,5,,,0,60,,210491,5,,,0,20,,210492,5,,,0,20,,210493,5,,,0,60,,210494,5,,,0,20,,210495,5,,,0,20,,210496,5,,,0,60,,210497,5,,,0,20,,210498,5,,,0,20,,210499,5,,,0,60,,210500,5,,,0,20,,210501,5,,,0,20,,210502,5,,,0,60,,210503,5,,,0,20,,210504,5,,,0,20,,210505,5,,,0,60,,210506,5,,,0,20,,210507,5,,,0,20,,210508,5,,,0,60,,210509,5,,,0,25,,210510,5,,,0,69,,210511,5,,,0,30,,210512,5,,,0,70,,210513,5,,,0,30,,210514,5,,,0,70,,210515,5,,,0,35,,210516,5,0,46 47,0,77,,210517,5,0,46 47,0,29,,210518,5,0,46 47,0,77,,210519,5,0,46 47,0,29,,210520,5,0,46 47,0,79,,210521,5,0,46 47,0,72,,210522,5,0,46 47,0
669201,'2_merged_15727752',535,,210524,5,,,0,70,,210525,5,,,0,30,,210526,5,,,0,70,,210527,5,,,0,31,,210528,5,,,0,70,,210529,5,,,0,30,,210530,5,,,0,70,,210531,5,,,0,31,,210532,5,,,0,70,,210533,5,,,0,30,,210534,5,,,0,70,,210535,5,,,0,20,,210536,5,,,0,20,,210537,5,,,0,60,,210538,5,,,0,20,,210539,5,,,0,20,,210540,5,,,0,60,,210541,5,,,0,20,,210542,5,,,0,20,,210543,5,,,0,60,,210544,5,,,0,20,,210545,5,,,0,20,,210546,5,,,0,60,,210547,5,,,0,20,,210548,5,,,0,20,,210549,5,,,0,60,,210550,5,,,0,20,,210551,5,,,0,20,,210552,5,,,0,60,,210553,5,,,0,19,,210554,5,,,0,21,,210555,5,,,0,60,,210556,5,,,0,30,,210557,5,,,0,69,,210558,5,,,0,30,,210559,5,,,0,70,,210560,5,,,0,20,,210561,5,0,46 47,0,80,,210562,5,0,46 47,0,40,,210563,5,0,46 47,0,80,,210564,5,0,46 47,0,80,,210565,5,0,46 47,0,40,,210566,5,0,46 47,0,80,,210567,5,0,46 47,0,80,,210568,5,0,46 47,0
669201,'3_merged_15727751',635,,210570,5,,,0,70,,210571,5,,,0,30,,210572,5,,,0,71,,210573,5,,,0,30,,210574,5,,,0,70,,210575,5,,,0,30,,210576,5,,,0,70,,210577,5,,,0,30,,210578,5,,,0,70,,210579,5,,,0,20,,210580,5,,,0,20,,210581,5,,,0,60,,210582,5,,,0,20,,210583,5,,,0,20,,210584,5,,,0,60,,210585,5,,,0,20,,210586,5,,,0,20,,210587,5,,,0,60,,210588,5,,,0,20,,210589,5,,,0,20,,210590,5,,,0,60,,210591,5,,,0,20,,210592,5,,,0,20,,210593,5,,,0,60,,210594,5,,,0,20,,210595,5,,,0,20,,210596,5,,,0,60,,210597,5,,,0,20,,210598,5,,,0,20,,210599,5,,,0,60,,210600,5,,,0,30,,210601,5,,,0,70,,210602,5,,,0,30,,210603,5,,,0,70,,210604,5,,,0,30,,210605,5,,,0,70,,210606,5,0,46 47,0,40,,210607,5,0,46 47,0,80,,210608,5,0,46 47,0,79,,210609,5,0,46 47,0,41,,210610,5,0,46 47,0,80,,210611,5,0,46 47,0,80,,210612,5,0,46 47,0
1671700,'1_merged_15727750',2057,,227433,26,,,0,68,,227434,26,,,0,26,,227435,26,,,0,70,,227436,26,,,0,30,,227437,26,,,0,70,,227438,26,,,0,30,,227439,26,,,0,69,,227440,26,,,0,30,,227441,26,,,0,69,,227442,26,,,0
1671700,'2_merged_15727752',2055,,227443,26,,,0,65,,227444,26,,,0,31,,227445,26,,,0,71,,227451,26,,,0,30,,227446,26,,,0,68,,227447,26,,,0,30,,227448,26,,,0,72,,227450,26,,,0,99,,227449,26,,,0
1671700,'3_merged_15727751',2054,,227452,26,,,0,70,,227453,26,,,0,28,,227454,26,,,0,71,,227461,26,,,0,31,,227455,26,,,0,69,,227456,26,,,0,30,,227457,26,,,0,64,,227460,26,,,0,30,,227458,26,,,0,69,,227459,26,,,0
2263900,'1_merged_15727750',548,,229420,4,,,0,70,,229421,4,,,0,30,,229422,4,,,0,70,,229423,4,,,0,30,,229424,4,,,0,70,,229425,4,,,0,30,,229426,4,,,0,70,,229427,4,,,0,30,,229428,4,,,0,70,,229429,4,,,0,30,,229430,4,,,0,70,,229431,4,,,0,30,,229432,4,,,0,70,,229433,4,,,0,30,,229434,4,,,0,70,,229435,4,,,0,30,,229436,4,,,0,70,,229437,4,,,0,30,,229438,4,,,0,70,,229439,4,,,0,30,,229440,4,,,0,70,,229441,4,,,0,30,,229442,4,,,0,70,,229443,4,,,0,30,,229444,4,,,0,70,,229445,4,,,0,30,,229446,4,,,0,70,,229447,4,,,0,100,,229448,4,,,0
2263900,'2_merged_15727752',618,,229449,4,,,0,30,,229450,4,,,0,70,,229451,4,,,0,30,,229452,4,,,0,70,,229453,4,,,0,30,,229454,4,,,0,70,,229455,4,,,0,30,,229456,4,,,0,70,,229457,4,,,0,30,,229458,4,,,0,70,,229459,4,,,0,30,,229460,4,,,0,70,,229461,4,,,0,30,,229462,4,,,0,70,,229463,4,,,0,30,,229464,4,,,0,70,,229465,4,,,0,30,,229466,4,,,0,70,,229467,4,,,0,30,,229468,4,,,0,70,,229469,4,,,0,30,,229470,4,,,0,70,,229471,4,,,0,30,,229472,4,,,0,70,,229473,4,,,0,30,,229474,4,,,0,70,,229475,4,,,0,100,,229476,4,,,0
2263900,'3_merged_15727751',748,,229477,4,,,0,70,,229478,4,,,0,30,,229479,4,,,0,70,,229480,4,,,0,30,,229481,4,,,0,70,,229482,4,,,0,30,,229483,4,,,0,70,,229484,4,,,0,30,,229485,4,,,0,70,,229486,4,,,0,30,,229487,4,,,0,70,,229488,4,,,0,30,,229489,4,,,0,70,,229490,4,,,0,30,,229491,4,,,0,70,,229492,4,,,0,30,,229493,4,,,0,70,,229494,4,,,0,30,,229495,4,,,0,70,,229496,4,,,0,30,,229497,4,,,0,70,,229498,4,,,0,30,,229499,4,,,0,70,,229500,4,,,0,100,,229501,4,,,0
