673800,'1',558,,218995,23,,,0,52,,218997,23,,,0,11,,218994,23,,,0,12,,218996,23,,,0,12,,218968,23,,,0,11,,218923,23,,,0,52,,218967,23,,,0,12,,218958,23,,,0,14,,218939,23,,,0,14,,218999,23,,,0,52,,218964,23,,,0,14,,218922,23,,,0,13,,218931,23,,,0,12,,218924,23,,,0,14,,218917,23,,,0,54,,218963,23,,,0,14,,218985,23,,,0,15,,218984,23,,,0,15,,218986,23,,,0,55,,218962,23,,,0,15,,218942,23,,,0,15,,218972,23,,,0,17,,218966,23,,,0,55,,218971,23,,,0,15,,218946,23,,,0,15,,218970,23,,,0,15,,218941,23,,,0,55,,218969,23,,,0,16,,218989,23,,,0,15,,218976,23,,,0,15,,218950,23,,,0,55,,218930,23,,,0,17,,218949,23,,,0,15,,218929,23,,,0,16,,218947,23,,,0,55,,218928,23,,,0,17,,218927,23,,,0,16,,218948,23,,,0,56,,218961,23,,,0,15,,218956,23,,,0,17,,218921,23,,,0,15,,218952,23,,,0,58,,218959,23,,,0,16,,218936,23,,,0,12,,218940,23,,,0,12,,218944,23,,,0,13,,218934,23,,,0,52,,218960,23,,,0,12,,218935,23,,,0,11,,219000,23,,,0,12,,218951,23,,,0,61,,218957,23,,,0,11,,218955,23,,,0,10,,218965,23,,,0,12,,218975,23,,,0,10,,219001,23,,,0,8,,218937,23,,,0,52,,218945,23,,,0,9,,218998,23,,,0,10,,218983,23,,,0,10,,218926,23,,,0,9,,218954,23,,,0,10,,218915,23,,,0,50,,218978,23,,,0,8,,218953,23,,,0,15,,218982,23,,,0,14,,218943,23,,,0,55,,218980,23,,,0,15,,218987,23,,,0,15,,218977,23,,,0,13,,218938,23,,,0,15,,218933,23,,,0,55,,218932,23,,,0,15,,218916,23,,,0,14,,218988,23,,,0,58,,218993,23,,,0,20,,218974,23,,,0,20,,218981,23,,,0,18,,218920,23,,,0,60,,218973,23,,,0,20,,218979,23,,,0,19,,218919,23,,,0,60,,218990,23,,,0,20,,218991,23,,,0,65,,218918,23,,,0,23,,218992,23,,,0,26,,218925,23,,,0
673800,'101',1758,,218914,23,,,0
673800,'2',639,,219020,23,,,0,15,,219021,23,,,0,55,,219022,23,,,0,15,,219023,23,,,0,15,,219024,23,,,0,15,,219025,23,,,0,57,,219042,23,,,0,15,,219026,23,,,0,15,,219041,23,,,0,15,,219027,23,,,0,55,,219028,23,,,0,17,,219065,23,,,0,14,,219030,23,,,0,15,,219076,23,,,0,55,,219031,23,,,0,17,,219066,23,,,0,15,,219032,23,,,0,56,,219075,23,,,0,15,,219033,23,,,0,15,,219011,23,,,0,15,,219034,23,,,0,56,,219074,23,,,0,15,,219035,23,,,0,17,,219012,23,,,0,15,,219045,23,,,0,56,,219073,23,,,0,15,,219046,23,,,0,16,,219053,23,,,0,15,,219047,23,,,0,56,,219072,23,,,0,15,,219048,23,,,0,14,,219014,23,,,0,15,,219049,23,,,0,55,,219071,23,,,0,15,,219050,23,,,0,14,,219067,23,,,0,15,,219051,23,,,0,55,,219070,23,,,0,15,,219052,23,,,0,15,,219043,23,,,0,15,,219054,23,,,0,55,,219069,23,,,0,15,,219055,23,,,0,15,,219044,23,,,0,15,,219056,23,,,0,53,,219039,23,,,0,15,,219057,23,,,0,14,,219038,23,,,0,15,,219058,23,,,0,54,,219068,23,,,0,13,,219059,23,,,0,11,,219081,23,,,0,12,,219013,23,,,0,12,,219063,23,,,0,52,,219064,23,,,0,12,,219060,23,,,0,11,,219082,23,,,0,12,,219040,23,,,0,11,,219061,23,,,0,12,,219018,23,,,0,52,,219062,23,,,0,13,,219037,23,,,0,15,,219009,23,,,0,13,,219016,23,,,0,55,,219006,23,,,0,15,,219015,23,,,0,15,,219008,23,,,0,13,,219019,23,,,0,55,,219005,23,,,0,15,,219017,23,,,0,15,,219007,23,,,0,14,,219029,23,,,0,55,,219004,23,,,0,20,,219010,23,,,0,20,,219003,23,,,0,60,,219036,23,,,0,30,,219080,23,,,0,68,,219079,23,,,0,32,,219078,23,,,0,73,,219077,23,,,0
673800,'201',1758,,219002,23,,,0
673800,'3',631,,219090,23,,,0,14,,219091,23,,,0,14,,219092,23,,,0,55,,219093,23,,,0,15,,219094,23,,,0,15,,219095,23,,,0,15,,219096,23,,,0,56,,219097,23,,,0,16,,219124,23,,,0,18,,219098,23,,,0,56,,219141,23,,,0,16,,219099,23,,,0,16,,219086,23,,,0,16,,219100,23,,,0,55,,219142,23,,,0,15,,219101,23,,,0,15,,219083,23,,,0,16,,219102,23,,,0,55,,219144,23,,,0,16,,219122,23,,,0,15,,219088,23,,,0,16,,219103,23,,,0,55,,219087,23,,,0,15,,219104,23,,,0,15,,219143,23,,,0,17,,219105,23,,,0,55,,219085,23,,,0,15,,219106,23,,,0,15,,219138,23,,,0,15,,219107,23,,,0,55,,219126,23,,,0,15,,219116,23,,,0,15,,219125,23,,,0,15,,219117,23,,,0,55,,219127,23,,,0,13,,219118,23,,,0,15,,219123,23,,,0,17,,219084,23,,,0,55,,219128,23,,,0,15,,219135,23,,,0,14,,219139,23,,,0,15,,219119,23,,,0,56,,219089,23,,,0,15,,219120,23,,,0,15,,219140,23,,,0,14,,219145,23,,,0,55,,219146,23,,,0,14,,219147,23,,,0,15,,219148,23,,,0,15,,219149,23,,,0,55,,219150,23,,,0,15,,219151,23,,,0,15,,219152,23,,,0,15,,219153,23,,,0,55,,219154,23,,,0,13,,219155,23,,,0,15,,219129,23,,,0,15,,219121,23,,,0,55,,219131,23,,,0,16,,219137,23,,,0,14,,219130,23,,,0,11,,219115,23,,,0,54,,219132,23,,,0,16,,219114,23,,,0,14,,219134,23,,,0,15,,219113,23,,,0,54,,219133,23,,,0,16,,219112,23,,,0,15,,219136,23,,,0,14,,219111,23,,,0,55,,219110,23,,,0,15,,219109,23,,,0,20,,219108,23,,,0
2338400,'1',446,,229587,11,,,0,54,,229624,11,,,0,13,,229625,11,,,0,13,,229626,11,,,0,12,,229588,11,,,0,8,,229608,11,,,0,8,,229589,11,,,0,48,,229627,11,,,0,10,,229590,11,,,0,11,,229609,11,,,0,8,,229591,11,,,0,10,,229610,11,,,0,7,,229682,11,0,93 57,0,9,,229592,11,,,0,50,,229611,11,,,0,13,,229593,11,,,0,18,,229594,11,,,0,10,,229612,11,0,93 57,0,54,,229595,11,,,0,21,,229596,11,,,0,15,,229597,11,,,0,15,,229613,11,0,93 57,0,55,,229598,11,,,0,13,,229614,11,0,93 57,0,14,,229615,11,0,93 57,0,15,,229599,11,,,0,54,,229616,11,0,93 57,0,15,,229600,11,,,0,15,,229617,11,0,93 57,0,15,,229601,11,,,0,55,,229618,11,0,93 57,0,15,,229602,11,,,0,13,,229619,11,0,93 57,0,15,,229603,11,,,0,54,,229620,11,0,93 57,0,16,,229604,11,,,0,15,,229621,11,0,93 57,0,14,,229605,11,,,0,12,,229622,11,0,93 57,0,52,,229606,11,,,0,13,,229623,11,0,93 57,0,12,,229607,11,,,0,12,,229628,11,0,93 57,0,12,,229629,11,,,0,52,,229630,11,0,93 57,0,12,,229632,11,,,0,15,,229633,11,0,93 57,0,17,,229634,11,,,0,58,,229676,11,,,0,14,,229635,11,0,93 57,0,10,,229636,11,,,0,13,,229637,11,,,0,55,,229638,11,,,0,20,,229674,11,,,0,10,,229639,11,,,0,10,,229640,11,,,0,11,,229641,11,,,0,50,,229642,11,,,0,10,,229643,11,,,0,10,,229644,11,,,0,10,,229645,11,,,0,10,,229646,11,,,0,9,,229647,11,,,0,50,,229648,11,,,0,7,,229649,11,,,0,10,,229650,11,,,0,14,,229651,11,,,0,8,,229652,11,,,0,7,,229653,11,,,0,49,,229654,11,,,0,9,,229678,11,0,93 57,0,8,,229655,11,,,0,8,,229656,11,,,0,10,,229657,11,,,0,7,,229658,11,0,93 57,0,11,,229675,11,,,0,50,,229659,11,,,0,8,,229679,11,0,93 57,0,11,,229660,11,,,0,9,,229661,11,0,93 57,0,10,,229662,11,,,0,12,,229663,11,0,93 57,0,52,,229664,11,,,0,12,,229680,11,0,93 57,0,12,,229665,11,,,0,11,,229666,11,0,93 57,0,13,,229667,11,,,0,53,,229668,11,0,93 57,0,11,,229681,11,,,0,11,,229669,11,0,93 57,0,11,,229670,11,,,0,12,,229671,11,0,93 57,0,53,,229672,11,,,0,27,,229673,11,,,0
2338400,'101',806,,229585,11,0,93 110,0,9,,229586,11,0,93 110,0,800,,229584,11,,,0
2338400,'2',637,,229689,11,,,0,15,,229690,11,0,93 57,0,55,,229691,11,,,0,15,,229692,11,0,93 57,0,15,,229693,11,,,0,15,,229694,11,0,93 57,0,54,,229695,11,,,0,12,,229696,11,0,93 57,0,12,,229697,11,,,0,13,,229698,11,0,93 57,0,13,,229771,11,,,0,51,,229772,11,0,93 57,0,14,,229699,11,,,0,11,,229700,11,0,93 57,0,14,,229701,11,,,0,12,,229702,11,0,93 57,0,52,,229703,11,,,0,13,,229704,11,0,93 57,0,13,,229705,11,,,0,13,,229706,11,0,93 57,0,53,,229707,11,,,0,11,,229708,11,0,93 57,0,15,,229709,11,,,0,12,,229710,11,0,93 57,0,12,,229711,11,,,0,52,,229712,11,0,93 57,0,12,,229713,11,,,0,12,,229714,11,0,93 57,0,12,,229715,11,,,0,12,,229716,11,0,93 57,0,53,,229717,11,,,0,11,,229718,11,0,93 57,0,12,,229719,11,,,0,9,,229720,11,0,93 57,0,11,,229753,11,,,0,11,,229762,11,0,93 57,0,50,,229754,11,,,0,10,,229763,11,0,93 57,0,10,,229755,11,,,0,10,,229764,11,0,93 57,0,10,,229756,11,,,0,10,,229765,11,0,93 57,0,50,,229757,11,,,0,10,,229766,11,0,93 57,0,10,,229758,11,,,0,10,,229767,11,0,93 57,0,10,,229759,11,,,0,10,,229768,11,0,93 57,0,50,,229760,11,,,0,10,,229769,11,0,93 57,0,9,,229761,11,,,0,9,,229770,11,0,93 57,0,11,,229736,11,,,0,9,,229745,11,0,93 57,0,51,,229737,11,,,0,9,,229746,11,0,93 57,0,9,,229738,11,,,0,9,,229747,11,0,93 57,0,9,,229739,11,,,0,10,,229748,11,0,93 57,0,50,,229740,11,,,0,10,,229749,11,0,93 57,0,8,,229741,11,,,0,9,,229750,11,0,93 57,0,11,,229742,11,,,0,9,,229751,11,0,93 57,0,50,,229743,11,,,0,10,,229752,11,0,93 57,0,9,,229744,11,,,0,14,,229721,11,0,93 57,0,15,,229722,11,,,0,54,,229723,11,0,93 57,0,16,,229724,11,,,0,16,,229725,11,0,93 57,0,15,,229726,11,,,0,56,,229727,11,0,93 57,0,16,,229728,11,,,0,15,,229729,11,0,93 57,0,16,,229730,11,,,0,55,,229731,11,0,93 57,0,21,,229732,11,,,0,19,,229733,11,0,93 57,0,60,,229734,11,,,0,20,,229735,11,0,93 57,0
2338400,'201',806,,229683,11,0,93 57,0,9,,229684,11,0,93 57,0,800,,229685,11,,,0
2338400,'3',633,,229821,11,0,93 57,0,16,,229785,11,,,0,54,,229820,11,0,93 57,0,16,,229784,11,,,0,14,,229819,11,0,93 57,0,16,,229825,11,,,0,54,,229818,11,0,93 57,0,16,,229783,11,,,0,14,,229817,11,0,93 57,0,17,,229782,11,,,0,55,,229816,11,,,0,15,,229839,11,,,0,14,,229815,11,0,93 57,0,16,,229781,11,,,0,54,,229814,11,0,93 57,0,18,,229838,11,,,0,14,,229813,11,0,93 57,0,16,,229830,11,,,0,55,,229812,11,0,93 57,0,15,,229837,11,,,0,15,,229811,11,0,93 57,0,16,,229780,11,,,0,55,,229810,11,0,93 57,0,16,,229836,11,,,0,14,,229809,11,0,93 57,0,17,,229779,11,,,0,54,,229808,11,0,93 57,0,17,,229835,11,,,0,15,,229807,11,0,93 57,0,15,,229778,11,,,0,55,,229806,11,0,93 57,0,15,,229834,11,,,0,15,,229805,11,0,93 57,0,17,,229777,11,,,0,56,,229804,11,0,93 57,0,15,,229776,11,,,0,14,,229803,11,0,93 57,0,15,,229775,11,,,0,55,,229802,11,0,93 57,0,15,,229774,11,,,0,13,,229801,11,0,93 57,0,16,,229773,11,,,0,54,,229800,11,0,93 57,0,17,,229841,11,,,0,14,,229799,11,0,93 57,0,15,,229832,11,,,0,55,,229798,11,0,93 57,0,15,,229840,11,,,0,14,,229797,11,0,93 57,0,15,,229827,11,,,0,55,,229796,11,0,93 57,0,15,,229833,11,,,0,14,,229795,11,0,93 57,0,16,,229822,11,,,0,54,,229794,11,0,93 57,0,16,,229831,11,,,0,13,,229793,11,0,93 57,0,16,,229826,11,,,0,54,,229792,11,0,93 57,0,15,,229824,11,,,0,13,,229791,11,0,93 57,0,15,,229829,11,,,0,54,,229790,11,0,93 57,0,21,,229828,11,,,0,19,,229789,11,0,93 57,0,60,,229788,11,0,93 57,0,24,,229823,11,,,0
