661400,'1',551,,187493,13,,,0,63,,187442,13,,,0,15,,187494,13,,,0,15,,187440,13,,,0,15,,187465,13,,,0,53,,187466,13,,,0,14,,187467,18,,,0,15,,187468,18,,,0,14,,187475,18,,,0,55,,187481,18,,,0,15,,187495,18,,,0,15,,187469,18,,,0,16,,187435,18,,,0,55,,187436,18,,,0,15,,187477,18,,,0,15,,187478,18,,,0,15,,187479,18,,,0,55,,187480,18,,,0,13,,187496,18,,,0,15,,187497,18,,,0,15,,187492,18,,,0,55,,187472,18,,,0,15,,187437,18,,,0,15,,187464,18,,,0,14,,187439,18,,,0,54,,187473,18,,,0,14,,187476,18,,,0,13,,187432,18,,,0,14,,187433,18,,,0,54,,187459,18,,,0,12,,187502,18,,,0,12,,187457,18,,,0,12,,187460,18,,,0,12,,187461,18,,,0,52,,187470,18,,,0,12,,187490,18,,,0,12,,187491,18,,,0,12,,187471,18,,,0,12,,187443,18,,,0,52,,187444,18,,,0,12,,187445,18,,,0,11,,187487,18,,,0,12,,187446,18,,,0,12,,187447,18,,,0,10,,187448,18,,,0,50,,187450,18,,,0,10,,187485,18,,,0,11,,187499,18,,,0,10,,187474,18,,,0,10,,187498,18,,,0,50,,187484,18,,,0,10,,187486,18,,,0,10,,187453,18,,,0,9,,187500,18,,,0,8,,187488,18,,,0,9,,187501,18,,,0,8,,187489,18,,,0,49,,187452,18,,,0,12,,187462,18,,,0,13,,187451,18,,,0,12,,187438,18,,,0,15,,187483,18,,,0,60,,187441,18,,,0,21,,187482,18,,,0,22,,187449,18,0,10,0,60,,187463,18,0,10,0,20,,187434,18,0,10,0
661400,'152201',2058,,187414,18,0,10,0,60,,187415,18,0,10,0,20,,187419,18,0,10,0,20,,187416,18,0,10,0,60,,187420,18,0,10,0,20,,187421,18,0,10,0,21,,187417,18,0,10,0,60,,187413,18,0,10,0,18,,187418,18,0,10,0,69,,187412,18,0,10,0
661400,'152301',2058,,187422,18,0,10,0,60,,187423,18,0,10,0,20,,187424,18,0,10,0,20,,187425,18,0,10,0,60,,187426,18,0,10,0,20,,187427,18,0,10,0,21,,187428,18,0,10,0,60,,187429,18,0,10,0,18,,187430,18,0,10,0,69,,187431,18,0,10,0
661400,'2',542,,187536,13,,,0,74,,187528,13,,,0,15,,187519,13,,,0,20,,187523,13,,,0,60,,187568,13,,,0,20,,187540,13,,,0,20,,187539,13,,,0,60,,187510,13,,,0,18,,187552,13,,,0,15,,187553,13,,,0,14,,187554,13,,,0,55,,187555,18,,,0,14,,187556,18,,,0,14,,187527,18,,,0,13,,187544,18,,,0,54,,187542,18,,,0,13,,187507,18,,,0,12,,187508,18,,,0,13,,187509,18,,,0,12,,187577,18,,,0,52,,187530,18,,,0,12,,187512,18,,,0,12,,187511,18,,,0,12,,187560,18,,,0,12,,187529,18,,,0,51,,187531,18,,,0,12,,187570,18,,,0,11,,187532,18,,,0,11,,187533,18,,,0,10,,187578,18,,,0,51,,187561,18,,,0,11,,187566,18,,,0,11,,187520,18,,,0,11,,187571,18,,,0,12,,187506,18,,,0,52,,187515,18,,,0,12,,187516,18,,,0,12,,187517,18,,,0,12,,187572,18,,,0,12,,187557,18,,,0,52,,187573,18,,,0,12,,187567,18,,,0,12,,187526,18,,,0,12,,187546,18,,,0,12,,187559,18,,,0,52,,187574,18,,,0,12,,187548,18,,,0,13,,187562,18,,,0,13,,187534,18,,,0,12,,187565,18,,,0,52,,187538,18,,,0,12,,187575,18,,,0,12,,187569,18,,,0,12,,187503,18,,,0,13,,187504,18,,,0,53,,187505,18,,,0,12,,187576,18,,,0,12,,187579,18,,,0,13,,187513,18,,,0,13,,187514,18,,,0,56,,187547,18,,,0,21,,187535,18,,,0,22,,187549,18,0,10,0,60,,187563,18,0,10,0,20,,187545,18,0,10,0,20,,187550,18,0,10,0,61,,187558,18,0,10,0,21,,187518,18,0,10,0,21,,187543,18,0,10,0,60,,187522,18,0,10,0,20,,187551,18,0,10,0,21,,187521,18,0,10,0,60,,187564,18,0,10,0,19,,187541,18,0,10,0,71,,187537,18,0,10,0
661400,'3',716,,187583,13,,,0,29,,187584,13,,,0,70,,187585,13,,,0,29,,187587,13,,,0,66,,187588,13,,,0,19,,187589,13,,,0,17,,187590,13,,,0,54,,187591,18,,,0,16,,187592,18,,,0,15,,187593,18,,,0,15,,187594,18,,,0,54,,187595,18,,,0,16,,187596,18,,,0,15,,187597,18,,,0,14,,187598,18,,,0,55,,187599,18,,,0,15,,187600,18,,,0,14,,187601,18,,,0,12,,187602,18,,,0,12,,187603,18,,,0,52,,187604,18,,,0,12,,187605,18,,,0,12,,187606,18,,,0,12,,187607,18,,,0,12,,187608,18,,,0,52,,187609,18,,,0,12,,187610,18,,,0,12,,187611,18,,,0,12,,187612,18,,,0,13,,187613,18,,,0,53,,187614,18,,,0,13,,187615,18,,,0,12,,187616,18,,,0,12,,187617,18,,,0,12,,187618,18,,,0,53,,187619,18,,,0,14,,187620,18,,,0,15,,187621,18,,,0,15,,187622,18,,,0,55,,187623,18,,,0,15,,187624,18,,,0,15,,187625,18,,,0,15,,187626,18,,,0,55,,187627,18,,,0,15,,187628,18,,,0,15,,187629,18,,,0,20,,187630,18,,,0,59,,187631,18,,,0,19,,187632,18,,,0,19,,187633,18,0,10,0,59,,187634,18,0,10,0,19,,187635,18,0,10,0,20,,187636,18,0,10,0,60,,187637,18,0,10,0,24,,187638,18,0,10,0,66,,187639,18,0,10,0,20,,187640,18,0,10,0,19,,187641,18,0,10,0,59,,187642,18,0,10,0,23,,187643,18,0,10,0,19,,187644,18,0,10,0,65,,187645,18,0,10,0
661700,'1',534,,189191,23,,,0,68,,189192,23,,,0,18,,189193,23,,,0,15,,189194,23,,,0,11,,189195,23,,,0,12,,189196,23,,,0,52,,189197,23,,,0,12,,189198,23,,,0,12,,189199,23,,,0,10,,189200,23,,,0,10,,189201,23,,,0,50,,189202,23,,,0,12,,189203,23,,,0,12,,189204,23,,,0,12,,189205,23,,,0,12,,189206,23,,,0,55,,189207,23,,,0,15,,189208,23,,,0,14,,189209,23,,,0,14,,189210,23,,,0,55,,189211,23,,,0,15,,189212,23,,,0,15,,189213,23,,,0,15,,189214,23,,,0,55,,189215,23,,,0,15,,189216,23,,,0,14,,189217,23,,,0,15,,189218,23,,,0,56,,189219,23,,,0,15,,189220,23,,,0,15,,189221,23,,,0,15,,189222,23,,,0,55,,189223,23,,,0,15,,189224,23,,,0,15,,189225,23,,,0,15,,189226,23,,,0,55,,189227,23,,,0,15,,189228,23,,,0,12,,189229,23,,,0,12,,189230,23,,,0,12,,189231,23,,,0,52,,189232,23,,,0,12,,189233,23,,,0,12,,189234,23,,,0,12,,189235,23,,,0,12,,189236,23,,,0,52,,189237,23,,,0,12,,189238,23,,,0,13,,189239,23,,,0,12,,189240,23,,,0,13,,189241,23,,,0,55,,189242,23,,,0,15,,189243,23,,,0,20,,189244,23,,,0,60,,189245,23,,,0,19,,189246,23,,,0,20,,189247,23,,,0,61,,189248,23,,,0,21,,189249,23,,,0,21,,189250,23,,,0,61,,189251,23,,,0,20,,189252,23,,,0
661700,'152201',2051,,189167,23,,,0,60,,189168,23,,,0,20,,189169,23,,,0,20,,189170,23,,,0,60,,189171,23,,,0,20,,189172,23,,,0,20,,189173,23,,,0,63,,189174,23,,,0,20,,189175,23,,,0,19,,189176,23,,,0,63,,189177,23,,,0,37,,189178,23,,,0
661700,'152301',2051,,189179,23,,,0,60,,189180,23,,,0,20,,189181,23,,,0,20,,189182,23,,,0,60,,189183,23,,,0,20,,189184,23,,,0,20,,189185,23,,,0,63,,189186,23,,,0,20,,189187,23,,,0,19,,189188,23,,,0,63,,189189,23,,,0,37,,189190,23,,,0
661700,'2',606,,189255,23,,,0,20,,189256,23,,,0,20,,189257,23,,,0,59,,189258,23,,,0,20,,189259,23,,,0,20,,189260,23,,,0,60,,189261,23,,,0,15,,189262,23,,,0,15,,189263,23,,,0,15,,189264,23,,,0,55,,189265,23,,,0,15,,189266,23,,,0,14,,189267,23,,,0,15,,189268,23,,,0,55,,189269,23,,,0,15,,189270,23,,,0,15,,189271,23,,,0,15,,189272,23,,,0,55,,189273,23,,,0,15,,189274,23,,,0,14,,189275,23,,,0,15,,189276,23,,,0,55,,189277,23,,,0,15,,189278,23,,,0,16,,189279,23,,,0,16,,189280,23,,,0,56,,189281,23,,,0,16,,189282,23,,,0,15,,189283,23,,,0,15,,189284,23,,,0,55,,189285,23,,,0,16,,189286,23,,,0,15,,189287,23,,,0,15,,189288,23,,,0,52,,189289,23,,,0,12,,189290,23,,,0,12,,189291,23,,,0,13,,189292,23,,,0,13,,189293,23,,,0,53,,189294,23,,,0,13,,189295,23,,,0,12,,189296,23,,,0,12,,189297,23,,,0,13,,189298,23,,,0,52,,189299,23,,,0,12,,189300,23,,,0,12,,189301,23,,,0,12,,189302,23,,,0,13,,189303,23,,,0,55,,189304,23,,,0,15,,189305,23,,,0,15,,189306,23,,,0,15,,189307,23,,,0,55,,189308,23,,,0,15,,189309,23,,,0,15,,189310,23,,,0,60,,189311,23,,,0,20,,189312,23,,,0,22,,189313,23,,,0,60,,189314,23,,,0,21,,189315,23,,,0,20,,189316,23,,,0,61,,189317,23,,,0,20,,189318,23,,,0,21,,189319,23,,,0,61,,189320,23,,,0,20,,189321,23,,,0,16,,189322,23,,,0,75,,189323,23,,,0,32,,189324,23,,,0
661700,'3',600,,189325,23,,,0,30,,189326,23,,,0,70,,189327,23,,,0,29,,189328,23,,,0,72,,189329,23,,,0,32,,189330,23,,,0,26,,189331,23,,,0,60,,189332,23,,,0,22,,189333,23,,,0,62,,189334,23,,,0,22,,189335,23,,,0,20,,189336,23,,,0,14,,189337,23,,,0,55,,189338,23,,,0,15,,189339,23,,,0,14,,189340,23,,,0,15,,189341,23,,,0,55,,189342,23,,,0,14,,189343,23,,,0,15,,189344,23,,,0,15,,189345,23,,,0,54,,189346,23,,,0,14,,189347,23,,,0,15,,189348,23,,,0,15,,189349,23,,,0,55,,189350,23,,,0,15,,189351,23,,,0,15,,189352,23,,,0,15,,189353,23,,,0,55,,189354,23,,,0,15,,189355,23,,,0,15,,189356,23,,,0,15,,189357,23,,,0,55,,189358,23,,,0,15,,189359,23,,,0,15,,189360,23,,,0,15,,189361,23,,,0,55,,189362,23,,,0,14,,189363,23,,,0,16,,189364,23,,,0,15,,189365,23,,,0,60,,189366,23,,,0,20,,189367,23,,,0,20,,189368,23,,,0,60,,189369,23,,,0,20,,189370,23,,,0,18,,189371,23,,,0,60,,189372,23,,,0,20,,189373,23,,,0,21,,189374,23,,,0,60,,189375,23,,,0,20,,189376,23,,,0,21,,189377,23,,,0,60,,189378,23,,,0,20,,189379,23,,,0,20,,189380,23,,,0,60,,189381,23,,,0,20,,189382,23,,,0,17,,189383,23,,,0,73,,189384,23,,,0,28,,189385,23,,,0
1671800,'1',314,,227606,26,0,10,0,30,,227607,26,0,10,0,78,,227608,26,0,10,0,31,,227575,26,,,0,78,,227577,26,,,0,4,,227571,22,,,0,13,,227572,26,,,0,53,,227578,22,,,0,13,,227579,26,,,0,14,,227580,26,,,0,15,,227581,26,,,0,14,,227582,26,,,0,53,,227569,26,,,0,14,,227570,26,,,0,14,,227586,26,,,0,14,,227587,26,,,0,53,,227588,26,,,0,13,,227589,26,,,0,13,,227590,26,,,0,13,,227591,26,,,0,13,,227592,26,,,0,54,,227593,26,,,0,13,,227594,26,,,0,14,,227595,26,,,0,15,,227596,26,,,0,55,,227597,26,,,0,15,,227598,26,,,0,15,,227599,26,,,0,15,,227600,26,,,0,55,,227601,26,,,0,15,,227602,26,,,0,16,,227603,26,,,0,15,,227604,26,,,0,55,,227605,26,,,0,15,,227583,26,,,0,15,,227584,26,,,0,15,,227585,26,,,0,55,,227562,26,,,0,15,,227563,26,,,0,15,,227564,26,,,0,16,,227534,26,,,0,55,,227535,26,,,0,15,,227536,26,,,0,8,,227537,26,,,0,8,,227574,26,,,0,14,,227538,26,,,0,55,,227539,26,,,0,14,,227540,26,,,0,13,,227541,26,,,0,12,,227542,26,,,0,10,,227612,26,,,0,50,,227543,26,,,0,10,,227544,26,,,0,10,,227545,26,,,0,10,,227546,26,,,0,10,,227547,26,,,0,10,,227548,26,,,0,49,,227549,26,,,0,9,,227550,26,,,0,10,,227611,26,,,0,9,,227551,26,,,0,9,,227552,26,,,0,10,,227553,26,,,0,50,,227554,26,,,0,12,,227555,26,,,0,12,,227556,26,,,0,12,,227557,26,,,0,13,,227558,26,,,0,52,,227559,26,0,10,0,15,,227560,26,0,10,0,15,,227561,26,0,10,0,15,,227565,26,0,10,0,55,,227566,26,0,10,0,15,,227568,26,0,10,0,17,,227567,26,0,10,0
1671800,'152201',2054,,227505,26,0,10,0,56,,227506,26,0,10,0,15,,227507,26,0,10,0,15,,227508,26,0,10,0,16,,227509,26,0,10,0,60,,227510,26,0,10,0,21,,227511,26,0,10,0,20,,227512,26,0,10,0,60,,227513,26,0,10,0,30,,227514,26,0,10,0,56,,227504,26,0,10,0,15,,227515,26,0,10,0,15,,227518,26,0,10,0,15,,227516,26,0,10,0,70,,227517,26,0,10,0
1671800,'152301',2054,,227521,26,0,10,0,56,,227522,26,0,10,0,15,,227523,26,0,10,0,15,,227524,26,0,10,0,16,,227525,26,0,10,0,60,,227526,26,0,10,0,21,,227527,26,0,10,0,20,,227528,26,0,10,0,60,,227529,26,0,10,0,30,,227530,26,0,10,0,56,,227519,26,0,10,0,15,,227531,26,0,10,0,15,,227520,26,0,10,0,15,,227532,26,0,10,0,70,,227533,26,0,10,0
1671800,'2',315,,227710,26,0,10,0,30,,227711,26,0,10,0,77,,227706,26,0,10,0,30,,227641,26,,,0,81,,227672,26,,,0,21,,227673,26,,,0,55,,227650,26,,,0,16,,227651,26,,,0,19,,227652,26,,,0,60,,227653,26,,,0,15,,227654,26,,,0,14,,227655,26,,,0,14,,227656,26,,,0,53,,227658,26,,,0,12,,227659,26,,,0,14,,227660,26,,,0,15,,227661,26,,,0,15,,227662,26,,,0,55,,227663,26,,,0,14,,227664,26,,,0,15,,227665,26,,,0,15,,227666,26,,,0,55,,227667,26,,,0,15,,227668,26,,,0,15,,227669,26,,,0,12,,227670,26,,,0,52,,227671,26,,,0,12,,227657,26,,,0,12,,227642,26,,,0,12,,227674,26,,,0,13,,227675,26,,,0,52,,227676,26,,,0,13,,227677,26,,,0,11,,227643,26,,,0,10,,227678,26,,,0,11,,227679,26,,,0,50,,227680,26,,,0,10,,227681,26,,,0,10,,227682,26,,,0,9,,227644,26,,,0,10,,227683,26,,,0,10,,227684,26,,,0,10,,227685,26,,,0,50,,227686,26,,,0,11,,227687,26,,,0,11,,227645,26,,,0,11,,227688,26,,,0,10,,227689,26,,,0,50,,227690,26,,,0,10,,227691,26,,,0,10,,227692,26,,,0,10,,227646,26,,,0,10,,227693,26,,,0,10,,227694,26,,,0,50,,227696,26,,,0,10,,227697,26,,,0,10,,227698,26,,,0,10,,227647,26,,,0,9,,227699,26,,,0,11,,227700,26,,,0,50,,227695,26,,,0,9,,227701,26,,,0,10,,227702,26,,,0,10,,227648,26,,,0,10,,227703,26,,,0,10,,227704,26,,,0,52,,227705,26,,,0,12,,227613,26,,,0,12,,227614,26,,,0,12,,227615,26,,,0,13,,227616,26,,,0,53,,227617,26,0,10,0,15,,227618,26,0,10,0,15,,227619,26,0,10,0,15,,227620,26,0,10,0,57,,227621,26,0,10,0,15,,227622,26,0,10,0,14,,227623,26,0,10,0,14,,227624,26,0,10,0,56,,227625,26,0,10,0,15,,227626,26,0,10,0,15,,227627,26,0,10,0,20,,227636,26,0,10,0,60,,227628,26,0,10,0,20,,227629,26,0,10,0,20,,227630,26,0,10,0,61,,227631,26,0,10,0,24,,227632,26,0,10,0,71,,227633,26,0,10,0,30,,227634,26,0,10,0,71,,227635,26,0,10,0
1671800,'3',314,,227796,26,0,10,0,30,,227797,26,0,10,0,76,,227794,26,0,10,0,30,,227795,26,0,10,0,77,,227790,26,,,0,22,,227731,26,,,0,60,,227737,26,,,0,21,,227738,26,,,0,25,,227791,26,,,0,60,,227739,26,,,0,14,,227741,26,,,0,15,,227714,26,,,0,14,,227740,26,,,0,52,,227742,26,,,0,13,,227743,26,,,0,14,,227744,26,,,0,15,,227745,26,,,0,55,,227746,26,,,0,16,,227747,26,,,0,16,,227748,26,,,0,16,,227749,26,,,0,56,,227750,26,,,0,16,,227751,26,,,0,16,,227752,26,,,0,13,,227753,26,,,0,54,,227754,26,,,0,13,,227755,26,,,0,14,,227775,26,,,0,13,,227756,26,,,0,53,,227757,26,,,0,13,,227758,26,,,0,12,,227715,26,,,0,11,,227759,26,,,0,12,,227760,26,,,0,52,,227761,26,,,0,12,,227762,26,,,0,12,,227716,26,,,0,13,,227763,26,,,0,12,,227764,26,,,0,53,,227765,26,,,0,12,,227766,26,,,0,12,,227727,26,,,0,13,,227767,26,,,0,12,,227768,26,,,0,53,,227769,26,,,0,12,,227770,26,,,0,12,,227728,26,,,0,12,,227771,26,,,0,11,,227772,26,,,0,52,,227773,26,,,0,12,,227736,26,,,0,11,,227729,26,,,0,11,,227774,26,,,0,12,,227732,26,,,0,52,,227733,26,,,0,12,,227734,26,,,0,12,,227730,26,,,0,12,,227717,26,,,0,14,,227718,26,,,0,54,,227719,26,,,0,14,,227720,26,,,0,15,,227721,26,,,0,15,,227722,26,,,0,56,,227723,26,0,10,0,15,,227724,26,0,10,0,16,,227725,26,0,10,0,15,,227726,26,0,10,0,55,,227735,26,0,10,0,15,,227793,26,0,10,0,15,,227777,26,0,10,0,17,,227778,26,0,10,0,55,,227779,26,0,10,0,15,,227780,26,0,10,0,15,,227792,26,0,10,0,59,,227781,26,0,10,0,20,,227782,26,0,10,0,20,,227783,26,0,10,0,61,,227784,26,0,10,0,21,,227785,26,0,10,0,24,,227786,26,0,10,0,70,,227787,26,0,10,0,30,,227788,26,0,10,0,70,,227789,26,0,10,0
