667301,'1',518,,206810,2,0,11 12,0,30,,206811,2,0,11 12,0,75,,206812,2,,,0,10,,206813,2,,,0,8,,206814,2,,,0,12,,206815,2,,,0,50,,206816,2,,,0,20,,206817,2,,,0,19,,206818,2,,,0,58,,206779,2,,,0,17,,206820,2,0,11 12,0,10,,206821,2,,,0,15,,206822,2,0,11 12,0,63,,206823,2,,,0,10,,206781,2,,,0,29,,206800,2,,,0,63,,206801,2,,,0,27,,206802,2,,,0,71,,206803,2,,,0,31,,206804,2,,,0,68,,206805,2,,,0,26,,206806,2,,,0,72,,206807,2,,,0,31,,206808,2,,,0,68,,206809,2,,,0,26,,206824,2,,,0,79,,206791,2,,,0,25,,206792,2,,,0,26,,206793,2,,,0,72,,206794,2,,,0,79,,206795,2,,,0,9,,206796,2,,,0,28,,206797,2,,,0,58,,206798,2,0,11 12,0,20,,206799,2,0,11 12,0,20,,206780,2,0,11 12,0,77,,206819,2,0,11 12,0,29,,206782,2,0,11 12,0,71,,206783,2,0,11 12,0
667301,'101',1452,,206776,2,0,11 12,0,93,,206778,2,0,11 12,0
667301,'2',617,,206826,2,0,11 12,0,30,,206827,2,0,11 12,0,104,,206828,2,0,11 12,0,151,,206829,2,,,0,31,,206830,2,,,0,73,,206831,2,,,0,22,,206832,2,,,0,29,,206833,2,,,0,69,,206834,2,,,0,79,,206835,2,,,0,24,,206836,2,,,0,29,,206837,2,,,0,74,,206838,2,,,0,70,,206839,2,,,0,33,,206840,2,,,0,72,,206841,2,,,0,33,,206842,2,,,0,72,,206843,2,,,0,31,,206844,2,,,0,72,,206845,2,,,0,34,,206846,2,0,11 12,0,69,,206847,2,0,11 12,0,33,,206848,2,0,11 12,0,66,,206849,2,0,11 12,0,30,,206850,2,0,11 12,0,70,,206851,2,0,11 12,0,31,,206852,2,0,11 12,0
667301,'201',1545,,206825,2,0,11 12,0
667301,'3',719,,206859,2,0,11 12,0,100,,206860,2,0,11 12,0,86,,206861,2,,,0,34,,206862,2,,,0,69,,206863,2,,,0,31,,206864,2,,,0,64,,206865,2,,,0,34,,206866,2,,,0,67,,206867,2,,,0,31,,206868,2,,,0,72,,206869,2,,,0,30,,206870,2,,,0,71,,206871,2,,,0,29,,206872,2,,,0,73,,206873,2,,,0,30,,206874,2,,,0,71,,206875,2,,,0,29,,206876,2,,,0,77,,206877,2,0,11 12,0,35,,206878,2,0,11 12,0,73,,206879,2,0,11 12,0,31,,206880,2,0,11 12,0,70,,206881,2,0,11 12,0,28,,206882,2,0,11 12,0,70,,206883,2,0,11 12,0,30,,206884,2,0,11 12,0
667400,'1',514,,206901,21,4,,0,33,,206902,21,4,,0,160,,206904,21,4,,0,104,,206906,21,4,,0,131,,206908,21,4,,0,75,,206909,21,4,,0,28,,206910,21,4,,0,70,,206911,21,4,,0,31,,206912,21,4,,0,69,,206913,21,4,,0,31,,206914,21,4,,0,64,,206915,21,4,,0,30,,206916,21,4,,0,72,,206917,21,4,,0,28,,206918,21,4,,0,70,,206919,21,4,,0,98,,206920,21,4,,0,32,,206921,21,4,,0,102,,206923,21,4,,0,72,,206924,21,4,,0,23,,206895,21,4,,0
667400,'101',1552,,206890,21,4,,0
667400,'2',551,,206926,21,4,,0,85,,206927,21,4,,0,101,,206928,21,4,,0,70,,206929,21,4,,0,30,,206930,21,4,,0,70,,206931,21,4,,0,202,,206935,21,4,,0,32,,206936,21,4,,0,71,,206937,21,4,,0,30,,206938,21,4,,0,69,,206939,21,4,,0,31,,206940,21,4,,0,69,,206941,21,4,,0,32,,206942,21,4,,0,68,,206943,21,4,,0,30,,206944,21,4,,0,71,,206945,21,4,,0,32,,206946,21,4,,0,70,,206947,21,4,,0,30,,206948,21,4,,0,70,,206949,21,4,,0,30,,206950,21,4,,0
667400,'201',1552,,206925,21,4,,0
667400,'3',746,,206959,21,4,,0,90,,206960,21,4,,0,70,,206961,21,4,,0,99,,206963,21,4,,0,100,,206965,21,4,,0,30,,206966,21,4,,0,70,,206967,21,4,,0,30,,206968,21,4,,0,70,,206969,21,4,,0,30,,206970,21,4,,0,70,,206971,21,4,,0,30,,206972,21,4,,0,70,,206973,21,4,,0,30,,206974,21,4,,0,70,,206975,21,4,,0,103,,206977,21,4,,0,103,,206979,21,4,,0,27,,206980,21,4,,0,72,,206981,21,4,,0,30,,206982,21,4,,0,69,,206983,21,4,,0,30,,206984,21,4,,0
667401,'1',522,,206995,1,,,0,30,,206996,1,,,0,73,,206997,1,,,0,29,,206998,1,,,0,66,,206999,1,,,0,31,,207000,1,,,0,69,,207001,1,,,0,31,,206990,1,,,0,70,,207002,1,,,0,30,,207003,1,,,0,71,,207004,1,,,0,30,,207005,1,,,0,68,,207006,1,,,0,31,,207007,1,,,0,69,,207008,1,,,0,32,,207009,1,,,0,68,,207010,1,,,0,29,,207011,1,,,0,73,,207012,1,,,0,25,,207013,1,,,0,71,,207014,1,,,0,39,,207015,1,,,0,70,,207016,1,,,0,23,,207017,1,,,0,75,,207018,1,,,0,27,,207019,1,,,0,61,,207020,1,,,0,12,,207021,1,,,0,30,,207022,1,,,0,69,,207023,1,,,0,31,,207024,1,,,0,70,,207025,1,,,0,28,,207026,1,,,0,74,,206991,1,,,0
667401,'2',559,,207027,1,,,0,97,,207028,1,,,0,96,,207029,1,,,0,72,,207030,1,,,0,26,,207031,1,,,0,74,,207032,1,,,0,30,,207033,1,,,0,70,,207034,1,,,0,30,,207035,1,,,0,71,,207036,1,,,0,30,,207037,1,,,0,70,,207038,1,,,0,29,,207039,1,,,0,71,,207040,1,,,0,30,,207041,1,,,0,70,,207042,1,,,0,31,,207043,1,,,0,68,,207044,1,,,0,32,,207045,1,,,0,70,,207046,1,,,0,27,,207047,1,,,0,73,,207048,1,,,0,29,,207049,1,,,0,70,,207050,1,,,0,30,,207051,1,,,0,70,,207052,1,,,0,30,,207053,1,,,0,70,,207054,1,,,0,31,,207055,1,,,0,68,,207056,1,,,0
667401,'3',754,,207060,1,,,0,104,,207061,1,,,0,61,,207062,1,,,0,29,,207063,1,,,0,79,,207064,1,,,0,27,,207065,1,,,0,70,,207066,1,,,0,30,,207067,1,,,0,70,,207068,1,,,0,30,,207069,1,,,0,70,,207070,1,,,0,30,,207071,1,,,0,69,,207072,1,,,0,30,,207073,1,,,0,70,,207074,1,,,0,30,,207075,1,,,0,70,,207076,1,,,0,33,,207077,1,,,0,73,,207078,1,,,0,30,,207079,1,,,0,71,,207080,1,,,0,70,,207081,1,,,0,30,,207082,1,,,0,70,,207083,1,,,0,25,,207084,1,,,0,75,,207085,1,,,0
