662000,'1',407,,190826,8,,,0,20,,190827,8,,,0,20,,190829,8,,,0,2,,190833,3,,,0,6,,190836,3,0,23 15,0,50,,190832,3,,,0,2,,190830,8,,,0,10,,190837,3,0,23 15,0,2,,190888,3,,,0,5,,190828,8,,,0,13,,190831,8,,,0,15,,190839,8,,,0,50,,190856,8,,,0,5,,190835,3,0,23 15,0,7,,190857,8,,,0,12,,190858,8,,,0,1,,190834,3,0,23 15,0,11,,190859,8,,,0,11,,190860,8,,,0,52,,190870,8,,,0,2,,190891,3,,,0,9,,190871,8,,,0,7,,190890,3,0,23 15,0,3,,190883,8,,,0,9,,190819,8,,,0,10,,190821,8,,,0,10,,190822,8,,,0,1,,190889,3,,,0,6,,190866,8,,,0,48,,190867,8,,,0,10,,190868,8,,,0,10,,190869,8,,,0,12,,190861,8,,,0,14,,190862,8,,,0,55,,190872,8,,,0,15,,190823,8,,,0,16,,190840,8,,,0,14,,190841,8,,,0,55,,190842,8,,,0,15,,190843,8,,,0,15,,190820,8,,,0,15,,190844,8,,,0,55,,190845,8,,,0,14,,190846,8,,,0,15,,190847,8,,,0,14,,190848,8,,,0,55,,190849,8,,,0,15,,190850,8,,,0,15,,190851,8,,,0,15,,190852,8,,,0,55,,190853,8,,,0,15,,190854,8,,,0,15,,190855,8,,,0,15,,190863,8,,,0,55,,190864,8,,,0,14,,190865,8,,,0,13,,190873,8,,,0,15,,190874,8,,,0,55,,190875,8,,,0,12,,190876,8,,,0,12,,190877,8,,,0,12,,190878,8,,,0,13,,190879,8,,,0,52,,190880,8,,,0,13,,190881,8,,,0,12,,190882,8,,,0,13,,190814,8,,,0,12,,190815,8,,,0,53,,190816,8,,,0,13,,190817,8,,,0,13,,190818,8,,,0,14,,190813,8,,,0,57,,190838,8,,,0,15,,190825,8,,,0,15,,190812,8,,,0,15,,190810,8,,,0,56,,190824,8,,,0,15,,190884,8,,,0,15,,190886,8,,,0,15,,190887,8,,,0,55,,190811,8,,,0,15,,190885,8,,,0
662000,'152201',2038,,190795,8,,,0,15,,190786,8,,,0,55,,190796,8,,,0,15,,190785,8,,,0,20,,190787,8,,,0,60,,190789,8,,,0,21,,190794,8,,,0,20,,190788,8,,,0,60,,190793,8,,,0,24,,190791,8,,,0,30,,190790,8,,,0,70,,190792,8,,,0,30,,190784,8,,,0
662000,'152301',2038,,190799,8,,,0,15,,190800,8,,,0,55,,190801,8,,,0,15,,190802,8,,,0,20,,190803,8,,,0,60,,190805,8,,,0,21,,190807,8,,,0,20,,190804,8,,,0,60,,190806,8,,,0,24,,190808,8,,,0,30,,190809,8,,,0,70,,190797,8,,,0,30,,190798,8,,,0
662000,'2',439,,190892,8,,,0,20,,190893,8,,,0,59,,190894,8,,,0,21,,190895,8,,,0,20,,190896,8,,,0,58,,190897,8,,,0,15,,190898,8,,,0,15,,190899,8,,,0,53,,190900,8,,,0,14,,190901,8,,,0,14,,190902,8,,,0,13,,190903,8,,,0,15,,190904,8,,,0,55,,190905,8,,,0,15,,190906,8,,,0,15,,190907,8,,,0,14,,190908,8,,,0,55,,190909,8,,,0,15,,190910,8,,,0,15,,190911,8,,,0,14,,190912,8,,,0,55,,190913,8,,,0,13,,190914,8,,,0,15,,190915,8,,,0,15,,190916,8,,,0,55,,190917,8,,,0,15,,190918,8,,,0,15,,190919,8,,,0,11,,190920,8,,,0,55,,190921,8,,,0,14,,190922,8,,,0,15,,190923,8,,,0,15,,190924,8,,,0,55,,190925,8,,,0,15,,190926,8,,,0,15,,190927,8,,,0,15,,190928,8,,,0,55,,190929,8,,,0,15,,190930,8,,,0,15,,190931,8,,,0,16,,190932,8,,,0,55,,190933,8,,,0,15,,190934,8,,,0,15,,190935,8,,,0,15,,190936,8,,,0,55,,190937,8,,,0,14,,190938,8,,,0,15,,190939,8,,,0,15,,190940,8,,,0,55,,190941,8,,,0,17,,190942,8,,,0,15,,190943,8,,,0,16,,190944,8,,,0,55,,190945,8,,,0,16,,190946,8,,,0,15,,190947,8,,,0,15,,190948,8,,,0,55,,190949,8,,,0,16,,190950,8,,,0,15,,190951,8,,,0,15,,190952,8,,,0,55,,190953,8,,,0,16,,190954,8,,,0,16,,190955,8,,,0,20,,190956,8,,,0,60,,190957,8,,,0,20,,190958,8,,,0,20,,190959,8,,,0,60,,190960,8,,,0,25,,190961,8,,,0,60,,190962,8,,,0,27,,190963,8,,,0,70,,190964,8,,,0,30,,190965,8,,,0,70,,190966,8,,,0
662000,'3',526,,190967,8,,,0,20,,190968,8,,,0,60,,190969,8,,,0,17,,190970,8,,,0,20,,190971,8,,,0,60,,190972,8,,,0,20,,190973,8,,,0,15,,190974,8,,,0,14,,190975,8,,,0,55,,190976,8,,,0,15,,190977,8,,,0,14,,190978,8,,,0,15,,190979,8,,,0,52,,190980,8,,,0,15,,190981,8,,,0,14,,190982,8,,,0,13,,190983,8,,,0,12,,190984,8,,,0,55,,190985,8,,,0,15,,190986,8,,,0,15,,190987,8,,,0,15,,190988,8,,,0,55,,190989,8,,,0,16,,190990,8,,,0,15,,190991,8,,,0,14,,190992,8,,,0,55,,190993,8,,,0,15,,190994,8,,,0,15,,190995,8,,,0,13,,190996,8,,,0,55,,190997,8,,,0,15,,190998,8,,,0,15,,190999,8,,,0,15,,191000,8,,,0,55,,191001,8,,,0,15,,191002,8,,,0,15,,191003,8,,,0,16,,191004,8,,,0,55,,191005,8,,,0,16,,191006,8,,,0,15,,191007,8,,,0,15,,191008,8,,,0,54,,191009,8,,,0,16,,191010,8,,,0,15,,191011,8,,,0,15,,191012,8,,,0,55,,191013,8,,,0,15,,191014,8,,,0,15,,191015,8,,,0,15,,191016,8,,,0,55,,191017,8,,,0,16,,191018,8,,,0,15,,191019,8,,,0,15,,191020,8,,,0,56,,191021,8,,,0,16,,191022,8,,,0,15,,191023,8,,,0,55,,191024,8,,,0,15,,191025,8,,,0,20,,191026,8,,,0,20,,191027,8,,,0,60,,191028,8,,,0,20,,191029,8,,,0,20,,191030,8,,,0,60,,191031,8,,,0,21,,191032,8,,,0,20,,191033,8,,,0,60,,191034,8,,,0,16,,191035,8,,,0,70,,191036,8,,,0,30,,191037,8,,,0,70,,191038,8,,,0
664201,'1',445,,199419,45,,,0,13,,199420,45,,,0,52,,199421,45,,,0,12,,199463,45,,,0,13,,199373,45,,,0,6,,199422,45,,,0,11,,199423,45,,,0,48,,199426,45,,,0,9,,199395,45,,,0,9,,199397,45,,,0,8,,199428,45,,,0,9,,199445,45,,,0,6,,199390,45,,,0,6,,199383,45,,,0,7,,199464,45,,,0,5,,199437,45,,,0,46,,199425,45,,,0,6,,199429,45,,,0,7,,199443,45,,,0,6,,199376,45,,,0,6,,199394,45,,,0,7,,199360,45,,,0,7,,199430,45,,,0,7,,199450,45,,,0,7,,199465,45,,,0,47,,199389,45,,,0,7,,199377,45,,,0,8,,199359,45,,,0,7,,199370,45,,,0,6,,199432,45,,,0,8,,199396,45,,,0,6,,199451,45,,,0,54,,199431,45,,,0,10,,199393,45,,,0,11,,199424,45,,,0,12,,199367,45,,,0,12,,199449,45,,,0,11,,199382,45,,,0,52,,199407,45,,,0,15,,199379,45,,,0,14,,199357,45,,,0,14,,199442,45,,,0,54,,199406,45,,,0,12,,199403,45,,,0,15,,199412,45,,,0,15,,199441,45,,,0,56,,199405,45,,,0,15,,199402,45,,,0,15,,199401,45,,,0,15,,199440,45,,,0,55,,199388,45,,,0,16,,199400,45,,,0,15,,199399,45,,,0,15,,199439,45,,,0,55,,199387,45,,,0,13,,199398,45,,,0,12,,199369,45,,,0,14,,199462,45,,,0,10,,199454,45,,,0,359,,199436,45,,,0,8,,199417,45,,,0,7,,199380,45,,,0,15,,199409,45,,,0,57,,199408,45,,,0,15,,199438,45,,,0,14,,199378,45,,,0,19,,199411,45,,,0,53,,199444,45,,,0,15,,199391,45,,,0,15,,199413,45,,,0,13,,199392,45,,,0,15,,199446,45,,,0,56,,199455,45,,,0,14,,199410,45,,,0,14,,199371,45,,,0,15,,199456,45,,,0,58,,199448,45,,,0,12,,199418,45,,,0,15,,199457,45,,,0,58,,199364,45,,,0,16,,199363,45,,,0,19,,199458,45,,,0,19,,199361,45,,,0,57,,199414,45,,,0,21,,199459,45,,,0,73,,199416,45,,,0,25,,199415,45,,,0
664201,'2',452,,199492,45,,,0,60,,199493,45,,,0,20,,199494,45,,,0,18,,199502,45,,,0,60,,199477,45,,,0,17,,199500,45,,,0,15,,199499,45,,,0,12,,199547,45,,,0,52,,199476,45,,,0,15,,199498,45,,,0,11,,199475,45,,,0,12,,199540,45,,,0,12,,199497,45,,,0,53,,199466,45,,,0,12,,199548,45,,,0,13,,199496,45,,,0,12,,199519,45,,,0,12,,199524,45,,,0,52,,199467,45,,,0,13,,199517,45,,,0,13,,199549,45,,,0,12,,199513,45,,,0,52,,199523,45,,,0,13,,199512,45,,,0,15,,199533,45,,,0,15,,199546,45,,,0,15,,199539,45,,,0,52,,199541,45,,,0,14,,199531,45,,,0,12,,199550,45,,,0,12,,199511,45,,,0,52,,199532,45,,,0,12,,199510,45,,,0,13,,199468,45,,,0,12,,199509,45,,,0,13,,199551,45,,,0,53,,199508,45,,,0,12,,199536,45,,,0,14,,199469,45,,,0,12,,199552,45,,,0,12,,199478,45,,,0,52,,199515,45,,,0,10,,199507,45,,,0,13,,199470,45,,,0,12,,199491,45,,,0,12,,199553,45,,,0,52,,199514,45,,,0,12,,199495,45,,,0,12,,199471,45,,,0,12,,199490,45,,,0,12,,199518,45,,,0,52,,199544,45,,,0,12,,199489,45,,,0,11,,199554,45,,,0,12,,199472,45,,,0,12,,199488,45,,,0,52,,199528,45,,,0,12,,199545,45,,,0,15,,199480,45,,,0,14,,199473,45,,,0,15,,199487,45,,,0,56,,199537,45,,,0,14,,199486,45,,,0,14,,199538,45,,,0,57,,199474,45,,,0,13,,199527,45,,,0,13,,199479,45,,,0,17,,199522,45,,,0,16,,199485,45,,,0,54,,199526,45,,,0,13,,199484,45,,,0,14,,199525,45,,,0,14,,199530,45,,,0,54,,199516,45,,,0,15,,199529,45,,,0,15,,199520,45,,,0,14,,199535,45,,,0,53,,199506,45,,,0,15,,199501,45,,,0,15,,199505,45,,,0,14,,199504,45,,,0,55,,199542,45,,,0,15,,199521,45,,,0,17,,199534,45,,,0,65,,199543,45,,,0,21,,199503,45,,,0,18,,199483,45,,,0,67,,199482,45,,,0,30,,199481,45,,,0
664201,'3',447,,199566,45,,,0,62,,199567,45,,,0,20,,199591,45,,,0,19,,199568,45,,,0,63,,199587,45,,,0,16,,199592,45,,,0,14,,199589,45,,,0,17,,199577,45,,,0,57,,199634,45,,,0,11,,199583,45,,,0,15,,199633,45,,,0,15,,199588,45,,,0,55,,199558,45,,,0,16,,199586,45,,,0,20,,199582,45,,,0,54,,199570,45,,,0,16,,199563,45,,,0,15,,199606,45,,,0,15,,199581,45,,,0,56,,199598,45,,,0,12,,199562,45,,,0,12,,199608,45,,,0,13,,199579,45,,,0,19,,199607,45,,,0,54,,199575,45,,,0,15,,199625,45,,,0,16,,199578,45,,,0,15,,199626,45,,,0,53,,199624,45,,,0,13,,199574,45,,,0,12,,199623,45,,,0,14,,199602,45,,,0,52,,199627,45,,,0,13,,199622,45,,,0,14,,199595,45,,,0,11,,199584,45,,,0,11,,199601,45,,,0,50,,199628,45,,,0,12,,199620,45,,,0,12,,199559,45,,,0,13,,199619,45,,,0,12,,199597,45,,,0,53,,199629,45,,,0,12,,199618,45,,,0,12,,199593,45,,,0,10,,199617,45,,,0,12,,199599,45,,,0,52,,199635,45,,,0,12,,199630,45,,,0,12,,199576,45,,,0,11,,199616,45,,,0,13,,199600,45,,,0,51,,199636,45,,,0,12,,199631,45,,,0,11,,199604,45,,,0,13,,199615,45,,,0,12,,199571,45,,,0,52,,199637,45,,,0,12,,199632,45,,,0,11,,199603,45,,,0,12,,199614,45,,,0,15,,199569,45,,,0,57,,199585,45,,,0,14,,199561,45,,,0,14,,199613,45,,,0,13,,199565,45,,,0,57,,199612,45,,,0,15,,199564,45,,,0,15,,199573,45,,,0,15,,199605,45,,,0,55,,199572,45,,,0,15,,199557,45,,,0,16,,199621,45,,,0,14,,199556,45,,,0,54,,199590,45,,,0,19,,199555,45,,,0,19,,199596,45,,,0,57,,199560,45,,,0,29,,199580,45,,,0,71,,199594,45,,,0,30,,199611,45,,,0,70,,199610,45,,,0,30,,199609,45,,,0
683000,'1',2545,,224906,28,,,0,72,,224907,28,,,0,28,,224908,28,,,0,70,,224909,28,,,0,30,,224910,28,,,0,72,,224911,28,,,0,91,,224912,13,4,,0
683000,'2',2546,,224918,28,,,0,75,,224917,28,,,0,30,,224916,28,,,0,70,,224913,28,,,0,32,,224915,28,,,0,74,,224914,28,,,0
683000,'3',2545,,224925,28,,,0,70,,224924,28,,,0,30,,224919,28,,,0,70,,224923,28,,,0,30,,224922,28,,,0,80,,224921,28,,,0,83,,224920,13,4,,0
