666700,'1_merged_15727750',608,,205837,35,,,0,20,,205875,35,,,0,21,,205809,35,,,0,61,,205810,35,,,0,23,,205811,35,,,0,17,,205812,35,,,0,53,,205813,35,,,0,11,,205814,35,,,0,13,,205815,35,,,0,15,,205879,35,,,0,13,,205880,35,,,0,58,,205816,35,,,0,15,,205817,35,,,0,17,,205818,35,,,0,14,,205819,35,,,0,56,,205820,35,,,0,15,,205821,35,,,0,14,,205822,35,,,0,15,,205878,35,,,0,56,,205838,35,,,0,15,,205839,35,,,0,16,,205874,35,,,0,55,,205823,35,,,0,15,,205824,35,,,0,16,,205825,35,,,0,14,,205826,35,,,0,54,,205827,35,,,0,15,,205828,35,,,0,15,,205829,35,,,0,16,,205877,35,,,0,55,,205840,35,,,0,17,,205841,35,,,0,16,,205873,35,,,0,17,,205830,35,,,0,56,,205831,35,,,0,17,,205832,35,,,0,15,,205833,35,,,0,18,,205834,35,,,0,56,,205835,35,,,0,17,,205836,35,,,0,16,,205876,35,,,0,13,,205842,35,,,0,53,,205843,35,,,0,18,,205872,35,,,0,14,,205844,35,,,0,12,,205845,35,,,0,59,,205846,35,,,0,11,,205847,35,,,0,13,,205848,35,,,0,17,,205849,35,,,0,46,,205850,35,,,0,15,,205851,35,,,0,14,,205871,35,,,0,15,,205867,35,,,0,55,,205868,35,,,0,13,,205869,35,,,0,13,,205861,35,,,0,16,,205862,35,,,0,15,,205863,35,,,0,53,,205864,35,,,0,15,,205865,35,,,0,14,,205866,35,,,0,15,,205870,35,,,0,55,,205852,35,,,0,28,,205853,35,,,0,70,,205854,35,,,0,31,,205855,35,,,0,70,,205856,35,,,0,28,,205857,35,,,0,70,,205858,35,,,0,27,,205859,35,,,0,71,,205860,35,,,0
666700,'2_merged_15727752',710,,205890,35,,,0,28,,205891,35,,,0,20,,205892,35,,,0,61,,205893,35,,,0,26,,205894,35,,,0,56,,205895,35,,,0,15,,205896,35,,,0,16,,205897,35,,,0,16,,205898,35,,,0,57,,205899,35,,,0,12,,205900,35,,,0,19,,205901,35,,,0,14,,205902,35,,,0,54,,205903,35,,,0,14,,205904,35,,,0,19,,205905,35,,,0,15,,205906,35,,,0,55,,205907,35,,,0,15,,205908,35,,,0,14,,205909,35,,,0,16,,205910,35,,,0,55,,205911,35,,,0,15,,205912,35,,,0,15,,205913,35,,,0,20,,205914,35,,,0,52,,205915,35,,,0,15,,205916,35,,,0,15,,205917,35,,,0,15,,205918,35,,,0,55,,205919,35,,,0,15,,205920,35,,,0,16,,205921,35,,,0,15,,205922,35,,,0,55,,205923,35,,,0,14,,205924,35,,,0,15,,205925,35,,,0,17,,205889,35,,,0,54,,205926,35,,,0,13,,205927,35,,,0,12,,205928,35,,,0,15,,205929,35,,,0,55,,205930,35,,,0,14,,205931,35,,,0,17,,205932,35,,,0,15,,205933,35,,,0,53,,205936,35,,,0,14,,205888,35,,,0,15,,205937,35,,,0,15,,205938,35,,,0,9,,205939,35,,,0,60,,205935,35,,,0,11,,205940,35,,,0,18,,205941,35,,,0,13,,205942,35,,,0,57,,205934,35,,,0,14,,205943,35,,,0,21,,205944,35,,,0,56,,205945,35,,,0,32,,205946,35,,,0,71,,205881,35,,,0,28,,205882,35,,,0,75,,205883,35,,,0,27,,205884,35,,,0,70,,205885,35,,,0,25,,205886,35,,,0,70,,205887,35,,,0
666700,'3_merged_15727751',828,,205947,35,,,0,16,,205949,35,,,0,14,,205950,35,,,0,56,,205951,35,,,0,15,,205959,35,,,0,16,,205952,35,,,0,58,,205953,35,,,0,14,,205955,35,,,0,15,,205956,35,,,0,11,,205960,35,,,0,12,,205961,35,,,0,58,,205962,35,,,0,15,,205963,35,,,0,16,,205964,35,,,0,15,,205965,35,,,0,55,,205966,35,,,0,15,,205967,35,,,0,15,,205968,35,,,0,14,,205969,35,,,0,57,,205970,35,,,0,13,,205971,35,,,0,18,,205972,35,,,0,56,,205973,35,,,0,15,,205974,35,,,0,15,,205975,35,,,0,14,,205976,35,,,0,55,,205977,35,,,0,16,,205978,35,,,0,14,,205979,35,,,0,17,,205980,35,,,0,55,,205981,35,,,0,15,,205982,35,,,0,16,,205983,35,,,0,12,,205984,35,,,0,58,,205985,35,,,0,15,,205986,35,,,0,15,,205987,35,,,0,15,,205988,35,,,0,54,,205989,35,,,0,17,,205990,35,,,0,12,,205991,35,,,0,15,,205992,35,,,0,54,,205993,35,,,0,15,,205954,35,,,0,16,,205994,35,,,0,15,,205995,35,,,0,53,,205958,35,,,0,15,,205996,35,,,0,16,,205997,35,,,0,15,,205998,35,,,0,55,,205957,35,,,0,15,,205948,35,,,0,14,,205999,35,,,0,15,,206000,35,,,0,67,,206001,35,,,0,25,,206002,35,,,0,70,,206003,35,,,0,30,,206004,35,,,0,71,,206005,35,,,0,29,,206006,35,,,0,70,,206007,35,,,0
684100,'1_merged_15727750',432,,225242,22,,,0,168,,225231,72,,,0,33,,225232,72,,,0,9,,225239,72,,,0,1987,,225241,22,,,0,10,,225240,72,,,0,70,,225234,72,,,0,20,,225236,72,,,0,20,,225233,72,,,0,62,,225235,72,,,0,30,,225237,72,,,0,75,,225238,72,,,0
684100,'2_merged_15727752',554,,225243,72,,,0,71,,225250,72,,,0,32,,225251,72,,,0,75,,225252,72,,,0,69,,225248,72,,,0,1802,,225244,22,,,0,38,,225254,72,,,0,74,,225245,72,,,0,17,,225249,72,,,0,20,,225253,72,,,0,60,,225246,72,,,0,30,,225247,72,,,0,80,,225255,72,,,0
684100,'3_merged_15727751',551,,225266,72,,,0,74,,225267,72,,,0,31,,225268,72,,,0,70,,225269,72,,,0,16,,225270,72,,,0,14,,225262,72,,,0,56,,225271,72,,,0,13,,225263,72,,,0,1703,,225264,22,,,0,82,,225256,72,,,0,30,,225257,72,,,0,72,,225260,72,,,0,30,,225259,72,,,0,70,,225258,72,,,0,35,,225261,72,,,0,75,,225265,72,,,0
3004600,'101_merged_15727747',1609,,232080,6,,,0
3004600,'1_merged_15727750',430,,232087,6,,,0,74,,232088,6,,,0,15,,232089,6,,,0,20,,232085,6,,,0,12,,232117,6,,,0,55,,232118,6,,,0,14,,232119,6,,,0,16,,232120,6,,,0,12,,232086,6,,,0,58,,232113,6,,,0,16,,232114,6,,,0,15,,232115,6,,,0,16,,232116,6,,,0,55,,232084,6,,,0,19,,232137,6,,,0,20,,232121,6,,,0,65,,232122,6,,,0,21,,232123,6,,,0,70,,232124,6,,,0,30,,232125,6,,,0,70,,232126,6,,,0,30,,232127,6,,,0,70,,232128,6,,,0,29,,232129,6,,,0,69,,232130,6,,,0,32,,232131,6,,,0,68,,232132,6,,,0,31,,232133,6,,,0,72,,232134,6,,,0,22,,232136,6,,,0,13,,232135,6,,,0,17,,232081,6,,,0,71,,232110,6,,,0,15,,232111,6,,,0,15,,232112,6,,,0,54,,232082,6,,,0,16,,232104,6,,,0,14,,232105,6,,,0,12,,232106,6,,,0,54,,232107,6,,,0,22,,232108,6,,,0,27,,232109,6,,,0,60,,232083,6,,,0,25,,232102,6,,,0,64,,232103,6,,,0,29,,232090,6,,,0,70,,232091,6,,,0,30,,232101,6,,,0,70,,232092,6,,,0,30,,232093,6,,,0,70,,232100,6,,,0,30,,232094,6,,,0,70,,232095,6,,,0,30,,232099,6,,,0,70,,232096,6,,,0,30,,232097,6,,,0,70,,232098,6,,,0
3004600,'201_merged_15727755',1609,,232138,6,,,0
3004600,'2_merged_15727752',539,,232163,6,,,0,70,,232164,6,,,0,30,,232165,6,,,0,70,,232166,6,,,0,30,,232167,6,,,0,70,,232168,6,,,0,31,,232169,6,,,0,70,,232170,6,,,0,30,,232179,6,,,0,70,,232180,6,,,0,30,,232139,6,,,0,70,,232140,6,,,0,30,,232141,6,,,0,70,,232142,6,,,0,30,,232143,6,,,0,70,,232144,6,,,0,30,,232145,6,,,0,70,,232146,6,,,0,30,,232147,6,,,0,70,,232148,6,,,0,30,,232149,6,,,0,70,,232150,6,,,0,30,,232151,6,,,0,70,,232171,6,,,0,30,,232152,6,,,0,70,,232153,6,,,0,30,,232154,6,,,0,70,,232155,6,,,0,29,,232156,6,,,0,70,,232157,6,,,0,30,,232158,6,,,0,70,,232159,6,,,0,30,,232160,6,,,0,70,,232161,6,,,0,30,,232162,6,,,0,70,,232172,6,,,0,30,,232173,6,,,0,70,,232174,6,,,0,30,,232175,6,,,0,70,,232176,6,,,0,30,,232177,6,,,0,70,,232178,6,,,0
3004600,'3_merged_15727751',539,,232197,6,,,0,70,,232199,6,,,0,30,,232200,6,,,0,70,,232201,6,,,0,30,,232202,6,,,0,71,,232203,6,,,0,30,,232204,6,,,0,70,,232205,6,,,0,30,,232206,6,,,0,70,,232207,6,,,0,30,,232208,6,,,0,70,,232209,6,,,0,30,,232210,6,,,0,70,,232211,6,,,0,30,,232212,6,,,0,70,,232213,6,,,0,30,,232214,6,,,0,70,,232215,6,,,0,30,,232216,6,,,0,70,,232217,6,,,0,30,,232218,6,,,0,70,,232219,6,,,0,30,,232220,6,,,0,70,,232198,6,,,0,30,,232183,6,,,0,70,,232184,6,,,0,30,,232185,6,,,0,69,,232186,6,,,0,30,,232187,6,,,0,70,,232181,6,,,0,30,,232182,6,,,0,70,,232188,6,,,0,30,,232189,6,,,0,70,,232190,6,,,0,30,,232191,6,,,0,70,,232192,6,,,0,30,,232193,6,,,0,70,,232194,6,,,0,30,,232195,6,,,0,70,,232196,6,,,0
