661400,'1_merged_15727750',516,,187454,5,,,0,14,,187455,5,,,0,23,,187458,5,,,0,55,,187493,27,,,0,19,,187456,5,,,0,4,,187442,27,,,0,16,,187494,27,,,0,56,,187440,27,,,0,16,,187465,27,,,0,14,,187466,27,,,0,15,,187467,31,,,0,55,,187468,31,,,0,16,,187475,31,,,0,15,,187481,31,,,0,15,,187495,31,,,0,55,,187469,31,,,0,14,,187435,31,,,0,15,,187436,31,,,0,15,,187477,31,,,0,55,,187478,31,,,0,15,,187479,31,,,0,15,,187480,31,,,0,15,,187496,31,,,0,55,,187497,31,,,0,15,,187492,31,,,0,15,,187472,31,,,0,16,,187437,31,,,0,55,,187464,31,,,0,14,,187439,31,,,0,14,,187473,31,,,0,14,,187476,31,,,0,54,,187432,31,,,0,14,,187433,31,,,0,14,,187459,31,,,0,12,,187502,31,,,0,13,,187457,31,,,0,52,,187460,31,,,0,12,,187461,31,,,0,13,,187470,31,,,0,12,,187490,31,,,0,11,,187491,31,,,0,52,,187471,31,,,0,12,,187443,31,,,0,11,,187444,31,,,0,12,,187445,31,,,0,12,,187487,31,,,0,52,,187446,31,,,0,12,,187447,31,,,0,11,,187448,31,,,0,11,,187450,31,,,0,10,,187485,31,,,0,10,,187499,31,,,0,50,,187474,31,,,0,10,,187498,31,,,0,10,,187484,31,,,0,10,,187486,31,,,0,10,,187453,31,,,0,7,,187500,31,,,0,48,,187488,31,,,0,9,,187501,31,,,0,7,,187489,31,,,0,9,,187452,31,,,0,12,,187462,31,,,0,12,,187451,31,,,0,52,,187438,31,,,0,15,,187483,31,,,0,20,,187441,31,,,0,61,,187482,31,,,0
661400,'2_merged_15727752',600,,187536,29,,,0,16,,187524,7,,,0,18,,187528,29,,,0,15,,187519,29,,,0,60,,187523,29,,,0,20,,187568,29,,,0,20,,187540,29,,,0,60,,187539,29,,,0,16,,187525,7,,,0,4,,187510,29,,,0,19,,187552,29,,,0,55,,187553,29,,,0,16,,187554,29,,,0,15,,187555,34,,,0,14,,187556,34,,,0,54,,187527,34,,,0,14,,187544,34,,,0,14,,187542,34,,,0,13,,187507,34,,,0,14,,187508,34,,,0,53,,187509,34,,,0,12,,187577,34,,,0,12,,187530,34,,,0,12,,187512,34,,,0,12,,187511,34,,,0,52,,187560,34,,,0,13,,187529,34,,,0,11,,187531,34,,,0,13,,187570,34,,,0,11,,187532,34,,,0,51,,187533,34,,,0,11,,187578,34,,,0,11,,187561,34,,,0,11,,187566,34,,,0,11,,187520,34,,,0,51,,187571,34,,,0,12,,187506,34,,,0,13,,187515,34,,,0,12,,187516,34,,,0,12,,187517,34,,,0,52,,187572,34,,,0,12,,187557,34,,,0,12,,187573,34,,,0,12,,187567,34,,,0,12,,187526,34,,,0,53,,187546,34,,,0,12,,187559,34,,,0,12,,187574,34,,,0,12,,187548,34,,,0,13,,187562,34,,,0,52,,187534,34,,,0,12,,187565,34,,,0,12,,187538,34,,,0,11,,187575,34,,,0,12,,187569,34,,,0,52,,187503,34,,,0,12,,187504,34,,,0,13,,187505,34,,,0,12,,187576,34,,,0,11,,187579,34,,,0,53,,187513,34,,,0,12,,187514,34,,,0,16,,187547,34,,,0,21,,187535,34,,,0
661400,'3_merged_15727751',609,,187580,7,,,0,38,,187581,7,,,0,70,,187582,7,,,0,17,,187583,29,,,0,69,,187584,29,,,0,30,,187585,29,,,0,21,,187586,7,,,0,48,,187587,29,,,0,26,,187588,29,,,0,21,,187589,29,,,0,57,,187590,29,,,0,15,,187591,34,,,0,16,,187592,34,,,0,15,,187593,34,,,0,55,,187594,34,,,0,15,,187595,34,,,0,16,,187596,34,,,0,16,,187597,34,,,0,54,,187598,34,,,0,15,,187599,34,,,0,15,,187600,34,,,0,14,,187601,34,,,0,52,,187602,34,,,0,12,,187603,34,,,0,12,,187604,34,,,0,12,,187605,34,,,0,12,,187606,34,,,0,52,,187607,34,,,0,13,,187608,34,,,0,12,,187609,34,,,0,12,,187610,34,,,0,12,,187611,34,,,0,52,,187612,34,,,0,13,,187613,34,,,0,13,,187614,34,,,0,13,,187615,34,,,0,12,,187616,34,,,0,52,,187617,34,,,0,12,,187618,34,,,0,13,,187619,34,,,0,14,,187620,34,,,0,55,,187621,34,,,0,15,,187622,34,,,0,15,,187623,34,,,0,15,,187624,34,,,0,54,,187625,34,,,0,15,,187626,34,,,0,15,,187627,34,,,0,14,,187628,34,,,0,55,,187629,34,,,0,19,,187630,34,,,0,19,,187631,34,,,0,19,,187632,34,,,0
661700,'152201_merged_15727756',2115,,189167,36,,,0,20,,189168,36,,,0,20,,189169,36,,,0,60,,189170,36,,,0,19,,189171,36,,,0,20,,189172,36,,,0,60,,189173,36,,,0,20,,189174,36,,,0,20,,189175,36,,,0,63,,189176,36,,,0,23,,189177,36,,,0,77,,189178,36,,,0
661700,'152301_merged_15727764',2115,,189179,36,,,0,20,,189180,36,,,0,20,,189181,36,,,0,60,,189182,36,,,0,19,,189183,36,,,0,20,,189184,36,,,0,60,,189185,36,,,0,20,,189186,36,,,0,20,,189187,36,,,0,63,,189188,36,,,0,23,,189189,36,,,0,77,,189190,36,,,0
661700,'1_merged_15727750',553,,189191,36,,,0,68,,189192,36,,,0,19,,189193,36,,,0,15,,189194,36,,,0,52,,189195,36,,,0,12,,189196,36,,,0,14,,189197,36,,,0,12,,189198,36,,,0,12,,189199,36,,,0,50,,189200,36,,,0,11,,189201,36,,,0,10,,189202,36,,,0,12,,189203,36,,,0,12,,189204,36,,,0,52,,189205,36,,,0,12,,189206,36,,,0,15,,189207,36,,,0,15,,189208,36,,,0,54,,189209,36,,,0,14,,189210,36,,,0,15,,189211,36,,,0,15,,189212,36,,,0,15,,189213,36,,,0,55,,189214,36,,,0,16,,189215,36,,,0,15,,189216,36,,,0,55,,189217,36,,,0,15,,189218,36,,,0,16,,189219,36,,,0,15,,189220,36,,,0,56,,189221,36,,,0,15,,189222,36,,,0,16,,189223,36,,,0,15,,189224,36,,,0,55,,189225,36,,,0,15,,189226,36,,,0,15,,189227,36,,,0,15,,189228,36,,,0,52,,189229,36,,,0,12,,189230,36,,,0,12,,189231,36,,,0,12,,189232,36,,,0,12,,189233,36,,,0,52,,189234,36,,,0,12,,189235,36,,,0,12,,189236,36,,,0,13,,189237,36,,,0,12,,189238,36,,,0,52,,189239,36,,,0,12,,189240,36,,,0,12,,189241,36,,,0,15,,189242,36,,,0,14,,189243,36,,,0,60,,189244,36,,,0,20,,189245,36,,,0,19,,189246,36,,,0,60,,189247,36,,,0,20,,189248,36,,,0,20,,189249,36,,,0,61,,189250,36,,,0,21,,189251,36,,,0,20,,189252,36,,,0
661700,'2_merged_15727752',554,,189254,7,,,0,70,,189255,39,,,0,20,,189256,39,,,0,61,,189257,39,,,0,21,,189258,39,,,0,20,,189259,39,,,0,60,,189260,39,,,0,20,,189261,39,,,0,15,,189262,39,,,0,15,,189263,39,,,0,55,,189264,39,,,0,16,,189265,39,,,0,15,,189266,39,,,0,16,,189267,39,,,0,55,,189268,39,,,0,15,,189269,39,,,0,15,,189270,39,,,0,15,,189271,39,,,0,55,,189272,39,,,0,16,,189273,39,,,0,15,,189274,39,,,0,56,,189275,39,,,0,15,,189276,39,,,0,15,,189277,39,,,0,15,,189278,39,,,0,56,,189279,39,,,0,16,,189280,39,,,0,16,,189281,39,,,0,17,,189282,39,,,0,55,,189283,39,,,0,15,,189284,39,,,0,15,,189285,39,,,0,17,,189286,39,,,0,55,,189287,39,,,0,15,,189288,39,,,0,12,,189289,39,,,0,12,,189290,39,,,0,12,,189291,39,,,0,53,,189292,39,,,0,13,,189293,39,,,0,13,,189294,39,,,0,13,,189295,39,,,0,52,,189296,39,,,0,12,,189297,39,,,0,12,,189298,39,,,0,10,,189299,39,,,0,12,,189300,39,,,0,52,,189301,39,,,0,12,,189302,39,,,0,13,,189303,39,,,0,15,,189304,39,,,0,15,,189305,39,,,0,55,,189306,39,,,0,15,,189307,39,,,0,15,,189308,39,,,0,15,,189309,39,,,0,55,,189310,39,,,0,20,,189311,39,,,0,19,,189312,39,,,0,61,,189313,36,,,0,19,,189314,36,,,0,21,,189315,36,,,0,60,,189316,36,,,0,21,,189317,36,,,0,20,,189318,36,,,0,61,,189319,36,,,0,18,,189320,36,,,0,20,,189321,36,,,0,57,,189322,36,,,0,35,,189323,36,,,0,72,,189324,36,,,0
661700,'3_merged_15727751',617,,189325,39,,,0,31,,189326,39,,,0,71,,189327,39,,,0,29,,189328,39,,,0,72,,189329,39,,,0,34,,189330,39,,,0,66,,189331,39,,,0,20,,189332,39,,,0,62,,189333,39,,,0,24,,189334,39,,,0,22,,189335,39,,,0,60,,189336,39,,,0,14,,189337,39,,,0,15,,189338,39,,,0,15,,189339,39,,,0,54,,189340,39,,,0,15,,189341,39,,,0,15,,189342,39,,,0,16,,189343,39,,,0,55,,189344,39,,,0,15,,189345,39,,,0,14,,189346,39,,,0,14,,189347,39,,,0,55,,189348,39,,,0,15,,189349,39,,,0,15,,189350,39,,,0,14,,189351,39,,,0,55,,189352,39,,,0,15,,189353,39,,,0,15,,189354,39,,,0,15,,189355,39,,,0,56,,189356,39,,,0,15,,189357,39,,,0,15,,189358,39,,,0,15,,189359,39,,,0,55,,189360,39,,,0,15,,189361,39,,,0,14,,189362,39,,,0,14,,189363,39,,,0,55,,189364,39,,,0,15,,189365,39,,,0,20,,189366,39,,,0,20,,189367,39,,,0,60,,189368,39,,,0,20,,189369,39,,,0,20,,189370,39,,,0,57,,189371,39,,,0,20,,189372,39,,,0,20,,189373,39,,,0,59,,189374,36,,,0,20,,189375,36,,,0,20,,189376,36,,,0,61,,189377,36,,,0,20,,189378,36,,,0,20,,189379,36,,,0,60,,189380,36,,,0,20,,189381,36,,,0,20,,189382,36,,,0,58,,189383,36,,,0,33,,189384,36,,,0,68,,189385,36,,,0
667200,'1_merged_15727750',554,,206447,8,,,0,47,,206448,8,,,0,15,,206449,8,,,0,14,,206450,8,,,0,18,,206451,8,,,0,59,,206452,8,,,0,12,,206453,8,,,0,15,,206454,8,,,0,14,,206455,8,0,11 12,0,9,,206456,8,,,0,52,,206457,8,,,0,13,,206458,8,,,0,20,,206493,8,,,0,15,,206466,8,,,0,65,,206467,8,,,0,30,,206468,8,,,0,70,,206469,8,,,0,29,,206470,8,,,0,70,,206471,8,,,0,29,,206472,8,,,0,69,,206473,8,,,0,29,,206474,8,,,0,69,,206475,8,,,0,29,,206476,8,,,0,68,,206477,8,,,0,30,,206478,8,,,0,69,,206479,8,,,0,26,,206491,8,,,0,5,,206459,8,,,0,56,,206460,8,,,0,14,,206461,8,,,0,17,,206462,8,,,0,18,,206463,8,,,0,65,,206464,8,,,0,10,,206465,8,,,0,24,,206492,8,,,0,1,,206480,8,,,0,63,,206481,8,,,0,4,,206482,8,0,11 12,0,21,,206483,8,,,0,5,,206484,8,,,0,16,,206485,8,,,0,55,,206486,8,,,0,16,,206487,8,,,0,74,,206488,8,,,0
667200,'2_merged_15727752',656,,206497,8,,,0,70,,206498,8,,,0,28,,206499,8,,,0,71,,206500,8,,,0,29,,206501,8,,,0,70,,206502,8,,,0,29,,206503,8,,,0,70,,206504,8,,,0,30,,206505,8,,,0,70,,206506,8,,,0,30,,206507,8,,,0,69,,206508,8,,,0,28,,206509,8,,,0,70,,206510,8,,,0,20,,206511,8,,,0,63,,206512,8,,,0,25,,206513,8,,,0,21,,206514,8,,,0,54,,206515,8,,,0,23,,206516,8,,,0,18,,206517,8,,,0,65,,206518,8,,,0,23,,206519,8,,,0,22,,206520,8,,,0,54,,206521,8,,,0,25,,206522,8,,,0,19,,206523,8,,,0,63,,206524,8,,,0,23,,206525,8,,,0,20,,206526,8,,,0,73,,206527,8,,,0,78,,206528,8,,,0
667200,'3_merged_15727751',727,,206530,8,,,0,30,,206531,8,,,0,70,,206532,8,,,0,30,,206533,8,,,0,69,,206534,8,,,0,31,,206535,8,,,0,69,,206536,8,,,0,29,,206537,8,,,0,70,,206538,8,,,0,30,,206539,8,,,0,70,,206540,8,,,0,29,,206541,8,,,0,71,,206542,8,,,0,30,,206543,8,,,0,70,,206544,8,,,0,32,,206545,8,,,0,69,,206546,8,,,0,30,,206547,8,,,0,70,,206548,8,,,0,30,,206549,8,,,0,71,,206550,8,,,0,31,,206555,8,,,0,73,,206551,8,,,0,26,,206552,8,,,0,68,,206553,8,,,0,30,,206554,8,,,0
667300,'101_merged_15727747',1607,,206662,8,,,0,47,,206663,8,,,0
667300,'1_merged_15727750',723,,206705,8,,,0,88,,206687,8,,,0,199,,206692,8,,,0,30,,206693,8,,,0,70,,206694,8,,,0,25,,206695,8,,,0,71,,206696,8,,,0,30,,206697,8,,,0,66,,206698,8,,,0,26,,206707,8,,,0,74,,206677,8,,,0,26,,206678,8,,,0,28,,206679,8,,,0,70,,206680,8,,,0,3,,206681,8,,,0,17,,206682,8,,,0,74,,206683,8,,,0,19,,206684,8,,,0,69,,206685,8,,,0,14,,206686,8,,,0,18,,206665,8,,,0,15,,206672,8,,,0,71,,206673,8,,,0
667300,'201_merged_15727755',1607,,206709,8,,,0,47,,206710,8,,,0
667300,'2_merged_15727752',1010,,206717,8,,,0,25,,206718,8,,,0,77,,206719,8,,,0,24,,206720,8,,,0,68,,206721,8,,,0,30,,206722,8,,,0,70,,206723,8,,,0,32,,206724,8,,,0,73,,206725,8,,,0,33,,206726,8,,,0,71,,206727,8,,,0,31,,206728,8,,,0,73,,206729,8,,,0,34,,206730,8,,,0,71,,206731,8,,,0,35,,206732,8,,,0
667300,'3_merged_15727751',1013,,206749,8,,,0,31,,206750,8,,,0,69,,206751,8,,,0,31,,206752,8,,,0,70,,206753,8,,,0,30,,206754,8,,,0,69,,206755,8,,,0,32,,206756,8,,,0,71,,206757,8,,,0,29,,206758,8,,,0,71,,206759,8,,,0,31,,206760,8,,,0,70,,206761,8,,,0,31,,206762,8,,,0,70,,206763,8,,,0,31,,206764,8,,,0
667500,'1_merged_15727750',1646,,207101,8,,,0,67,,207103,8,,,0
1671700,'1_merged_15727750',2031,,227433,8,,,0,28,,227434,8,,,0,66,,227435,8,,,0,31,,227436,8,,,0,70,,227437,8,,,0,31,,227438,8,,,0,70,,227439,8,,,0,30,,227440,8,,,0,70,,227441,8,,,0,29,,227442,8,,,0
1671700,'2_merged_15727752',2027,,227443,8,,,0,26,,227444,8,,,0,71,,227445,8,,,0,30,,227451,8,,,0,70,,227446,8,,,0,29,,227447,8,,,0,70,,227448,8,,,0,34,,227450,8,,,0,100,,227449,8,,,0
1671700,'3_merged_15727751',2026,,227452,8,,,0,30,,227453,8,,,0,68,,227454,8,,,0,32,,227461,8,,,0,71,,227455,8,,,0,29,,227456,8,,,0,70,,227457,8,,,0,26,,227460,8,,,0,70,,227458,8,,,0,30,,227459,8,,,0
