661401,'1_merged_15727750',541,,187667,10,0,16 17,0,60,,187681,10,0,16 17,0,19,,187682,10,,,0,19,,187726,10,,,0,18,,187715,10,,,0,55,,187713,10,,,0,14,,187714,10,,,0,15,,187722,10,,,0,15,,187718,10,,,0,55,,187685,10,,,0,13,,187680,10,,,0,14,,187690,10,,,0,16,,187686,10,,,0,56,,187687,10,,,0,15,,187688,10,,,0,16,,187689,10,,,0,15,,187696,10,,,0,56,,187697,10,,,0,15,,187698,10,,,0,15,,187699,10,,,0,15,,187683,10,,,0,55,,187666,10,,,0,15,,187692,10,,,0,15,,187717,10,,,0,15,,187670,10,,,0,55,,187710,10,,,0,15,,187711,10,,,0,13,,187668,10,,,0,15,,187719,10,,,0,55,,187705,10,,,0,15,,187712,10,,,0,15,,187721,10,,,0,15,,187701,10,,,0,55,,187684,10,,,0,15,,187723,10,,,0,12,,187724,10,,,0,12,,187727,10,,,0,52,,187677,10,,,0,12,,187678,10,,,0,12,,187671,10,,,0,12,,187708,10,,,0,11,,187709,10,,,0,52,,187702,10,,,0,11,,187700,10,,,0,12,,187703,10,,,0,12,,187716,10,,,0,12,,187693,10,,,0,11,,187694,10,,,0,52,,187720,10,,,0,12,,187674,10,,,0,12,,187704,10,,,0,12,,187679,10,,,0,13,,187675,10,,,0,52,,187672,10,,,0,12,,187676,10,,,0,13,,187673,10,,,0,17,,187669,10,,,0,58,,187695,10,,,0,22,,187707,10,,,0,20,,187706,10,,,0,60,,187691,10,,,0,21,,187725,10,,,0
661401,'2_merged_15727752',626,,187767,10,0,16 17,0,20,,187788,10,0,16 17,0,60,,187751,10,0,16 17,0,20,,187734,10,0,16 17,0,18,,187728,10,0,16 17,0,60,,187733,10,,,0,18,,187731,10,,,0,18,,187779,10,,,0,15,,187753,10,,,0,55,,187759,10,,,0,15,,187776,10,,,0,15,,187778,10,,,0,15,,187740,10,,,0,54,,187736,10,,,0,15,,187768,10,,,0,14,,187781,10,,,0,15,,187777,10,,,0,54,,187739,10,,,0,14,,187746,10,,,0,13,,187747,10,,,0,14,,187748,10,,,0,11,,187749,10,,,0,52,,187729,10,,,0,12,,187760,10,,,0,12,,187766,10,,,0,13,,187791,10,,,0,53,,187757,10,,,0,12,,187758,10,,,0,13,,187793,10,,,0,12,,187775,10,,,0,12,,187792,10,,,0,52,,187730,10,,,0,11,,187735,10,,,0,12,,187794,10,,,0,11,,187762,10,,,0,12,,187764,10,,,0,52,,187750,10,,,0,12,,187771,10,,,0,12,,187795,10,,,0,12,,187738,10,,,0,12,,187787,10,,,0,11,,187770,10,,,0,52,,187754,10,,,0,11,,187796,10,,,0,12,,187755,10,,,0,12,,187732,10,,,0,12,,187737,10,,,0,52,,187742,10,,,0,17,,187782,10,,,0,15,,187783,10,,,0,15,,187797,10,,,0,55,,187784,10,,,0,15,,187785,10,,,0,18,,187786,10,,,0,62,,187773,10,,,0,21,,187780,10,,,0,22,,187741,10,,,0,61,,187752,10,,,0
661401,'3_merged_15727751',634,,187798,10,0,16 17,0,79,,187799,10,0,16 17,0,30,,187800,10,0,16 17,0,67,,187801,10,0,16 17,0,27,,187802,10,,,0,65,,187803,10,,,0,20,,187804,10,,,0,19,,187805,10,,,0,60,,187806,10,,,0,18,,187807,10,,,0,17,,187808,10,,,0,16,,187809,10,,,0,57,,187810,10,,,0,17,,187811,10,,,0,16,,187812,10,,,0,16,,187813,10,,,0,56,,187814,10,,,0,15,,187815,10,,,0,14,,187816,10,,,0,15,,187817,10,,,0,55,,187818,10,,,0,14,,187819,10,,,0,14,,187820,10,,,0,12,,187821,10,,,0,52,,187822,10,,,0,12,,187823,10,,,0,12,,187824,10,,,0,12,,187825,10,,,0,12,,187826,10,,,0,52,,187827,10,,,0,12,,187828,10,,,0,11,,187829,10,,,0,11,,187830,10,,,0,13,,187831,10,,,0,55,,187832,10,,,0,14,,187833,10,,,0,14,,187834,10,,,0,16,,187835,10,,,0,55,,187836,10,,,0,15,,187837,10,,,0,15,,187838,10,,,0,15,,187839,10,,,0,55,,187840,10,,,0,15,,187841,10,,,0,15,,187842,10,,,0,17,,187843,10,,,0,58,,187844,10,,,0,20,,187845,10,,,0,21,,187846,10,,,0,61,,187847,10,,,0
661701,'152201_merged_15727756',2046,,189387,18,,,0,60,,189388,18,,,0,20,,189386,18,,,0,19,,189389,18,,,0,59,,189390,18,,,0,20,,189391,18,,,0,20,,189392,18,,,0,60,,189393,18,,,0,20,,189394,18,,,0,21,,189395,18,,,0,60,,189396,18,,,0,11,,189397,18,,,0,30,,189398,18,,,0
661701,'152301_merged_15727764',2046,,189399,18,,,0,60,,189400,18,,,0,20,,189401,18,,,0,19,,189402,18,,,0,59,,189403,18,,,0,20,,189404,18,,,0,20,,189405,18,,,0,60,,189406,18,,,0,20,,189407,18,,,0,21,,189408,18,,,0,60,,189409,18,,,0,11,,189410,18,,,0,30,,189411,18,,,0
661701,'1_merged_15727750',607,,189412,18,,,0,20,,189413,18,,,0,20,,189414,18,,,0,55,,189415,18,,,0,13,,189416,18,,,0,13,,189417,18,,,0,13,,189418,18,,,0,13,,189419,18,,,0,52,,189420,18,,,0,10,,189421,18,,,0,13,,189422,18,,,0,13,,189423,18,,,0,13,,189424,18,,,0,52,,189425,18,,,0,12,,189426,18,,,0,14,,189427,18,,,0,14,,189428,18,,,0,55,,189429,18,,,0,15,,189430,18,,,0,14,,189431,18,,,0,15,,189432,18,,,0,54,,189433,18,,,0,15,,189434,18,,,0,15,,189435,18,,,0,15,,189436,18,,,0,56,,189437,18,,,0,15,,189438,18,,,0,14,,189439,18,,,0,15,,189440,18,,,0,55,,189441,18,,,0,16,,189442,18,,,0,16,,189443,18,,,0,15,,189444,18,,,0,55,,189445,18,,,0,15,,189446,18,,,0,13,,189447,18,,,0,15,,189448,18,,,0,55,,189449,18,,,0,13,,189450,18,,,0,13,,189451,18,,,0,14,,189452,18,,,0,13,,189453,18,,,0,52,,189454,18,,,0,13,,189455,18,,,0,11,,189456,18,,,0,13,,189457,18,,,0,15,,189458,18,,,0,53,,189459,18,,,0,13,,189460,18,,,0,12,,189461,18,,,0,12,,189462,18,,,0,53,,189463,18,,,0,12,,189464,18,,,0,12,,189465,18,,,0,18,,189466,18,,,0,61,,189467,18,,,0,21,,189468,18,,,0,21,,189469,18,,,0,60,,189470,18,,,0,18,,189471,18,,,0,495,,189472,18,0,10,0
661701,'2_merged_15727752',614,,189476,18,,,0,21,,189477,18,,,0,20,,189478,18,,,0,60,,189479,18,,,0,20,,189480,18,,,0,15,,189481,18,,,0,53,,189482,18,,,0,15,,189483,18,,,0,14,,189484,18,,,0,15,,189485,18,,,0,55,,189486,18,,,0,14,,189487,18,,,0,15,,189488,18,,,0,15,,189489,18,,,0,55,,189490,18,,,0,15,,189491,18,,,0,15,,189492,18,,,0,12,,189493,18,,,0,15,,189494,18,,,0,55,,189495,18,,,0,15,,189496,18,,,0,15,,189497,18,,,0,15,,189498,18,,,0,55,,189499,18,,,0,15,,189500,18,,,0,14,,189501,18,,,0,16,,189502,18,,,0,56,,189503,18,,,0,16,,189504,18,,,0,15,,189505,18,,,0,56,,189506,18,,,0,15,,189507,18,,,0,12,,189508,18,,,0,11,,189509,18,,,0,12,,189510,18,,,0,51,,189511,18,,,0,12,,189512,18,,,0,12,,189513,18,,,0,12,,189514,18,,,0,12,,189515,18,,,0,52,,189516,18,,,0,12,,189517,18,,,0,12,,189518,18,,,0,11,,189519,18,,,0,12,,189520,18,,,0,52,,189521,18,,,0,12,,189522,18,,,0,12,,189523,18,,,0,12,,189524,18,,,0,15,,189525,18,,,0,56,,189526,18,,,0,15,,189527,18,,,0,15,,189528,18,,,0,20,,189529,18,,,0,60,,189530,18,,,0,22,,189531,18,,,0,60,,189532,18,,,0,20,,189533,18,,,0,21,,189534,18,,,0,61,,189535,18,,,0,20,,189536,18,,,0,20,,189537,18,,,0,59,,189538,18,,,0,20,,189539,18,,,0,22,,189540,18,,,0,60,,189541,18,,,0,20,,189542,18,,,0,22,,189543,18,,,0,60,,189544,18,,,0,15,,189545,18,,,0,29,,189546,18,,,0,73,,189547,18,0,10,0
661701,'3_merged_15727751',623,,189549,18,,,0,34,,189550,18,,,0,70,,189551,18,,,0,73,,189552,18,,,0,30,,189553,18,,,0,22,,189554,18,,,0,59,,189555,18,,,0,20,,189556,18,,,0,20,,189557,18,,,0,59,,189558,18,,,0,20,,189559,18,,,0,16,,189560,18,,,0,55,,189561,18,,,0,15,,189562,18,,,0,15,,189563,18,,,0,15,,189564,18,,,0,55,,189565,18,,,0,15,,189566,18,,,0,15,,189567,18,,,0,15,,189568,18,,,0,55,,189569,18,,,0,15,,189570,18,,,0,15,,189571,18,,,0,15,,189572,18,,,0,55,,189573,18,,,0,15,,189574,18,,,0,15,,189575,18,,,0,15,,189576,18,,,0,55,,189577,18,,,0,15,,189578,18,,,0,14,,189579,18,,,0,15,,189580,18,,,0,55,,189581,18,,,0,15,,189582,18,,,0,15,,189583,18,,,0,15,,189584,18,,,0,55,,189585,18,,,0,15,,189586,18,,,0,15,,189587,18,,,0,16,,189588,18,,,0,55,,189589,18,,,0,18,,189590,18,,,0,21,,189591,18,,,0,60,,189592,18,,,0,21,,189593,18,,,0,20,,189594,18,,,0,60,,189595,18,,,0,21,,189596,18,,,0,20,,189597,18,,,0,60,,189598,18,,,0,20,,189599,18,,,0,22,,189600,18,,,0,60,,189601,18,,,0,20,,189602,18,,,0,19,,189603,18,,,0,60,,189604,18,,,0,19,,189605,18,,,0,20,,189606,18,,,0,62,,189607,18,,,0,16,,189608,18,,,0,30,,189609,18,,,0,86,,189610,18,0,10,0
667201,'101_merged_15727747',1623,,206557,27,,,0
667201,'1_merged_15727750',555,,206576,27,,,0,71,,206577,27,,,0,20,,206578,27,,,0,12,,206579,27,,,0,57,,206558,27,,,0,10,,206572,27,,,0,12,,206573,27,,,0,10,,206574,27,,,0,53,,206575,27,,,0,12,,206599,27,,,0,14,,206580,27,,,0,18,,206581,27,,,0,12,,206582,27,,,0,56,,206583,27,,,0,11,,206584,27,,,0,11,,206585,27,,,0,13,,206586,27,,,0,60,,206587,27,,,0,25,,206588,27,,,0,70,,206589,27,,,0,30,,206590,27,,,0,71,,206591,27,,,0,29,,206592,27,,,0,68,,206598,27,,,0,26,,206593,27,,,0,78,,206594,27,,,0,28,,206595,27,,,0,68,,206596,27,,,0,33,,206597,27,,,0,71,,206559,27,,,0,9,,206560,27,,,0,31,,206561,27,,,0,12,,206562,27,,,0,67,,206600,27,,,0,7,,206563,27,,,0,21,,206564,27,,,0,61,,206565,27,,,0,6,,206566,27,,,0,16,,206567,27,,,0,16,,206568,27,,,0,58,,206569,27,,,0,33,,206571,27,,,0
667201,'201_merged_15727755',1623,,206601,27,,,0
667201,'2_merged_15727752',631,,206602,4,,,0,70,,206603,27,,,0,30,,206604,27,,,0,70,,206605,27,,,0,31,,206606,27,,,0,70,,206607,27,,,0,29,,206608,27,,,0,70,,206609,27,,,0,30,,206610,27,,,0,70,,206611,27,,,0,29,,206612,27,,,0,27,,206613,27,,,0,76,,206614,27,,,0,72,,206615,27,,,0,29,,206616,27,,,0,69,,206617,27,,,0,21,,206618,27,,,0,13,,206619,27,,,0,63,,206620,27,,,0,16,,206621,27,,,0,27,,206622,27,,,0,64,,206623,27,,,0,22,,206624,27,,,0,14,,206625,27,,,0,64,,206626,27,,,0,18,,206627,27,,,0,24,,206628,27,,,0,63,,206629,27,,,0,20,,206630,27,,,0,16,,206631,27,,,0,59,,206632,27,,,0,19,,206633,27,,,0,19,,206634,27,,,0
667201,'3_merged_15727751',700,,206635,4,,,0,30,,206636,27,,,0,70,,206637,27,,,0,30,,206638,27,,,0,70,,206639,27,,,0,30,,206640,27,,,0,72,,206641,27,,,0,30,,206642,27,,,0,69,,206643,27,,,0,31,,206644,27,,,0,68,,206645,27,,,0,31,,206646,27,,,0,71,,206647,27,,,0,30,,206648,27,,,0,70,,206649,27,,,0,31,,206650,27,,,0,69,,206651,27,,,0,31,,206652,27,,,0,70,,206653,27,,,0,30,,206654,27,,,0,69,,206655,27,,,0,31,,206660,27,,,0,70,,206656,27,,,0,30,,206657,27,,,0,69,,206658,27,,,0,30,,206659,27,,,0
667301,'1_merged_15727750',702,,206812,32,,,0,10,,206813,32,,,0,10,,206814,32,,,0,14,,206815,32,,,0,13,,206816,32,,,0,61,,206817,32,,,0,20,,206818,32,,,0,20,,206779,32,,,0,66,,206821,32,,,0,36,,206823,32,,,0,50,,206781,32,,,0,26,,206800,32,,,0,23,,206801,32,,,0,68,,206802,32,,,0,30,,206803,32,,,0,72,,206804,32,,,0,29,,206805,32,,,0,66,,206806,32,,,0,32,,206807,32,,,0,72,,206808,32,,,0,29,,206809,32,,,0,66,,206824,32,,,0,40,,206791,32,,,0,65,,206792,32,,,0,28,,206793,32,,,0,72,,206794,32,,,0,37,,206795,32,,,0,45,,206796,32,,,0,27,,206797,32,,,0
667301,'2_merged_15727752',940,,206829,32,,,0,73,,206830,32,,,0,36,,206831,32,,,0,62,,206832,32,,,0,30,,206833,32,,,0,69,,206834,32,,,0,41,,206835,32,,,0,64,,206836,32,,,0,29,,206837,32,,,0,73,,206838,32,,,0,31,,206839,32,,,0,72,,206840,32,,,0,32,,206841,32,,,0,74,,206842,32,,,0,31,,206843,32,,,0,75,,206844,32,,,0,26,,206845,32,,,0
667301,'3_merged_15727751',945,,206861,32,,,0,75,,206862,32,,,0,31,,206863,32,,,0,71,,206864,32,,,0,24,,206865,32,,,0,75,,206866,32,,,0,28,,206867,32,,,0,70,,206868,32,,,0,32,,206869,32,,,0,72,,206870,32,,,0,29,,206871,32,,,0,71,,206872,32,,,0,31,,206873,32,,,0,71,,206874,32,,,0,31,,206875,32,,,0,69,,206876,32,,,0
667501,'1_merged_15727750',724,,207196,17,,,0,25,,207191,17,,,0,69,,207208,17,,,0,25,,207209,17,,,0,68,,207193,17,,,0
1671701,'1_merged_15727750',2005,,227462,34,,,0,29,,227463,34,,,0,66,,227464,34,,,0,30,,227465,34,,,0,70,,227466,34,,,0,30,,227467,34,,,0,70,,227468,34,,,0,26,,227469,34,,,0,74,,227470,34,,,0,28,,227471,34,,,0,118,,227474,11,,,0
1671701,'2_merged_15727752',2002,,227476,34,,,0,24,,227477,34,,,0,28,,227478,34,,,0,70,,227489,34,,,0,31,,227479,34,,,0,71,,227480,34,,,0,30,,227481,34,,,0,69,,227488,34,,,0,30,,227482,34,,,0,69,,227483,34,,,0,129,,227485,11,,,0
1671701,'3_merged_15727751',2000,,227490,34,,,0,30,,227491,34,,,0,70,,227492,34,,,0,30,,227503,34,,,0,70,,227493,34,,,0,28,,227494,34,,,0,28,,227495,34,,,0,70,,227502,34,,,0,30,,227496,34,,,0,69,,227497,34,,,0,113,,227501,11,,,0,67,,227499,34,,,0
