665001,'1_merged_15727750',610,,202126,10,,,0,11,,202112,10,,,0,15,,202111,10,,,0,14,,202110,10,,,0,57,,202109,10,,,0,14,,202108,10,,,0,15,,202107,10,,,0,16,,202106,10,,,0,57,,202105,10,,,0,17,,202104,10,,,0,16,,202103,10,,,0,15,,202102,10,,,0,54,,202101,10,,,0,17,,202100,10,,,0,20,,202128,10,,,0,71,,202124,10,,,0,30,,202123,10,,,0,72,,202086,10,,,0,30,,202085,10,,,0,70,,202084,10,,,0,33,,202093,10,,,0,69,,202091,10,,,0,31,,202090,10,,,0,74,,202125,10,,,0,27,,202088,10,,,0,55,,202099,10,,,0,18,,202098,10,,,0,15,,202097,10,,,0,15,,202096,10,,,0,55,,202127,10,,,0,15,,202095,10,,,0,16,,202113,10,,,0,13,,202122,10,,,0,53,,202121,10,,,0,14,,202120,10,,,0,14,,202119,10,,,0,14,,202118,10,,,0,53,,202117,10,,,0,14,,202116,10,,,0,17,,202115,10,,,0,21,,202114,10,,,0,69,,202089,10,,,0,33,,202092,10,,,0,66,,202134,10,,,0,28,,202133,10,,,0,70,,202132,10,,,0,32,,202135,10,,,0,69,,202094,10,,,0,28,,202131,10,,,0,69,,202130,10,,,0,33,,202129,10,,,0,97,,202087,10,,,0
665001,'2_merged_15727752',644,,202163,10,,,0,71,,202164,10,,,0,38,,202165,10,,,0,70,,202150,10,,,0,31,,202140,10,,,0,72,,202138,10,,,0,25,,202141,10,,,0,70,,202142,10,,,0,30,,202143,10,,,0,70,,202144,10,,,0,32,,202145,10,,,0,71,,202146,10,,,0,29,,202148,10,,,0,72,,202159,10,,,0,28,,202170,10,,,0,75,,202149,10,,,0,30,,202158,10,,,0,70,,202152,10,,,0,28,,202137,10,,,0,72,,202151,10,,,0,72,,202162,10,,,0,28,,202161,10,,,0,30,,202154,10,,,0,69,,202155,10,,,0,30,,202156,10,,,0,69,,202157,10,,,0,31,,202153,10,,,0,72,,202160,10,,,0,71,,202147,10,,,0,30,,202166,10,,,0,70,,202167,10,,,0,31,,202168,10,,,0,28,,202169,10,,,0,65,,202136,10,,,0,32,,202171,10,,,0,97,,202139,10,,,0
665001,'3_merged_15727751',741,,202190,10,,,0,76,,202196,10,,,0,30,,202172,10,,,0,72,,202174,10,,,0,30,,202181,10,,,0,71,,202180,10,,,0,31,,202188,10,,,0,70,,202182,10,,,0,32,,202183,10,,,0,69,,202193,10,,,0,31,,202191,10,,,0,68,,202192,10,,,0,25,,202194,10,,,0,70,,202195,10,,,0,31,,202185,10,,,0,69,,202175,10,,,0,31,,202197,10,,,0,70,,202198,10,,,0,31,,202199,10,,,0,69,,202200,10,,,0,27,,202201,10,,,0,69,,202187,10,,,0,31,,202202,10,,,0,78,,202203,10,,,0,33,,202179,10,,,0,70,,202177,10,,,0,30,,202176,10,,,0,70,,202184,10,,,0,29,,202204,10,,,0,71,,202178,10,,,0,29,,202186,10,,,0,69,,202189,10,,,0,99,,202173,10,,,0
666701,'101_merged_15727747',908,,206008,46,,,0
666701,'1_merged_15727750',518,,206036,46,,,0,18,,206076,46,,,0,23,,206009,46,,,0,61,,206010,46,,,0,22,,206011,46,,,0,17,,206012,46,,,0,53,,206013,46,,,0,8,,206014,46,,,0,10,,206015,46,,,0,15,,206080,46,,,0,56,,206081,46,,,0,17,,206016,46,,,0,11,,206017,46,,,0,21,,206018,46,,,0,72,,206019,46,,,0,15,,206020,46,,,0,13,,206021,46,,,0,54,,206079,46,,,0,17,,206037,46,,,0,13,,206038,46,,,0,16,,206075,46,,,0,55,,206022,46,,,0,15,,206023,46,,,0,15,,206024,46,,,0,17,,206025,46,,,0,54,,206026,46,,,0,15,,206027,46,,,0,14,,206028,46,,,0,16,,206078,46,,,0,55,,206039,46,,,0,15,,206040,46,,,0,17,,206074,46,,,0,14,,206029,46,,,0,57,,206030,46,,,0,14,,206031,46,,,0,15,,206032,46,,,0,17,,206033,46,,,0,56,,206034,46,,,0,17,,206035,46,,,0,15,,206077,46,,,0,16,,206041,46,,,0,53,,206042,46,,,0,16,,206073,46,,,0,14,,206043,46,,,0,14,,206044,46,,,0,56,,206045,46,,,0,15,,206046,46,,,0,14,,206047,46,,,0,13,,206048,46,,,0,51,,206049,46,,,0,19,,206050,46,,,0,14,,206072,46,,,0,14,,206057,46,,,0,55,,206069,46,,,0,13,,206070,46,,,0,15,,206051,46,,,0,14,,206052,46,,,0,55,,206053,46,,,0,13,,206054,46,,,0,15,,206055,46,,,0,15,,206056,46,,,0,57,,206071,46,,,0,16,,206058,46,,,0,16,,206068,46,,,0,19,,206059,46,,,0,65,,206060,46,,,0,31,,206061,46,,,0,72,,206062,46,,,0,31,,206063,46,,,0,70,,206064,46,,,0,26,,206065,46,,,0,70,,206066,46,,,0,29,,206067,46,,,0
666701,'201_merged_15727755',908,,206082,46,,,0
666701,'2_merged_15727752',627,,206091,46,,,0,29,,206092,46,,,0,60,,206109,46,,,0,21,,206110,46,,,0,21,,206106,46,,,0,55,,206111,46,,,0,16,,206112,46,,,0,17,,206113,46,,,0,56,,206114,46,,,0,11,,206115,46,,,0,8,,206083,46,,,0,12,,206116,46,,,0,18,,206117,46,,,0,54,,206118,46,,,0,13,,206119,46,,,0,16,,206120,46,,,0,17,,206121,46,,,0,56,,206122,46,,,0,17,,206123,46,,,0,16,,206124,46,,,0,12,,206126,46,,,0,55,,206127,46,,,0,16,,206128,46,,,0,15,,206125,46,,,0,18,,206129,46,,,0,54,,206105,46,,,0,13,,206130,46,,,0,16,,206131,46,,,0,14,,206132,46,,,0,55,,206134,46,,,0,18,,206135,46,,,0,15,,206136,46,,,0,16,,206137,46,,,0,55,,206138,46,,,0,17,,206139,46,,,0,15,,206140,46,,,0,14,,206141,46,,,0,55,,206142,46,,,0,11,,206143,46,,,0,15,,206144,46,,,0,16,,206145,46,,,0,55,,206146,46,,,0,14,,206147,46,,,0,15,,206148,46,,,0,16,,206149,46,,,0,54,,206084,46,,,0,14,,206085,46,,,0,20,,206086,46,,,0,14,,206087,46,,,0,51,,206108,46,,,0,14,,206088,46,,,0,15,,206089,46,,,0,16,,206107,46,,,0,54,,206090,46,,,0,14,,206094,46,,,0,20,,206093,46,,,0,60,,206095,46,,,0,20,,206096,46,,,0,32,,206133,46,,,0,73,,206097,46,,,0,30,,206098,46,,,0,75,,206099,46,,,0,26,,206100,46,,,0,69,,206101,46,,,0,32,,206102,46,,,0,70,,206103,46,,,0,22,,206104,46,,,0
666701,'3_merged_15727751',738,,206165,46,,,0,20,,206166,46,,,0,57,,206151,46,,,0,16,,206167,46,,,0,16,,206168,46,,,0,54,,206164,46,,,0,13,,206150,46,,,0,13,,206169,46,,,0,14,,206170,46,,,0,12,,206171,46,,,0,49,,206172,46,,,0,13,,206173,46,,,0,19,,206174,46,,,0,16,,206175,46,,,0,55,,206176,46,,,0,14,,206177,46,,,0,17,,206178,46,,,0,16,,206179,46,,,0,55,,206180,46,,,0,15,,206159,46,,,0,15,,206160,46,,,0,17,,206161,46,,,0,56,,206181,46,,,0,14,,206182,46,,,0,15,,206183,46,,,0,15,,206184,46,,,0,55,,206185,46,,,0,16,,206186,46,,,0,14,,206187,46,,,0,17,,206188,46,,,0,53,,206189,46,,,0,17,,206190,46,,,0,16,,206158,46,,,0,13,,206191,46,,,0,51,,206192,46,,,0,15,,206193,46,,,0,19,,206194,46,,,0,15,,206195,46,,,0,56,,206196,46,,,0,18,,206197,46,,,0,14,,206198,46,,,0,11,,206199,46,,,0,55,,206200,46,,,0,11,,206201,46,,,0,16,,206202,46,,,0,16,,206203,46,,,0,55,,206163,46,,,0,15,,206204,46,,,0,12,,206205,46,,,0,15,,206162,46,,,0,55,,206206,46,,,0,14,,206207,46,,,0,20,,206208,46,,,0,21,,206209,46,,,0,66,,206210,46,,,0,31,,206211,46,,,0,67,,206152,46,,,0,35,,206153,46,,,0,71,,206154,46,,,0,24,,206155,46,,,0,70,,206156,46,,,0,28,,206157,46,,,0
683801,'1_merged_15727750',2509,,225176,14,,,0,29,,225172,14,,,0,70,,225171,14,,,0,30,,225170,14,,,0,73,,225173,14,,,0,27,,225174,14,,,0,69,,225175,14,,,0,40,,225168,14,,,0,70,,225169,14,,,0
683801,'2_merged_15727752',2539,,225178,14,,,0,77,,225180,14,,,0,21,,225179,14,,,0,20,,225181,14,,,0,62,,225182,14,,,0,21,,225183,14,,,0,60,,225184,14,,,0,27,,225185,14,,,0,30,,225186,14,,,0,69,,225177,14,,,0
683801,'3_merged_15727751',2536,,225188,14,,,0,70,,225187,14,,,0,31,,225189,14,,,0,76,,225190,14,,,0,20,,225191,14,,,0,74,,225192,14,,,0,30,,225193,14,,,0,80,,225194,14,,,0
