672100,'1_merged_15727750',1615,,216115,33,,,0,35,,216119,33,,,0,75,,216114,33,,,0,33,,216120,33,,,0,60,,216118,33,,,0,18,,216121,33,,,0,15,,216123,33,,,0,60,,216117,33,,,0,17,,216124,33,,,0,21,,216122,33,,,0,56,,216116,33,,,0
681601,'1_merged_15727750',736,,222977,4,,,0,100,,222976,4,,,0,100,,222975,4,,,0,100,,222974,4,,,0,100,,222973,4,,,0,100,,222972,4,,,0,100,,222971,4,,,0,100,,222985,4,,,0,100,,222984,4,,,0,100,,222983,4,,,0,100,,222982,4,,,0,100,,222981,4,,,0,100,,222980,4,,,0,100,,222979,4,,,0,100,,222978,4,,,0
681601,'2_merged_15727752',936,,222986,4,,,0,100,,222987,4,,,0,100,,222988,4,,,0,100,,222989,4,,,0,100,,222990,4,,,0,100,,222991,4,,,0,100,,222992,4,,,0,100,,222993,4,,,0,100,,222994,4,,,0,100,,222995,4,,,0,100,,222996,4,,,0,100,,222997,4,,,0,100,,222998,4,,,0
681601,'3_merged_15727751',936,,223007,4,,,0,100,,223006,4,,,0,100,,223005,4,,,0,100,,223004,4,,,0,100,,223008,4,,,0,100,,223003,4,,,0,100,,223002,4,,,0,100,,223001,4,,,0,100,,223000,4,,,0,100,,222999,4,,,0
1169200,'1_merged_15727750',538,,226626,40,,,0,19,,226627,40,,,0,57,,226644,40,,,0,21,,226628,40,,,0,19,,226625,40,,,0,54,,226661,40,,,0,16,,226645,40,,,0,18,,226624,40,,,0,61,,226662,40,,,0,16,,226623,40,,,0,15,,226646,40,,,0,15,,226665,40,,,0,54,,226622,40,,,0,15,,226621,40,,,0,18,,226647,40,,,0,19,,226620,40,,,0,60,,226648,40,,,0,20,,226619,40,,,0,20,,226618,40,,,0,60,,226649,40,,,0,20,,226612,40,,,0,21,,226638,40,,,0,60,,226650,40,,,0,21,,226630,40,,,0,20,,226629,40,,,0,60,,226651,40,,,0,21,,226617,40,,,0,21,,226616,40,,,0,60,,226652,40,,,0,21,,226615,40,,,0,63,,226614,40,,,0,20,,226613,40,,,0,22,,226653,40,,,0,62,,226611,40,,,0,20,,226643,40,,,0,20,,226654,40,,,0,59,,226642,40,,,0,14,,226655,40,,,0,15,,226641,40,,,0,14,,226658,40,,,0,54,,226640,40,,,0,12,,226656,40,,,0,14,,226639,40,,,0,13,,226659,40,,,0,13,,226637,40,,,0,60,,226657,40,,,0,19,,226636,40,,,0,19,,226635,40,,,0,60,,226660,40,,,0,23,,226634,40,,,0,69,,226633,40,,,0,30,,226632,40,,,0,69,,226631,40,,,0,97,,226663,40,,,0,58,,226664,40,,,0
1169200,'2_merged_15727752',614,,226704,40,,,0,26,,226678,40,,,0,62,,226710,40,,,0,23,,226677,40,,,0,22,,226679,40,,,0,62,,226680,40,,,0,22,,226693,40,,,0,22,,226681,40,,,0,60,,226682,40,,,0,20,,226694,40,,,0,20,,226683,40,,,0,60,,226684,40,,,0,22,,226695,40,,,0,20,,226685,40,,,0,60,,226686,40,,,0,22,,226696,40,,,0,21,,226687,40,,,0,60,,226675,40,,,0,20,,226697,40,,,0,21,,226688,40,,,0,60,,226698,40,,,0,22,,226689,40,,,0,61,,226690,40,,,0,21,,226699,40,,,0,21,,226691,40,,,0,60,,226692,40,,,0,20,,226700,40,,,0,20,,226667,40,,,0,60,,226676,40,,,0,20,,226701,40,,,0,20,,226668,40,,,0,59,,226669,40,,,0,20,,226705,40,,,0,18,,226702,40,,,0,60,,226670,40,,,0,20,,226671,40,,,0,18,,226672,40,,,0,19,,226703,40,,,0,62,,226673,40,,,0,30,,226674,40,,,0,70,,226666,40,,,0,99,,226706,40,,,0,97,,226707,40,,,0,99,,226708,40,,,0,98,,226709,40,,,0
1169200,'3_merged_15727751',629,,226749,40,,,0,71,,226737,40,,,0,30,,226722,40,,,0,70,,226721,40,,,0,30,,226723,40,,,0,71,,226724,40,,,0,31,,226725,40,,,0,71,,226726,40,,,0,28,,226727,40,,,0,27,,226733,40,,,0,71,,226728,40,,,0,30,,226729,40,,,0,72,,226730,40,,,0,70,,226731,40,,,0,30,,226732,40,,,0,69,,226734,40,,,0,28,,226739,40,,,0,20,,226735,40,,,0,60,,226736,40,,,0,20,,226740,40,,,0,20,,226711,40,,,0,60,,226712,40,,,0,20,,226741,40,,,0,19,,226713,40,,,0,60,,226714,40,,,0,20,,226742,40,,,0,20,,226715,40,,,0,60,,226716,40,,,0,20,,226743,40,,,0,20,,226717,40,,,0,60,,226718,40,,,0,22,,226744,40,,,0,23,,226719,40,,,0,65,,226720,40,,,0,25,,226738,40,,,0,98,,226745,40,,,0,99,,226746,40,,,0,100,,226747,40,,,0,96,,226748,40,,,0
1870501,'1_merged_15727750',527,,228808,2,,,0,11,,228766,2,,,0,15,,228768,2,,,0,55,,228803,2,,,0,17,,228793,2,,,0,20,,228767,2,,,0,60,,228794,2,,,0,20,,228769,2,,,0,20,,228770,2,,,0,62,,228795,2,,,0,20,,228771,2,,,0,20,,228772,2,,,0,60,,228796,2,,,0,20,,228773,2,,,0,20,,228774,2,,,0,60,,228804,2,,,0,20,,228775,2,,,0,23,,228776,2,,,0,70,,228789,2,,,0,30,,228777,2,,,0,70,,228765,2,,,0,30,,228778,2,,,0,70,,228779,2,,,0,30,,228780,2,,,0,56,,228801,2,,,0,17,,228781,2,,,0,20,,228782,2,,,0,16,,228797,2,,,0,57,,228783,2,,,0,17,,228802,2,,,0,17,,228784,2,,,0,57,,228798,2,,,0,21,,228785,2,,,0,21,,228786,2,,,0,61,,228799,2,,,0,22,,228788,2,,,0,21,,228787,2,,,0,61,,228800,2,,,0,21,,228790,2,,,0,21,,228791,2,,,0,63,,228792,2,,,0,30,,228762,2,,,0,70,,228763,2,,,0,30,,228764,2,,,0,96,,228805,2,,,0,100,,228806,2,,,0,100,,228807,2,,,0
1870501,'2_merged_15727752',546,,228809,2,,,0,67,,228813,2,,,0,27,,228814,2,,,0,71,,228815,2,,,0,31,,228816,2,,,0,70,,228817,2,,,0,28,,228818,2,,,0,70,,228819,2,,,0,30,,228820,2,,,0,70,,228821,2,,,0,30,,228822,2,,,0,70,,228823,2,,,0,30,,228824,2,,,0,70,,228825,2,,,0,30,,228826,2,,,0,70,,228827,2,,,0,30,,228828,2,,,0,70,,228829,2,,,0,30,,228830,2,,,0,70,,228831,2,,,0,30,,228832,2,,,0,70,,228833,2,,,0,30,,228834,2,,,0,70,,228835,2,,,0,30,,228836,2,,,0,70,,228837,2,,,0,30,,228838,2,,,0,70,,228839,2,,,0,34,,228840,2,,,0,74,,228841,2,,,0,34,,228842,2,,,0,98,,228810,2,,,0,100,,228811,2,,,0,100,,228812,2,,,0
1870501,'3_merged_15727751',550,,228869,2,,,0,70,,228870,2,,,0,30,,228871,2,,,0,70,,228872,2,,,0,30,,228843,2,,,0,70,,228844,2,,,0,30,,228845,2,,,0,70,,228846,2,,,0,30,,228847,2,,,0,70,,228848,2,,,0,30,,228849,2,,,0,70,,228850,2,,,0,30,,228851,2,,,0,70,,228852,2,,,0,30,,228853,2,,,0,72,,228854,2,,,0,32,,228855,2,,,0,70,,228856,2,,,0,30,,228857,2,,,0,70,,228858,2,,,0,30,,228859,2,,,0,70,,228860,2,,,0,30,,228861,2,,,0,70,,228862,2,,,0,30,,228863,2,,,0,70,,228864,2,,,0,30,,228865,2,,,0,70,,228866,2,,,0,30,,228867,2,,,0,70,,228873,2,,,0,30,,228868,2,,,0,96,,228874,2,,,0,100,,228875,2,,,0,100,,228876,2,,,0
