672200,'1',441,,216199,3,,,0,61,,216200,3,,,0,18,,216201,3,,,0,11,,216202,3,,,0,11,,216203,3,,,0,17,,216204,3,,,0,55,,216136,3,,,0,15,,216137,3,,,0,15,,216138,3,,,0,14,,216139,3,,,0,55,,216140,3,,,0,10,,216141,3,,,0,16,,216142,3,,,0,15,,216143,3,,,0,54,,216144,3,,,0,15,,216145,3,,,0,17,,216146,3,,,0,15,,216147,3,,,0,56,,216148,3,,,0,15,,216149,3,,,0,15,,216150,3,,,0,15,,216151,3,,,0,55,,216152,3,,,0,15,,216153,3,,,0,15,,216154,3,,,0,15,,216155,3,,,0,55,,216156,3,,,0,15,,216157,3,,,0,15,,216158,3,,,0,15,,216159,3,,,0,55,,216160,3,,,0,15,,216161,3,,,0,15,,216162,3,,,0,15,,216163,3,,,0,56,,216164,3,,,0,15,,216165,3,,,0,13,,216166,3,,,0,15,,216167,3,,,0,55,,216168,3,,,0,15,,216169,3,,,0,14,,216170,3,,,0,13,,216171,3,,,0,56,,216172,3,,,0,15,,216173,3,,,0,34,,216174,3,,,0,55,,216175,3,,,0,16,,216176,3,,,0,14,,216177,3,,,0,15,,216178,3,,,0,56,,216179,3,,,0,15,,216180,3,,,0,18,,216181,3,,,0,55,,216182,3,,,0,15,,216183,3,,,0,15,,216184,3,,,0,16,,216185,3,,,0,55,,216186,3,,,0,16,,216187,3,,,0,17,,216188,3,,,0,20,,216189,3,,,0,70,,216190,3,,,0,30,,216191,3,,,0,70,,216192,3,,,0,33,,216193,3,,,0,71,,216194,3,,,0,27,,216195,3,,,0,69,,216196,3,,,0,102,,216197,3,,,0,100,,216198,3,,,0
672200,'101',1503,,216135,3,,,0,42,,216134,3,,,0
672200,'2',502,,216215,3,,,0,33,,216266,3,,,0,68,,216260,3,,,0,30,,216267,3,,,0,70,,216229,3,,,0,18,,216251,3,,,0,20,,216256,3,,,0,60,,216217,3,,,0,18,,216223,3,,,0,15,,216255,3,,,0,15,,216232,3,,,0,54,,216214,3,,,0,15,,216263,3,,,0,15,,216254,3,,,0,14,,216250,3,,,0,55,,216245,3,,,0,14,,216225,3,,,0,15,,216213,3,,,0,14,,216216,3,,,0,55,,216235,3,,,0,15,,216236,3,,,0,15,,216212,3,,,0,15,,216237,3,,,0,55,,216259,3,,,0,14,,216234,3,,,0,15,,216211,3,,,0,15,,216248,3,,,0,15,,216230,3,,,0,55,,216265,3,,,0,15,,216210,3,,,0,15,,216257,3,,,0,15,,216218,3,,,0,53,,216219,3,,,0,15,,216209,3,,,0,15,,216220,3,,,0,15,,216221,3,,,0,56,,216241,3,,,0,15,,216208,3,,,0,15,,216222,3,,,0,15,,216262,3,,,0,55,,216233,3,,,0,15,,216207,3,,,0,16,,216239,3,,,0,15,,216240,3,,,0,55,,216246,3,,,0,15,,216206,3,,,0,17,,216247,3,,,0,59,,216242,3,,,0,21,,216224,3,,,0,20,,216249,3,,,0,60,,216253,3,,,0,22,,216226,3,,,0,21,,216227,3,,,0,60,,216252,3,,,0,20,,216228,3,,,0,20,,216258,3,,,0,70,,216238,3,,,0,32,,216261,3,,,0,73,,216231,3,,,0,100,,216243,3,,,0,102,,216264,3,,,0,99,,216244,3,,,0
672200,'201',1545,,216205,3,,,0
672200,'3',511,,216291,3,,,0,30,,216279,3,,,0,70,,216290,3,,,0,30,,216278,3,,,0,70,,216289,3,,,0,27,,216288,3,,,0,65,,216318,3,,,0,19,,216306,3,,,0,21,,216311,3,,,0,60,,216268,3,,,0,20,,216296,3,,,0,20,,216308,3,,,0,60,,216269,3,,,0,21,,216307,3,,,0,19,,216286,3,,,0,60,,216270,3,,,0,20,,216304,3,,,0,21,,216314,3,,,0,58,,216271,3,,,0,20,,216303,3,,,0,21,,216302,3,,,0,63,,216272,3,,,0,20,,216301,3,,,0,18,,216300,3,,,0,60,,216273,3,,,0,20,,216299,3,,,0,20,,216298,3,,,0,60,,216274,3,,,0,20,,216287,3,,,0,22,,216297,3,,,0,59,,216275,3,,,0,20,,216295,3,,,0,20,,216294,3,,,0,60,,216276,3,,,0,22,,216293,3,,,0,20,,216305,3,,,0,61,,216277,3,,,0,20,,216284,3,,,0,20,,216285,3,,,0,60,,216316,3,,,0,20,,216283,3,,,0,21,,216282,3,,,0,60,,216317,3,,,0,20,,216280,3,,,0,30,,216309,3,,,0,70,,216313,3,,,0,29,,216315,3,,,0,70,,216281,3,,,0,99,,216292,3,,,0,100,,216310,3,,,0,100,,216312,3,,,0
672301,'1',547,,216635,31,,,0,71,,216636,31,,,0,14,,216637,31,,,0,15,,216638,31,,,0,57,,216639,31,,,0,14,,216640,31,,,0,15,,216641,31,,,0,17,,216642,31,,,0,55,,216643,31,,,0,16,,216644,31,,,0,16,,216645,31,,,0,15,,216646,31,,,0,55,,216647,31,,,0,15,,216648,31,,,0,15,,216649,31,,,0,15,,216650,31,,,0,59,,216651,31,,,0,23,,216652,31,,,0,67,,216653,31,,,0,29,,216654,31,,,0,71,,216655,31,,,0,30,,216656,31,,,0,70,,216657,31,,,0,29,,216658,31,,,0,26,,216659,31,,,0,71,,216660,31,,,0,21,,216661,31,,,0,62,,216662,31,,,0,19,,216663,31,,,0,21,,216664,31,,,0,55,,216665,31,,,0,13,,216666,31,,,0,15,,216667,31,,,0,15,,216668,31,,,0,55,,216669,31,,,0,16,,216670,31,,,0,15,,216671,31,,,0,15,,216672,31,,,0,54,,216673,31,,,0,14,,216674,31,,,0,14,,216675,31,,,0,70,,216677,31,,,0,15,,216678,31,,,0,13,,216679,31,,,0,15,,216680,31,,,0,58,,216689,31,,,0,30,,216681,31,,,0,70,,216688,31,,,0,30,,216682,31,,,0,70,,216687,31,,,0,32,,216683,31,,,0,110,,216684,31,,,0,108,,216685,31,,,0,152,,216686,31,,,0
672301,'2',618,,216708,31,,,0,215,,216696,31,,,0,1002,,216720,31,,,0,70,,216716,31,,,0,30,,216690,31,,,0,319,,216705,31,,,0,96,,216721,31,,,0
672301,'3',708,,216748,31,,,0,100,,216749,31,,,0,29,,216750,31,,,0,68,,216747,31,,,0,31,,216746,31,,,0,70,,216755,31,,,0,33,,216745,31,,,0,801,,216736,31,,,0,70,,216737,31,,,0,30,,216738,31,,,0,70,,216740,31,,,0,30,,216741,31,,,0,70,,216734,31,,,0,30,,216733,31,,,0,70,,216753,31,,,0,29,,216725,31,,,0,70,,216724,31,,,0,29,,216754,31,,,0,95,,216756,31,,,0
682801,'1',910,,224842,35,,,0,40,,224843,35,,,0,80,,224840,35,,,0,78,,224841,35,,,0,40,,224839,35,,,0,80,,224827,35,,,0,80,,224844,35,,,0,42,,224838,35,,,0,80,,224837,35,,,0,80,,224836,35,,,0,41,,224835,35,,,0,82,,224834,35,,,0,78,,224833,35,,,0,39,,224832,35,,,0,76,,224831,35,,,0,80,,224830,35,,,0,39,,224829,35,,,0,82,,224828,35,,,0
682801,'101',1531,,224822,24,0,32,0
682801,'1101',2057,,224823,35,,,0
682801,'1201',2057,,224826,35,,,0,146,,224825,35,,,0,107,,224824,35,,,0
682801,'2',939,,224856,35,,,0,81,,224855,35,,,0,80,,224854,35,,,0,41,,224853,35,,,0,79,,224852,35,,,0,80,,224851,35,,,0,40,,224850,35,,,0,80,,224849,35,,,0,80,,224848,35,,,0,40,,224847,35,,,0,80,,224846,35,,,0,80,,224845,35,,,0,39,,224864,35,,,0,80,,224863,35,,,0,40,,224862,35,,,0,71,,224861,35,,,0,104,,224860,35,,,0,107,,224859,35,,,0,107,,224858,35,,,0,104,,224857,35,,,0
682801,'3',1135,,224865,35,,,0,80,,224877,35,,,0,41,,224876,35,,,0,80,,224875,35,,,0,80,,224874,35,,,0,37,,224873,35,,,0,82,,224872,35,,,0,80,,224871,35,,,0,40,,224870,35,,,0,80,,224869,35,,,0,80,,224868,35,,,0,40,,224867,35,,,0,80,,224866,35,,,0
