666600,'101_merged_15727747',836,,205588,45,,,0,5,,205586,45,,,0,866,,205587,41,,,0
666600,'1_merged_15727750',550,,205627,22,,,0,80,,205626,43,,,0,73,,205609,43,,,0,26,,205625,43,,,0,23,,205624,43,,,0,66,,205623,41,,,0,86,,205622,41,,,0,28,,205621,41,,,0,69,,205620,41,,,0,30,,205619,41,,,0,70,,205605,41,,,0,30,,205604,41,,,0,70,,205603,41,,,0,30,,205618,41,,,0,70,,205602,41,,,0,30,,205617,41,,,0,70,,205616,41,,,0,31,,205615,41,,,0,73,,205614,41,,,0,37,,205601,41,,,0,70,,205600,41,,,0,21,,205630,41,,,0,15,,205591,41,,,0,72,,205629,41,,,0,16,,205613,41,,,0,16,,205590,41,,,0,54,,205612,41,,,0,13,,205611,41,,,0,13,,205610,41,,,0,12,,205589,41,,,0,15,,205608,41,,,0,59,,205599,41,,,0,30,,205607,41,,,0,69,,205606,41,,,0,28,,205592,41,,,0,70,,205593,41,,,0,27,,205631,41,,,0,70,,205594,41,,,0,38,,205595,41,,,0,88,,205596,41,,,0,84,,205597,41,,,0,89,,205598,41,,,0,42,,205628,41,,,0
666600,'201_merged_15727755',833,,205634,41,,,0,5,,205632,41,,,0,869,,205633,41,,,0
666600,'2_merged_15727752',725,,205635,41,,,0,29,,205636,41,,,0,70,,205637,41,,,0,31,,205638,41,,,0,72,,205639,41,,,0,32,,205640,41,,,0,70,,205641,41,,,0,30,,205642,41,,,0,70,,205643,41,,,0,71,,205644,41,,,0,34,,205645,41,,,0,70,,205646,41,,,0,30,,205647,41,,,0,68,,205648,41,,,0,30,,205649,41,,,0,70,,205650,41,,,0,30,,205651,41,,,0,68,,205652,41,,,0,31,,205653,41,,,0,69,,205654,41,,,0,30,,205655,41,,,0,70,,205656,41,,,0,29,,205657,41,,,0,30,,205658,41,,,0,68,,205659,41,,,0,28,,205660,41,,,0,70,,205668,41,,,0,30,,205661,41,,,0,70,,205669,41,,,0,30,,205662,41,,,0,99,,205663,41,,,0,98,,205664,41,,,0,100,,205665,41,,,0,100,,205666,41,,,0,74,,205667,41,,,0
666600,'3_merged_15727751',737,,205686,41,,,0,95,,205687,41,,,0,100,,205670,41,,,0,70,,205695,41,,,0,34,,205671,41,,,0,70,,205696,41,,,0,30,,205672,41,,,0,72,,205688,41,,,0,30,,205673,41,,,0,72,,205689,41,,,0,30,,205674,41,,,0,69,,205690,41,,,0,30,,205675,41,,,0,70,,205691,41,,,0,30,,205676,41,,,0,70,,205692,41,,,0,30,,205677,41,,,0,69,,205693,41,,,0,28,,205678,41,,,0,70,,205694,41,,,0,29,,205679,41,,,0,70,,205697,41,,,0,30,,205680,41,,,0,69,,205698,41,,,0,31,,205681,41,,,0,67,,205699,41,,,0,30,,205682,41,,,0,100,,205683,41,,,0,98,,205684,41,,,0,111,,205685,41,,,0
666701,'101_merged_15727747',810,,206008,5,,,0
666701,'1_merged_15727750',437,,206036,5,,,0,18,,206076,5,,,0,62,,206009,5,,,0,19,,206010,5,,,0,20,,206011,5,,,0,55,,206012,5,,,0,12,,206013,5,,,0,8,,206014,5,,,0,9,,206015,5,,,0,14,,206080,5,,,0,52,,206081,5,,,0,17,,206016,5,,,0,11,,206017,5,,,0,19,,206018,5,,,0,72,,206019,5,,,0,15,,206020,5,,,0,16,,206021,5,,,0,54,,206079,5,,,0,18,,206037,5,,,0,13,,206038,5,,,0,15,,206075,5,,,0,55,,206022,5,,,0,15,,206023,5,,,0,15,,206024,5,,,0,15,,206025,5,,,0,54,,206026,5,,,0,14,,206027,5,,,0,15,,206028,5,,,0,14,,206078,5,,,0,55,,206039,5,,,0,15,,206040,5,,,0,17,,206074,5,,,0,15,,206029,5,,,0,57,,206030,5,,,0,14,,206031,5,,,0,15,,206032,5,,,0,16,,206033,5,,,0,56,,206034,5,,,0,13,,206035,5,,,0,15,,206077,5,,,0,15,,206041,5,,,0,52,,206042,5,,,0,16,,206073,5,,,0,14,,206043,5,,,0,15,,206044,5,,,0,56,,206045,5,,,0,14,,206046,5,,,0,14,,206047,5,,,0,15,,206048,5,,,0,51,,206049,5,,,0,20,,206050,5,,,0,15,,206072,5,,,0,16,,206057,5,,,0,55,,206069,5,,,0,17,,206070,5,,,0,15,,206051,5,,,0,15,,206052,5,,,0,55,,206053,5,,,0,15,,206054,5,,,0,15,,206055,5,,,0,15,,206056,5,,,0,57,,206071,5,,,0,17,,206058,5,,,0,20,,206068,5,,,0,59,,206059,5,,,0,27,,206060,5,,,0,73,,206061,5,,,0,32,,206062,5,,,0,73,,206063,5,,,0,30,,206064,5,,,0,68,,206065,5,,,0,30,,206066,5,,,0,70,,206067,5,,,0
666701,'201_merged_15727755',810,,206082,5,,,0
666701,'2_merged_15727752',546,,206091,5,,,0,69,,206092,5,,,0,20,,206109,5,,,0,21,,206110,5,,,0,59,,206106,5,,,0,15,,206111,5,,,0,16,,206112,5,,,0,54,,206113,5,,,0,14,,206114,5,,,0,11,,206115,5,,,0,8,,206083,5,,,0,12,,206116,5,,,0,56,,206117,5,,,0,14,,206118,5,,,0,12,,206119,5,,,0,16,,206120,5,,,0,16,,206121,5,,,0,56,,206122,5,,,0,15,,206123,5,,,0,16,,206124,5,,,0,9,,206126,5,,,0,55,,206127,5,,,0,16,,206128,5,,,0,15,,206125,5,,,0,16,,206129,5,,,0,54,,206105,5,,,0,13,,206130,5,,,0,17,,206131,5,,,0,14,,206132,5,,,0,55,,206134,5,,,0,15,,206135,5,,,0,15,,206136,5,,,0,17,,206137,5,,,0,55,,206138,5,,,0,17,,206139,5,,,0,15,,206140,5,,,0,56,,206141,5,,,0,15,,206142,5,,,0,13,,206143,5,,,0,15,,206144,5,,,0,16,,206145,5,,,0,55,,206146,5,,,0,13,,206147,5,,,0,15,,206148,5,,,0,15,,206149,5,,,0,57,,206084,5,,,0,15,,206085,5,,,0,24,,206086,5,,,0,54,,206087,5,,,0,11,,206108,5,,,0,14,,206088,5,,,0,15,,206089,5,,,0,56,,206107,5,,,0,14,,206090,5,,,0,16,,206094,5,,,0,22,,206093,5,,,0,57,,206095,5,,,0,23,,206096,5,,,0,72,,206133,5,,,0,33,,206097,5,,,0,73,,206098,5,,,0,35,,206099,5,,,0,68,,206100,5,,,0,29,,206101,5,,,0,73,,206102,5,,,0,30,,206103,5,,,0,66,,206104,5,,,0
666701,'3_merged_15727751',656,,206165,5,,,0,60,,206166,5,,,0,17,,206151,5,,,0,16,,206167,5,,,0,55,,206168,5,,,0,14,,206164,5,,,0,12,,206150,5,,,0,13,,206169,5,,,0,12,,206170,5,,,0,52,,206171,5,,,0,9,,206172,5,,,0,9,,206173,5,,,0,19,,206174,5,,,0,15,,206175,5,,,0,55,,206176,5,,,0,13,,206177,5,,,0,17,,206178,5,,,0,15,,206179,5,,,0,55,,206180,5,,,0,15,,206159,5,,,0,15,,206160,5,,,0,15,,206161,5,,,0,56,,206181,5,,,0,14,,206182,5,,,0,15,,206183,5,,,0,14,,206184,5,,,0,55,,206185,5,,,0,15,,206186,5,,,0,14,,206187,5,,,0,17,,206188,5,,,0,53,,206189,5,,,0,18,,206190,5,,,0,16,,206158,5,,,0,56,,206191,5,,,0,14,,206192,5,,,0,15,,206193,5,,,0,15,,206194,5,,,0,54,,206195,5,,,0,16,,206196,5,,,0,18,,206197,5,,,0,14,,206198,5,,,0,11,,206199,5,,,0,56,,206200,5,,,0,14,,206201,5,,,0,16,,206202,5,,,0,56,,206203,5,,,0,15,,206163,5,,,0,18,,206204,5,,,0,12,,206205,5,,,0,55,,206162,5,,,0,15,,206206,5,,,0,15,,206207,5,,,0,20,,206208,5,,,0,61,,206209,5,,,0,26,,206210,5,,,0,73,,206211,5,,,0,30,,206152,5,,,0,75,,206153,5,,,0,31,,206154,5,,,0,66,,206155,5,,,0,30,,206156,5,,,0,68,,206157,5,,,0
3004000,'101_merged_15727747',1456,,231285,5,,,0
3004000,'1_merged_15727750',457,,231286,5,,,0,62,,231291,5,,,0,7,,231305,5,,,0,20,,231290,15,,,0,10,,231306,15,,,0,58,,231289,15,,,0,10,,231307,15,,,0,19,,231288,15,,,0,11,,231308,15,,,0,60,,231287,15,,,0,10,,231309,15,,,0,21,,231326,15,,,0,57,,231310,15,,,0,26,,231311,15,,,0,72,,231312,15,,,0,27,,231313,15,,,0,31,,231314,15,,,0,72,,231315,15,,,0,27,,231316,15,,,0,76,,231317,15,,,0,24,,231318,15,,,0,70,,231319,15,,,0,28,,231320,15,,,0,77,,231321,15,,,0,74,,231322,15,,,0,25,,231323,15,,,0,27,,231324,15,,,0,70,,231325,15,,,0,30,,231304,15,,,0,73,,231292,15,,,0,12,,231331,15,,,0,58,,231293,15,,,0,15,,231330,15,,,0,15,,231294,15,,,0,11,,231329,15,,,0,71,,231295,15,,,0,11,,231328,15,,,0,10,,231296,15,,,0,67,,231297,15,,,0,8,,231327,15,,,0,20,,231298,15,,,0,75,,231299,15,,,0,99,,231300,15,,,0,100,,231301,15,,,0,100,,231302,15,,,0,98,,231303,15,,,0
3004000,'2_merged_15727752',603,,231342,5,,,0,30,,231350,5,,,0,70,,231343,15,,,0,30,,231351,15,,,0,70,,231363,15,,,0,30,,231352,15,,,0,69,,231332,15,,,0,29,,231353,15,,,0,69,,231333,15,,,0,29,,231354,15,,,0,30,,231334,15,,,0,70,,231355,15,,,0,30,,231335,15,,,0,70,,231356,15,,,0,30,,231336,15,,,0,69,,231357,15,,,0,31,,231337,15,,,0,70,,231358,15,,,0,30,,231338,15,,,0,70,,231359,15,,,0,30,,231339,15,,,0,70,,231360,15,,,0,29,,231340,15,,,0,70,,231361,15,,,0,30,,231341,15,,,0,70,,231362,15,,,0,31,,231344,15,,,0,100,,231345,15,,,0,100,,231346,15,,,0,142,,231347,15,,,0,100,,231348,15,,,0,100,,231349,15,,,0
3004000,'3_merged_15727751',602,,231382,5,,,0,99,,231364,15,,,0,99,,231365,15,,,0,59,,231366,15,,,0,100,,231367,15,,,0,99,,231368,15,,,0,70,,231383,15,,,0,29,,231369,15,,,0,70,,231384,15,,,0,30,,231370,15,,,0,70,,231385,15,,,0,30,,231371,15,,,0,70,,231386,15,,,0,30,,231372,15,,,0,70,,231387,15,,,0,74,,231373,15,,,0,27,,231388,15,,,0,30,,231374,15,,,0,70,,231389,15,,,0,30,,231375,15,,,0,143,,231376,15,,,0,99,,231377,15,,,0,100,,231378,15,,,0,101,,231379,15,,,0,100,,231380,15,,,0,100,,231381,15,,,0
