664301,'1_merged_15727750',539,,199764,24,,,0,20,,199765,24,,,0,61,,199766,24,,,0,20,,199767,24,,,0,60,,199768,24,,,0,22,,199769,24,,,0,20,,199770,24,,,0,60,,199771,24,,,0,23,,199772,24,,,0,20,,199773,24,,,0,60,,199774,24,,,0,19,,199775,24,,,0,29,,199776,24,,,0,70,,199777,24,,,0,30,,199778,24,,,0,70,,199779,24,,,0,31,,199780,24,,,0,70,,199781,24,,,0,30,,199782,24,,,0,70,,199783,24,,,0,30,,199784,24,,,0,71,,199785,24,,,0,25,,199786,24,,,0,62,,199787,24,,,0,20,,199788,24,,,0,21,,199747,24,,,0,60,,199748,24,,,0,15,,199749,24,,,0,20,,199750,24,,,0,60,,199751,24,,,0,20,,199752,24,,,0,18,,199753,24,,,0,60,,199754,24,,,0,18,,199755,24,,,0,29,,199756,24,,,0,68,,199757,24,,,0,29,,199758,24,,,0,70,,199759,24,,,0,100,,199760,24,,,0,102,,199761,24,,,0,97,,199762,24,,,0,100,,199763,24,,,0
664301,'2_merged_15727752',618,,199789,24,,,0,30,,199790,24,,,0,70,,199791,24,,,0,31,,199792,24,,,0,70,,199793,24,,,0,31,,199794,24,,,0,70,,199795,24,,,0,32,,199796,24,,,0,70,,199797,24,,,0,31,,199798,24,,,0,70,,199799,24,,,0,30,,199800,24,,,0,72,,199801,24,,,0,30,,199802,24,,,0,70,,199803,24,,,0,30,,199804,24,,,0,70,,199805,24,,,0,29,,199806,24,,,0,70,,199807,24,,,0,30,,199808,24,,,0,70,,199809,24,,,0,30,,199810,24,,,0,70,,199811,24,,,0,30,,199812,24,,,0,68,,199813,24,,,0,30,,199814,24,,,0,69,,199815,24,,,0,29,,199816,24,,,0,68,,199817,24,,,0,30,,199818,24,,,0,65,,199819,24,,,0,30,,199820,24,,,0,90,,199824,24,,,0,95,,199821,24,,,0,115,,199822,24,,,0,101,,199823,24,,,0
664301,'3_merged_15727751',749,,199833,24,,,0,70,,199832,24,,,0,30,,199831,24,,,0,70,,199830,24,,,0,31,,199829,24,,,0,70,,199841,24,,,0,31,,199828,24,,,0,71,,199826,24,,,0,30,,199825,24,,,0,70,,199856,24,,,0,31,,199855,24,,,0,70,,199854,24,,,0,30,,199853,24,,,0,70,,199852,24,,,0,30,,199827,24,,,0,70,,199851,24,,,0,30,,199850,24,,,0,70,,199849,24,,,0,30,,199848,24,,,0,70,,199847,24,,,0,29,,199846,24,,,0,69,,199845,24,,,0,30,,199844,24,,,0,69,,199843,24,,,0,28,,199842,24,,,0,70,,199838,24,,,0,25,,199840,24,,,0,72,,199839,24,,,0,22,,199837,24,,,0,92,,199836,24,,,0,108,,199835,24,,,0,105,,199834,24,,,0
664500,'1_merged_15727750',536,,200210,15,0,6 7 8,0,19,,200178,15,0,6 7 8,0,60,,200191,15,0,6 7 8,0,18,,200129,15,0,6 7 8,0,16,,200201,15,0,6 7 8,0,53,,200213,15,0,6 7 8,0,11,,200197,15,0,6 7 8,0,13,,200137,15,0,6 7 8,0,9,,200131,15,0,6 7 8,0,10,,200140,15,0,6 7 8,0,9,,200156,15,0,6 7 8,0,49,,200211,15,0,6 7 8,0,8,,200125,15,0,6 7 8,0,9,,200175,15,0,6 7 8,0,7,,200202,15,0,6 7 8,0,9,,200128,15,0,6 7 8,0,9,,200159,15,0,6 7 8,0,9,,200212,15,0,6 7 8,0,48,,200124,15,0,6 7 8,0,9,,200130,15,0,6 7 8,0,11,,200157,15,0,6 7 8,0,11,,200147,15,0,6 7 8,0,12,,200203,15,0,6 7 8,0,12,,200160,15,0,6 7 8,0,52,,200192,15,0,6 7 8,0,12,,200179,15,0,6 7 8,0,12,,200163,15,0,6 7 8,0,13,,200204,15,0,6 7 8,0,11,,200219,15,0,6 7 8,0,52,,200193,15,0,6 7 8,0,11,,200176,15,0,6 7 8,0,12,,200161,15,0,6 7 8,0,14,,200205,15,0,6 7 8,0,12,,200220,15,0,6 7 8,0,52,,200194,15,0,6 7 8,0,12,,200165,15,0,6 7 8,0,13,,200149,15,0,6 7 8,0,13,,200206,15,0,6 7 8,0,52,,200221,15,0,6 7 8,0,12,,200195,15,0,6 7 8,0,12,,200164,15,0,6 7 8,0,12,,200136,15,0,6 7 8,0,12,,200207,15,0,6 7 8,0,52,,200222,15,0,6 7 8,0,12,,200196,15,0,6 7 8,0,12,,200133,15,0,6 7 8,0,12,,200148,15,0,6 7 8,0,12,,200208,15,0,6 7 8,0,52,,200217,15,0,6 7 8,0,9,,200158,15,0,6 7 8,0,10,,200166,15,0,6 7 8,0,9,,200218,15,0,6 7 8,0,10,,200150,15,0,6 7 8,0,9,,200214,15,0,6 7 8,0,8,,200215,15,0,6 7 8,0,52,,200209,15,0,6 7 8,0,10,,200167,15,0,6 7 8,0,7,,200216,15,0,6 7 8,0,12,,200199,15,0,6 7 8,0,9,,200168,15,0,6 7 8,0,10,,200169,15,0,6 7 8,0,49,,200171,15,0,6 7 8,0,9,,200181,15,0,6 7 8,0,9,,200185,15,0,6 7 8,0,9,,200142,15,0,6 7 8,0,10,,200200,15,0,6 7 8,0,8,,200122,15,0,6 7 8,0,8,,200143,15,0,6 7 8,0,50,,200127,15,0,6 7 8,0,8,,200172,15,0,6 7 8,0,10,,200186,15,0,6 7 8,0,9,,200144,15,0,6 7 8,0,9,,200189,15,0,6 7 8,0,8,,200198,15,0,6 7 8,0,49,,200135,15,0,6 7 8,0,9,,200184,15,0,6 7 8,0,9,,200145,15,0,6 7 8,0,9,,200180,15,0,6 7 8,0,9,,200162,15,0,6 7 8,0,9,,200126,15,0,6 7 8,0,9,,200146,15,0,6 7 8,0,48,,200123,15,0,6 7 8,0,10,,200223,15,0,6 7 8,0,10,,200173,15,0,6 7 8,0,11,,200134,15,0,6 7 8,0,14,,200153,15,0,6 7 8,0,57,,200141,15,0,6 7 8,0,15,,200154,15,0,6 7 8,0,15,,200155,15,0,6 7 8,0,14,,200187,15,0,6 7 8,0,54,,200132,15,0,6 7 8,0,14,,200138,15,0,6 7 8,0,15,,200139,15,0,6 7 8,0,16,,200188,15,0,6 7 8,0,56,,200190,15,0,6 7 8,0,28,,200152,15,0,6 7 8,0,69,,200182,15,0,6 7 8,0,29,,200183,15,0,6 7 8,0,30,,200170,15,0,6 7 8,0,68,,200151,15,0,6 7 8,0,30,,200174,15,0,6 7 8,0,70,,200177,15,0,6 7 8,0
664500,'2_merged_15727752',546,,200278,15,0,6 7 8,0,72,,200274,15,0,6 7 8,0,25,,200281,15,0,6 7 8,0,59,,200241,15,0,6 7 8,0,14,,200307,15,0,6 7 8,0,14,,200235,15,0,6 7 8,0,15,,200234,15,0,6 7 8,0,55,,200240,15,0,6 7 8,0,16,,200254,15,0,6 7 8,0,15,,200247,15,0,6 7 8,0,15,,200270,15,0,6 7 8,0,56,,200242,15,0,6 7 8,0,15,,200246,15,0,6 7 8,0,13,,200263,15,0,6 7 8,0,12,,200261,15,0,6 7 8,0,13,,200265,15,0,6 7 8,0,52,,200271,15,0,6 7 8,0,14,,200260,15,0,6 7 8,0,12,,200282,15,0,6 7 8,0,15,,200249,15,0,6 7 8,0,53,,200277,15,0,6 7 8,0,12,,200250,15,0,6 7 8,0,12,,200262,15,0,6 7 8,0,12,,200285,15,0,6 7 8,0,12,,200286,15,0,6 7 8,0,52,,200287,15,0,6 7 8,0,12,,200300,15,0,6 7 8,0,12,,200289,15,0,6 7 8,0,12,,200288,15,0,6 7 8,0,10,,200290,15,0,6 7 8,0,12,,200291,15,0,6 7 8,0,52,,200301,15,0,6 7 8,0,14,,200292,15,0,6 7 8,0,12,,200293,15,0,6 7 8,0,12,,200294,15,0,6 7 8,0,52,,200295,15,0,6 7 8,0,12,,200302,15,0,6 7 8,0,12,,200296,15,0,6 7 8,0,12,,200297,15,0,6 7 8,0,12,,200298,15,0,6 7 8,0,53,,200299,15,0,6 7 8,0,12,,200303,15,0,6 7 8,0,12,,200224,15,0,6 7 8,0,12,,200225,15,0,6 7 8,0,12,,200226,15,0,6 7 8,0,51,,200227,15,0,6 7 8,0,12,,200304,15,0,6 7 8,0,11,,200228,15,0,6 7 8,0,12,,200229,15,0,6 7 8,0,12,,200230,15,0,6 7 8,0,52,,200231,15,0,6 7 8,0,12,,200305,15,0,6 7 8,0,12,,200232,15,0,6 7 8,0,12,,200236,15,0,6 7 8,0,11,,200237,15,0,6 7 8,0,12,,200238,15,0,6 7 8,0,52,,200239,15,0,6 7 8,0,12,,200255,15,0,6 7 8,0,12,,200306,15,0,6 7 8,0,12,,200272,15,0,6 7 8,0,12,,200259,15,0,6 7 8,0,52,,200264,15,0,6 7 8,0,12,,200308,15,0,6 7 8,0,12,,200244,15,0,6 7 8,0,12,,200279,15,0,6 7 8,0,12,,200275,15,0,6 7 8,0,55,,200256,15,0,6 7 8,0,16,,200243,15,0,6 7 8,0,14,,200266,15,0,6 7 8,0,15,,200267,15,0,6 7 8,0,55,,200273,15,0,6 7 8,0,15,,200280,15,0,6 7 8,0,15,,200283,15,0,6 7 8,0,15,,200284,15,0,6 7 8,0,53,,200257,15,0,6 7 8,0,15,,200268,15,0,6 7 8,0,15,,200233,15,0,6 7 8,0,15,,200252,15,0,6 7 8,0,69,,200258,15,0,6 7 8,0,29,,200269,15,0,6 7 8,0,69,,200253,15,0,6 7 8,0,29,,200245,15,0,6 7 8,0,70,,200248,15,0,6 7 8,0,30,,200251,15,0,6 7 8,0,70,,200276,15,0,6 7 8,0
664500,'3_merged_15727751',614,,200350,15,0,6 7 8,0,19,,200344,15,0,6 7 8,0,70,,200355,15,0,6 7 8,0,20,,200354,15,0,6 7 8,0,16,,200309,15,0,6 7 8,0,16,,200360,15,0,6 7 8,0,55,,200363,15,0,6 7 8,0,17,,200359,15,0,6 7 8,0,16,,200376,15,0,6 7 8,0,12,,200313,15,0,6 7 8,0,54,,200358,15,0,6 7 8,0,16,,200370,15,0,6 7 8,0,16,,200357,15,0,6 7 8,0,15,,200324,15,0,6 7 8,0,58,,200356,15,0,6 7 8,0,15,,200377,15,0,6 7 8,0,15,,200312,15,0,6 7 8,0,13,,200365,15,0,6 7 8,0,56,,200346,15,0,6 7 8,0,12,,200364,15,0,6 7 8,0,12,,200366,15,0,6 7 8,0,13,,200317,15,0,6 7 8,0,52,,200384,15,0,6 7 8,0,11,,200337,15,0,6 7 8,0,12,,200345,15,0,6 7 8,0,12,,200328,15,0,6 7 8,0,12,,200378,15,0,6 7 8,0,52,,200362,15,0,6 7 8,0,12,,200311,15,0,6 7 8,0,12,,200319,15,0,6 7 8,0,12,,200330,15,0,6 7 8,0,12,,200379,15,0,6 7 8,0,52,,200335,15,0,6 7 8,0,12,,200323,15,0,6 7 8,0,12,,200373,15,0,6 7 8,0,12,,200347,15,0,6 7 8,0,12,,200380,15,0,6 7 8,0,52,,200375,15,0,6 7 8,0,12,,200338,15,0,6 7 8,0,12,,200320,15,0,6 7 8,0,12,,200334,15,0,6 7 8,0,12,,200381,15,0,6 7 8,0,52,,200327,15,0,6 7 8,0,13,,200371,15,0,6 7 8,0,11,,200374,15,0,6 7 8,0,12,,200382,15,0,6 7 8,0,12,,200325,15,0,6 7 8,0,52,,200340,15,0,6 7 8,0,12,,200316,15,0,6 7 8,0,12,,200372,15,0,6 7 8,0,12,,200383,15,0,6 7 8,0,11,,200326,15,0,6 7 8,0,53,,200348,15,0,6 7 8,0,12,,200314,15,0,6 7 8,0,14,,200343,15,0,6 7 8,0,15,,200353,15,0,6 7 8,0,16,,200342,15,0,6 7 8,0,55,,200333,15,0,6 7 8,0,15,,200322,15,0,6 7 8,0,16,,200352,15,0,6 7 8,0,13,,200329,15,0,6 7 8,0,54,,200339,15,0,6 7 8,0,15,,200336,15,0,6 7 8,0,15,,200361,15,0,6 7 8,0,12,,200368,15,0,6 7 8,0,57,,200321,15,0,6 7 8,0,14,,200367,15,0,6 7 8,0,30,,200341,15,0,6 7 8,0,71,,200315,15,0,6 7 8,0,30,,200318,15,0,6 7 8,0,69,,200332,15,0,6 7 8,0,30,,200351,15,0,6 7 8,0,70,,200369,15,0,6 7 8,0,30,,200331,15,0,6 7 8,0,69,,200349,15,0,6 7 8,0,31,,200310,15,0,6 7 8,0
683400,'1201_merged_15727743',2646,,224983,70,,,0,62,,224986,70,,,0,25,,224984,70,0,6 7 8,0,104,,224985,70,,,0
683400,'1_merged_15727750',2631,,224993,70,,,0,27,,224991,70,,,0,61,,224988,70,0,6 7 8,0,28,,224992,70,,,0,55,,224990,70,,,0,19,,224989,70,,,0,31,,224987,70,,,0,65,,224994,70,,,0
683400,'2_merged_15727752',527,,225004,70,,,0,14,,225003,70,,,0,71,,225007,70,,,0,20,,225002,70,,,0,71,,225001,70,,,0,1904,,225008,70,,,0,19,,225009,70,,,0,20,,225006,70,,,0,60,,225010,70,,,0,15,,224999,70,,,0,15,,224996,70,,,0,15,,224998,70,,,0,60,,224997,70,,,0,21,,225000,70,0,6 7 8,0,20,,224995,70,0,6 7 8,0,64,,225005,70,,,0
683400,'3_merged_15727751',530,,225020,70,,,0,72,,225021,70,,,0,15,,225022,70,,,0,15,,225028,70,,,0,14,,225027,70,,,0,57,,225023,70,,,0,24,,225011,70,,,0,18,,225029,70,,,0,13,,225024,70,,,0,1778,,225026,70,,,0,65,,225025,70,,,0,22,,225015,70,,,0,78,,225012,70,,,0,20,,225017,70,0,6 7 8,0,20,,225013,70,,,0,62,,225014,70,,,0,20,,225016,70,0,6 7 8,0,20,,225018,70,0,6 7 8,0,61,,225019,70,,,0
