662000,'152201_merged_15727756',2058,,190795,29,,,0,55,,190786,29,,,0,15,,190796,29,,,0,15,,190785,29,,,0,60,,190787,29,,,0,20,,190789,29,,,0,21,,190794,29,,,0,60,,190788,29,,,0,20,,190793,29,,,0,23,,190791,29,,,0,70,,190790,29,,,0,30,,190792,29,,,0,70,,190784,29,,,0
662000,'152301_merged_15727764',2058,,190799,29,,,0,55,,190800,29,,,0,15,,190801,29,,,0,15,,190802,29,,,0,60,,190803,29,,,0,20,,190805,29,,,0,21,,190807,29,,,0,60,,190804,29,,,0,20,,190806,29,,,0,23,,190808,29,,,0,70,,190809,29,,,0,30,,190797,29,,,0,70,,190798,29,,,0
662000,'1_merged_15727750',425,,190826,29,,,0,20,,190827,29,,,0,60,,190829,29,,,0,2,,190833,24,,,0,6,,190836,24,0,23 15,0,10,,190832,24,,,0,2,,190830,29,,,0,10,,190837,24,0,23 15,0,2,,190888,24,,,0,5,,190828,29,,,0,13,,190831,29,,,0,55,,190839,29,,,0,11,,190856,29,,,0,5,,190835,24,0,23 15,0,7,,190857,29,,,0,12,,190858,29,,,0,1,,190834,24,0,23 15,0,11,,190859,29,,,0,52,,190860,29,,,0,12,,190870,29,,,0,3,,190891,24,,,0,8,,190871,29,,,0,9,,190890,24,0,23 15,0,1,,190883,29,,,0,9,,190819,29,,,0,50,,190821,29,,,0,10,,190822,29,,,0,2,,190889,24,,,0,6,,190866,29,,,0,10,,190867,29,,,0,10,,190868,29,,,0,10,,190869,29,,,0,52,,190861,29,,,0,14,,190862,29,,,0,15,,190872,29,,,0,15,,190823,29,,,0,55,,190840,29,,,0,14,,190841,29,,,0,15,,190842,29,,,0,15,,190843,29,,,0,15,,190820,29,,,0,55,,190844,29,,,0,15,,190845,29,,,0,15,,190846,29,,,0,15,,190847,29,,,0,54,,190848,29,,,0,15,,190849,29,,,0,15,,190850,29,,,0,15,,190851,29,,,0,55,,190852,29,,,0,15,,190853,29,,,0,16,,190854,29,,,0,15,,190855,29,,,0,55,,190863,29,,,0,15,,190864,29,,,0,14,,190865,29,,,0,14,,190873,29,,,0,55,,190874,29,,,0,15,,190875,29,,,0,12,,190876,29,,,0,12,,190877,29,,,0,52,,190878,29,,,0,13,,190879,29,,,0,12,,190880,29,,,0,13,,190881,29,,,0,12,,190882,29,,,0,52,,190814,29,,,0,12,,190815,29,,,0,13,,190816,29,,,0,13,,190817,29,,,0,13,,190818,29,,,0,54,,190813,29,,,0,14,,190838,29,,,0,15,,190825,29,,,0,15,,190812,29,,,0,55,,190810,29,,,0,16,,190824,29,,,0,15,,190884,29,,,0,15,,190886,29,,,0,55,,190887,29,,,0,15,,190811,29,,,0,15,,190885,29,,,0
662000,'2_merged_15727752',456,,190892,29,,,0,60,,190893,29,,,0,19,,190894,29,,,0,21,,190895,29,,,0,60,,190896,29,,,0,19,,190897,29,,,0,15,,190898,29,,,0,55,,190899,29,,,0,14,,190900,29,,,0,14,,190901,29,,,0,15,,190902,29,,,0,53,,190903,29,,,0,15,,190904,29,,,0,15,,190905,29,,,0,15,,190906,29,,,0,55,,190907,29,,,0,15,,190908,29,,,0,15,,190909,29,,,0,15,,190910,29,,,0,55,,190911,29,,,0,15,,190912,29,,,0,15,,190913,29,,,0,13,,190914,29,,,0,15,,190915,29,,,0,55,,190916,29,,,0,15,,190917,29,,,0,15,,190918,29,,,0,15,,190919,29,,,0,53,,190920,29,,,0,15,,190921,29,,,0,15,,190922,29,,,0,15,,190923,29,,,0,55,,190924,29,,,0,15,,190925,29,,,0,15,,190926,29,,,0,15,,190927,29,,,0,55,,190928,29,,,0,15,,190929,29,,,0,15,,190930,29,,,0,15,,190931,29,,,0,56,,190932,29,,,0,15,,190933,29,,,0,15,,190934,29,,,0,15,,190935,29,,,0,55,,190936,29,,,0,15,,190937,29,,,0,15,,190938,29,,,0,15,,190939,29,,,0,55,,190940,29,,,0,15,,190941,29,,,0,15,,190942,29,,,0,15,,190943,29,,,0,56,,190944,29,,,0,15,,190945,29,,,0,15,,190946,29,,,0,15,,190947,29,,,0,55,,190948,29,,,0,15,,190949,29,,,0,15,,190950,29,,,0,15,,190951,29,,,0,55,,190952,29,,,0,15,,190953,29,,,0,16,,190954,29,,,0,56,,190955,29,,,0,20,,190956,29,,,0,20,,190957,29,,,0,60,,190958,29,,,0,20,,190959,29,,,0,20,,190960,29,,,0,64,,190961,29,,,0,20,,190962,29,,,0,25,,190963,29,,,0,70,,190964,29,,,0,30,,190965,29,,,0,70,,190966,29,,,0
662000,'3_merged_15727751',542,,190967,29,,,0,60,,190968,29,,,0,20,,190969,29,,,0,19,,190970,29,,,0,60,,190971,29,,,0,20,,190972,29,,,0,20,,190973,29,,,0,15,,190974,29,,,0,54,,190975,29,,,0,15,,190976,29,,,0,15,,190977,29,,,0,15,,190978,29,,,0,55,,190979,29,,,0,13,,190980,29,,,0,15,,190981,29,,,0,15,,190982,29,,,0,53,,190983,29,,,0,12,,190984,29,,,0,15,,190985,29,,,0,15,,190986,29,,,0,55,,190987,29,,,0,15,,190988,29,,,0,15,,190989,29,,,0,16,,190990,29,,,0,55,,190991,29,,,0,15,,190992,29,,,0,15,,190993,29,,,0,15,,190994,29,,,0,55,,190995,29,,,0,14,,190996,29,,,0,15,,190997,29,,,0,15,,190998,29,,,0,55,,190999,29,,,0,15,,191000,29,,,0,15,,191001,29,,,0,15,,191002,29,,,0,55,,191003,29,,,0,15,,191004,29,,,0,15,,191005,29,,,0,16,,191006,29,,,0,55,,191007,29,,,0,15,,191008,29,,,0,15,,191009,29,,,0,15,,191010,29,,,0,55,,191011,29,,,0,15,,191012,29,,,0,15,,191013,29,,,0,15,,191014,29,,,0,55,,191015,29,,,0,15,,191016,29,,,0,15,,191017,29,,,0,15,,191018,29,,,0,55,,191019,29,,,0,15,,191020,29,,,0,16,,191021,29,,,0,15,,191022,29,,,0,55,,191023,29,,,0,15,,191024,29,,,0,15,,191025,29,,,0,19,,191026,29,,,0,60,,191027,29,,,0,20,,191028,29,,,0,20,,191029,29,,,0,60,,191030,29,,,0,20,,191031,29,,,0,20,,191032,29,,,0,60,,191033,29,,,0,20,,191034,29,,,0,16,,191035,29,,,0,70,,191036,29,,,0,30,,191037,29,,,0,70,,191038,29,,,0
662200,'101_merged_15727747',1533,,191706,29,0,10,0
662200,'152201_merged_15727756',2055,,191707,29,0,24 14 8,0,58,,191708,29,0,24 14 8,0,24,,191709,29,0,24 14 8,0,17,,191710,29,0,24 14 8,0,61,,191711,29,0,24 14 8,0,25,,191712,29,0,24 14 8,0,19,,191713,29,0,24 14 8,0,56,,191714,29,0,24 14 8,0,23,,191715,29,0,24 14 8,0,70,,191716,29,0,24 14 8,0,29,,191717,29,,,0,73,,191718,29,,,0
662200,'152301_merged_15727764',2055,,191719,29,0,24 14 8,0,58,,191720,29,0,24 14 8,0,24,,191721,29,0,24 14 8,0,17,,191722,29,0,24 14 8,0,61,,191723,29,0,24 14 8,0,25,,191724,29,0,24 14 8,0,19,,191725,29,0,24 14 8,0,56,,191726,29,0,24 14 8,0,23,,191727,29,0,24 14 8,0,70,,191728,29,0,24 14 8,0,29,,191729,29,,,0,73,,191730,29,,,0
662200,'1_merged_15727750',541,,191732,29,0,24 14 8,0,12,,191733,2,0,24 14 8,0,56,,191734,29,0,24 14 8,0,11,,191735,2,0,24 14 8,0,13,,191736,29,0,24 14 8,0,12,,191737,29,0,24 14 8,0,12,,191738,29,0,24 14 8,0,50,,191739,29,0,24 14 8,0,10,,191740,29,0,24 14 8,0,8,,191741,29,0,24 14 8,0,6,,191742,29,0,24 14 8,0,8,,191743,29,0,24 14 8,0,7,,191744,29,0,24 14 8,0,7,,191745,29,0,24 14 8,0,6,,191746,29,0,24 14 8,0,46,,191811,29,0,24 14 8,0,6,,191747,29,0,24 14 8,0,8,,191748,29,0,24 14 8,0,6,,191749,29,0,24 14 8,0,7,,191750,29,0,24 14 8,0,7,,191751,29,0,24 14 8,0,7,,191752,29,0,24 14 8,0,8,,191753,29,0,24 14 8,0,47,,191754,29,0,24 14 8,0,8,,191755,29,0,24 14 8,0,9,,191756,29,0,24 14 8,0,10,,191757,29,0,24 14 8,0,11,,191758,29,0,24 14 8,0,11,,191759,29,0,24 14 8,0,52,,191815,29,0,24 14 8,0,12,,191760,29,0,24 14 8,0,9,,191761,29,0,24 14 8,0,11,,191762,29,0,24 14 8,0,11,,191763,29,0,24 14 8,0,11,,191816,29,0,24 14 8,0,52,,191764,29,0,24 14 8,0,12,,191765,29,0,24 14 8,0,12,,191766,29,0,24 14 8,0,10,,191767,29,0,24 14 8,0,12,,191817,29,0,24 14 8,0,52,,191768,29,0,24 14 8,0,13,,191769,29,0,24 14 8,0,12,,191770,29,0,24 14 8,0,12,,191771,29,0,24 14 8,0,12,,191818,29,0,24 14 8,0,52,,191772,29,0,24 14 8,0,12,,191773,29,0,24 14 8,0,12,,191774,29,0,24 14 8,0,10,,191819,29,0,24 14 8,0,12,,191775,29,0,24 14 8,0,52,,191776,29,0,24 14 8,0,13,,191777,29,0,24 14 8,0,13,,191778,29,0,24 14 8,0,13,,191807,29,0,24 14 8,0,9,,191808,29,0,24 14 8,0,48,,191812,29,0,24 14 8,0,8,,191809,29,0,24 14 8,0,8,,191810,29,0,24 14 8,0,7,,191779,29,0,24 14 8,0,8,,191813,29,0,24 14 8,0,8,,191814,29,0,24 14 8,0,8,,191780,29,0,24 14 8,0,8,,191781,29,0,24 14 8,0,48,,191782,29,0,24 14 8,0,8,,191783,29,0,24 14 8,0,8,,191784,29,0,24 14 8,0,8,,191785,29,0,24 14 8,0,8,,191786,29,0,24 14 8,0,8,,191787,29,0,24 14 8,0,11,,191788,29,0,24 14 8,0,49,,191789,29,0,24 14 8,0,10,,191790,29,0,24 14 8,0,9,,191791,29,0,24 14 8,0,10,,191792,29,0,24 14 8,0,10,,191793,29,0,24 14 8,0,10,,191794,29,0,24 14 8,0,50,,191795,29,0,24 14 8,0,11,,191796,29,0,24 14 8,0,10,,191797,29,0,24 14 8,0,12,,191798,29,0,24 14 8,0,12,,191799,29,0,24 14 8,0,52,,191800,29,0,24 14 8,0,12,,191820,29,0,24 14 8,0,14,,191801,29,0,24 14 8,0,13,,191802,29,0,24 14 8,0,15,,191803,29,0,24 14 8,0,55,,191804,29,0,24 14 8,0,16,,191805,29,0,24 14 8,0,15,,191806,29,0,24 14 8,0
662200,'2_merged_15727752',602,,191899,2,0,24 14 8,0,24,,191822,29,0,24 14 8,0,20,,191896,29,0,24 14 8,0,60,,191831,29,0,24 14 8,0,18,,191898,29,0,24 14 8,0,15,,191833,29,0,24 14 8,0,13,,191825,29,0,24 14 8,0,55,,191893,29,0,24 14 8,0,13,,191895,29,0,24 14 8,0,15,,191894,29,0,24 14 8,0,14,,191824,29,0,24 14 8,0,55,,191891,29,0,24 14 8,0,15,,191892,29,0,24 14 8,0,12,,191844,29,0,24 14 8,0,12,,191845,29,0,24 14 8,0,12,,191905,29,0,24 14 8,0,52,,191846,29,0,24 14 8,0,9,,191847,29,0,24 14 8,0,12,,191848,29,0,24 14 8,0,12,,191849,29,0,24 14 8,0,12,,191906,29,0,24 14 8,0,52,,191850,29,0,24 14 8,0,6,,191851,29,0,24 14 8,0,12,,191852,29,0,24 14 8,0,12,,191853,29,0,24 14 8,0,12,,191854,29,0,24 14 8,0,12,,191855,29,0,24 14 8,0,52,,191856,29,0,24 14 8,0,12,,191857,29,0,24 14 8,0,10,,191858,29,0,24 14 8,0,10,,191859,29,0,24 14 8,0,10,,191860,29,0,24 14 8,0,50,,191861,29,0,24 14 8,0,9,,191900,29,0,24 14 8,0,10,,191862,29,0,24 14 8,0,10,,191863,29,0,24 14 8,0,10,,191864,29,0,24 14 8,0,10,,191865,29,0,24 14 8,0,50,,191866,29,0,24 14 8,0,10,,191901,29,0,24 14 8,0,10,,191867,29,0,24 14 8,0,10,,191868,29,0,24 14 8,0,10,,191837,29,0,24 14 8,0,10,,191869,29,0,24 14 8,0,50,,191870,29,0,24 14 8,0,10,,191902,29,0,24 14 8,0,10,,191871,29,0,24 14 8,0,10,,191872,29,0,24 14 8,0,12,,191873,29,0,24 14 8,0,11,,191874,29,0,24 14 8,0,51,,191875,29,0,24 14 8,0,10,,191903,29,0,24 14 8,0,10,,191876,29,0,24 14 8,0,10,,191877,29,0,24 14 8,0,10,,191878,29,0,24 14 8,0,10,,191879,29,0,24 14 8,0,50,,191904,29,0,24 14 8,0,11,,191880,29,0,24 14 8,0,10,,191881,29,0,24 14 8,0,10,,191882,29,0,24 14 8,0,10,,191883,29,0,24 14 8,0,12,,191897,29,0,24 14 8,0,56,,191885,29,0,24 14 8,0,15,,191843,29,0,24 14 8,0,15,,191829,29,0,24 14 8,0,15,,191834,29,0,24 14 8,0,55,,191835,29,0,24 14 8,0,15,,191836,29,0,24 14 8,0,16,,191838,29,0,24 14 8,0,55,,191839,29,0,24 14 8,0,16,,191840,29,0,24 14 8,0,15,,191841,29,0,24 14 8,0,14,,191842,29,0,24 14 8,0,55,,191884,29,0,24 14 8,0,15,,191827,29,0,24 14 8,0,16,,191821,29,0,24 14 8,0,17,,191823,29,0,24 14 8,0,62,,191832,29,0,24 14 8,0,26,,191889,29,0,24 14 8,0,22,,191830,29,0,24 14 8,0,62,,191887,29,0,24 14 8,0,21,,191886,29,0,24 14 8,0,65,,191826,29,0,24 14 8,0,30,,191888,29,,,0,70,,191890,29,,,0
662200,'3_merged_15727751',618,,191907,29,,,0,30,,191908,29,,,0,65,,191909,29,0,24 14 8,0,20,,191910,29,0,24 14 8,0,21,,191911,29,0,24 14 8,0,59,,191912,29,0,24 14 8,0,12,,191913,29,0,24 14 8,0,15,,191914,29,0,24 14 8,0,13,,191915,29,0,24 14 8,0,55,,191916,29,0,24 14 8,0,15,,191917,29,0,24 14 8,0,15,,191918,29,0,24 14 8,0,13,,191919,29,0,24 14 8,0,54,,191920,29,0,24 14 8,0,15,,191921,29,0,24 14 8,0,15,,191922,29,0,24 14 8,0,15,,191923,29,0,24 14 8,0,55,,191924,29,0,24 14 8,0,11,,191925,29,0,24 14 8,0,12,,191926,29,0,24 14 8,0,12,,191927,29,0,24 14 8,0,10,,191928,29,0,24 14 8,0,52,,191929,29,0,24 14 8,0,12,,191930,29,0,24 14 8,0,12,,191931,29,0,24 14 8,0,13,,191932,29,0,24 14 8,0,12,,191933,29,0,24 14 8,0,52,,191934,29,0,24 14 8,0,11,,191935,29,0,24 14 8,0,12,,191936,29,0,24 14 8,0,12,,191937,29,0,24 14 8,0,12,,191938,29,0,24 14 8,0,52,,191939,29,0,24 14 8,0,12,,191940,29,0,24 14 8,0,12,,191941,29,0,24 14 8,0,13,,191942,29,0,24 14 8,0,12,,191943,29,0,24 14 8,0,52,,191944,29,0,24 14 8,0,12,,191945,29,0,24 14 8,0,12,,191946,29,0,24 14 8,0,13,,191947,29,0,24 14 8,0,13,,191948,29,0,24 14 8,0,53,,191949,29,0,24 14 8,0,13,,191950,29,0,24 14 8,0,12,,191951,29,0,24 14 8,0,12,,191952,29,0,24 14 8,0,14,,191953,29,0,24 14 8,0,52,,191954,29,0,24 14 8,0,14,,191955,29,0,24 14 8,0,15,,191956,29,0,24 14 8,0,16,,191957,29,0,24 14 8,0,55,,191958,29,0,24 14 8,0,17,,191959,29,0,24 14 8,0,15,,191960,29,0,24 14 8,0,15,,191961,29,0,24 14 8,0,55,,191962,29,0,24 14 8,0,14,,191963,29,0,24 14 8,0,15,,191964,29,0,24 14 8,0,15,,191965,29,0,24 14 8,0,56,,191966,29,0,24 14 8,0,18,,191967,29,0,24 14 8,0,16,,191968,29,0,24 14 8,0,57,,191969,29,0,24 14 8,0,16,,191970,29,0,24 14 8,0,18,,191971,29,0,24 14 8,0,18,,191972,29,0,24 14 8,0,59,,191973,29,0,24 14 8,0,20,,191974,29,0,24 14 8,0,20,,191975,29,0,24 14 8,0,60,,191976,29,0,24 14 8,0,27,,191977,29,0,24 14 8,0,66,,191978,29,,,0,30,,191979,29,,,0,69,,191980,29,,,0
683000,'1_merged_15727750',2557,,224906,49,,,0,72,,224907,49,,,0,28,,224908,49,,,0,70,,224909,49,,,0,30,,224910,49,,,0,72,,224911,49,,,0
683000,'2_merged_15727752',2559,,224918,49,,,0,75,,224917,49,,,0,70,,224916,49,,,0,30,,224913,49,,,0,72,,224915,49,,,0,34,,224914,49,,,0
683000,'3_merged_15727751',2557,,224925,49,,,0,70,,224924,49,,,0,30,,224919,49,,,0,70,,224923,49,,,0,30,,224922,49,,,0,80,,224921,49,,,0
683300,'1_merged_15727750',2559,,224962,29,,,0,73,,224964,29,,,0,72,,224963,29,,,0
683300,'2_merged_15727752',2557,,224965,29,,,0,70,,224967,29,,,0,28,,224966,29,,,0
683300,'3_merged_15727751',2557,,224968,29,,,0,70,,224970,29,,,0,30,,224969,29,,,0,78,,224971,29,,,0
684101,'1_merged_15727750',433,,225278,77,,,0,69,,225277,77,,,0,12,,225276,77,,,0,2004,,225280,77,,,0,30,,225274,77,,,0,75,,225273,77,,,0,30,,225272,77,,,0,70,,225275,77,,,0,35,,225279,77,,,0
684101,'2_merged_15727752',430,,225281,77,,,0,72,,225286,77,,,0,32,,225287,77,,,0,70,,225288,77,,,0,28,,225285,77,,,0,1888,,225290,77,,,0,35,,225282,77,,,0,77,,225289,77,,,0,21,,225283,77,,,0,69,,225284,77,,,0,78,,225291,77,,,0
684101,'3_merged_15727751',432,,225300,77,,,0,70,,225302,77,,,0,30,,225299,77,,,0,69,,225298,77,,,0,15,,225305,77,,,0,15,,225295,77,,,0,16,,225306,77,,,0,55,,225297,77,,,0,1749,,225303,77,,,0,71,,225304,77,,,0,30,,225292,77,,,0,67,,225293,77,,,0,30,,225294,77,,,0,78,,225296,77,,,0,30,,225301,77,,,0
1671800,'1_merged_15727750',451,,227576,2,,,0,63,,227609,2,,,0,745,,227573,2,,,0,271,,227610,2,,,0
1671800,'2_merged_15727752',515,,227637,2,,,0,14,,227638,2,,,0,98,,227639,2,,,0,301,,227707,2,,,0,30,,227649,2,,,0,84,,227640,2,,,0,102,,227708,2,,,0,92,,227709,2,,,0
1671800,'3_merged_15727751',646,,227713,2,,,0,265,,227712,2,,,0,229,,227776,2,,,0
