670500,'1_merged_15727750',536,,212761,1,0,74 43 8,0,23,,212745,1,0,74 43 8,0,65,,212753,1,0,74 43 8,0,31,,212766,1,0,74 43 8,0,48,,212744,1,0,74 43 8,0,43,,212767,1,0,74 43 8,0,1373,,212757,1,0,79 80 8,0,32,,212800,1,0,79 80 8,0,56,,212740,1,0,79 80 8,0,23,,212792,1,0,79 80 8,0,82,,212793,1,0,79 80 8,0,103,,212756,1,0,79 80 8,0,119,,212755,1,0,79 80 8,0
670500,'2_merged_15727752',626,,212865,1,0,79 80 8,0,88,,212864,1,0,79 80 8,0,20,,212892,1,0,79 80 8,0,82,,212856,1,0,79 80 8,0,88,,212888,1,0,79 80 8,0,1111,,212872,1,0,79 80 8,0,99,,212900,1,0,79 80 8,0,37,,212869,1,0,79 80 8,0,204,,212882,1,0,79 80 8,0
670500,'3_merged_15727751',846,,212983,1,0,79 80 8,0,93,,212989,1,0,79 80 8,0,1087,,213023,1,0,79 80 8,0,97,,213031,1,0,79 80 8,0,110,,212981,1,0,79 80 8,0,87,,212978,1,0,79 80 8,0,103,,212976,1,0,79 80 8,0
670501,'1_merged_15727750',529,,213070,60,4,,0,24,,213063,60,4,,0,62,,213071,60,4,,0,32,,213069,60,4,,0,10,,213072,60,4,,0,77,,213100,66,4,,0,1380,,213099,60,4,,0,25,,213062,60,4,,0,63,,213057,60,4,,0,23,,213051,60,4,,0,81,,213048,60,4,,0,15,,213155,60,4,,0,89,,213097,60,4,,0,20,,213115,60,4,,0,99,,213065,60,4,,0
670501,'2_merged_15727752',612,,213215,41,4,,0,96,,213166,60,4,,0,10,,213214,60,4,,0,83,,213202,60,4,,0,44,,213201,60,4,,0,1113,,213228,60,4,,0,99,,213189,60,4,,0,89,,213230,60,4,,0,191,,213192,60,4,,0,200,,213184,60,4,,0
670501,'3_merged_15727751',841,,213285,60,4,,0,92,,213277,60,4,,0,1070,,213336,60,4,,0,50,,213340,60,4,,0,169,,213297,60,4,,0,86,,213350,60,4,,0,107,,213358,60,4,,0
732100,'1_merged_15727750',543,,225572,1,,,0,70,,225552,1,,,0,33,,225553,1,,,0,70,,225551,1,,,0,30,,225554,1,,,0,71,,225568,1,,,0,32,,225555,1,,,0,72,,225550,1,,,0,32,,225556,1,,,0,71,,225569,1,,,0,31,,225557,1,,,0,70,,225546,1,,,0,30,,225558,1,,,0,70,,225570,1,,,0,30,,225559,1,,,0,69,,225547,1,,,0,29,,225560,1,,,0,71,,225571,1,,,0,31,,225561,1,,,0,71,,225548,1,,,0,32,,225562,1,,,0,72,,225544,1,,,0,72,,225563,1,,,0,30,,225549,1,,,0,73,,225564,1,,,0,30,,225545,1,,,0,70,,225565,1,,,0,30,,225573,1,,,0,70,,225566,1,,,0,28,,225574,1,,,0,73,,225567,1,,,0,95,,225575,1,,,0,99,,225576,1,,,0,59,,225577,1,,,0
732100,'2_merged_15727752',620,,225584,1,,,0,20,,225599,1,,,0,68,,225598,1,,,0,30,,225597,1,,,0,70,,225583,1,,,0,20,,225578,1,,,0,20,,225615,1,,,0,60,,225582,1,,,0,30,,225596,1,,,0,70,,225581,1,,,0,30,,225595,1,,,0,70,,225580,1,,,0,21,,225594,1,,,0,21,,225613,1,,,0,60,,225579,1,,,0,20,,225593,1,,,0,20,,225607,1,,,0,60,,225605,1,,,0,20,,225592,1,,,0,20,,225608,1,,,0,60,,225604,1,,,0,20,,225591,1,,,0,20,,225609,1,,,0,60,,225603,1,,,0,20,,225590,1,,,0,20,,225610,1,,,0,61,,225602,1,,,0,22,,225589,1,,,0,20,,225611,1,,,0,59,,225601,1,,,0,19,,225588,1,,,0,20,,225612,1,,,0,60,,225600,1,,,0,19,,225587,1,,,0,20,,225614,1,,,0,70,,225616,1,,,0,29,,225586,1,,,0,70,,225617,1,,,0,33,,225585,1,,,0,100,,225606,1,,,0,150,,225618,1,,,0,100,,225619,1,,,0
732100,'3_merged_15727751',650,,225629,1,,,0,67,,225628,1,,,0,30,,225627,1,,,0,70,,225626,1,,,0,30,,225625,1,,,0,70,,225637,1,,,0,30,,225624,1,,,0,70,,225636,1,,,0,30,,225623,1,,,0,70,,225635,1,,,0,30,,225622,1,,,0,65,,225634,1,,,0,20,,225621,1,,,0,20,,225648,1,,,0,60,,225633,1,,,0,20,,225647,1,,,0,20,,225649,1,,,0,60,,225632,1,,,0,20,,225646,1,,,0,20,,225650,1,,,0,60,,225631,1,,,0,20,,225645,1,,,0,20,,225651,1,,,0,60,,225630,1,,,0,20,,225644,1,,,0,20,,225652,1,,,0,60,,225640,1,,,0,20,,225643,1,,,0,20,,225653,1,,,0,60,,225638,1,,,0,30,,225642,1,,,0,70,,225620,1,,,0,33,,225641,1,,,0,73,,225654,1,,,0,33,,225639,1,,,0,105,,225655,1,,,0,101,,225656,1,,,0,143,,225657,1,,,0
732101,'1_merged_15727750',626,,225688,56,4,,0,31,,225684,56,4,,0,76,,225659,56,4,,0,78,,225660,56,4,,0,33,,225672,56,4,,0,71,,225683,56,4,,0,32,,225673,56,4,,0,71,,225667,56,4,,0,31,,225674,56,4,,0,70,,225662,56,4,,0,30,,225675,56,4,,0,70,,225668,56,4,,0,30,,225676,56,4,,0,69,,225663,56,4,,0,28,,225677,56,4,,0,71,,225669,56,4,,0,32,,225678,56,4,,0,71,,225664,56,4,,0,31,,225679,56,4,,0,74,,225670,56,4,,0,32,,225680,56,4,,0,70,,225665,56,4,,0,28,,225681,56,4,,0,71,,225671,56,4,,0,31,,225682,56,4,,0,72,,225666,56,4,,0,26,,225685,56,4,,0,71,,225689,56,4,,0,33,,225686,56,4,,0,70,,225690,56,4,,0,27,,225687,56,4,,0,97,,225661,56,4,,0,99,,225658,56,4,,0,106,,225691,56,4,,0
732101,'2_merged_15727752',631,,225730,56,4,,0,71,,225714,56,4,,0,31,,225713,56,4,,0,69,,225712,56,4,,0,20,,225711,56,4,,0,20,,225731,56,4,,0,60,,225710,56,4,,0,29,,225709,56,4,,0,69,,225719,56,4,,0,30,,225708,56,4,,0,73,,225718,56,4,,0,21,,225729,56,4,,0,20,,225695,56,4,,0,60,,225717,56,4,,0,20,,225707,56,4,,0,20,,225722,56,4,,0,60,,225716,56,4,,0,19,,225706,56,4,,0,20,,225723,56,4,,0,61,,225715,56,4,,0,20,,225705,56,4,,0,20,,225724,56,4,,0,61,,225694,56,4,,0,20,,225704,56,4,,0,20,,225725,56,4,,0,60,,225693,56,4,,0,20,,225701,56,4,,0,19,,225726,56,4,,0,60,,225692,56,4,,0,20,,225700,56,4,,0,21,,225727,56,4,,0,60,,225721,56,4,,0,20,,225699,56,4,,0,20,,225728,56,4,,0,70,,225720,56,4,,0,28,,225698,56,4,,0,71,,225732,56,4,,0,31,,225697,56,4,,0,72,,225733,56,4,,0,30,,225696,56,4,,0,109,,225702,56,4,,0,99,,225703,56,4,,0,99,,225734,56,4,,0
732101,'3_merged_15727751',739,,225761,56,4,,0,69,,225760,56,4,,0,31,,225759,56,4,,0,70,,225758,56,4,,0,31,,225757,56,4,,0,71,,225756,56,4,,0,30,,225755,56,4,,0,70,,225739,56,4,,0,30,,225754,56,4,,0,60,,225738,56,4,,0,20,,225753,56,4,,0,20,,225762,56,4,,0,61,,225737,56,4,,0,20,,225752,56,4,,0,20,,225763,56,4,,0,60,,225736,56,4,,0,20,,225751,56,4,,0,22,,225764,56,4,,0,61,,225735,56,4,,0,20,,225750,56,4,,0,20,,225765,56,4,,0,60,,225743,56,4,,0,20,,225749,56,4,,0,20,,225766,56,4,,0,61,,225742,56,4,,0,20,,225748,56,4,,0,19,,225767,56,4,,0,60,,225741,56,4,,0,21,,225747,56,4,,0,21,,225768,56,4,,0,60,,225740,56,4,,0,20,,225769,56,4,,0,20,,225746,56,4,,0,66,,225770,56,4,,0,32,,225745,56,4,,0,73,,225771,56,4,,0,32,,225744,56,4,,0,101,,225772,56,4,,0,102,,225773,56,4,,0,101,,225774,56,4,,0
