662400,'1',450,,192714,1,,,0,70,,192715,1,,,0,15,,192716,22,,,0,15,,192717,1,,,0,54,,192718,1,,,0,11,,192719,1,,,0,7,,192720,22,,,0,15,,192721,43,,,0,10,,192722,1,,,0,7,,192723,43,,,0,55,,192724,43,,,0,7,,192726,1,,,0,5,,192725,43,,,0,12,,192727,43,,,0,12,,192728,43,,,0,13,,192729,43,,,0,52,,192730,43,,,0,13,,192731,43,,,0,14,,192732,43,,,0,12,,192733,43,,,0,52,,192734,43,,,0,11,,192735,43,,,0,12,,192736,43,,,0,12,,192737,43,,,0,12,,192738,43,,,0,52,,192739,43,,,0,12,,192740,43,,,0,9,,192744,1,,,0,5,,192741,43,,,0,12,,192742,43,,,0,12,,192743,43,,,0,54,,192745,43,,,0,12,,192746,43,,,0,12,,192747,43,,,0,12,,192748,43,,,0,12,,192749,43,,,0,52,,192750,43,,,0,12,,192751,43,,,0,13,,192752,43,,,0,12,,192753,43,,,0,12,,192754,43,,,0,53,,192755,43,,,0,12,,192756,43,,,0,12,,192757,43,,,0,12,,192758,43,,,0,12,,192759,43,,,0,52,,192760,43,,,0,7,,192761,1,,,0,5,,192762,43,,,0,12,,192763,43,,,0,12,,192764,43,,,0,12,,192765,43,,,0,47,,192767,1,,,0,5,,192766,43,,,0,12,,192768,43,,,0,12,,192769,43,,,0,12,,192770,43,,,0,12,,192771,43,,,0,52,,192772,43,,,0,7,,192773,1,,,0,5,,192774,43,,,0,12,,192775,43,,,0,12,,192776,43,,,0,12,,192777,43,,,0,53,,192778,43,,,0,11,,192779,43,,,0,10,,192780,43,,,0,11,,192781,43,,,0,10,,192782,43,,,0,10,,192783,43,,,0,50,,192784,43,,,0,10,,192785,43,,,0,10,,192786,43,,,0,11,,192787,43,,,0,11,,192788,43,,,0,50,,192790,43,,,0,12,,192791,43,,,0,11,,192792,43,,,0,12,,192793,43,,,0,12,,192794,43,,,0,11,,192795,43,,,0,52,,192797,43,,,0,12,,192798,43,,,0,12,,192799,43,,,0,12,,192800,43,,,0,11,,192801,43,,,0,52,,192802,43,,,0,11,,192803,43,,,0,15,,192804,43,,,0,16,,192805,43,,,0,55,,192808,43,,,0,13,,192809,43,,,0,13,,192810,43,,,0,15,,192811,43,,,0,59,,192812,43,,,0,15,,192813,43,,,0,20,,192814,43,,,0,60,,192815,43,,,0,17,,192816,43,,,0
662400,'152201',2435,,192706,43,,,0,69,,192707,43,,,0,33,,192708,43,,,0,76,,192709,43,,,0
662400,'152301',2435,,192710,43,,,0,69,,192711,43,,,0,33,,192712,43,,,0,76,,192713,43,,,0
662400,'2',439,,192817,1,,,0,69,,192818,1,,,0,29,,192819,1,,,0,13,,192820,22,,,0,60,,192821,36,,,0,17,,192822,1,,,0,13,,192823,36,,,0,15,,192916,1,,,0,55,,192824,43,,,0,11,,192825,1,,,0,10,,192826,43,,,0,10,,192917,1,,,0,5,,192827,1,,,0,5,,192828,43,,,0,57,,192829,43,,,0,11,,192880,43,,,0,12,,192881,43,,,0,12,,192882,43,,,0,12,,192883,43,,,0,51,,192830,1,,,0,4,,192884,43,,,0,12,,192885,43,,,0,12,,192886,43,,,0,12,,192887,43,,,0,54,,192888,43,,,0,12,,192889,43,,,0,12,,192890,43,,,0,12,,192891,43,,,0,12,,192892,43,,,0,8,,192831,1,,,0,45,,192893,43,,,0,12,,192894,43,,,0,14,,192895,43,,,0,12,,192896,43,,,0,12,,192897,43,,,0,53,,192898,43,,,0,12,,192899,43,,,0,12,,192900,43,,,0,12,,192901,43,,,0,12,,192902,43,,,0,49,,192918,1,,,0,4,,192903,43,,,0,12,,192904,43,,,0,13,,192905,43,,,0,12,,192906,43,,,0,12,,192907,43,,,0,52,,192908,43,,,0,12,,192909,43,,,0,12,,192910,43,,,0,12,,192911,43,,,0,12,,192912,43,,,0,52,,192913,43,,,0,12,,192914,43,,,0,12,,192832,43,,,0,12,,192833,43,,,0,12,,192834,43,,,0,52,,192835,43,,,0,12,,192836,43,,,0,13,,192837,43,,,0,12,,192838,43,,,0,12,,192839,43,,,0,52,,192840,43,,,0,10,,192841,43,,,0,12,,192842,43,,,0,12,,192843,43,,,0,12,,192844,43,,,0,52,,192845,43,,,0,10,,192846,43,,,0,12,,192847,43,,,0,12,,192848,43,,,0,12,,192849,43,,,0,50,,192850,43,,,0,12,,192851,43,,,0,12,,192852,43,,,0,12,,192853,43,,,0,12,,192854,43,,,0,52,,192855,43,,,0,13,,192856,43,,,0,14,,192858,43,,,0,16,,192859,43,,,0,57,,192861,43,,,0,17,,192862,43,,,0,17,,192863,43,,,0,15,,192865,43,,,0,56,,192866,43,,,0,14,,192867,43,,,0,15,,192868,43,,,0,15,,192869,43,,,0,57,,192870,43,,,0,18,,192871,43,,,0,20,,192872,43,,,0,61,,192873,43,,,0,13,,192874,43,,,0,18,,192875,43,,,0,20,,192876,43,,,0,60,,192877,43,,,0,20,,192878,43,,,0,68,,192879,43,,,0
662400,'3',454,,192919,1,,,0,58,,192920,1,,,0,16,,192921,1,,,0,18,,192922,22,,,0,55,,192923,1,,,0,13,,192924,1,,,0,7,,192925,36,,,0,18,,192926,36,,,0,19,,192927,43,,,0,53,,192928,1,,,0,5,,192929,43,,,0,18,,192930,43,,,0,20,,192931,43,,,0,55,,192932,43,,,0,15,,192933,43,,,0,7,,192934,1,,,0,5,,192994,43,,,0,15,,192995,43,,,0,52,,192996,43,,,0,12,,192997,43,,,0,12,,192998,43,,,0,12,,192999,43,,,0,7,,192935,1,,,0,5,,193000,43,,,0,52,,193001,43,,,0,12,,193002,43,,,0,13,,193003,43,,,0,12,,193004,43,,,0,12,,193005,43,,,0,52,,193006,43,,,0,12,,193007,43,,,0,7,,192936,1,,,0,5,,193008,43,,,0,12,,193009,43,,,0,14,,193010,43,,,0,52,,193011,43,,,0,12,,193012,43,,,0,12,,193013,43,,,0,12,,193014,43,,,0,13,,193015,43,,,0,52,,193016,43,,,0,12,,193017,43,,,0,12,,193018,43,,,0,12,,193019,43,,,0,12,,193020,43,,,0,52,,193021,43,,,0,12,,193022,43,,,0,7,,192937,1,,,0,5,,193023,43,,,0,12,,193024,43,,,0,12,,193025,43,,,0,52,,192938,43,,,0,10,,192939,43,,,0,10,,192940,43,,,0,10,,192941,43,,,0,10,,192942,43,,,0,10,,192943,43,,,0,50,,192944,43,,,0,10,,192945,43,,,0,10,,192946,43,,,0,9,,192947,43,,,0,10,,192948,43,,,0,10,,192949,43,,,0,50,,192950,43,,,0,10,,192951,43,,,0,10,,192952,43,,,0,10,,192953,43,,,0,10,,192954,43,,,0,10,,192955,43,,,0,50,,192956,43,,,0,9,,192957,43,,,0,10,,192958,43,,,0,10,,192959,43,,,0,10,,192960,43,,,0,9,,192961,43,,,0,52,,192963,43,,,0,15,,192964,43,,,0,15,,192966,43,,,0,15,,192967,43,,,0,51,,192969,43,,,0,15,,192970,43,,,0,15,,192972,43,,,0,15,,192973,43,,,0,54,,192976,43,,,0,16,,192977,43,,,0,16,,192978,43,,,0,15,,192979,43,,,0,6,,192980,43,,,0,55,,192981,43,,,0,13,,192982,43,,,0,15,,192983,43,,,0,15,,192984,43,,,0,55,,192985,43,,,0,15,,192986,43,,,0,19,,192987,43,,,0,61,,192988,43,,,0,17,,192989,43,,,0,22,,192990,43,,,0,70,,192991,43,,,0,34,,192992,43,,,0,65,,192993,43,,,0
662901,'1',2543,,195412,27,4,,0
662901,'2',2544,,195461,27,4,,0
683400,'1',2609,,224993,37,,,0,27,,224991,37,,,0,21,,224988,37,0,6 7 8,0,68,,224992,37,,,0,15,,224990,37,,,0,19,,224989,37,,,0,71,,224987,37,,,0,25,,224994,37,,,0
683400,'1201',2624,,224983,37,,,0,22,,224986,37,,,0,65,,224984,37,0,6 7 8,0,104,,224985,37,,,0
683400,'2',504,,225004,37,,,0,14,,225003,37,,,0,31,,225007,37,,,0,60,,225002,37,,,0,31,,225001,37,,,0,1903,,225008,37,,,0,59,,225009,37,,,0,20,,225006,37,,,0,20,,225010,37,,,0,15,,224999,37,,,0,55,,224996,37,,,0,15,,224998,37,,,0,20,,224997,37,,,0,61,,225000,37,0,6 7 8,0,20,,224995,37,0,6 7 8,0,24,,225005,37,,,0
683400,'3',505,,225020,37,,,0,32,,225021,37,,,0,15,,225022,37,,,0,55,,225028,37,,,0,14,,225027,37,,,0,17,,225023,37,,,0,65,,225011,37,,,0,17,,225029,37,,,0,15,,225024,37,,,0,1778,,225026,37,,,0,26,,225025,37,,,0,62,,225015,37,,,0,38,,225012,37,,,0,20,,225017,37,0,6 7 8,0,60,,225013,37,,,0,22,,225014,37,,,0,60,,225016,37,0,6 7 8,0,20,,225018,37,0,6 7 8,0,21,,225019,37,,,0
