670501,'1',518,,213070,47,0,76 77 89,0,24,,213063,47,0,76 77 89,0,15,,213047,47,0,76 77 57,0,46,,213071,47,0,76 77 89,0,14,,213153,47,0,76 77 57,0,10,,213050,47,0,76 77 57,0,8,,213069,47,0,76 77 89,0,10,,213072,47,0,76 77 89,0,12,,213049,47,0,76 77 57,0,50,,213154,47,0,76 77 57,0,9,,213157,47,0,76 77 57,0,6,,213100,53,0,76 77 89,0,14,,213052,53,0,76 77 57,0,9,,213061,53,0,76 77 57,0,9,,213073,53,0,76 77 57,0,49,,213156,53,0,76 77 57,0,10,,213074,53,0,76 77 57,0,10,,213106,53,0,76 77 57,0,10,,213107,53,0,76 77 57,0,10,,213075,53,0,76 77 57,0,10,,213109,53,0,76 77 57,0,50,,213076,53,0,76 77 57,0,10,,213108,53,0,76 77 57,0,10,,213077,53,0,76 77 57,0,9,,213078,53,0,76 77 57,0,10,,213110,53,0,76 77 57,0,10,,213116,53,0,76 77 57,0,50,,213079,53,0,76 77 57,0,10,,213117,47,0,76 77 57,0,10,,213118,47,0,76 77 57,0,10,,213119,47,0,76 77 57,0,10,,213120,47,0,76 77 57,0,10,,213121,47,0,76 77 57,0,50,,213122,47,0,76 77 57,0,10,,213123,47,0,76 77 57,0,10,,213124,47,0,76 77 57,0,11,,213125,47,0,76 77 57,0,10,,213126,47,0,76 77 57,0,10,,213127,47,0,76 77 57,0,50,,213128,47,0,76 77 57,0,10,,213129,47,0,76 77 57,0,10,,213130,47,0,76 77 57,0,10,,213131,47,0,76 77 57,0,10,,213132,47,0,76 77 57,0,10,,213133,47,0,76 77 57,0,51,,213134,47,0,76 77 57,0,10,,213135,47,0,76 77 57,0,10,,213136,47,0,76 77 57,0,11,,213137,47,0,76 77 57,0,10,,213138,47,0,76 77 57,0,10,,213139,47,0,76 77 57,0,50,,213140,47,0,76 77 57,0,10,,213141,47,0,76 77 57,0,10,,213142,47,0,76 77 57,0,11,,213143,47,0,76 77 57,0,10,,213144,47,0,76 77 57,0,10,,213145,47,0,76 77 57,0,51,,213146,47,0,76 77 57,0,10,,213147,47,0,76 77 57,0,10,,213148,47,0,76 77 57,0,11,,213149,47,0,76 77 57,0,10,,213101,47,0,76 77 57,0,10,,213080,47,0,76 77 57,0,50,,213111,47,0,76 77 57,0,10,,213081,47,0,76 77 57,0,10,,213082,53,0,76 77 57,0,11,,213083,53,0,76 77 57,0,10,,213102,53,0,76 77 57,0,10,,213084,53,0,76 77 57,0,50,,213112,53,0,76 77 57,0,10,,213085,53,0,76 77 57,0,9,,213086,53,0,76 77 57,0,7,,213158,53,0,76 77 57,0,7,,213103,53,0,76 77 57,0,7,,213087,53,0,76 77 57,0,7,,213159,53,0,76 77 57,0,47,,213088,53,0,76 77 57,0,5,,213113,53,0,76 77 57,0,9,,213089,53,0,76 77 57,0,6,,213160,53,0,76 77 57,0,7,,213090,53,0,76 77 57,0,5,,213161,53,0,76 77 57,0,6,,213091,53,0,76 77 57,0,6,,213104,53,0,76 77 57,0,7,,213162,53,0,76 77 57,0,49,,213092,53,0,76 77 57,0,7,,213093,53,0,76 77 57,0,8,,213163,53,0,76 77 57,0,10,,213094,53,0,76 77 57,0,8,,213095,53,0,76 77 57,0,9,,213096,53,0,76 77 57,0,7,,213164,53,0,76 77 57,0,48,,213054,53,0,76 77 57,0,9,,213150,47,0,76 77 57,0,9,,213098,47,0,76 77 57,0,11,,213059,47,0,76 77 57,0,12,,213055,47,0,76 77 57,0,11,,213060,47,0,76 77 57,0,50,,213099,47,0,76 77 89,0,11,,213056,47,0,76 77 57,0,14,,213062,47,0,76 77 89,0,11,,213151,47,0,76 77 57,0,12,,213057,47,0,76 77 89,0,52,,213105,47,0,76 77 57,0,11,,213051,47,0,76 77 89,0,13,,213152,47,0,76 77 57,0,15,,213058,47,0,76 77 57,0,14,,213048,47,0,76 77 89,0,55,,213155,47,0,76 77 89,0,14,,213046,47,0,76 77 57,0,15,,213114,47,0,76 77 57,0,20,,213097,47,0,76 77 89,0,60,,213115,47,0,76 77 89,0,19,,213053,47,0,76 77 57,0,20,,213064,47,0,76 77 57,0,60,,213065,47,0,76 77 89,0,30,,213066,47,0,76 77 57,0,89,,213067,47,0,76 77 57,0
670501,'2',550,,213167,28,0,76 77 57,0,50,,213215,28,0,76 77 89,0,16,,213179,28,0,76 77 57,0,13,,213205,47,0,76 77 57,0,10,,213217,28,0,76 77 57,0,10,,213225,28,0,76 77 57,0,7,,213166,47,0,76 77 89,0,50,,213214,47,0,76 77 89,0,13,,213203,47,0,76 77 57,0,11,,213180,47,0,76 77 57,0,11,,213219,47,0,76 77 57,0,8,,213202,47,0,76 77 89,0,55,,213226,47,0,76 77 57,0,11,,213178,47,0,76 77 57,0,11,,213220,47,0,76 77 57,0,7,,213201,47,0,76 77 89,0,15,,213182,47,0,76 77 57,0,52,,213204,47,0,76 77 57,0,12,,213181,47,0,76 77 57,0,12,,213221,47,0,76 77 57,0,13,,213206,47,0,76 77 57,0,12,,213186,47,0,76 77 57,0,52,,213208,47,0,76 77 57,0,12,,213169,47,0,76 77 57,0,12,,213222,47,0,76 77 57,0,12,,213175,47,0,76 77 57,0,12,,213165,47,0,76 77 57,0,52,,213199,47,0,76 77 57,0,12,,213187,47,0,76 77 57,0,12,,213223,47,0,76 77 57,0,12,,213209,47,0,76 77 57,0,12,,213174,47,0,76 77 57,0,52,,213232,47,0,76 77 57,0,11,,213233,47,0,76 77 57,0,10,,213234,47,0,76 77 57,0,10,,213235,47,0,76 77 57,0,10,,213236,47,0,76 77 57,0,10,,213237,47,0,76 77 57,0,50,,213238,47,0,76 77 57,0,10,,213239,47,0,76 77 57,0,9,,213240,47,0,76 77 57,0,9,,213241,47,0,76 77 57,0,9,,213242,47,0,76 77 57,0,10,,213243,47,0,76 77 57,0,10,,213244,47,0,76 77 57,0,50,,213245,47,0,76 77 57,0,10,,213246,47,0,76 77 57,0,10,,213247,47,0,76 77 57,0,10,,213248,47,0,76 77 57,0,10,,213249,47,0,76 77 57,0,10,,213250,47,0,76 77 57,0,50,,213251,47,0,76 77 57,0,10,,213252,47,0,76 77 57,0,10,,213253,47,0,76 77 57,0,10,,213254,47,0,76 77 57,0,10,,213255,47,0,76 77 57,0,10,,213256,47,0,76 77 57,0,50,,213257,47,0,76 77 57,0,10,,213258,47,0,76 77 57,0,10,,213259,47,0,76 77 57,0,10,,213260,47,0,76 77 57,0,10,,213261,47,0,76 77 57,0,51,,213262,47,0,76 77 57,0,10,,213263,47,0,76 77 57,0,10,,213264,47,0,76 77 57,0,10,,213265,47,0,76 77 57,0,9,,213266,47,0,76 77 57,0,10,,213267,47,0,76 77 57,0,10,,213268,47,0,76 77 57,0,49,,213193,47,0,76 77 57,0,10,,213183,47,0,76 77 57,0,10,,213269,47,0,76 77 57,0,10,,213227,47,0,76 77 57,0,10,,213210,47,0,76 77 57,0,11,,213197,47,0,76 77 57,0,48,,213270,47,0,76 77 57,0,10,,213177,47,0,76 77 57,0,10,,213211,47,0,76 77 57,0,10,,213185,47,0,76 77 57,0,8,,213228,47,0,76 77 89,0,12,,213212,47,0,76 77 57,0,50,,213200,47,0,76 77 57,0,10,,213271,47,0,76 77 57,0,10,,213176,47,0,76 77 57,0,9,,213229,47,0,76 77 57,0,9,,213189,47,0,76 77 89,0,12,,213196,47,0,76 77 57,0,51,,213188,47,0,76 77 57,0,13,,213170,47,0,76 77 57,0,12,,213230,47,0,76 77 89,0,11,,213168,47,0,76 77 57,0,12,,213213,47,0,76 77 57,0,52,,213191,47,0,76 77 57,0,13,,213207,47,0,76 77 57,0,12,,213190,47,0,76 77 57,0,13,,213231,47,0,76 77 57,0,13,,213272,47,0,76 77 57,0,53,,213173,47,0,76 77 57,0,13,,213192,47,0,76 77 89,0,13,,213194,47,0,76 77 57,0,20,,213216,47,0,76 77 57,0,62,,213195,47,0,76 77 57,0,21,,213198,47,0,76 77 57,0,63,,213218,47,0,76 77 57,0,22,,213184,47,0,76 77 89,0,107,,213172,47,0,76 77 57,0
670501,'3',547,,213311,47,0,76 77 57,0,62,,213289,47,0,76 77 57,0,16,,213312,47,0,76 77 57,0,16,,213351,47,0,76 77 57,0,15,,213281,47,0,76 77 57,0,55,,213287,47,0,76 77 57,0,15,,213313,47,0,76 77 57,0,15,,213291,47,0,76 77 57,0,15,,213279,47,0,76 77 57,0,53,,213286,47,0,76 77 57,0,11,,213280,54,0,76 77 57,0,9,,213285,47,0,76 77 89,0,16,,213284,47,0,76 77 57,0,13,,213359,47,0,76 77 57,0,53,,213283,47,0,76 77 57,0,10,,213277,47,0,76 77 89,0,19,,213276,47,0,76 77 57,0,15,,213290,47,0,76 77 57,0,55,,213301,47,0,76 77 57,0,15,,213300,47,0,76 77 57,0,16,,213299,47,0,76 77 57,0,15,,213298,47,0,76 77 57,0,56,,213310,47,0,76 77 57,0,16,,213309,47,0,76 77 57,0,15,,213308,47,0,76 77 57,0,15,,213307,47,0,76 77 57,0,55,,213306,47,0,76 77 57,0,15,,213305,47,0,76 77 57,0,15,,213304,47,0,76 77 57,0,12,,213303,47,0,76 77 57,0,52,,213352,47,0,76 77 57,0,12,,213302,47,0,76 77 57,0,12,,213294,47,0,76 77 57,0,13,,213293,47,0,76 77 57,0,13,,213346,47,0,76 77 57,0,52,,213292,47,0,76 77 57,0,12,,213314,47,0,76 77 57,0,12,,213315,47,0,76 77 57,0,12,,213316,47,0,76 77 57,0,12,,213347,47,0,76 77 57,0,52,,213317,47,0,76 77 57,0,12,,213318,47,0,76 77 57,0,12,,213319,47,0,76 77 57,0,10,,213320,47,0,76 77 57,0,10,,213348,47,0,76 77 57,0,50,,213321,47,0,76 77 57,0,10,,213322,47,0,76 77 57,0,10,,213360,47,0,76 77 57,0,10,,213323,47,0,76 77 57,0,10,,213324,47,0,76 77 57,0,10,,213349,47,0,76 77 57,0,50,,213361,47,0,76 77 57,0,10,,213325,47,0,76 77 57,0,10,,213326,47,0,76 77 57,0,10,,213327,47,0,76 77 57,0,12,,213328,47,0,76 77 57,0,11,,213353,47,0,76 77 57,0,52,,213329,47,0,76 77 57,0,12,,213330,47,0,76 77 57,0,11,,213331,47,0,76 77 57,0,12,,213332,47,0,76 77 57,0,12,,213354,47,0,76 77 57,0,52,,213333,47,0,76 77 57,0,12,,213334,47,0,76 77 57,0,12,,213335,47,0,76 77 57,0,12,,213355,47,0,76 77 57,0,8,,213336,47,0,76 77 89,0,54,,213337,47,0,76 77 57,0,11,,213338,47,0,76 77 57,0,10,,213339,47,0,76 77 57,0,10,,213362,47,0,76 77 57,0,6,,213340,47,0,76 77 89,0,15,,213341,47,0,76 77 57,0,49,,213342,47,0,76 77 57,0,11,,213357,47,0,76 77 57,0,12,,213343,47,0,76 77 57,0,15,,213344,47,0,76 77 57,0,15,,213345,47,0,76 77 57,0,52,,213297,47,0,76 77 89,0,17,,213282,47,0,76 77 57,0,15,,213296,47,0,76 77 57,0,14,,213350,47,0,76 77 89,0,57,,213295,47,0,76 77 57,0,15,,213356,47,0,76 77 57,0,16,,213275,47,0,76 77 57,0,59,,213358,47,0,76 77 89,0,24,,213274,47,0,76 77 57,0,24,,213273,47,0,76 77 57,0,76,,213278,47,0,76 77 57,0
671401,'1',636,,215529,36,,,0,12,,215569,36,,,0,52,,215559,36,,,0,12,,215561,36,,,0,15,,215562,36,,,0,15,,215560,36,,,0,59,,215528,36,,,0,15,,215534,36,,,0,16,,215557,36,,,0,15,,215535,36,,,0,56,,215536,36,,,0,16,,215537,36,,,0,14,,215558,36,,,0,14,,215538,36,,,0,54,,215539,36,,,0,16,,215540,36,,,0,15,,215541,36,,,0,15,,215568,36,,,0,63,,215542,36,,,0,30,,215543,36,,,0,70,,215544,36,,,0,31,,215545,36,,,0,71,,215546,36,,,0,30,,215547,36,,,0,72,,215549,36,,,0,30,,215531,36,,,0,74,,215532,36,,,0,20,,215530,36,,,0,62,,215533,36,,,0,20,,215526,36,,,0,18,,215571,36,,,0,15,,215563,36,,,0,56,,215554,36,,,0,16,,215527,36,,,0,16,,215550,36,,,0,15,,215564,36,,,0,55,,215555,36,,,0,12,,215573,36,,,0,6,,215548,36,,,0,10,,215574,36,,,0,10,,215566,36,,,0,6,,215565,36,,,0,52,,215556,36,,,0,13,,215552,36,,,0,13,,215572,36,,,0,15,,215567,36,,,0,55,,215553,36,,,0,18,,215551,36,,,0,20,,215525,36,,,0,59,,215570,36,,,0,20,,215522,36,,,0,22,,215524,36,,,0,60,,215523,36,,,0
671501,'1',550,,215793,16,,,0,62,,215794,16,,,0,17,,215795,16,,,0,10,,215796,16,,,0,10,,215797,16,,,0,53,,215798,16,,,0,10,,215799,16,,,0,11,,215800,16,,,0,10,,215801,16,,,0,12,,215802,16,,,0,10,,215803,16,,,0,50,,215804,16,,,0,14,,215805,16,,,0,12,,215806,16,,,0,12,,215807,16,,,0,13,,215808,16,,,0,51,,215809,16,,,0,12,,215810,16,,,0,13,,215811,16,,,0,15,,215812,16,,,0,55,,215813,16,,,0,16,,215814,16,,,0,15,,215815,16,,,0,17,,215816,16,,,0,55,,215817,16,,,0,15,,215818,16,,,0,15,,215819,16,,,0,18,,215820,16,,,0,56,,215821,16,,,0,14,,215822,16,,,0,14,,215823,16,,,0,15,,215824,16,,,0,55,,215825,16,,,0,16,,215826,16,,,0,15,,215827,16,,,0,15,,215828,16,,,0,55,,215829,16,,,0,15,,215830,16,,,0,10,,215831,16,,,0,12,,215832,16,,,0,10,,215833,16,,,0,52,,215834,16,,,0,14,,215835,16,,,0,12,,215836,16,,,0,12,,215837,16,,,0,56,,215838,16,,,0,14,,215839,16,,,0,12,,215840,16,,,0,12,,215841,16,,,0,12,,215842,16,,,0,51,,215843,16,,,0,10,,215844,16,,,0,9,,215845,16,,,0,10,,215846,16,,,0,10,,215847,16,,,0,12,,215848,16,,,0,51,,215849,16,,,0,12,,215850,16,,,0,10,,215851,16,,,0,12,,215852,16,,,0,11,,215853,16,,,0,9,,215854,16,,,0,52,,215855,16,,,0,10,,215856,16,,,0,12,,215857,16,,,0,12,,215858,16,,,0,13,,215859,16,,,0,55,,215860,16,,,0,14,,215861,16,,,0,15,,215862,16,,,0,15,,215863,16,,,0,55,,215864,16,,,0,15,,215865,16,,,0,15,,215866,16,,,0,61,,215867,16,,,0,30,,215868,16,,,0,68,,215869,16,,,0,30,,215870,16,,,0,70,,215871,16,,,0,30,,215872,16,,,0,27,,215873,16,,,0,83,,215874,16,,,0,100,,215875,16,,,0
671501,'2',558,,215921,16,,,0,60,,215920,16,,,0,20,,215919,16,,,0,20,,215918,16,,,0,62,,215900,16,,,0,20,,215917,16,,,0,15,,215899,16,,,0,55,,215916,16,,,0,15,,215898,16,,,0,17,,215915,16,,,0,15,,215897,16,,,0,54,,215914,16,,,0,15,,215896,16,,,0,18,,215913,16,,,0,15,,215895,16,,,0,56,,215942,16,,,0,15,,215894,16,,,0,19,,215941,16,,,0,56,,215893,16,,,0,16,,215940,16,,,0,15,,215892,16,,,0,16,,215943,16,,,0,55,,215891,16,,,0,15,,215939,16,,,0,15,,215890,16,,,0,17,,215938,16,,,0,55,,215889,16,,,0,15,,215937,16,,,0,15,,215888,16,,,0,15,,215936,16,,,0,55,,215887,16,,,0,15,,215935,16,,,0,15,,215886,16,,,0,15,,215934,16,,,0,55,,215885,16,,,0,16,,215912,16,,,0,15,,215884,16,,,0,15,,215911,16,,,0,57,,215922,16,,,0,16,,215910,16,,,0,15,,215883,16,,,0,16,,215909,16,,,0,54,,215882,16,,,0,15,,215908,16,,,0,14,,215881,16,,,0,15,,215907,16,,,0,55,,215880,16,,,0,15,,215906,16,,,0,15,,215879,16,,,0,13,,215905,16,,,0,55,,215878,16,,,0,14,,215904,16,,,0,15,,215877,16,,,0,12,,215903,16,,,0,55,,215876,16,,,0,13,,215924,16,,,0,15,,215933,16,,,0,15,,215902,16,,,0,55,,215932,16,,,0,15,,215931,16,,,0,15,,215944,16,,,0,15,,215901,16,,,0,55,,215930,16,,,0,21,,215945,16,,,0,20,,215929,16,,,0,64,,215923,16,,,0,40,,215928,16,,,0,70,,215946,16,,,0,28,,215927,16,,,0,93,,215926,16,,,0,90,,215925,16,,,0
671501,'3',558,,215992,16,,,0,59,,215991,16,,,0,20,,215990,16,,,0,20,,215989,16,,,0,60,,215971,16,,,0,20,,215988,16,,,0,18,,215970,16,,,0,55,,215987,16,,,0,16,,215969,16,,,0,15,,215986,16,,,0,16,,215968,16,,,0,55,,215985,16,,,0,15,,215967,16,,,0,16,,215984,16,,,0,15,,215966,16,,,0,56,,216013,16,,,0,15,,215965,16,,,0,15,,216012,16,,,0,15,,215964,16,,,0,55,,216011,16,,,0,16,,215963,16,,,0,16,,216014,16,,,0,55,,215962,16,,,0,15,,216010,16,,,0,15,,215961,16,,,0,16,,216009,16,,,0,55,,215960,16,,,0,15,,216008,16,,,0,15,,215959,16,,,0,16,,216007,16,,,0,55,,215958,16,,,0,15,,216006,16,,,0,15,,215957,16,,,0,17,,216005,16,,,0,55,,215956,16,,,0,16,,215983,16,,,0,15,,215955,16,,,0,15,,215982,16,,,0,55,,215993,16,,,0,15,,215981,16,,,0,15,,215954,16,,,0,15,,215980,16,,,0,55,,215953,16,,,0,14,,215979,16,,,0,15,,215952,16,,,0,15,,215978,16,,,0,54,,215951,16,,,0,14,,215977,16,,,0,15,,215950,16,,,0,15,,215976,16,,,0,55,,215949,16,,,0,13,,215975,16,,,0,15,,215948,16,,,0,15,,215974,16,,,0,55,,215947,16,,,0,15,,215995,16,,,0,15,,216004,16,,,0,13,,215973,16,,,0,15,,216003,16,,,0,55,,216002,16,,,0,17,,216015,16,,,0,14,,215972,16,,,0,55,,216001,16,,,0,22,,216016,16,,,0,20,,216000,16,,,0,65,,215994,16,,,0,44,,215999,16,,,0,70,,216017,16,,,0,25,,215998,16,,,0,94,,215997,16,,,0,90,,215996,16,,,0
675401,'101',746,,220858,12,0,32,0
732101,'1',615,,225688,43,0,76 77 89,0,31,,225684,43,0,76 77 89,0,75,,225659,43,0,76 77 89,0,37,,225660,43,0,76 77 89,0,72,,225672,43,0,76 77 89,0,71,,225683,43,0,76 77 89,0,32,,225673,43,0,76 77 89,0,71,,225667,43,0,76 77 89,0,31,,225674,43,0,76 77 89,0,70,,225662,43,0,76 77 89,0,30,,225675,43,0,76 77 89,0,70,,225668,43,0,76 77 89,0,30,,225676,43,0,76 77 89,0,69,,225663,43,0,76 77 89,0,28,,225677,43,0,76 77 89,0,71,,225669,43,0,76 77 89,0,32,,225678,43,0,76 77 89,0,71,,225664,43,0,76 77 89,0,31,,225679,43,0,76 77 89,0,73,,225670,43,0,76 77 89,0,32,,225680,43,0,76 77 89,0,70,,225665,43,0,76 77 89,0,29,,225681,43,0,76 77 89,0,71,,225671,43,0,76 77 89,0,31,,225682,43,0,76 77 89,0,72,,225666,43,0,76 77 89,0,28,,225685,43,0,76 77 89,0,71,,225689,43,0,76 77 89,0,33,,225686,43,0,76 77 89,0,70,,225690,43,0,76 77 89,0,27,,225687,43,0,76 77 89,0,97,,225661,43,0,76 77 89,0,99,,225658,43,0,76 77 89,0,107,,225691,43,0,76 77 89,0
732101,'2',620,,225730,43,0,76 77 89,0,31,,225714,43,0,76 77 89,0,70,,225713,43,0,76 77 89,0,29,,225712,43,0,76 77 89,0,60,,225711,43,0,76 77 89,0,20,,225731,43,0,76 77 89,0,20,,225710,43,0,76 77 89,0,69,,225709,43,0,76 77 89,0,29,,225719,43,0,76 77 89,0,69,,225708,43,0,76 77 89,0,33,,225718,43,0,76 77 89,0,61,,225729,43,0,76 77 89,0,20,,225695,43,0,76 77 89,0,20,,225717,43,0,76 77 89,0,60,,225707,43,0,76 77 89,0,20,,225722,43,0,76 77 89,0,20,,225716,43,0,76 77 89,0,59,,225706,43,0,76 77 89,0,20,,225723,43,0,76 77 89,0,21,,225715,43,0,76 77 89,0,60,,225705,43,0,76 77 89,0,20,,225724,43,0,76 77 89,0,21,,225694,43,0,76 77 89,0,60,,225704,43,0,76 77 89,0,20,,225725,43,0,76 77 89,0,20,,225693,43,0,76 77 89,0,60,,225701,43,0,76 77 89,0,19,,225726,43,0,76 77 89,0,20,,225692,43,0,76 77 89,0,60,,225700,43,0,76 77 89,0,22,,225727,43,0,76 77 89,0,20,,225721,43,0,76 77 89,0,60,,225699,43,0,76 77 89,0,20,,225728,43,0,76 77 89,0,70,,225720,43,0,76 77 89,0,28,,225698,43,0,76 77 89,0,71,,225732,43,0,76 77 89,0,31,,225697,43,0,76 77 89,0,72,,225733,43,0,76 77 89,0,30,,225696,43,0,76 77 89,0,109,,225702,43,0,76 77 89,0,99,,225703,43,0,76 77 89,0,99,,225734,43,0,76 77 89,0
732101,'3',728,,225761,43,0,76 77 89,0,29,,225760,43,0,76 77 89,0,71,,225759,43,0,76 77 89,0,30,,225758,43,0,76 77 89,0,70,,225757,43,0,76 77 89,0,31,,225756,43,0,76 77 89,0,70,,225755,43,0,76 77 89,0,30,,225739,43,0,76 77 89,0,70,,225754,43,0,76 77 89,0,20,,225738,43,0,76 77 89,0,60,,225753,43,0,76 77 89,0,20,,225762,43,0,76 77 89,0,21,,225737,43,0,76 77 89,0,60,,225752,43,0,76 77 89,0,20,,225763,43,0,76 77 89,0,20,,225736,43,0,76 77 89,0,60,,225751,43,0,76 77 89,0,22,,225764,43,0,76 77 89,0,21,,225735,43,0,76 77 89,0,60,,225750,43,0,76 77 89,0,20,,225765,43,0,76 77 89,0,20,,225743,43,0,76 77 89,0,60,,225749,43,0,76 77 89,0,20,,225766,43,0,76 77 89,0,21,,225742,43,0,76 77 89,0,60,,225748,43,0,76 77 89,0,19,,225767,43,0,76 77 89,0,20,,225741,43,0,76 77 89,0,61,,225747,43,0,76 77 89,0,21,,225768,43,0,76 77 89,0,20,,225740,43,0,76 77 89,0,60,,225769,43,0,76 77 89,0,20,,225746,43,0,76 77 89,0,66,,225770,43,0,76 77 89,0,32,,225745,43,0,76 77 89,0,73,,225771,43,0,76 77 89,0,32,,225744,43,0,76 77 89,0,101,,225772,43,0,76 77 89,0,103,,225773,43,0,76 77 89,0,101,,225774,43,0,76 77 89,0
1870501,'1',616,,228808,50,,,0,11,,228766,50,,,0,15,,228768,50,,,0,16,,228803,50,,,0,57,,228793,50,,,0,23,,228767,50,,,0,62,,228794,50,,,0,20,,228769,50,,,0,21,,228770,50,,,0,61,,228795,50,,,0,20,,228771,50,,,0,20,,228772,50,,,0,60,,228796,50,,,0,20,,228773,50,,,0,20,,228774,50,,,0,60,,228804,50,,,0,20,,228775,50,,,0,24,,228776,50,,,0,72,,228789,50,,,0,31,,228777,50,,,0,70,,228765,50,,,0,30,,228778,50,,,0,71,,228779,50,,,0,30,,228780,50,,,0,59,,228801,50,,,0,17,,228781,50,,,0,23,,228782,50,,,0,56,,228797,50,,,0,17,,228783,50,,,0,14,,228802,50,,,0,17,,228784,50,,,0,57,,228798,50,,,0,21,,228785,50,,,0,20,,228786,50,,,0,60,,228799,50,,,0,19,,228788,50,,,0,21,,228787,50,,,0,58,,228800,50,,,0,18,,228790,50,,,0,21,,228791,50,,,0,62,,228792,50,,,0,27,,228762,50,,,0,70,,228763,50,,,0,30,,228764,50,,,0,93,,228805,50,,,0,100,,228806,50,,,0,100,,228807,50,,,0
1870501,'2',632,,228809,50,,,0,27,,228813,50,,,0,67,,228814,50,,,0,31,,228815,50,,,0,71,,228816,50,,,0,72,,228817,50,,,0,29,,228818,50,,,0,71,,228819,50,,,0,30,,228820,50,,,0,72,,228821,50,,,0,30,,228822,50,,,0,73,,228823,50,,,0,30,,228824,50,,,0,70,,228825,50,,,0,32,,228826,50,,,0,70,,228827,50,,,0,30,,228828,50,,,0,70,,228829,50,,,0,30,,228830,50,,,0,68,,228831,50,,,0,30,,228832,50,,,0,67,,228833,50,,,0,27,,228834,50,,,0,30,,228835,50,,,0,70,,228836,50,,,0,30,,228837,50,,,0,70,,228838,50,,,0,28,,228839,50,,,0,73,,228840,50,,,0,73,,228841,50,,,0,34,,228842,50,,,0,98,,228810,50,,,0,100,,228811,50,,,0,100,,228812,50,,,0
1870501,'3',629,,228869,50,,,0,30,,228870,50,,,0,70,,228871,50,,,0,30,,228872,50,,,0,71,,228843,50,,,0,71,,228844,50,,,0,32,,228845,50,,,0,70,,228846,50,,,0,31,,228847,50,,,0,71,,228848,50,,,0,30,,228849,50,,,0,70,,228850,50,,,0,30,,228851,50,,,0,70,,228852,50,,,0,30,,228853,50,,,0,73,,228854,50,,,0,32,,228855,50,,,0,72,,228856,50,,,0,30,,228857,50,,,0,70,,228858,50,,,0,30,,228859,50,,,0,70,,228860,50,,,0,30,,228861,50,,,0,70,,228862,50,,,0,29,,228863,50,,,0,69,,228864,50,,,0,30,,228865,50,,,0,69,,228866,50,,,0,30,,228867,50,,,0,70,,228873,50,,,0,30,,228868,50,,,0,96,,228874,50,,,0,100,,228875,50,,,0,100,,228876,50,,,0
