670800,'1',529,,214302,14,,,0,20,,214298,15,,,0,58,,214272,15,,,0,17,,214277,14,,,0,16,,214300,14,,,0,17,,214267,14,,,0,63,,214299,15,,,0,12,,214306,15,,,0,15,,214301,14,,,0,55,,214279,15,,,0,17,,214262,15,,,0,18,,214278,15,,,0,18,,214264,15,,,0,69,,214269,15,,,0,29,,214270,15,,,0,70,,214282,15,,,0,30,,214265,15,,,0,70,,214283,15,,,0,30,,214288,15,,,0,70,,214284,15,,,0,30,,214271,15,,,0,70,,214285,15,,,0,31,,214295,15,,,0,70,,214286,15,,,0,30,,214273,14,,,0,59,,214275,15,,,0,19,,214280,15,,,0,80,,214261,15,,,0,20,,214276,15,,,0,20,,214289,15,,,0,57,,214303,15,,,0,16,,214290,15,,,0,16,,214291,15,,,0,14,,214281,15,,,0,55,,214304,15,,,0,15,,214292,15,,,0,16,,214293,15,,,0,15,,214305,15,,,0,55,,214274,15,,,0,16,,214297,15,,,0,19,,214307,15,,,0,60,,214296,15,,,0,20,,214287,15,,,0,19,,214308,15,,,0,60,,214266,15,,,0,99,,214268,15,,,0,100,,214294,15,,,0,103,,214263,15,,,0
670800,'101',710,,214259,15,,,0,790,,214260,9,,,0,52,,214258,15,,,0
670800,'2',548,,214345,14,,,0,56,,214344,14,,,0,17,,214333,14,,,0,20,,214346,14,,,0,60,,214332,15,,,0,20,,214317,14,,,0,20,,214347,15,,,0,61,,214331,15,,,0,30,,214316,15,,,0,70,,214330,15,,,0,30,,214311,15,,,0,70,,214329,15,,,0,30,,214337,15,,,0,70,,214328,15,,,0,31,,214315,15,,,0,70,,214327,15,,,0,30,,214313,15,,,0,70,,214326,15,,,0,31,,214312,15,,,0,70,,214325,15,,,0,29,,214338,15,,,0,69,,214324,15,,,0,31,,214348,15,,,0,71,,214323,15,,,0,30,,214341,15,,,0,70,,214322,14,,,0,30,,214314,15,,,0,70,,214321,15,,,0,29,,214343,15,,,0,68,,214320,15,,,0,29,,214342,15,,,0,70,,214319,15,,,0,29,,214340,15,,,0,73,,214318,15,,,0,33,,214339,15,,,0,96,,214336,15,,,0,99,,214335,15,,,0,99,,214334,15,,,0
670800,'201',710,,214309,15,,,0,842,,214310,14,,,0
670800,'3',629,,214349,14,,,0,21,,214380,14,,,0,60,,214379,15,,,0,20,,214378,15,,,0,70,,214357,15,,,0,31,,214377,15,,,0,70,,214367,15,,,0,30,,214376,15,,,0,70,,214366,15,,,0,30,,214375,15,,,0,71,,214362,15,,,0,30,,214374,15,,,0,70,,214361,15,,,0,23,,214373,14,,,0,20,,214383,15,,,0,60,,214360,15,,,0,20,,214384,14,,,0,20,,214372,15,,,0,60,,214359,15,,,0,20,,214371,15,,,0,20,,214385,15,,,0,60,,214363,15,,,0,20,,214354,15,,,0,20,,214386,15,,,0,60,,214358,15,,,0,20,,214353,15,,,0,20,,214387,15,,,0,60,,214364,15,,,0,20,,214381,15,,,0,21,,214388,15,,,0,61,,214370,15,,,0,21,,214352,15,,,0,21,,214382,15,,,0,61,,214365,15,,,0,29,,214351,15,,,0,70,,214355,15,,,0,29,,214350,15,,,0,73,,214369,15,,,0,90,,214356,15,,,0,99,,214368,15,,,0,59,,214389,15,,,0
670901,'1',518,,214594,22,,,0,22,,214584,22,,,0,61,,214596,22,,,0,20,,214585,22,,,0,83,,214592,22,,,0,19,,214597,22,,,0,20,,214601,22,,,0,57,,214573,22,,,0,15,,214576,22,,,0,21,,214598,22,,,0,20,,214575,22,,,0,70,,214599,22,,,0,29,,214574,22,,,0,100,,214588,22,,,0,100,,214589,22,,,0,102,,214591,22,,,0,101,,214600,22,,,0,78,,214590,22,,,0,70,,214595,22,,,0,31,,214586,22,,,0,69,,214578,22,,,0,24,,214572,22,,,0,70,,214579,22,,,0,30,,214580,22,,,0,27,,214581,22,,,0,71,,214582,22,,,0,76,,214577,22,,,0,32,,214593,22,,,0,105,,214583,22,,,0,106,,214587,22,,,0
670901,'101',643,,214571,22,,,0
670901,'2',819,,214615,22,,,0,99,,214613,22,,,0,100,,214612,22,,,0,101,,214610,22,,,0,102,,214609,22,,,0,101,,214608,22,,,0,100,,214607,22,,,0,100,,214611,22,,,0,100,,214604,22,,,0,100,,214606,22,,,0,100,,214614,22,,,0,98,,214605,22,,,0,99,,214603,22,,,0,103,,214616,22,,,0
670901,'201',643,,214602,22,,,0
670901,'3',1140,,214618,22,,,0,105,,214623,22,,,0,105,,214624,22,,,0,102,,214620,22,,,0,100,,214619,22,,,0,100,,214621,22,,,0,99,,214617,22,,,0,99,,214627,22,,,0,100,,214622,22,,,0,95,,214626,22,,,0,95,,214625,22,,,0
