670400,'1',630,,212324,54,,,0,70,,212322,54,,,0,16,,212379,54,,,0,32,,212390,54,,,0,74,,212376,54,,,0,30,,212319,54,,,0,68,,212360,54,,,0,26,,212358,54,,,0,68,,212345,54,,,0,28,,212338,54,,,0,70,,212336,54,,,0,30,,212334,54,,,0,70,,212332,54,,,0,29,,212354,54,,,0,70,,212352,54,,,0,31,,212350,54,,,0,70,,212318,54,,,0,32,,212316,54,,,0,74,,212314,54,,,0,31,,212386,54,,,0,71,,212385,54,,,0,15,,212375,54,,,0,16,,212384,54,,,0,55,,212388,54,,,0,15,,212383,54,,,0,15,,212327,54,,,0,15,,212381,54,,,0,53,,212389,54,,,0,12,,212347,54,,,0,15,,212331,54,,,0,10,,212377,54,,,0,12,,212330,54,,,0,52,,212329,54,,,0,12,,212325,54,,,0,22,,212378,54,,,0,62,,212373,54,,,0,24,,212371,54,,,0,23,,212369,54,,,0,68,,212326,54,,,0,27,,212366,54,,,0,70,,212328,54,,,0,89,,212363,54,,,0,99,,212344,54,,,0,57,,212342,54,,,0,97,,212340,54,,,0,102,,212339,54,,,0
670400,'2',658,,212437,54,,,0,70,,212411,54,,,0,80,,212412,54,,,0,32,,212413,54,,,0,77,,212415,54,,,0,30,,212416,54,,,0,70,,212417,54,,,0,27,,212418,54,,,0,70,,212414,54,,,0,30,,212410,54,,,0,68,,212439,54,,,0,30,,212419,54,,,0,69,,212442,54,,,0,29,,212444,54,,,0,70,,212446,54,,,0,34,,212448,54,,,0,71,,212450,54,,,0,31,,212452,54,,,0,71,,212454,54,,,0,30,,212425,54,,,0,71,,212457,54,,,0,30,,212459,54,,,0,72,,212434,54,,,0,31,,212460,54,,,0,71,,212391,54,,,0,28,,212392,54,,,0,68,,212432,54,,,0,23,,212395,54,,,0,101,,212398,54,,,0,92,,212400,54,,,0,107,,212403,54,,,0,98,,212405,54,,,0,111,,212407,54,,,0,154,,212408,54,,,0
670400,'3',650,,212483,54,,,0,107,,212463,54,,,0,60,,212481,54,,,0,30,,212519,54,,,0,72,,212478,54,,,0,30,,212491,54,,,0,71,,212489,54,,,0,31,,212501,54,,,0,71,,212521,54,,,0,32,,212494,54,,,0,70,,212513,54,,,0,30,,212487,54,,,0,71,,212505,54,,,0,30,,212508,54,,,0,71,,212492,54,,,0,30,,212520,54,,,0,71,,212509,54,,,0,29,,212462,54,,,0,70,,212512,54,,,0,31,,212518,54,,,0,72,,212461,54,,,0,30,,212493,54,,,0,69,,212523,54,,,0,26,,212486,54,,,0,70,,212522,54,,,0,28,,212506,54,,,0,72,,212495,54,,,0,31,,212507,54,,,0,150,,212488,54,,,0,99,,212496,54,,,0,100,,212500,54,,,0,130,,212467,54,,,0,71,,212510,54,,,0
673701,'1',556,,218802,37,,,0,50,,218803,37,,,0,10,,218766,37,,,0,13,,218800,37,,,0,12,,218801,37,,,0,10,,218765,37,,,0,50,,218804,37,,,0,10,,218767,37,,,0,10,,218821,37,,,0,33,,218805,37,,,0,53,,218822,37,,,0,9,,218823,37,,,0,9,,218806,37,,,0,11,,218807,37,,,0,9,,218808,37,,,0,12,,218783,37,,,0,49,,218825,37,,,0,15,,218784,37,,,0,15,,218785,37,,,0,15,,218824,37,,,0,54,,218786,37,,,0,24,,218787,37,,,0,29,,218788,37,,,0,70,,218789,37,,,0,30,,218790,37,,,0,70,,218791,37,,,0,21,,218792,37,,,0,61,,218793,37,,,0,18,,218794,37,,,0,18,,218795,37,,,0,60,,218796,37,,,0,16,,218797,37,,,0,17,,218798,37,,,0,15,,218799,37,,,0,58,,218780,37,,,0,15,,218781,37,,,0,20,,218782,37,,,0,12,,218769,37,,,0,52,,218811,37,,,0,15,,218812,37,,,0,15,,218813,37,,,0,17,,218768,37,,,0,55,,218814,37,,,0,15,,218815,37,,,0,15,,218816,37,,,0,14,,218817,37,,,0,53,,218818,37,,,0,10,,218826,37,,,0,12,,218819,37,,,0,14,,218770,37,,,0,57,,218810,37,,,0,16,,218771,37,,,0,24,,218772,37,,,0,68,,218809,37,,,0,29,,218773,37,,,0,71,,218774,37,,,0,29,,218775,37,,,0,70,,218776,37,,,0,27,,218820,37,,,0,69,,218777,37,,,0,100,,218778,37,,,0,115,,218779,37,,,0
673701,'101',734,,218762,37,,,0,10,,218763,37,,,0,109,,218764,38,,,0,691,,218761,38,,,0
673701,'2',648,,218829,37,,,0,60,,218830,37,,,0,21,,218831,37,,,0,20,,218832,37,,,0,62,,218833,37,,,0,22,,218834,37,,,0,20,,218835,37,,,0,61,,218836,37,,,0,21,,218837,37,,,0,20,,218838,37,,,0,62,,218839,37,,,0,22,,218840,37,,,0,20,,218841,37,,,0,62,,218842,37,,,0,21,,218843,37,,,0,60,,218844,37,,,0,20,,218845,37,,,0,22,,218846,37,,,0,60,,218847,37,,,0,23,,218848,37,,,0,20,,218849,37,,,0,60,,218850,37,,,0,20,,218851,37,,,0,20,,218852,37,,,0,60,,218853,37,,,0,18,,218854,37,,,0,19,,218855,37,,,0,15,,218856,37,,,0,53,,218875,37,,,0,15,,218857,37,,,0,15,,218858,37,,,0,15,,218859,37,,,0,55,,218876,37,,,0,15,,218860,37,,,0,15,,218874,37,,,0,71,,218861,37,,,0,29,,218862,37,,,0,69,,218863,37,,,0,29,,218864,37,,,0,67,,218865,37,,,0,29,,218866,37,,,0,70,,218867,37,,,0,28,,218868,37,,,0,69,,218869,37,,,0,31,,218870,37,,,0,67,,218871,37,,,0,58,,218872,37,,,0,163,,218873,37,,,0
673701,'201',734,,218827,37,,,0,10,,218828,37,,,0
673701,'3',631,,218889,37,,,0,70,,218888,37,,,0,31,,218887,37,,,0,74,,218886,37,,,0,30,,218882,37,,,0,70,,218884,37,,,0,33,,218881,37,,,0,71,,218885,37,,,0,31,,218900,37,,,0,72,,218891,37,,,0,31,,218894,37,,,0,70,,218890,37,,,0,30,,218902,37,,,0,62,,218880,37,,,0,20,,218913,37,,,0,21,,218892,37,,,0,71,,218879,37,,,0,30,,218883,37,,,0,70,,218878,37,,,0,30,,218904,37,,,0,59,,218877,37,,,0,20,,218910,37,,,0,20,,218899,37,,,0,60,,218908,37,,,0,19,,218907,37,,,0,18,,218909,37,,,0,69,,218896,37,,,0,30,,218906,37,,,0,58,,218897,37,,,0,20,,218911,37,,,0,18,,218903,37,,,0,69,,218912,37,,,0,30,,218898,37,,,0,71,,218895,37,,,0,105,,218905,37,,,0,104,,218901,37,,,0,110,,218893,37,,,0
673800,'1',603,,218995,27,,,0,12,,218997,27,,,0,11,,218994,27,,,0,13,,218996,27,,,0,12,,218968,27,,,0,51,,218923,27,,,0,12,,218967,27,,,0,12,,218958,27,,,0,14,,218939,27,,,0,15,,218999,27,,,0,52,,218964,27,,,0,14,,218922,27,,,0,13,,218931,27,,,0,12,,218924,27,,,0,54,,218917,27,,,0,14,,218963,27,,,0,14,,218985,27,,,0,15,,218984,27,,,0,15,,218986,27,,,0,55,,218962,27,,,0,15,,218942,27,,,0,15,,218972,27,,,0,57,,218966,27,,,0,15,,218971,27,,,0,15,,218946,27,,,0,15,,218970,27,,,0,55,,218941,27,,,0,15,,218969,27,,,0,16,,218989,27,,,0,15,,218976,27,,,0,55,,218950,27,,,0,15,,218930,27,,,0,17,,218949,27,,,0,15,,218929,27,,,0,57,,218947,27,,,0,15,,218928,27,,,0,17,,218927,27,,,0,16,,218948,27,,,0,56,,218961,27,,,0,15,,218956,27,,,0,18,,218921,27,,,0,15,,218952,27,,,0,57,,218959,27,,,0,16,,218936,27,,,0,12,,218940,27,,,0,12,,218944,27,,,0,53,,218934,27,,,0,12,,218960,27,,,0,12,,218935,27,,,0,11,,219000,27,,,0,12,,218951,27,,,0,62,,218957,27,,,0,10,,218955,27,,,0,10,,218965,27,,,0,12,,218975,27,,,0,10,,219001,27,,,0,47,,218937,27,,,0,12,,218945,27,,,0,9,,218998,27,,,0,10,,218983,27,,,0,10,,218926,27,,,0,8,,218954,27,,,0,50,,218915,27,,,0,10,,218978,27,,,0,8,,218953,27,,,0,15,,218982,27,,,0,15,,218943,27,,,0,55,,218980,27,,,0,14,,218987,27,,,0,15,,218977,27,,,0,13,,218938,27,,,0,55,,218933,27,,,0,15,,218932,27,,,0,15,,218916,27,,,0,13,,218988,27,,,0,58,,218993,27,,,0,20,,218974,27,,,0,20,,218981,27,,,0,59,,218920,27,,,0,20,,218973,27,,,0,20,,218979,27,,,0,58,,218919,27,,,0,20,,218990,27,,,0,20,,218991,27,,,0,65,,218918,27,,,0,23,,218992,27,,,0,26,,218925,27,,,0
673800,'101',1806,,218914,27,,,0
673800,'2',645,,219020,27,,,0,55,,219021,27,,,0,15,,219022,27,,,0,15,,219023,27,,,0,15,,219024,27,,,0,55,,219025,27,,,0,17,,219042,27,,,0,15,,219026,27,,,0,15,,219041,27,,,0,55,,219027,27,,,0,15,,219028,27,,,0,17,,219065,27,,,0,14,,219030,27,,,0,56,,219076,27,,,0,15,,219031,27,,,0,16,,219066,27,,,0,15,,219032,27,,,0,57,,219075,27,,,0,15,,219033,27,,,0,15,,219011,27,,,0,15,,219034,27,,,0,56,,219074,27,,,0,15,,219035,27,,,0,17,,219012,27,,,0,15,,219045,27,,,0,56,,219073,27,,,0,15,,219046,27,,,0,16,,219053,27,,,0,15,,219047,27,,,0,56,,219072,27,,,0,15,,219048,27,,,0,14,,219014,27,,,0,15,,219049,27,,,0,55,,219071,27,,,0,15,,219050,27,,,0,14,,219067,27,,,0,15,,219051,27,,,0,55,,219070,27,,,0,15,,219052,27,,,0,15,,219043,27,,,0,15,,219054,27,,,0,55,,219069,27,,,0,15,,219055,27,,,0,15,,219044,27,,,0,15,,219056,27,,,0,53,,219039,27,,,0,15,,219057,27,,,0,14,,219038,27,,,0,15,,219058,27,,,0,53,,219068,27,,,0,13,,219059,27,,,0,11,,219081,27,,,0,12,,219013,27,,,0,12,,219063,27,,,0,52,,219064,27,,,0,12,,219060,27,,,0,11,,219082,27,,,0,12,,219040,27,,,0,11,,219061,27,,,0,52,,219018,27,,,0,12,,219062,27,,,0,13,,219037,27,,,0,15,,219009,27,,,0,13,,219016,27,,,0,55,,219006,27,,,0,15,,219015,27,,,0,15,,219008,27,,,0,13,,219019,27,,,0,55,,219005,27,,,0,15,,219017,27,,,0,15,,219007,27,,,0,14,,219029,27,,,0,55,,219004,27,,,0,20,,219010,27,,,0,19,,219003,27,,,0,60,,219036,27,,,0,30,,219080,27,,,0,68,,219079,27,,,0,32,,219078,27,,,0,73,,219077,27,,,0
673800,'201',1806,,219002,27,,,0
673800,'3',637,,219090,27,,,0,14,,219091,27,,,0,54,,219092,27,,,0,15,,219093,27,,,0,15,,219094,27,,,0,15,,219095,27,,,0,55,,219096,27,,,0,16,,219097,27,,,0,16,,219124,27,,,0,17,,219098,27,,,0,56,,219141,27,,,0,16,,219099,27,,,0,16,,219086,27,,,0,16,,219100,27,,,0,55,,219142,27,,,0,16,,219101,27,,,0,15,,219083,27,,,0,56,,219102,27,,,0,15,,219144,27,,,0,16,,219122,27,,,0,15,,219088,27,,,0,57,,219103,27,,,0,15,,219087,27,,,0,15,,219104,27,,,0,15,,219143,27,,,0,56,,219105,27,,,0,15,,219085,27,,,0,16,,219106,27,,,0,15,,219138,27,,,0,55,,219107,27,,,0,15,,219126,27,,,0,15,,219116,27,,,0,15,,219125,27,,,0,55,,219117,27,,,0,15,,219127,27,,,0,12,,219118,27,,,0,15,,219123,27,,,0,57,,219084,27,,,0,15,,219128,27,,,0,15,,219135,27,,,0,14,,219139,27,,,0,55,,219119,27,,,0,16,,219089,27,,,0,15,,219120,27,,,0,15,,219140,27,,,0,54,,219145,27,,,0,15,,219146,27,,,0,15,,219147,27,,,0,15,,219148,27,,,0,55,,219149,27,,,0,15,,219150,27,,,0,15,,219151,27,,,0,15,,219152,27,,,0,54,,219153,27,,,0,15,,219154,27,,,0,13,,219155,27,,,0,15,,219129,27,,,0,55,,219121,27,,,0,15,,219131,27,,,0,16,,219137,27,,,0,14,,219130,27,,,0,10,,219115,27,,,0,54,,219132,27,,,0,16,,219114,27,,,0,14,,219134,27,,,0,16,,219113,27,,,0,54,,219133,27,,,0,16,,219112,27,,,0,15,,219136,27,,,0,13,,219111,27,,,0,55,,219110,27,,,0,15,,219109,27,,,0,20,,219108,27,,,0
2338400,'1',451,,229587,13,,,0,54,,229624,13,,,0,12,,229625,13,,,0,13,,229626,13,,,0,13,,229588,13,,,0,8,,229608,13,,,0,8,,229589,13,,,0,48,,229627,13,,,0,10,,229590,13,,,0,11,,229609,13,,,0,8,,229591,13,,,0,10,,229610,13,,,0,8,,229682,13,0,93 57,0,48,,229592,13,,,0,10,,229611,13,,,0,13,,229593,13,,,0,18,,229594,13,,,0,11,,229612,13,0,93 57,0,54,,229595,13,,,0,22,,229596,13,,,0,14,,229597,13,,,0,56,,229613,13,0,93 57,0,14,,229598,13,,,0,14,,229614,13,0,93 57,0,14,,229615,13,0,93 57,0,15,,229599,13,,,0,54,,229616,13,0,93 57,0,15,,229600,13,,,0,14,,229617,13,0,93 57,0,16,,229601,13,,,0,54,,229618,13,0,93 57,0,16,,229602,13,,,0,13,,229619,13,0,93 57,0,15,,229603,13,,,0,54,,229620,13,0,93 57,0,16,,229604,13,,,0,15,,229621,13,0,93 57,0,15,,229605,13,,,0,51,,229622,13,0,93 57,0,13,,229606,13,,,0,12,,229623,13,0,93 57,0,13,,229607,13,,,0,11,,229628,13,0,93 57,0,53,,229629,13,,,0,11,,229630,13,0,93 57,0,13,,229632,13,,,0,14,,229633,13,0,93 57,0,57,,229634,13,,,0,18,,229676,13,,,0,14,,229635,13,0,93 57,0,11,,229636,13,,,0,13,,229637,13,,,0,55,,229638,13,,,0,20,,229674,13,,,0,10,,229639,13,,,0,10,,229640,13,,,0,50,,229641,13,,,0,10,,229642,13,,,0,10,,229643,13,,,0,10,,229644,13,,,0,10,,229645,13,,,0,10,,229646,13,,,0,50,,229647,13,,,0,10,,229648,13,,,0,7,,229649,13,,,0,9,,229650,13,,,0,14,,229651,13,,,0,9,,229652,13,,,0,6,,229653,13,,,0,49,,229654,13,,,0,8,,229678,13,0,93 57,0,8,,229655,13,,,0,8,,229656,13,,,0,10,,229657,13,,,0,7,,229658,13,0,93 57,0,11,,229675,13,,,0,50,,229659,13,,,0,8,,229679,13,0,93 57,0,11,,229660,13,,,0,9,,229661,13,0,93 57,0,10,,229662,13,,,0,12,,229663,13,0,93 57,0,52,,229664,13,,,0,12,,229680,13,0,93 57,0,12,,229665,13,,,0,11,,229666,13,0,93 57,0,12,,229667,13,,,0,54,,229668,13,0,93 57,0,10,,229681,13,,,0,12,,229669,13,0,93 57,0,11,,229670,13,,,0,11,,229671,13,0,93 57,0,54,,229672,13,,,0,27,,229673,13,,,0
2338400,'101',812,,229585,13,0,93 110,0,9,,229586,13,0,93 110,0,802,,229584,13,,,0
2338400,'2',643,,229689,13,,,0,14,,229690,13,0,93 57,0,56,,229691,13,,,0,14,,229692,13,0,93 57,0,16,,229693,13,,,0,14,,229694,13,0,93 57,0,55,,229695,13,,,0,11,,229696,13,0,93 57,0,13,,229697,13,,,0,13,,229698,13,0,93 57,0,52,,229771,13,,,0,12,,229772,13,0,93 57,0,13,,229699,13,,,0,12,,229700,13,0,93 57,0,14,,229701,13,,,0,52,,229702,13,0,93 57,0,12,,229703,13,,,0,13,,229704,13,0,93 57,0,13,,229705,13,,,0,14,,229706,13,0,93 57,0,52,,229707,13,,,0,12,,229708,13,0,93 57,0,15,,229709,13,,,0,11,,229710,13,0,93 57,0,13,,229711,13,,,0,51,,229712,13,0,93 57,0,13,,229713,13,,,0,11,,229714,13,0,93 57,0,13,,229715,13,,,0,12,,229716,13,0,93 57,0,53,,229717,13,,,0,11,,229718,13,0,93 57,0,12,,229719,13,,,0,9,,229720,13,0,93 57,0,11,,229753,13,,,0,51,,229762,13,0,93 57,0,10,,229754,13,,,0,10,,229763,13,0,93 57,0,10,,229755,13,,,0,10,,229764,13,0,93 57,0,10,,229756,13,,,0,50,,229765,13,0,93 57,0,10,,229757,13,,,0,10,,229766,13,0,93 57,0,10,,229758,13,,,0,10,,229767,13,0,93 57,0,10,,229759,13,,,0,50,,229768,13,0,93 57,0,10,,229760,13,,,0,10,,229769,13,0,93 57,0,9,,229761,13,,,0,9,,229770,13,0,93 57,0,11,,229736,13,,,0,49,,229745,13,0,93 57,0,11,,229737,13,,,0,9,,229746,13,0,93 57,0,9,,229738,13,,,0,8,,229747,13,0,93 57,0,10,,229739,13,,,0,49,,229748,13,0,93 57,0,11,,229740,13,,,0,9,,229749,13,0,93 57,0,8,,229741,13,,,0,10,,229750,13,0,93 57,0,10,,229742,13,,,0,9,,229751,13,0,93 57,0,50,,229743,13,,,0,10,,229752,13,0,93 57,0,9,,229744,13,,,0,14,,229721,13,0,93 57,0,15,,229722,13,,,0,54,,229723,13,0,93 57,0,16,,229724,13,,,0,16,,229725,13,0,93 57,0,15,,229726,13,,,0,56,,229727,13,0,93 57,0,15,,229728,13,,,0,16,,229729,13,0,93 57,0,15,,229730,13,,,0,56,,229731,13,0,93 57,0,20,,229732,13,,,0,19,,229733,13,0,93 57,0,61,,229734,13,,,0,19,,229735,13,0,93 57,0
2338400,'201',812,,229683,13,0,93 57,0,9,,229684,13,0,93 57,0,802,,229685,13,,,0
2338400,'3',639,,229821,13,0,93 57,0,15,,229785,13,,,0,55,,229820,13,0,93 57,0,15,,229784,13,,,0,15,,229819,13,0,93 57,0,15,,229825,13,,,0,55,,229818,13,0,93 57,0,15,,229783,13,,,0,15,,229817,13,0,93 57,0,16,,229782,13,,,0,55,,229816,13,,,0,15,,229839,13,,,0,14,,229815,13,0,93 57,0,17,,229781,13,,,0,53,,229814,13,0,93 57,0,18,,229838,13,,,0,15,,229813,13,0,93 57,0,16,,229830,13,,,0,55,,229812,13,0,93 57,0,15,,229837,13,,,0,15,,229811,13,0,93 57,0,16,,229780,13,,,0,55,,229810,13,0,93 57,0,16,,229836,13,,,0,14,,229809,13,0,93 57,0,57,,229779,13,,,0,14,,229808,13,0,93 57,0,17,,229835,13,,,0,15,,229807,13,0,93 57,0,55,,229778,13,,,0,15,,229806,13,0,93 57,0,15,,229834,13,,,0,15,,229805,13,0,93 57,0,57,,229777,13,,,0,16,,229804,13,0,93 57,0,15,,229776,13,,,0,14,,229803,13,0,93 57,0,56,,229775,13,,,0,14,,229802,13,0,93 57,0,16,,229774,13,,,0,12,,229801,13,0,93 57,0,56,,229773,13,,,0,14,,229800,13,0,93 57,0,17,,229841,13,,,0,14,,229799,13,0,93 57,0,55,,229832,13,,,0,15,,229798,13,0,93 57,0,15,,229840,13,,,0,14,,229797,13,0,93 57,0,55,,229827,13,,,0,15,,229796,13,0,93 57,0,14,,229833,13,,,0,15,,229795,13,0,93 57,0,55,,229822,13,,,0,15,,229794,13,0,93 57,0,15,,229831,13,,,0,14,,229793,13,0,93 57,0,55,,229826,13,,,0,14,,229792,13,0,93 57,0,16,,229824,13,,,0,12,,229791,13,0,93 57,0,15,,229829,13,,,0,54,,229790,13,0,93 57,0,21,,229828,13,,,0,19,,229789,13,0,93 57,0,60,,229788,13,0,93 57,0,24,,229823,13,,,0
