668201,'1',522,,208756,28,,,0,18,,208757,28,,,0,16,,208758,28,,,0,55,,208759,28,,,0,13,,208760,28,,,0,10,,208761,28,,,0,8,,208762,28,,,0,9,,208763,28,,,0,49,,208764,28,,,0,9,,208765,28,,,0,9,,208766,28,,,0,9,,208767,28,,,0,8,,208768,28,,,0,7,,208769,28,,,0,6,,208770,28,,,0,10,,208771,28,,,0,47,,208772,28,,,0,10,,208773,28,,,0,7,,208774,28,,,0,8,,208775,28,,,0,12,,208776,28,,,0,12,,208777,28,,,0,53,,208778,28,,,0,12,,208779,28,,,0,9,,208780,28,,,0,12,,208781,28,,,0,14,,208782,28,,,0,55,,208783,28,,,0,15,,208784,28,,,0,15,,208785,28,,,0,16,,208786,28,,,0,55,,208787,28,,,0,15,,208788,28,,,0,15,,208789,28,,,0,15,,208790,28,,,0,55,,208791,28,,,0,15,,208792,28,,,0,15,,208793,28,,,0,15,,208794,28,,,0,53,,208795,28,,,0,15,,208796,28,,,0,13,,208797,28,,,0,10,,208798,28,,,0,10,,208799,28,,,0,50,,208800,28,,,0,9,,208801,28,,,0,11,,208802,28,,,0,8,,208803,28,,,0,9,,208804,28,,,0,13,,208805,28,,,0,50,,208806,28,,,0,7,,208807,28,,,0,7,,208808,28,,,0,8,,208809,28,,,0,8,,208810,28,,,0,8,,208811,28,,,0,8,,208812,28,,,0,48,,208813,28,,,0,8,,208814,28,,,0,10,,208815,28,,,0,10,,208816,28,,,0,10,,208817,28,,,0,10,,208818,28,,,0,10,,208819,28,,,0,50,,208820,28,,,0,10,,208821,28,,,0,8,,208822,28,,,0,9,,208823,28,,,0,9,,208824,28,,,0,9,,208825,28,,,0,48,,208826,28,,,0,9,,208827,28,,,0,9,,208828,28,,,0,8,,208829,28,,,0,9,,208830,28,,,0,9,,208831,28,,,0,9,,208832,28,,,0,50,,208833,28,,,0,12,,208834,28,,,0,14,,208835,28,,,0,15,,208836,28,,,0,13,,208837,28,,,0,55,,208838,28,,,0,15,,208839,28,,,0,16,,208840,28,,,0,60,,208841,28,,,0,20,,208842,29,,,0,20,,208843,29,,,0,60,,208844,29,,,0,24,,208845,29,,,0,30,,208846,29,,,0,69,,208847,29,,,0,30,,208848,29,,,0,67,,208849,29,,,0
668201,'2',610,,208850,28,,,0,20,,208851,28,,,0,20,,208852,28,,,0,61,,208928,28,,,0,21,,208855,28,,,0,23,,208856,28,,,0,50,,208924,28,,,0,15,,208853,28,,,0,16,,208854,28,,,0,15,,208925,28,,,0,56,,208926,28,,,0,16,,208927,28,,,0,15,,208857,28,,,0,16,,208923,28,,,0,55,,208858,28,,,0,15,,208859,28,,,0,15,,208920,28,,,0,16,,208921,28,,,0,55,,208922,28,,,0,16,,208862,28,,,0,16,,208916,28,,,0,16,,208860,28,,,0,55,,208861,28,,,0,14,,208917,28,,,0,14,,208918,28,,,0,14,,208919,28,,,0,52,,208863,28,,,0,10,,208864,28,,,0,12,,208915,28,,,0,13,,208865,28,,,0,13,,208914,28,,,0,52,,208866,28,,,0,10,,208867,28,,,0,11,,208913,28,,,0,11,,208870,28,,,0,9,,208909,28,,,0,11,,208910,28,,,0,51,,208868,28,,,0,9,,208869,28,,,0,9,,208911,28,,,0,11,,208912,28,,,0,9,,208871,28,,,0,10,,208908,28,,,0,52,,208873,28,,,0,10,,208874,28,,,0,10,,208904,28,,,0,10,,208872,28,,,0,10,,208905,28,,,0,50,,208906,28,,,0,11,,208907,28,,,0,10,,208875,28,,,0,10,,208903,28,,,0,9,,208876,28,,,0,10,,208877,28,,,0,8,,208901,28,,,0,51,,208902,28,,,0,10,,208878,28,,,0,12,,208900,28,,,0,12,,208879,28,,,0,12,,208899,28,,,0,52,,208880,28,,,0,12,,208896,28,,,0,14,,208897,28,,,0,14,,208898,28,,,0,11,,208881,28,,,0,54,,208895,28,,,0,15,,208882,28,,,0,15,,208883,28,,,0,15,,208894,28,,,0,55,,208884,28,,,0,18,,208891,29,,,0,20,,208892,29,,,0,60,,208893,29,,,0,18,,208885,29,,,0,20,,208890,29,,,0,60,,208886,29,,,0,22,,208888,29,,,0,70,,208889,29,,,0,28,,208887,29,,,0
668201,'3',614,,208929,28,,,0,28,,208930,28,,,0,60,,208931,28,,,0,20,,208932,28,,,0,20,,208933,28,,,0,60,,208934,28,,,0,20,,208935,28,,,0,16,,208936,28,,,0,15,,208937,28,,,0,55,,208938,28,,,0,17,,208939,28,,,0,15,,208940,28,,,0,15,,208941,28,,,0,55,,208942,28,,,0,15,,208943,28,,,0,10,,208944,28,,,0,16,,208945,28,,,0,56,,208946,28,,,0,18,,208947,28,,,0,16,,208948,28,,,0,15,,208949,28,,,0,55,,208950,28,,,0,17,,208951,28,,,0,15,,208952,28,,,0,14,,208953,28,,,0,55,,208954,28,,,0,15,,208955,28,,,0,16,,208956,28,,,0,14,,208957,28,,,0,56,,208958,28,,,0,15,,208959,28,,,0,16,,208960,28,,,0,12,,208961,28,,,0,56,,208962,28,,,0,14,,208963,28,,,0,14,,208964,28,,,0,14,,208965,28,,,0,57,,208966,28,,,0,15,,208967,28,,,0,18,,208968,28,,,0,13,,208969,28,,,0,54,,208970,28,,,0,19,,208971,28,,,0,13,,208972,28,,,0,16,,208973,28,,,0,54,,208974,28,,,0,14,,208975,28,,,0,15,,208976,28,,,0,14,,208977,28,,,0,55,,208978,28,,,0,14,,208979,28,,,0,15,,208980,28,,,0,14,,208981,28,,,0,55,,208982,28,,,0,15,,208983,28,,,0,14,,208984,28,,,0,18,,208985,28,,,0,63,,208986,28,,,0,19,,208987,29,,,0,20,,208988,29,,,0,59,,208989,29,,,0,25,,208990,29,,,0
668301,'1',701,,209009,32,,,0,7,,209010,32,,,0,8,,209011,32,,,0,10,,209012,32,,,0,16,,209013,32,,,0,14,,209014,32,,,0,59,,209015,32,,,0,7,,209016,32,,,0,11,,209017,32,,,0,9,,209018,32,,,0,11,,209019,32,,,0,57,,209020,32,,,0
669201,'1',521,,210472,23,,,0,88,,210473,38,,,0,30,,210474,38,,,0,71,,210475,38,,,0,20,,210476,38,,,0,27,,210477,38,,,0,60,,210478,38,,,0,20,,210479,38,,,0,20,,210480,38,,,0,60,,210481,38,,,0,20,,210482,38,,,0,20,,210483,38,,,0,60,,210484,38,,,0,20,,210485,38,,,0,20,,210486,38,,,0,60,,210487,38,,,0,20,,210488,38,,,0,20,,210489,38,,,0,60,,210490,38,,,0,20,,210491,38,,,0,20,,210492,38,,,0,60,,210493,38,,,0,20,,210494,38,,,0,20,,210495,38,,,0,60,,210496,38,,,0,20,,210497,38,,,0,20,,210498,38,,,0,60,,210499,38,,,0,21,,210500,38,,,0,20,,210501,38,,,0,60,,210502,38,,,0,20,,210503,38,,,0,20,,210504,38,,,0,60,,210505,38,,,0,20,,210506,38,,,0,20,,210507,38,,,0,60,,210508,38,,,0,18,,210509,38,,,0,65,,210510,38,,,0,28,,210511,38,,,0,30,,210512,38,,,0,69,,210513,38,,,0,30,,210514,38,,,0,66,,210515,38,,,0,35,,210516,38,0,46 47,0,77,,210517,38,0,46 47,0,69,,210518,38,0,46 47,0,37,,210519,38,0,46 47,0,69,,210520,38,0,46 47,0,46,,210521,38,0,46 47,0,72,,210522,38,0,46 47,0
669201,'2',521,,210523,23,,,0,32,,210524,38,,,0,70,,210525,38,,,0,31,,210526,38,,,0,73,,210527,38,,,0,32,,210528,38,,,0,70,,210529,38,,,0,72,,210530,38,,,0,30,,210531,38,,,0,71,,210532,38,,,0,30,,210533,38,,,0,72,,210534,38,,,0,30,,210535,38,,,0,20,,210536,38,,,0,60,,210537,38,,,0,20,,210538,38,,,0,20,,210539,38,,,0,60,,210540,38,,,0,20,,210541,38,,,0,20,,210542,38,,,0,60,,210543,38,,,0,20,,210544,38,,,0,20,,210545,38,,,0,60,,210546,38,,,0,20,,210547,38,,,0,20,,210548,38,,,0,60,,210549,38,,,0,20,,210550,38,,,0,20,,210551,38,,,0,60,,210552,38,,,0,20,,210553,38,,,0,15,,210554,38,,,0,61,,210555,38,,,0,20,,210556,38,,,0,70,,210557,38,,,0,28,,210558,38,,,0,30,,210559,38,,,0,69,,210560,38,,,0,20,,210561,38,0,46 47,0,80,,210562,38,0,46 47,0,80,,210563,38,0,46 47,0,40,,210564,38,0,46 47,0,80,,210565,38,0,46 47,0,80,,210566,38,0,46 47,0,42,,210567,38,0,46 47,0,80,,210568,38,0,46 47,0
669201,'3',633,,210569,23,,,0,25,,210570,38,,,0,70,,210571,38,,,0,30,,210572,38,,,0,72,,210573,38,,,0,70,,210574,38,,,0,30,,210575,38,,,0,71,,210576,38,,,0,30,,210577,38,,,0,70,,210578,38,,,0,30,,210579,38,,,0,20,,210580,38,,,0,60,,210581,38,,,0,20,,210582,38,,,0,20,,210583,38,,,0,60,,210584,38,,,0,20,,210585,38,,,0,20,,210586,38,,,0,60,,210587,38,,,0,20,,210588,38,,,0,20,,210589,38,,,0,60,,210590,38,,,0,20,,210591,38,,,0,20,,210592,38,,,0,60,,210593,38,,,0,20,,210594,38,,,0,20,,210595,38,,,0,60,,210596,38,,,0,20,,210597,38,,,0,20,,210598,38,,,0,60,,210599,38,,,0,20,,210600,38,,,0,27,,210601,38,,,0,72,,210602,38,,,0,70,,210603,38,,,0,27,,210604,38,,,0,30,,210605,38,,,0,69,,210606,38,0,46 47,0,80,,210607,38,0,46 47,0,40,,210608,38,0,46 47,0,78,,210609,38,0,46 47,0,82,,210610,38,0,46 47,0,42,,210611,38,0,46 47,0,80,,210612,38,0,46 47,0
683701,'1',2510,,225128,18,,,0,103,,225129,40,,,0
683701,'2',601,,225132,40,,,0,1911,,225130,18,,,0,106,,225131,40,,,0
683701,'3',627,,225133,40,,,0,79,,225134,40,,,0,31,,225135,40,,,0,71,,225136,40,,,0,1531,,225138,18,,,0,71,,225139,18,,,0,40,,225140,40,,,0,73,,225141,40,,,0,108,,225143,40,,,0,69,,225144,40,,,0
