667700,'1',607,,207556,5,,,0,29,,207557,5,,,0,71,,207558,5,,,0,28,,207559,5,,,0,72,,207560,5,,,0,27,,207561,5,,,0,80,,207562,5,,,0,24,,207563,5,,,0,87,,207564,5,,,0,34,,207565,5,,,0,66,,207566,5,,,0,30,,207567,5,,,0,70,,207568,5,,,0,30,,207569,5,,,0,71,,207570,5,,,0,29,,207571,5,,,0,54,,207572,5,,,0,30,,207573,5,,,0,66,,207574,5,,,0,20,,207575,5,,,0,14,,207576,5,,,0,69,,207577,5,,,0,19,,207578,5,,,0,12,,207579,5,,,0,19,,207580,5,,,0,54,,207581,5,,,0,19,,207582,5,,,0,20,,207583,5,,,0,53,,207584,5,,,0,16,,207585,5,,,0,12,,207586,5,,,0,16,,207587,5,,,0,10,,207588,5,,,0,51,,207602,5,,,0,15,,207597,5,,,0,17,,207598,5,,,0,16,,207599,5,,,0,56,,207600,5,,,0,15,,207601,5,,,0,12,,207589,5,,,0,68,,207590,5,,,0,29,,207591,5,,,0,70,,207592,5,,,0,30,,207593,5,,,0,70,,207594,5,,,0,30,,207595,5,,,0,70,,207596,5,,,0
667700,'101',1557,,207553,5,,,0
667700,'1101',2510,,207554,5,,,0
667700,'1201',2510,,207555,5,,,0
667700,'2',641,,207641,5,,,0,66,,207623,5,,,0,30,,207648,5,,,0,70,,207624,5,,,0,30,,207647,5,,,0,70,,207625,5,,,0,31,,207646,5,,,0,70,,207626,5,,,0,31,,207645,5,,,0,70,,207630,5,,,0,28,,207643,5,,,0,71,,207604,5,,,0,31,,207605,5,,,0,70,,207606,5,,,0,33,,207607,5,,,0,16,,207608,5,,,0,60,,207609,5,,,0,22,,207610,5,,,0,19,,207611,5,,,0,59,,207612,5,,,0,21,,207613,5,,,0,19,,207614,5,,,0,60,,207615,5,,,0,21,,207616,5,,,0,19,,207617,5,,,0,65,,207618,5,,,0,18,,207619,5,,,0,60,,207620,5,,,0,22,,207621,5,,,0,21,,207622,5,,,0,64,,207649,5,,,0,16,,207627,5,,,0,15,,207628,5,,,0,15,,207629,5,,,0,56,,207644,5,,,0,30,,207631,5,,,0,71,,207642,5,,,0,28,,207632,5,,,0,70,,207640,5,,,0,30,,207633,5,,,0,70,,207639,5,,,0,30,,207634,5,,,0,70,,207635,5,,,0,32,,207636,5,,,0,65,,207637,5,,,0,36,,207638,5,,,0
667700,'201',1557,,207603,5,,,0
667700,'3',809,,207650,5,,,0,30,,207651,5,,,0,70,,207652,5,,,0,29,,207653,5,,,0,69,,207654,5,,,0,30,,207655,5,,,0,69,,207656,5,,,0,32,,207657,5,,,0,69,,207658,5,,,0,31,,207659,5,,,0,70,,207660,5,,,0,31,,207661,5,,,0,71,,207662,5,,,0,31,,207687,5,,,0,13,,207663,5,,,0,69,,207664,5,,,0,15,,207665,5,,,0,17,,207686,5,,,0,70,,207666,5,,,0,16,,207667,5,,,0,16,,207685,5,,,0,69,,207668,5,,,0,13,,207669,5,,,0,19,,207684,5,,,0,68,,207670,5,,,0,14,,207671,5,,,0,60,,207683,5,,,0,24,,207672,5,,,0,15,,207681,5,,,0,19,,207682,5,,,0,65,,207673,5,,,0,17,,207674,5,,,0,68,,207675,5,,,0,30,,207680,5,,,0,72,,207676,5,,,0,30,,207679,5,,,0,70,,207677,5,,,0,34,,207678,5,,,0
667800,'1',533,,207824,5,,,0,15,,207825,5,,,0,74,,207826,5,,,0,21,,207827,5,,,0,15,,207828,5,,,0,53,,207829,5,,,0,15,,207830,5,,,0,12,,207831,5,,,0,17,,207832,5,,,0,72,,207833,5,,,0,27,,207834,5,,,0,70,,207835,5,,,0,34,,207836,5,,,0,65,,207837,5,,,0,30,,207838,5,,,0,70,,207839,5,,,0,30,,207840,5,,,0,67,,207841,5,,,0,33,,207842,5,,,0,68,,207843,5,,,0,27,,207844,5,,,0,76,,207845,5,,,0,29,,207846,5,,,0,61,,207847,5,,,0,22,,207848,5,,,0,19,,207849,5,,,0,54,,207850,5,,,0,17,,207851,5,,,0,15,,207852,5,,,0,17,,207853,5,,,0,53,,207854,5,,,0,17,,207855,5,,,0,11,,207856,5,,,0,62,,207857,5,,,0,10,,207858,5,,,0,10,,207859,5,,,0,10,,207860,5,,,0,10,,207861,5,,,0,60,,207862,5,,,0,13,,207863,5,,,0,30,,207864,5,,,0,71,,207865,5,,,0,30,,207866,5,,,0,78,,207867,5,,,0,30,,207868,5,,,0,98,,207869,5,,,0,99,,207870,5,,,0,100,,207871,5,,,0
667800,'2',623,,207873,5,,,0,30,,207874,5,,,0,70,,207875,5,,,0,31,,207876,5,,,0,70,,207877,5,,,0,30,,207878,5,,,0,70,,207879,5,,,0,30,,207880,5,,,0,69,,207881,5,,,0,30,,207882,5,,,0,70,,207883,5,,,0,30,,207884,5,,,0,72,,207885,5,,,0,31,,207886,5,,,0,68,,207887,5,,,0,34,,207888,5,,,0,66,,207889,5,,,0,29,,207890,5,,,0,70,,207891,5,,,0,30,,207892,5,,,0,73,,207893,5,,,0,29,,207894,5,,,0,70,,207895,5,,,0,30,,207908,5,,,0,70,,207896,5,,,0,30,,207897,5,,,0,70,,207898,5,,,0,30,,207899,5,,,0,70,,207900,5,,,0,30,,207901,5,,,0,68,,207902,5,,,0,17,,207903,5,,,0,71,,207904,5,,,0,30,,207905,5,,,0,100,,207906,5,,,0,100,,207907,5,,,0
667800,'3',822,,207910,5,,,0,31,,207911,5,,,0,69,,207912,5,,,0,29,,207913,5,,,0,63,,207914,5,,,0,29,,207915,5,,,0,71,,207916,5,,,0,37,,207917,5,,,0,73,,207918,5,,,0,32,,207919,5,,,0,69,,207920,5,,,0,30,,207921,5,,,0,71,,207922,5,,,0,30,,207923,5,,,0,70,,207924,5,,,0,30,,207925,5,,,0,70,,207926,5,,,0,30,,207927,5,,,0,70,,207928,5,,,0,30,,207929,5,,,0,69,,207930,5,,,0,31,,207931,5,,,0,70,,207932,5,,,0,30,,207933,5,,,0,71,,207934,5,,,0,25,,207935,5,,,0,92,,207936,5,,,0,95,,207937,5,,,0,105,,207938,5,,,0,95,,207939,5,,,0
683700,'1',2531,,225098,31,,,0,20,,225099,31,,,0,60,,225100,31,,,0,29,,225101,31,,,0,74,,225102,31,,,0,19,,225103,31,,,0,68,,225104,31,,,0
683700,'1101',2651,,225096,31,,,0
683700,'1201',2651,,225097,31,,,0
683700,'2',518,,225113,5,,,0,2019,,225107,31,,,0,63,,225112,31,,,0,14,,225106,31,,,0,19,,225111,31,,,0,20,,225108,31,,,0,70,,225110,31,,,0,12,,225109,31,,,0,74,,225105,31,,,0
683700,'3',548,,225114,5,,,0,74,,225115,5,,,0,31,,225116,5,,,0,68,,225117,25,,,0,1688,,225120,31,,,0,31,,225121,31,,,0,70,,225122,31,,,0,37,,225123,31,,,0,71,,225124,31,,,0,24,,225125,31,,,0,88,,225126,31,,,0,25,,225127,31,,,0
