670900,'1',632,,214537,34,4,,0,15,,214522,34,4,,0,55,,214545,34,4,,0,16,,214543,34,4,,0,18,,214538,34,4,,0,23,,214531,34,4,,0,58,,214539,34,4,,0,30,,214544,34,4,,0,70,,214540,34,4,,0,101,,214541,34,4,,0,100,,214542,34,4,,0,100,,214523,34,4,,0,102,,214524,34,4,,0,102,,214530,34,4,,0,103,,214533,34,4,,0,25,,214536,34,4,,0,68,,214528,34,4,,0,30,,214527,34,4,,0,70,,214534,34,4,,0,30,,214546,34,4,,0,70,,214529,34,4,,0,24,,214535,34,4,,0,69,,214532,34,4,,0,100,,214525,34,4,,0,106,,214526,34,4,,0
670900,'2',836,,214551,34,4,,0,98,,214548,34,4,,0,100,,214555,34,4,,0,102,,214556,34,4,,0,103,,214559,34,4,,0,100,,214557,34,4,,0,101,,214550,34,4,,0,100,,214549,34,4,,0,100,,214554,34,4,,0,100,,214553,34,4,,0,100,,214552,34,4,,0,99,,214547,34,4,,0,103,,214558,34,4,,0
670900,'3',1106,,214570,34,4,,0,101,,214569,34,4,,0,100,,214565,34,4,,0,102,,214563,34,4,,0,101,,214566,34,4,,0,100,,214564,34,4,,0,100,,214568,34,4,,0,99,,214567,34,4,,0,100,,214562,34,4,,0,100,,214561,34,4,,0,100,,214560,34,4,,0
671201,'1',446,,214984,33,,,0,60,,214985,33,,,0,19,,215016,33,,,0,12,,214995,33,,,0,10,,215017,33,,,0,9,,215012,33,,,0,52,,215003,33,,,0,9,,215013,34,,,0,6,,214991,33,,,0,6,,215004,33,,,0,12,,215034,34,,,0,5,,215014,2,,,0,10,,215036,33,,,0,47,,214959,34,,,0,4,,215024,2,,,0,8,,214960,34,,,0,6,,214942,34,,,0,5,,214961,2,,,0,7,,215037,34,,,0,9,,215005,34,,,0,7,,214962,2,,,0,7,,215035,34,,,0,48,,215038,34,,,0,8,,215040,2,,,0,7,,214963,34,,,0,7,,214958,34,,,0,6,,215039,2,,,0,9,,215015,34,,,0,12,,214964,34,,,0,52,,215002,34,,,0,14,,214937,34,,,0,14,,214996,34,,,0,13,,214946,34,,,0,55,,214987,34,,,0,15,,214947,34,,,0,15,,215006,34,,,0,15,,214948,34,,,0,55,,214953,34,,,0,15,,214949,34,,,0,15,,214938,34,,,0,16,,214950,34,,,0,55,,214988,34,,,0,15,,214951,34,,,0,15,,214939,34,,,0,15,,214952,34,,,0,55,,214989,34,,,0,16,,214954,34,,,0,15,,214940,34,,,0,15,,214955,34,,,0,55,,214990,34,,,0,17,,214956,34,,,0,15,,214941,34,,,0,17,,214957,34,,,0,55,,214992,34,,,0,11,,215033,34,,,0,10,,214993,34,,,0,9,,215025,33,,,0,9,,214970,34,,,0,9,,215026,34,,,0,49,,214971,33,,,0,8,,214983,34,,,0,8,,215008,34,,,0,10,,215010,34,,,0,10,,214972,34,,,0,8,,214945,34,,,0,7,,214973,34,,,0,58,,214978,33,,,0,7,,215011,34,,,0,8,,214979,34,,,0,7,,214943,34,,,0,7,,214980,34,,,0,7,,214975,34,,,0,8,,214974,34,,,0,48,,214994,33,,,0,8,,214981,34,,,0,11,,214977,34,,,0,10,,214976,34,,,0,8,,214986,34,,,0,10,,214982,34,,,0,50,,214944,34,,,0,8,,215027,34,,,0,10,,215009,34,,,0,11,,214997,34,,,0,11,,215007,34,,,0,12,,214998,34,,,0,51,,215028,34,,,0,12,,214999,34,,,0,12,,215018,34,,,0,14,,215000,34,,,0,16,,215019,34,,,0,56,,215029,34,,,0,15,,215020,34,,,0,15,,215001,34,,,0,55,,215021,34,,,0,15,,215030,34,,,0,15,,215022,34,,,0,13,,214965,34,,,0,15,,214966,34,,,0,55,,215031,34,,,0,15,,215023,34,,,0,17,,214967,34,,,0,60,,214968,34,,,0,20,,215032,34,,,0,21,,214969,34,,,0
671201,'101',1506,,214934,29,,,0,5,,214935,16,,,0,115,,214936,29,,,0,80,,214933,34,,,0
671201,'2',635,,215050,33,,,0,20,,215113,33,,,0,60,,215049,33,,,0,20,,215110,33,,,0,17,,215048,34,,,0,54,,215114,33,,,0,16,,215061,34,,,0,15,,215090,34,,,0,15,,215091,34,,,0,55,,215092,34,,,0,15,,215093,34,,,0,16,,215094,34,,,0,15,,215095,34,,,0,55,,215096,34,,,0,15,,215097,34,,,0,15,,215098,34,,,0,15,,215099,34,,,0,56,,215100,34,,,0,15,,215101,34,,,0,16,,215102,34,,,0,16,,215103,34,,,0,57,,215104,34,,,0,16,,215105,34,,,0,15,,215106,34,,,0,15,,215107,34,,,0,56,,215108,34,,,0,15,,215109,34,,,0,15,,215060,34,,,0,55,,215064,34,,,0,16,,215087,34,,,0,15,,215074,34,,,0,15,,215042,34,,,0,55,,215059,34,,,0,15,,215088,34,,,0,15,,215075,34,,,0,15,,215058,33,,,0,55,,215057,34,,,0,15,,215089,34,,,0,13,,215076,34,,,0,13,,215056,34,,,0,12,,215055,34,,,0,52,,215054,34,,,0,12,,215053,34,,,0,12,,215111,34,,,0,10,,215077,34,,,0,10,,215052,34,,,0,50,,215085,34,,,0,9,,215112,34,,,0,10,,215051,34,,,0,10,,215047,34,,,0,9,,215078,34,,,0,10,,215046,34,,,0,11,,215086,34,,,0,51,,215062,34,,,0,12,,215063,34,,,0,13,,215079,34,,,0,15,,215073,34,,,0,54,,215065,34,,,0,14,,215045,34,,,0,13,,215080,34,,,0,13,,215066,34,,,0,13,,215081,34,,,0,61,,215067,34,,,0,21,,215068,34,,,0,61,,215082,34,,,0,20,,215069,34,,,0,18,,215070,34,,,0,21,,215083,34,,,0,61,,215071,34,,,0,18,,215072,34,,,0,20,,215084,34,,,0,65,,215044,34,,,0,29,,215043,34,,,0
671201,'201',1706,,215041,33,,,0
671201,'3',803,,215119,33,,,0,20,,215118,33,,,0,15,,215120,33,,,0,15,,215121,33,,,0,55,,215122,33,,,0,15,,215123,33,,,0,17,,215124,34,,,0,15,,215125,34,,,0,56,,215126,34,,,0,15,,215127,34,,,0,15,,215128,34,,,0,15,,215129,34,,,0,56,,215130,34,,,0,15,,215131,34,,,0,16,,215132,34,,,0,15,,215133,34,,,0,55,,215134,34,,,0,15,,215135,34,,,0,15,,215136,34,,,0,15,,215137,34,,,0,57,,215138,34,,,0,15,,215139,34,,,0,15,,215140,34,,,0,55,,215141,34,,,0,15,,215142,34,,,0,15,,215143,34,,,0,15,,215144,34,,,0,55,,215145,34,,,0,15,,215146,34,,,0,15,,215147,34,,,0,15,,215148,34,,,0,55,,215149,34,,,0,14,,215150,34,,,0,14,,215151,34,,,0,11,,215152,34,,,0,12,,215181,34,,,0,52,,215153,33,,,0,12,,215154,34,,,0,9,,215155,34,,,0,14,,215115,34,,,0,14,,215156,34,,,0,53,,215157,34,,,0,9,,215158,34,,,0,12,,215159,34,,,0,11,,215160,34,,,0,12,,215161,34,,,0,53,,215162,34,,,0,12,,215163,34,,,0,12,,215164,34,,,0,12,,215165,34,,,0,15,,215117,34,,,0,54,,215166,34,,,0,15,,215167,34,,,0,15,,215168,34,,,0,16,,215169,34,,,0,56,,215170,34,,,0,16,,215171,34,,,0,14,,215172,34,,,0,15,,215173,34,,,0,55,,215174,34,,,0,14,,215175,34,,,0,12,,215176,34,,,0,14,,215177,34,,,0,54,,215178,34,,,0,15,,215179,34,,,0,18,,215116,34,,,0,75,,215180,34,,,0
732100,'1',647,,225572,54,4,,0,70,,225552,54,4,,0,36,,225553,54,4,,0,70,,225551,54,4,,0,30,,225554,54,4,,0,69,,225568,54,4,,0,30,,225555,54,4,,0,72,,225550,54,4,,0,31,,225556,54,4,,0,71,,225569,54,4,,0,31,,225557,54,4,,0,72,,225546,54,4,,0,71,,225558,54,4,,0,33,,225570,54,4,,0,71,,225559,54,4,,0,29,,225547,54,4,,0,70,,225560,54,4,,0,32,,225571,54,4,,0,74,,225561,54,4,,0,32,,225548,54,4,,0,72,,225562,54,4,,0,30,,225544,54,4,,0,67,,225563,54,4,,0,28,,225549,54,4,,0,68,,225564,54,4,,0,29,,225545,54,4,,0,69,,225565,54,4,,0,30,,225573,54,4,,0,70,,225566,54,4,,0,28,,225574,54,4,,0,72,,225567,54,4,,0,55,,225575,54,4,,0,99,,225576,54,4,,0,99,,225577,54,4,,0
732100,'2',716,,225584,54,4,,0,20,,225599,54,4,,0,69,,225598,54,4,,0,30,,225597,54,4,,0,71,,225583,54,4,,0,20,,225578,54,4,,0,21,,225615,54,4,,0,60,,225582,54,4,,0,30,,225596,54,4,,0,72,,225581,54,4,,0,32,,225595,54,4,,0,72,,225580,54,4,,0,21,,225594,54,4,,0,22,,225613,54,4,,0,60,,225579,54,4,,0,20,,225593,54,4,,0,20,,225607,54,4,,0,60,,225605,54,4,,0,21,,225592,54,4,,0,20,,225608,54,4,,0,61,,225604,54,4,,0,20,,225591,54,4,,0,20,,225609,54,4,,0,60,,225603,54,4,,0,21,,225590,54,4,,0,20,,225610,54,4,,0,60,,225602,54,4,,0,21,,225589,54,4,,0,60,,225611,54,4,,0,17,,225601,54,4,,0,17,,225588,54,4,,0,20,,225612,54,4,,0,59,,225600,54,4,,0,19,,225587,54,4,,0,20,,225614,54,4,,0,69,,225616,54,4,,0,29,,225586,54,4,,0,70,,225617,54,4,,0,33,,225585,54,4,,0,99,,225606,54,4,,0,150,,225618,54,4,,0,100,,225619,54,4,,0
732100,'3',743,,225629,54,4,,0,67,,225628,54,4,,0,30,,225627,54,4,,0,70,,225626,54,4,,0,31,,225625,54,4,,0,73,,225637,54,4,,0,30,,225624,54,4,,0,72,,225636,54,4,,0,31,,225623,54,4,,0,72,,225635,54,4,,0,31,,225622,54,4,,0,66,,225634,54,4,,0,20,,225621,54,4,,0,20,,225648,54,4,,0,60,,225633,54,4,,0,20,,225647,54,4,,0,20,,225649,54,4,,0,60,,225632,54,4,,0,19,,225646,54,4,,0,20,,225650,54,4,,0,61,,225631,54,4,,0,20,,225645,54,4,,0,20,,225651,54,4,,0,58,,225630,54,4,,0,20,,225644,54,4,,0,18,,225652,54,4,,0,59,,225640,54,4,,0,20,,225643,54,4,,0,20,,225653,54,4,,0,59,,225638,54,4,,0,30,,225642,54,4,,0,69,,225620,54,4,,0,33,,225641,54,4,,0,73,,225654,54,4,,0,32,,225639,54,4,,0,104,,225655,54,4,,0,101,,225656,54,4,,0,103,,225657,54,4,,0
4885501,'1',737,,243483,17,4,,0,71,,243484,17,4,,0,32,,243485,17,4,,0,70,,243486,17,4,,0,28,,243487,17,4,,0,67,,243488,17,4,,0,30,,243489,17,4,,0,70,,243490,17,4,,0,30,,243491,17,4,,0,70,,243492,17,4,,0,31,,243493,17,4,,0,70,,243494,17,4,,0,30,,243495,17,4,,0,70,,243496,17,4,,0,31,,243497,17,4,,0,72,,243498,17,4,,0,33,,243499,17,4,,0,73,,243500,17,4,,0,28,,243501,17,4,,0,70,,243502,17,4,,0,29,,243503,17,4,,0,68,,243504,17,4,,0,28,,243505,17,4,,0,69,,243506,17,4,,0,27,,243507,17,4,,0,68,,243508,17,4,,0,30,,243509,17,4,,0,70,,243510,17,4,,0,29,,243511,17,4,,0
4885501,'2',837,,243512,17,4,,0,68,,243513,17,4,,0,30,,243514,17,4,,0,70,,243515,17,4,,0,32,,243516,17,4,,0,73,,243517,17,4,,0,30,,243518,17,4,,0,70,,243519,17,4,,0,24,,243520,17,4,,0,72,,243521,17,4,,0,30,,243522,17,4,,0,70,,243523,17,4,,0,31,,243524,17,4,,0,71,,243525,17,4,,0,30,,243526,17,4,,0,70,,243527,17,4,,0,29,,243528,17,4,,0,71,,243529,17,4,,0,29,,243530,17,4,,0,69,,243531,17,4,,0,29,,243532,17,4,,0,70,,243533,17,4,,0,28,,243534,17,4,,0,69,,243535,17,4,,0,28,,243536,17,4,,0
4885501,'3',832,,243537,17,4,,0,70,,243538,17,4,,0,30,,243539,17,4,,0,70,,243540,17,4,,0,30,,243541,17,4,,0,70,,243542,17,4,,0,32,,243543,17,4,,0,70,,243544,17,4,,0,30,,243545,17,4,,0,71,,243546,17,4,,0,31,,243547,17,4,,0,70,,243548,17,4,,0,30,,243549,17,4,,0,67,,243550,17,4,,0,30,,243551,17,4,,0,70,,243552,17,4,,0,30,,243553,17,4,,0,70,,243554,17,4,,0,30,,243555,17,4,,0,69,,243556,17,4,,0,30,,243557,17,4,,0,69,,243558,17,4,,0,29,,243559,17,4,,0
