680400,'1',602,,222175,21,,,0,201,,222176,21,,,0,201,,222177,21,,,0,202,,222178,21,,,0,224,,222179,21,,,0,275,,222174,22,,,0,140,,222173,22,,,0
680400,'2',818,,222180,21,,,0,195,,222181,21,,,0,201,,222182,21,,,0,198,,222183,21,,,0,202,,222184,21,,,0,200,,222185,21,,,0
3404200,'1',521,,236385,28,4,,0,30,,236375,28,4,,0,63,,236374,28,4,,0,5,,236384,28,4,,0,23,,236366,28,4,,0,7,,236365,28,4,,0,63,,236383,28,4,,0,5,,236386,28,4,,0,35,,236373,28,4,,0,72,,236382,28,4,,0,28,,236372,28,4,,0,69,,236381,28,4,,0,100,,236380,28,4,,0,100,,236379,28,4,,0,104,,236378,28,4,,0,98,,236377,28,4,,0,96,,236376,28,4,,0,36,,236387,28,4,,0,85,,236371,28,4,,0,63,,236388,28,4,,0,30,,236370,28,4,,0,112,,236369,36,4,,0,76,,236364,28,4,,0,20,,236389,28,4,,0,61,,236363,28,4,,0,105,,236368,28,4,,0,97,,236367,28,4,,0
3404200,'101',819,,236359,28,4,,0,700,,236361,28,4,,0,8,,236360,28,4,,0,91,,236362,28,4,,0
3404200,'2',824,,236396,28,4,,0,100,,236397,28,4,,0,102,,236395,28,4,,0,100,,236398,28,4,,0,100,,236394,28,4,,0,100,,236399,28,4,,0,100,,236393,28,4,,0,100,,236400,28,4,,0,101,,236392,28,4,,0,99,,236401,28,4,,0,100,,236391,28,4,,0
3404200,'201',1618,,236390,28,4,,0
3404200,'3',819,,236407,28,4,,0,101,,236408,28,4,,0,100,,236406,28,4,,0,100,,236409,28,4,,0,100,,236405,28,4,,0,101,,236410,28,4,,0,100,,236404,28,4,,0,101,,236411,28,4,,0,100,,236403,28,4,,0,100,,236412,28,4,,0,100,,236402,28,4,,0
3404301,'1',521,,236539,1,,,0,30,,236523,1,,,0,63,,236538,1,,,0,5,,236522,1,,,0,23,,236540,1,,,0,7,,236520,1,,,0,63,,236537,1,,,0,40,,236521,1,,,0,72,,236536,1,,,0,28,,236519,1,,,0,69,,236535,1,,,0,100,,236534,1,,,0,100,,236533,1,,,0,104,,236532,1,,,0,98,,236531,1,,,0,96,,236530,1,,,0,36,,236541,1,,,0,85,,236529,1,,,0,63,,236542,1,,,0,15,,236544,1,,,0,15,,236528,1,,,0,112,,236527,1,,,0,76,,236526,1,,,0,20,,236545,1,,,0,61,,236543,1,,,0,105,,236525,1,,,0,97,,236524,1,,,0
3404301,'101',717,,236515,1,,,0,102,,236517,1,,,0,700,,236518,1,,,0,8,,236516,1,,,0
3404301,'2',824,,236552,1,,,0,100,,236553,1,,,0,102,,236551,1,,,0,100,,236554,1,,,0,100,,236550,1,,,0,100,,236555,1,,,0,100,,236549,1,,,0,100,,236556,1,,,0,101,,236548,1,,,0,99,,236557,1,,,0,100,,236547,1,,,0
3404301,'201',717,,236546,1,,,0
3404301,'3',819,,236563,1,,,0,101,,236564,1,,,0,100,,236562,1,,,0,100,,236565,1,,,0,100,,236561,1,,,0,101,,236566,1,,,0,100,,236560,1,,,0,101,,236567,1,,,0,100,,236559,1,,,0,100,,236568,1,,,0,100,,236558,1,,,0
