664701,'1',522,,201090,18,,,0,81,,201096,18,,,0,16,,201092,18,,,0,19,,201091,18,,,0,12,,201105,18,,,0,54,,201098,18,,,0,18,,201125,18,,,0,13,,201103,18,,,0,13,,201097,18,,,0,11,,201070,18,,,0,55,,201108,18,,,0,10,,201109,18,,,0,14,,201110,18,,,0,13,,201111,18,,,0,54,,201112,18,,,0,15,,201114,18,,,0,17,,201130,18,,,0,15,,201131,18,,,0,55,,201132,18,,,0,15,,201133,18,,,0,15,,201134,18,,,0,15,,201135,18,,,0,55,,201136,18,,,0,13,,201071,18,,,0,12,,201072,18,,,0,13,,201073,18,,,0,55,,201074,18,,,0,16,,201075,18,,,0,15,,201107,18,,,0,16,,201076,18,,,0,56,,201077,18,,,0,13,,201078,18,,,0,15,,201079,18,,,0,16,,201080,18,,,0,55,,201081,18,,,0,16,,201082,18,,,0,15,,201083,18,,,0,16,,201084,18,,,0,58,,201117,18,,,0,10,,201115,18,,,0,14,,201116,18,,,0,15,,201118,18,,,0,57,,201085,18,,,0,14,,201119,18,,,0,16,,201120,18,,,0,70,,201121,18,,,0,16,,201122,18,,,0,15,,201123,18,,,0,17,,201124,18,,,0,55,,201126,18,,,0,17,,201127,18,,,0,17,,201128,18,,,0,18,,201129,18,,,0,60,,201086,18,,,0,20,,201093,18,,,0,20,,201137,18,,,0,60,,201104,18,,,0,20,,201102,18,,,0,20,,201138,18,,,0,60,,201088,18,,,0,25,,201087,18,,,0,71,,201113,18,,,0,29,,201099,18,,,0,71,,201100,18,,,0,33,,201106,18,,,0,65,,201101,18,,,0,26,,201094,18,,,0,74,,201089,18,,,0,28,,201095,18,,,0
664701,'101',1459,,201069,7,4,,0,189,,201068,18,,,0
664701,'2',548,,201148,18,,,0,58,,201147,18,,,0,31,,201145,18,,,0,73,,201146,18,,,0,20,,201171,18,,,0,16,,201178,18,,,0,55,,201168,18,,,0,15,,201170,18,,,0,16,,201197,18,,,0,15,,201175,18,,,0,55,,201157,18,,,0,15,,201169,18,,,0,15,,201183,18,,,0,15,,201165,18,,,0,57,,201155,18,,,0,15,,201160,18,,,0,16,,201163,18,,,0,15,,201195,18,,,0,55,,201166,18,,,0,16,,201154,18,,,0,15,,201159,18,,,0,16,,201144,18,,,0,55,,201143,18,,,0,13,,201179,18,,,0,12,,201176,18,,,0,14,,201167,18,,,0,54,,201153,18,,,0,15,,201174,18,,,0,15,,201158,18,,,0,16,,201191,18,,,0,55,,201185,18,,,0,15,,201172,18,,,0,15,,201173,18,,,0,16,,201196,18,,,0,55,,201142,18,,,0,16,,201201,18,,,0,15,,201189,18,,,0,15,,201192,18,,,0,55,,201198,18,,,0,10,,201164,18,,,0,17,,201194,18,,,0,14,,201161,18,,,0,59,,201190,18,,,0,14,,201182,18,,,0,16,,201156,18,,,0,15,,201193,18,,,0,55,,201141,18,,,0,17,,201200,18,,,0,21,,201188,18,,,0,60,,201162,18,,,0,20,,201151,18,,,0,20,,201203,18,,,0,60,,201152,18,,,0,20,,201204,18,,,0,20,,201181,18,,,0,60,,201180,18,,,0,30,,201186,18,,,0,70,,201149,18,,,0,30,,201202,18,,,0,72,,201199,18,,,0,35,,201187,18,,,0,65,,201177,18,,,0,34,,201140,18,,,0,83,,201150,18,,,0,27,,201184,18,,,0
664701,'201',1648,,201139,18,,,0
664701,'3',704,,201229,18,,,0,35,,201232,18,,,0,70,,201209,18,,,0,30,,201220,18,,,0,63,,201235,18,,,0,20,,201241,18,,,0,21,,201231,18,,,0,60,,201225,18,,,0,20,,201242,18,,,0,18,,201208,18,,,0,62,,201210,18,,,0,20,,201243,18,,,0,20,,201228,18,,,0,60,,201237,18,,,0,20,,201244,18,,,0,21,,201233,18,,,0,60,,201246,18,,,0,20,,201221,18,,,0,21,,201226,18,,,0,60,,201247,18,,,0,20,,201215,18,,,0,20,,201205,18,,,0,60,,201248,18,,,0,19,,201218,18,,,0,20,,201224,18,,,0,60,,201249,18,,,0,20,,201207,18,,,0,20,,201239,18,,,0,60,,201250,18,,,0,20,,201214,18,,,0,20,,201236,18,,,0,60,,201251,18,,,0,20,,201217,18,,,0,20,,201223,18,,,0,60,,201227,18,,,0,20,,201245,18,,,0,18,,201212,18,,,0,63,,201252,18,,,0,18,,201240,18,,,0,19,,201219,18,,,0,60,,201253,18,,,0,20,,201211,18,,,0,22,,201206,18,,,0,70,,201230,18,,,0,29,,201213,18,,,0,69,,201234,18,,,0,31,,201216,18,,,0,72,,201222,18,,,0,30,,201238,18,,,0
664800,'1',605,,201295,37,,,0,18,,201306,37,,,0,11,,201294,37,,,0,12,,201281,37,,,0,12,,201280,37,,,0,54,,201297,37,,,0,12,,201279,37,,,0,12,,201298,37,,,0,10,,201278,37,,,0,10,,201277,37,,,0,51,,201299,37,,,0,10,,201258,37,,,0,10,,201276,37,,,0,10,,201300,37,,,0,11,,201259,37,,,0,52,,201304,37,,,0,13,,201260,37,,,0,11,,201305,37,,,0,12,,201275,37,,,0,66,,201274,37,,,0,31,,201273,37,,,0,68,,201271,37,,,0,31,,201270,37,,,0,70,,201283,37,,,0,29,,201296,37,,,0,71,,201293,37,,,0,31,,201292,37,,,0,69,,201291,37,,,0,33,,201290,37,,,0,16,,201301,37,,,0,57,,201268,37,,,0,17,,201302,37,,,0,6,,201303,14,,,0,15,,201267,14,,,0,2,,201272,37,,,0,8,,201309,37,,,0,45,,201315,14,,,0,12,,201310,37,,,0,6,,201311,14,,,0,8,,201266,37,,,0,6,,201257,37,,,0,9,,201312,37,,,0,14,,201314,37,,,0,48,,201262,14,,,0,14,,201313,37,,,0,10,,201269,37,,,0,14,,201256,37,,,0,16,,201261,37,,,0,53,,201265,37,,,0,10,,201308,37,,,0,14,,201255,37,,,0,15,,201264,37,,,0,55,,201263,37,,,0,30,,201289,37,,,0,70,,201288,37,,,0,30,,201287,37,,,0,70,,201286,37,,,0,29,,201285,37,,,0,70,,201284,37,,,0,26,,201282,37,,,0,103,,201307,37,,,0
664800,'101',1706,,201254,37,,,0
664800,'2',659,,201348,37,,,0,70,,201349,37,,,0,75,,201317,37,,,0,27,,201335,37,,,0,70,,201333,37,,,0,30,,201336,37,,,0,70,,201322,37,,,0,28,,201323,37,,,0,74,,201324,37,,,0,30,,201325,37,,,0,70,,201326,37,,,0,30,,201327,37,,,0,70,,201328,37,,,0,30,,201334,37,,,0,72,,201318,37,,,0,32,,201337,37,,,0,68,,201346,37,,,0,31,,201338,37,,,0,69,,201339,37,,,0,30,,201340,37,,,0,70,,201341,37,,,0,30,,201319,37,,,0,70,,201320,37,,,0,29,,201321,37,,,0,69,,201342,37,,,0,28,,201343,37,,,0,70,,201344,37,,,0,25,,201345,37,,,0,75,,201329,37,,,0,30,,201330,37,,,0,70,,201331,37,,,0,29,,201332,37,,,0,98,,201347,37,,,0
664800,'201',1706,,201316,37,,,0
664800,'3',800,,201378,37,,,0,30,,201379,37,,,0,70,,201380,37,,,0,33,,201376,37,,,0,70,,201369,37,,,0,30,,201370,37,,,0,70,,201373,37,,,0,30,,201371,37,,,0,71,,201374,37,,,0,30,,201375,37,,,0,70,,201350,37,,,0,31,,201351,37,,,0,70,,201352,37,,,0,31,,201353,37,,,0,70,,201354,37,,,0,30,,201355,37,,,0,70,,201356,37,,,0,30,,201357,37,,,0,71,,201358,37,,,0,30,,201359,37,,,0,70,,201360,37,,,0,29,,201361,37,,,0,67,,201372,37,,,0,30,,201362,37,,,0,69,,201363,37,,,0,29,,201364,37,,,0,69,,201365,37,,,0,30,,201366,37,,,0,70,,201367,37,,,0,30,,201368,37,,,0,97,,201377,37,,,0
