669200,'1_merged_15727750',607,,210334,25,,,0,30,,210335,25,,,0,70,,210336,25,,,0,20,,210337,25,,,0,20,,210338,25,,,0,60,,210339,25,,,0,20,,210340,25,,,0,20,,210341,25,,,0,60,,210342,25,,,0,20,,210343,25,,,0,20,,210344,25,,,0,60,,210345,25,,,0,20,,210346,25,,,0,20,,210347,25,,,0,60,,210348,25,,,0,21,,210349,25,,,0,21,,210350,25,,,0,60,,210351,25,,,0,20,,210352,25,,,0,20,,210353,25,,,0,60,,210354,25,,,0,20,,210355,25,,,0,20,,210356,25,,,0,60,,210357,25,,,0,23,,210358,25,,,0,20,,210359,25,,,0,60,,210360,25,,,0,20,,210361,25,,,0,20,,210362,25,,,0,60,,210363,25,,,0,20,,210364,25,,,0,20,,210365,25,,,0,60,,210366,25,,,0,20,,210367,25,,,0,20,,210368,25,,,0,59,,210369,25,,,0,19,,210370,25,,,0,25,,210371,25,,,0,69,,210372,25,,,0,30,,210373,25,,,0,69,,210374,25,,,0,20,,210375,25,,,0,70,,210376,25,,,0,40,,210377,25,,,0,70,,210378,12,,,0,36,,210379,12,,,0,69,,210380,12,,,0,78,,210381,12,,,0,32,,210382,12,,,0,86,,210383,12,,,0
669200,'2_merged_15727752',602,,210384,25,,,0,20,,210385,25,,,0,30,,210386,25,,,0,70,,210387,25,,,0,30,,210388,25,,,0,70,,210389,25,,,0,31,,210390,25,,,0,70,,210391,25,,,0,30,,210392,25,,,0,70,,210393,25,,,0,30,,210394,25,,,0,70,,210395,25,,,0,21,,210396,25,,,0,61,,210397,25,,,0,20,,210398,25,,,0,20,,210399,25,,,0,60,,210400,25,,,0,20,,210401,25,,,0,20,,210402,25,,,0,61,,210403,25,,,0,19,,210404,25,,,0,20,,210405,25,,,0,60,,210406,25,,,0,20,,210407,25,,,0,20,,210408,25,,,0,61,,210409,25,,,0,19,,210410,25,,,0,20,,210411,25,,,0,60,,210412,25,,,0,19,,210413,25,,,0,20,,210414,25,,,0,61,,210415,25,,,0,19,,210416,25,,,0,30,,210417,25,,,0,69,,210418,25,,,0,30,,210419,25,,,0,70,,210420,25,,,0,30,,210421,25,,,0,58,,210422,12,,,0,40,,210423,12,,,0,80,,210424,12,,,0,79,,210425,12,,,0,41,,210426,12,,,0,80,,210427,12,,,0,80,,210428,12,,,0
669200,'3_merged_15727751',653,,210429,25,,,0,70,,210430,25,,,0,30,,210431,25,,,0,71,,210432,25,,,0,30,,210433,25,,,0,70,,210434,25,,,0,31,,210435,25,,,0,70,,210436,25,,,0,30,,210437,25,,,0,70,,210438,25,,,0,20,,210439,25,,,0,60,,210440,25,,,0,20,,210441,25,,,0,20,,210442,25,,,0,60,,210443,25,,,0,20,,210444,25,,,0,20,,210445,25,,,0,60,,210446,25,,,0,20,,210447,25,,,0,20,,210448,25,,,0,60,,210449,25,,,0,20,,210450,25,,,0,20,,210451,25,,,0,60,,210452,25,,,0,20,,210453,25,,,0,20,,210454,25,,,0,60,,210455,25,,,0,20,,210456,25,,,0,20,,210457,25,,,0,60,,210458,25,,,0,20,,210459,25,,,0,29,,210460,25,,,0,70,,210461,25,,,0,30,,210462,25,,,0,70,,210463,25,,,0,30,,210464,25,,,0,59,,210465,12,,,0,40,,210466,12,,,0,80,,210467,12,,,0,79,,210468,12,,,0,41,,210469,12,,,0,80,,210470,12,,,0,80,,210471,12,,,0
683700,'1101_merged_15727765',2646,,225096,24,,,0
683700,'1201_merged_15727743',2646,,225097,24,,,0
683700,'1_merged_15727750',2526,,225098,24,,,0,20,,225099,24,,,0,60,,225100,24,,,0,29,,225101,24,,,0,74,,225102,24,,,0,19,,225103,24,,,0,28,,225104,24,,,0
683700,'2_merged_15727752',2531,,225107,24,,,0,23,,225112,24,,,0,54,,225106,24,,,0,19,,225111,24,,,0,20,,225108,24,,,0,70,,225110,24,,,0,12,,225109,24,,,0,74,,225105,24,,,0
683700,'3_merged_15727751',715,,225117,18,,,0,40,,225118,18,0,50 51,0,73,,225119,18,0,50 51,0,1575,,225120,24,,,0,32,,225121,24,,,0,70,,225122,24,,,0,37,,225123,24,,,0,71,,225124,24,,,0,24,,225125,24,,,0,88,,225126,24,,,0,25,,225127,24,,,0
3679901,'1_merged_15727750',603,,237990,18,,,0,30,,237991,18,,,0,15,,237992,18,,,0,10,,237993,18,,,0,69,,237994,18,,,0,17,,237995,18,,,0,58,,237996,18,,,0,12,,237997,18,,,0,16,,237998,18,,,0,20,,237999,18,,,0,53,,238000,18,,,0,20,,238001,18,,,0,13,,238002,18,,,0,70,,238003,18,,,0,26,,238004,18,,,0,19,,238005,18,,,0,73,,238006,18,,,0,25,,238007,18,,,0,67,,238008,18,,,0,30,,238009,18,,,0,73,,238010,18,,,0,31,,238011,18,,,0,69,,238012,18,,,0,31,,238013,18,,,0,68,,238014,18,,,0,27,,238015,18,,,0,65,,238016,18,,,0,13,,238017,18,,,0,18,,238018,18,,,0,10,,238019,18,,,0,62,,238020,18,,,0,9,,238021,18,,,0,13,,238022,18,,,0,10,,238023,18,,,0,11,,238024,18,,,0,51,,238025,18,,,0,5,,238026,18,,,0,13,,238027,18,,,0,12,,238028,18,,,0,17,,238029,18,,,0,57,,238030,18,,,0,23,,238031,18,,,0,66,,238032,18,,,0,56,,238033,18,,,0,96,,238034,18,,,0,104,,238035,18,,,0,96,,238036,18,,,0,100,,238037,18,,,0
3679901,'2_merged_15727752',622,,238052,18,,,0,30,,238069,18,,,0,70,,238038,18,,,0,31,,238039,18,,,0,70,,238040,18,,,0,30,,238041,18,,,0,71,,238042,18,,,0,29,,238043,18,,,0,71,,238044,18,,,0,31,,238045,18,,,0,70,,238046,18,,,0,76,,238047,18,,,0,22,,238048,18,,,0,32,,238049,18,,,0,70,,238050,18,,,0,31,,238051,18,,,0,68,,238070,18,,,0,29,,238053,18,,,0,69,,238068,18,,,0,31,,238054,18,,,0,71,,238055,18,,,0,30,,238056,18,,,0,69,,238067,18,,,0,31,,238064,18,,,0,71,,238065,18,,,0,32,,238057,18,,,0,69,,238058,18,,,0,26,,238059,18,,,0,103,,238066,18,,,0,100,,238060,18,,,0,98,,238061,18,,,0,98,,238062,18,,,0,99,,238063,18,,,0
3679901,'3_merged_15727751',850,,238071,18,,,0,102,,238072,18,,,0,100,,238073,18,,,0,71,,238074,18,,,0,33,,238075,18,,,0,67,,238076,18,,,0,32,,238077,18,,,0,70,,238078,18,,,0,29,,238079,18,,,0,70,,238080,18,,,0,31,,238081,18,,,0,69,,238082,18,,,0,30,,238083,18,,,0,72,,238084,18,,,0,28,,238085,18,,,0,70,,238086,18,,,0,28,,238087,18,,,0,72,,238088,18,,,0,29,,238089,18,,,0,75,,238090,18,,,0,22,,238091,18,,,0,102,,238092,18,,,0,99,,238093,18,,,0,97,,238094,18,,,0,106,,238095,18,,,0,96,,238096,18,,,0
