670500,'1',418,,212738,15,0,79 80 8,0,19,,212747,15,0,79 80 8,0,15,,212762,15,0,79 80 8,0,50,,212746,15,0,79 80 8,0,7,,212763,12,0,74 43 8,0,13,,212764,15,0,74 43 8,0,10,,212846,15,0,74 43 8,0,10,,212805,15,0,74 43 8,0,9,,212761,15,0,74 43 8,0,8,,212806,15,0,74 43 8,0,49,,212814,15,0,74 43 8,0,6,,212745,15,0,74 43 8,0,6,,212847,15,0,74 43 8,0,6,,212794,15,0,74 43 8,0,7,,212801,15,0,74 43 8,0,7,,212753,15,0,74 43 8,0,9,,212750,15,0,74 43 8,0,7,,212807,15,0,74 43 8,0,48,,212815,15,0,74 43 8,0,8,,212766,15,0,74 43 8,0,8,,212744,15,0,74 43 8,0,6,,212845,15,0,74 43 8,0,7,,212848,15,0,74 43 8,0,7,,212739,15,0,74 43 8,0,7,,212808,15,0,74 43 8,0,8,,212759,15,0,74 43 8,0,48,,212767,15,0,74 43 8,0,8,,212758,15,0,79 80 8,0,7,,212752,15,0,79 80 8,0,8,,212849,15,0,79 80 8,0,8,,212809,15,0,79 80 8,0,8,,212768,15,0,79 80 8,0,8,,212802,15,0,79 80 8,0,52,,212769,15,0,79 80 8,0,10,,212770,15,0,79 80 8,0,10,,212771,15,0,79 80 8,0,10,,212817,15,0,79 80 8,0,10,,212818,15,0,79 80 8,0,10,,212819,15,0,79 80 8,0,50,,212820,15,0,79 80 8,0,10,,212821,15,0,79 80 8,0,10,,212822,15,0,79 80 8,0,10,,212823,15,0,79 80 8,0,10,,212824,15,0,79 80 8,0,10,,212825,15,0,79 80 8,0,50,,212826,15,0,79 80 8,0,10,,212827,15,0,79 80 8,0,10,,212828,15,0,79 80 8,0,9,,212829,15,0,79 80 8,0,10,,212830,15,0,79 80 8,0,10,,212831,15,0,79 80 8,0,49,,212832,15,0,79 80 8,0,11,,212833,15,0,79 80 8,0,11,,212834,15,0,79 80 8,0,10,,212835,15,0,79 80 8,0,10,,212836,15,0,79 80 8,0,10,,212837,15,0,79 80 8,0,50,,212838,15,0,79 80 8,0,10,,212839,15,0,79 80 8,0,10,,212840,15,0,79 80 8,0,10,,212841,15,0,79 80 8,0,10,,212842,15,0,79 80 8,0,10,,212843,15,0,79 80 8,0,48,,212844,15,0,79 80 8,0,13,,212772,15,0,74 43 8,0,10,,212773,15,0,74 43 8,0,5,,212803,15,0,74 43 8,0,10,,212812,15,0,74 43 8,0,9,,212795,15,0,74 43 8,0,9,,212774,15,0,74 43 8,0,51,,212775,15,0,74 43 8,0,10,,212776,15,0,74 43 8,0,10,,212813,15,0,74 43 8,0,10,,212777,15,0,74 43 8,0,11,,212796,15,0,74 43 8,0,11,,212778,15,0,74 43 8,0,50,,212779,15,0,74 43 8,0,10,,212780,15,0,74 43 8,0,10,,212781,15,0,74 43 8,0,10,,212810,15,0,74 43 8,0,10,,212797,15,0,74 43 8,0,10,,212782,15,0,74 43 8,0,50,,212783,15,0,74 43 8,0,10,,212784,15,0,74 43 8,0,11,,212811,15,0,74 43 8,0,10,,212785,15,0,74 43 8,0,10,,212798,15,0,74 43 8,0,52,,212786,15,0,74 43 8,0,12,,212787,15,0,74 43 8,0,12,,212788,15,0,79 80 8,0,13,,212789,15,0,79 80 8,0,12,,212790,15,0,79 80 8,0,55,,212791,15,0,79 80 8,0,15,,212754,15,0,79 80 8,0,15,,212736,15,0,79 80 8,0,14,,212741,15,0,79 80 8,0,54,,212737,15,0,79 80 8,0,14,,212760,15,0,79 80 8,0,18,,212748,15,0,79 80 8,0,17,,212799,15,0,79 80 8,0,60,,212742,15,0,79 80 8,0,21,,212757,15,0,79 80 8,0,17,,212765,15,0,79 80 8,0,55,,212800,15,0,79 80 8,0,16,,212740,15,0,79 80 8,0,23,,212792,15,0,79 80 8,0,61,,212749,15,0,79 80 8,0,21,,212793,15,0,79 80 8,0,31,,212751,15,0,79 80 8,0,72,,212756,15,0,79 80 8,0,84,,212743,15,0,79 80 8,0,34,,212755,15,0,79 80 8,0
670500,'2',524,,212954,15,0,79 80 8,0,5,,212859,15,0,79 80 8,0,9,,212879,15,0,79 80 8,0,10,,212896,15,0,79 80 8,0,9,,212866,15,0,79 80 8,0,48,,212858,15,0,79 80 8,0,9,,212903,15,0,79 80 8,0,9,,212955,15,0,79 80 8,0,8,,212850,15,0,79 80 8,0,10,,212865,15,0,79 80 8,0,6,,212911,15,0,79 80 8,0,8,,212901,15,0,79 80 8,0,48,,212956,15,0,79 80 8,0,8,,212904,15,0,79 80 8,0,8,,212893,15,0,79 80 8,0,10,,212864,15,0,79 80 8,0,10,,212912,15,0,79 80 8,0,10,,212892,15,0,79 80 8,0,10,,212857,15,0,79 80 8,0,50,,212905,15,0,79 80 8,0,11,,212891,15,0,79 80 8,0,11,,212856,15,0,79 80 8,0,11,,212889,15,0,79 80 8,0,12,,212906,15,0,79 80 8,0,52,,212855,15,0,79 80 8,0,13,,212888,15,0,79 80 8,0,11,,212861,15,0,79 80 8,0,11,,212877,15,0,79 80 8,0,12,,212907,15,0,79 80 8,0,52,,212876,15,0,79 80 8,0,12,,212860,15,0,79 80 8,0,12,,212854,15,0,79 80 8,0,11,,212875,15,0,79 80 8,0,12,,212908,15,0,79 80 8,0,52,,212881,15,0,79 80 8,0,12,,212871,15,0,79 80 8,0,11,,212880,15,0,79 80 8,0,11,,212909,15,0,79 80 8,0,11,,212862,15,0,79 80 8,0,51,,212867,15,0,79 80 8,0,10,,212868,15,0,79 80 8,0,10,,212916,15,0,79 80 8,0,10,,212917,15,0,79 80 8,0,10,,212918,15,0,79 80 8,0,10,,212919,15,0,79 80 8,0,50,,212920,15,0,79 80 8,0,9,,212921,15,0,79 80 8,0,10,,212922,15,0,79 80 8,0,10,,212923,15,0,79 80 8,0,9,,212924,15,0,79 80 8,0,10,,212925,15,0,79 80 8,0,10,,212926,15,0,79 80 8,0,50,,212927,15,0,79 80 8,0,10,,212928,15,0,79 80 8,0,10,,212929,15,0,79 80 8,0,10,,212930,15,0,79 80 8,0,10,,212931,15,0,79 80 8,0,10,,212932,15,0,79 80 8,0,50,,212933,15,0,79 80 8,0,10,,212934,15,0,79 80 8,0,10,,212935,15,0,79 80 8,0,10,,212936,15,0,79 80 8,0,10,,212937,15,0,79 80 8,0,10,,212938,15,0,79 80 8,0,50,,212939,15,0,79 80 8,0,10,,212940,15,0,79 80 8,0,10,,212941,15,0,79 80 8,0,10,,212942,15,0,79 80 8,0,10,,212943,15,0,79 80 8,0,10,,212944,15,0,79 80 8,0,51,,212945,15,0,79 80 8,0,10,,212946,15,0,79 80 8,0,10,,212947,15,0,79 80 8,0,10,,212948,15,0,79 80 8,0,10,,212949,15,0,79 80 8,0,10,,212950,15,0,79 80 8,0,50,,212951,15,0,79 80 8,0,10,,212910,15,0,79 80 8,0,10,,212952,15,0,79 80 8,0,11,,212863,15,0,79 80 8,0,10,,212874,15,0,79 80 8,0,50,,212913,15,0,79 80 8,0,13,,212894,15,0,79 80 8,0,12,,212873,15,0,79 80 8,0,13,,212851,15,0,79 80 8,0,12,,212887,15,0,79 80 8,0,54,,212895,15,0,79 80 8,0,14,,212914,15,0,79 80 8,0,12,,212872,15,0,79 80 8,0,10,,212878,15,0,79 80 8,0,11,,212886,15,0,79 80 8,0,52,,212870,15,0,79 80 8,0,13,,212915,15,0,79 80 8,0,13,,212900,15,0,79 80 8,0,11,,212897,15,0,79 80 8,0,12,,212885,15,0,79 80 8,0,54,,212869,15,0,79 80 8,0,11,,212953,15,0,79 80 8,0,15,,212898,15,0,79 80 8,0,16,,212890,15,0,79 80 8,0,62,,212899,15,0,79 80 8,0,22,,212902,15,0,79 80 8,0,22,,212884,15,0,79 80 8,0,56,,212882,15,0,79 80 8,0,16,,212883,15,0,79 80 8,0
670500,'3',544,,212968,15,0,79 80 8,0,59,,212962,15,0,6 7 8,0,12,,212967,15,0,79 80 8,0,12,,213032,15,0,79 80 8,0,12,,213033,15,0,79 80 8,0,12,,212966,15,0,79 80 8,0,52,,212965,15,0,79 80 8,0,10,,212964,15,0,79 80 8,0,12,,213040,15,0,79 80 8,0,12,,212991,15,0,79 80 8,0,12,,212969,15,0,79 80 8,0,55,,212975,15,0,79 80 8,0,15,,212963,15,0,79 80 8,0,15,,212974,15,0,79 80 8,0,14,,212973,15,0,79 80 8,0,53,,212983,15,0,79 80 8,0,15,,213041,15,0,79 80 8,0,13,,212984,15,0,79 80 8,0,13,,212972,15,0,79 80 8,0,12,,212989,15,0,79 80 8,0,51,,212990,15,0,79 80 8,0,12,,212988,15,0,79 80 8,0,15,,212987,15,0,79 80 8,0,15,,212986,15,0,79 80 8,0,55,,212985,15,0,79 80 8,0,14,,212971,15,0,79 80 8,0,12,,213034,15,0,79 80 8,0,12,,212970,15,0,79 80 8,0,12,,212980,15,0,79 80 8,0,52,,212961,15,0,79 80 8,0,12,,212960,15,0,79 80 8,0,12,,213035,15,0,79 80 8,0,12,,212959,15,0,79 80 8,0,12,,212958,15,0,79 80 8,0,52,,212994,15,0,79 80 8,0,12,,213036,15,0,79 80 8,0,12,,212995,15,0,79 80 8,0,12,,212996,15,0,79 80 8,0,12,,212997,15,0,79 80 8,0,50,,213027,15,0,79 80 8,0,10,,212998,15,0,79 80 8,0,10,,213042,15,0,79 80 8,0,10,,212999,15,0,79 80 8,0,10,,213000,15,0,79 80 8,0,10,,213001,15,0,79 80 8,0,50,,213043,15,0,79 80 8,0,10,,213028,15,0,79 80 8,0,10,,213002,15,0,79 80 8,0,10,,213003,15,0,79 80 8,0,10,,213004,15,0,79 80 8,0,10,,213005,15,0,79 80 8,0,50,,213029,15,0,79 80 8,0,10,,213006,15,0,79 80 8,0,10,,213044,15,0,79 80 8,0,10,,213007,15,0,79 80 8,0,10,,213008,15,0,79 80 8,0,10,,213009,15,0,79 80 8,0,50,,213030,15,0,79 80 8,0,10,,213010,15,0,79 80 8,0,10,,213045,15,0,79 80 8,0,10,,213011,15,0,79 80 8,0,10,,213012,15,0,79 80 8,0,9,,213013,15,0,79 80 8,0,51,,213037,15,0,79 80 8,0,12,,213014,15,0,79 80 8,0,12,,213015,15,0,79 80 8,0,12,,213016,15,0,79 80 8,0,12,,213017,15,0,79 80 8,0,52,,213038,15,0,79 80 8,0,12,,213018,15,0,79 80 8,0,12,,213019,15,0,79 80 8,0,12,,213039,15,0,79 80 8,0,13,,213020,15,0,79 80 8,0,57,,213021,15,0,79 80 8,0,16,,213022,15,0,79 80 8,0,17,,213023,15,0,79 80 8,0,12,,213024,15,0,79 80 8,0,54,,213026,15,0,79 80 8,0,14,,212992,15,0,79 80 8,0,17,,213031,15,0,79 80 8,0,14,,213025,15,0,79 80 8,0,55,,212982,15,0,79 80 8,0,20,,212993,15,0,79 80 8,0,21,,212981,15,0,79 80 8,0,59,,212979,15,0,79 80 8,0,28,,212978,15,0,79 80 8,0,65,,212977,15,0,79 80 8,0,37,,212976,15,0,79 80 8,0
671400,'1',459,,215482,15,,,0,51,,215516,15,,,0,11,,215506,15,,,0,11,,215480,15,,,0,10,,215517,15,,,0,12,,215501,15,,,0,50,,215507,15,,,0,6,,215472,7,,,0,5,,215509,15,,,0,20,,215519,15,,,0,10,,215508,15,,,0,13,,215473,15,,,0,52,,215510,15,,,0,12,,215474,15,,,0,12,,215518,15,,,0,12,,215483,15,,,0,13,,215505,15,,,0,55,,215475,15,,,0,15,,215511,15,,,0,15,,215476,15,,,0,60,,215484,15,,,0,20,,215485,15,,,0,20,,215500,15,,,0,60,,215486,15,,,0,20,,215487,15,,,0,20,,215512,15,,,0,60,,215488,15,,,0,20,,215520,15,,,0,20,,215468,15,,,0,70,,215489,15,,,0,30,,215490,15,,,0,71,,215491,15,,,0,30,,215492,15,,,0,71,,215493,15,,,0,30,,215494,15,,,0,63,,215495,15,,,0,21,,215502,15,,,0,20,,215481,15,,,0,60,,215477,15,,,0,18,,215503,15,,,0,18,,215478,15,,,0,54,,215513,15,,,0,15,,215479,15,,,0,15,,215504,15,,,0,15,,215514,15,,,0,55,,215496,15,,,0,15,,215498,15,,,0,15,,215497,15,,,0,20,,215515,15,,,0,62,,215499,15,,,0,26,,215469,15,,,0,67,,215470,15,,,0,24,,215471,15,,,0
671400,'101',625,,215467,15,,,0
671400,'201',625,,215521,15,,,0
671500,'1',432,,215575,16,,,0,19,,215576,16,,,0,60,,215577,16,,,0,20,,215578,16,,,0,19,,215579,16,,,0,58,,215580,16,,,0,10,,215581,16,,,0,13,,215582,16,,,0,10,,215583,16,,,0,10,,215584,16,,,0,52,,215585,16,,,0,10,,215586,16,,,0,10,,215587,16,,,0,10,,215588,16,,,0,10,,215589,16,,,0,10,,215590,16,,,0,51,,215591,16,,,0,10,,215592,16,,,0,13,,215593,16,,,0,15,,215594,16,,,0,15,,215595,16,,,0,55,,215596,16,,,0,16,,215597,16,,,0,15,,215598,16,,,0,15,,215599,16,,,0,55,,215600,16,,,0,15,,215601,16,,,0,15,,215602,16,,,0,15,,215603,16,,,0,55,,215604,16,,,0,15,,215605,16,,,0,16,,215606,16,,,0,15,,215607,16,,,0,55,,215608,16,,,0,15,,215609,16,,,0,14,,215610,16,,,0,16,,215611,16,,,0,55,,215612,16,,,0,15,,215613,16,,,0,15,,215614,16,,,0,15,,215615,16,,,0,55,,215616,16,,,0,15,,215617,16,,,0,17,,215618,16,,,0,54,,215619,16,,,0,12,,215620,16,,,0,12,,215621,16,,,0,13,,215622,16,,,0,12,,215623,16,,,0,9,,215624,16,,,0,53,,215625,16,,,0,12,,215626,16,,,0,13,,215627,16,,,0,12,,215628,16,,,0,52,,215629,16,,,0,14,,215630,16,,,0,12,,215631,16,,,0,12,,215632,16,,,0,12,,215633,16,,,0,52,,215634,16,,,0,12,,215635,16,,,0,12,,215636,16,,,0,13,,215637,16,,,0,15,,215638,16,,,0,55,,215639,16,,,0,15,,215640,16,,,0,15,,215641,16,,,0,15,,215642,16,,,0,55,,215643,16,,,0,19,,215644,16,,,0,31,,215645,16,,,0,70,,215646,16,,,0,30,,215647,16,,,0,68,,215648,16,,,0,30,,215649,16,,,0,66,,215650,16,,,0,30,,215651,16,,,0,70,,215652,16,,,0,30,,215653,16,,,0,70,,215654,16,,,0
671500,'2',433,,215656,16,,,0,100,,215712,16,,,0,81,,215676,16,,,0,21,,215711,16,,,0,21,,215675,16,,,0,60,,215710,16,,,0,21,,215709,16,,,0,20,,215691,16,,,0,59,,215708,16,,,0,15,,215720,16,,,0,15,,215707,16,,,0,55,,215719,16,,,0,15,,215706,16,,,0,15,,215718,16,,,0,16,,215705,16,,,0,54,,215717,16,,,0,15,,215721,16,,,0,15,,215704,16,,,0,15,,215716,16,,,0,55,,215703,16,,,0,15,,215715,16,,,0,15,,215702,16,,,0,15,,215714,16,,,0,55,,215701,16,,,0,15,,215713,16,,,0,15,,215700,16,,,0,15,,215674,16,,,0,55,,215699,16,,,0,15,,215673,16,,,0,15,,215698,16,,,0,15,,215672,16,,,0,55,,215697,16,,,0,15,,215688,16,,,0,16,,215696,16,,,0,15,,215671,16,,,0,55,,215695,16,,,0,15,,215670,16,,,0,15,,215694,16,,,0,15,,215669,16,,,0,55,,215693,16,,,0,15,,215668,16,,,0,16,,215692,16,,,0,15,,215667,16,,,0,55,,215690,16,,,0,16,,215666,16,,,0,15,,215689,16,,,0,15,,215665,16,,,0,55,,215687,16,,,0,15,,215664,16,,,0,15,,215686,16,,,0,15,,215663,16,,,0,55,,215685,16,,,0,14,,215662,16,,,0,15,,215684,16,,,0,14,,215661,16,,,0,55,,215655,16,,,0,15,,215660,16,,,0,15,,215683,16,,,0,15,,215680,16,,,0,54,,215682,16,,,0,16,,215681,16,,,0,21,,215679,16,,,0,20,,215678,16,,,0,67,,215659,16,,,0,30,,215677,16,,,0,71,,215658,16,,,0,84,,215657,16,,,0,30,,215723,16,,,0,70,,215722,16,,,0
671500,'3',433,,215725,16,,,0,100,,215781,16,,,0,81,,215745,16,,,0,19,,215780,16,,,0,20,,215744,16,,,0,60,,215779,16,,,0,21,,215778,16,,,0,20,,215760,16,,,0,60,,215777,16,,,0,15,,215789,16,,,0,15,,215776,16,,,0,15,,215788,16,,,0,55,,215775,16,,,0,15,,215787,16,,,0,16,,215774,16,,,0,55,,215786,16,,,0,15,,215790,16,,,0,15,,215773,16,,,0,15,,215785,16,,,0,55,,215772,16,,,0,15,,215784,16,,,0,15,,215771,16,,,0,15,,215783,16,,,0,55,,215770,16,,,0,15,,215782,16,,,0,15,,215769,16,,,0,15,,215743,16,,,0,55,,215768,16,,,0,15,,215742,16,,,0,15,,215767,16,,,0,15,,215741,16,,,0,55,,215766,16,,,0,15,,215757,16,,,0,15,,215765,16,,,0,15,,215740,16,,,0,55,,215764,16,,,0,15,,215739,16,,,0,15,,215763,16,,,0,15,,215738,16,,,0,55,,215762,16,,,0,15,,215737,16,,,0,15,,215761,16,,,0,15,,215736,16,,,0,55,,215759,16,,,0,15,,215735,16,,,0,15,,215758,16,,,0,15,,215734,16,,,0,14,,215756,16,,,0,55,,215733,16,,,0,15,,215755,16,,,0,15,,215732,16,,,0,15,,215754,16,,,0,55,,215731,16,,,0,15,,215753,16,,,0,14,,215730,16,,,0,15,,215724,16,,,0,55,,215729,16,,,0,15,,215752,16,,,0,15,,215749,16,,,0,15,,215751,16,,,0,59,,215750,16,,,0,19,,215748,16,,,0,20,,215747,16,,,0,70,,215728,16,,,0,31,,215746,16,,,0,70,,215727,16,,,0,83,,215726,16,,,0,30,,215792,16,,,0,71,,215791,16,,,0
675400,'101',1550,,220857,49,4,,0
732100,'1',600,,225572,15,,,0,30,,225552,15,,,0,73,,225553,15,,,0,30,,225551,15,,,0,70,,225554,15,,,0,31,,225568,15,,,0,73,,225555,15,,,0,32,,225550,15,,,0,71,,225556,15,,,0,31,,225569,15,,,0,71,,225557,15,,,0,30,,225546,15,,,0,70,,225558,15,,,0,31,,225570,15,,,0,70,,225559,15,,,0,29,,225547,15,,,0,70,,225560,15,,,0,31,,225571,15,,,0,71,,225561,15,,,0,31,,225548,15,,,0,72,,225562,15,,,0,32,,225544,15,,,0,71,,225563,15,,,0,29,,225549,15,,,0,73,,225564,15,,,0,30,,225545,15,,,0,70,,225565,15,,,0,30,,225573,15,,,0,70,,225566,15,,,0,28,,225574,15,,,0,72,,225567,15,,,0,95,,225575,15,,,0,99,,225576,15,,,0,99,,225577,15,,,0
732100,'2',636,,225584,15,,,0,20,,225599,15,,,0,68,,225598,15,,,0,30,,225597,15,,,0,70,,225583,15,,,0,20,,225578,15,,,0,60,,225615,15,,,0,20,,225582,15,,,0,30,,225596,15,,,0,70,,225581,15,,,0,31,,225595,15,,,0,70,,225580,15,,,0,21,,225594,15,,,0,61,,225613,15,,,0,20,,225579,15,,,0,20,,225593,15,,,0,60,,225607,15,,,0,20,,225605,15,,,0,20,,225592,15,,,0,60,,225608,15,,,0,20,,225604,15,,,0,20,,225591,15,,,0,60,,225609,15,,,0,20,,225603,15,,,0,21,,225590,15,,,0,60,,225610,15,,,0,21,,225602,15,,,0,21,,225589,15,,,0,60,,225611,15,,,0,19,,225601,15,,,0,19,,225588,15,,,0,60,,225612,15,,,0,19,,225600,15,,,0,19,,225587,15,,,0,60,,225614,15,,,0,30,,225616,15,,,0,69,,225586,15,,,0,30,,225617,15,,,0,73,,225585,15,,,0,100,,225606,15,,,0,110,,225618,15,,,0,100,,225619,15,,,0
732100,'3',705,,225629,15,,,0,27,,225628,15,,,0,70,,225627,15,,,0,30,,225626,15,,,0,70,,225625,15,,,0,30,,225637,15,,,0,70,,225624,15,,,0,31,,225636,15,,,0,70,,225623,15,,,0,31,,225635,15,,,0,70,,225622,15,,,0,25,,225634,15,,,0,20,,225621,15,,,0,60,,225648,15,,,0,20,,225633,15,,,0,20,,225647,15,,,0,60,,225649,15,,,0,20,,225632,15,,,0,20,,225646,15,,,0,60,,225650,15,,,0,20,,225631,15,,,0,20,,225645,15,,,0,60,,225651,15,,,0,20,,225630,15,,,0,20,,225644,15,,,0,60,,225652,15,,,0,20,,225640,15,,,0,20,,225643,15,,,0,60,,225653,15,,,0,19,,225638,15,,,0,30,,225642,15,,,0,70,,225620,15,,,0,73,,225641,15,,,0,33,,225654,15,,,0,73,,225639,15,,,0,105,,225655,15,,,0,101,,225656,15,,,0,103,,225657,15,,,0
