661401,'152201_merged_15727756',2133,,187655,18,,,0,21,,187654,18,,,0,58,,187646,18,,,0,19,,187647,18,,,0,19,,187649,18,,,0,60,,187648,18,,,0,20,,187650,18,,,0,20,,187651,18,,,0,59,,187652,18,,,0,23,,187653,18,,,0
661401,'152301_merged_15727764',2133,,187665,18,,,0,21,,187656,18,,,0,58,,187657,18,,,0,19,,187658,18,,,0,19,,187659,18,,,0,60,,187660,18,,,0,20,,187661,18,,,0,20,,187662,18,,,0,59,,187663,18,,,0,23,,187664,18,,,0
661401,'1_merged_15727750',613,,187667,38,0,16 17,0,20,,187681,38,0,16 17,0,21,,187682,38,,,0,60,,187726,38,,,0,20,,187715,38,,,0,16,,187713,38,,,0,57,,187714,38,,,0,15,,187722,38,,,0,16,,187718,38,,,0,15,,187685,38,,,0,55,,187680,38,,,0,15,,187690,38,,,0,16,,187686,38,,,0,14,,187687,38,,,0,55,,187688,38,,,0,15,,187689,38,,,0,15,,187696,38,,,0,15,,187697,38,,,0,55,,187698,38,,,0,16,,187699,38,,,0,15,,187683,38,,,0,15,,187666,38,,,0,55,,187692,38,,,0,15,,187717,38,,,0,15,,187670,38,,,0,15,,187710,38,,,0,55,,187711,38,,,0,15,,187668,38,,,0,15,,187719,38,,,0,15,,187705,38,,,0,55,,187712,38,,,0,15,,187721,38,,,0,15,,187701,38,,,0,15,,187684,38,,,0,55,,187723,38,,,0,13,,187724,38,,,0,12,,187727,38,,,0,12,,187677,38,,,0,12,,187678,38,,,0,52,,187671,38,,,0,12,,187708,38,,,0,12,,187709,38,,,0,12,,187702,38,,,0,11,,187700,38,,,0,53,,187703,38,,,0,12,,187716,38,,,0,12,,187693,38,,,0,12,,187694,38,,,0,12,,187720,38,,,0,52,,187674,38,,,0,10,,187704,38,,,0,12,,187679,38,,,0,11,,187675,38,,,0,12,,187672,38,,,0,52,,187676,38,,,0,11,,187673,38,,,0,17,,187669,38,,,0,17,,187695,38,,,0,58,,187707,38,,,0,20,,187706,38,,,0,20,,187691,38,,,0,60,,187725,38,,,0
661401,'2_merged_15727752',621,,187789,18,0,16 17,0,35,,187767,39,0,16 17,0,60,,187788,39,0,16 17,0,22,,187751,39,0,16 17,0,20,,187734,39,0,16 17,0,60,,187728,39,0,16 17,0,21,,187733,39,,,0,19,,187731,39,,,0,58,,187779,39,,,0,15,,187753,39,,,0,16,,187759,39,,,0,55,,187776,39,,,0,18,,187778,39,,,0,15,,187740,39,,,0,15,,187736,39,,,0,55,,187768,39,,,0,15,,187781,39,,,0,15,,187777,39,,,0,15,,187739,39,,,0,54,,187746,39,,,0,16,,187747,39,,,0,14,,187748,39,,,0,12,,187749,39,,,0,12,,187729,39,,,0,52,,187760,39,,,0,12,,187766,39,,,0,13,,187791,39,,,0,13,,187757,39,,,0,52,,187758,39,,,0,13,,187793,39,,,0,12,,187775,39,,,0,12,,187792,39,,,0,12,,187730,39,,,0,51,,187735,39,,,0,12,,187794,39,,,0,11,,187762,39,,,0,12,,187764,39,,,0,11,,187750,39,,,0,12,,187771,39,,,0,52,,187795,39,,,0,12,,187738,39,,,0,12,,187787,39,,,0,12,,187770,39,,,0,12,,187754,39,,,0,51,,187796,39,,,0,12,,187755,39,,,0,12,,187732,39,,,0,11,,187737,39,,,0,12,,187742,39,,,0,55,,187782,39,,,0,15,,187783,39,,,0,15,,187797,39,,,0,15,,187784,39,,,0,55,,187785,39,,,0,15,,187786,39,,,0,21,,187773,39,,,0,61,,187780,39,,,0,24,,187741,39,,,0,16,,187752,39,,,0,61,,187774,19,,,0,20,,187790,18,,,0,20,,187745,18,,,0,60,,187743,18,,,0,21,,187744,18,,,0,20,,187772,18,,,0,59,,187769,18,,,0,20,,187756,18,,,0,20,,187765,18,,,0,60,,187761,18,,,0,22,,187763,18,,,0
661401,'3_merged_15727751',704,,187798,39,0,16 17,0,40,,187799,39,0,16 17,0,70,,187800,39,0,16 17,0,28,,187801,39,0,16 17,0,68,,187802,39,,,0,25,,187803,39,,,0,22,,187804,39,,,0,60,,187805,39,,,0,20,,187806,39,,,0,18,,187807,39,,,0,59,,187808,39,,,0,16,,187809,39,,,0,19,,187810,39,,,0,57,,187811,39,,,0,16,,187812,39,,,0,16,,187813,39,,,0,17,,187814,39,,,0,55,,187815,39,,,0,15,,187816,39,,,0,15,,187817,39,,,0,15,,187818,39,,,0,54,,187819,39,,,0,13,,187820,39,,,0,12,,187821,39,,,0,11,,187822,39,,,0,12,,187823,39,,,0,52,,187824,39,,,0,12,,187825,39,,,0,12,,187826,39,,,0,12,,187827,39,,,0,12,,187828,39,,,0,51,,187829,39,,,0,12,,187830,39,,,0,14,,187831,39,,,0,14,,187832,39,,,0,55,,187833,39,,,0,14,,187834,39,,,0,15,,187835,39,,,0,13,,187836,39,,,0,55,,187837,39,,,0,15,,187838,39,,,0,15,,187839,39,,,0,15,,187840,39,,,0,55,,187841,39,,,0,14,,187842,39,,,0,17,,187843,39,,,0,18,,187844,39,,,0,60,,187845,39,,,0,16,,187846,39,,,0,20,,187847,39,,,0,61,,187848,19,,,0,17,,187849,19,,,0,20,,187850,18,,,0,59,,187851,18,,,0,23,,187852,18,,,0,26,,187853,18,,,0,59,,187854,18,,,0,19,,187855,18,,,0,18,,187856,18,,,0,62,,187857,18,,,0,24,,187858,18,,,0
661701,'152201_merged_15727756',2123,,189387,46,,,0,20,,189388,46,,,0,60,,189386,46,,,0,17,,189389,45,,,0,19,,189390,46,,,0,20,,189391,46,,,0,60,,189392,46,,,0,20,,189393,45,,,0,20,,189394,45,,,0,58,,189395,45,,,0,20,,189396,45,,,0,15,,189397,45,,,0,70,,189398,45,,,0
661701,'152301_merged_15727764',2123,,189399,46,,,0,20,,189400,46,,,0,60,,189401,46,,,0,17,,189402,46,,,0,19,,189403,46,,,0,20,,189404,46,,,0,60,,189405,46,,,0,20,,189406,45,,,0,20,,189407,45,,,0,58,,189408,45,,,0,20,,189409,45,,,0,15,,189410,45,,,0,70,,189411,45,,,0
661701,'1_merged_15727750',559,,189473,18,,,0,82,,189412,46,,,0,62,,189413,46,,,0,21,,189414,46,,,0,15,,189415,46,,,0,15,,189416,46,,,0,53,,189417,46,,,0,14,,189418,46,,,0,13,,189419,46,,,0,14,,189420,46,,,0,53,,189421,46,,,0,13,,189422,46,,,0,13,,189423,46,,,0,13,,189424,46,,,0,11,,189425,47,,,0,52,,189426,46,,,0,13,,189427,46,,,0,14,,189428,46,,,0,15,,189429,46,,,0,55,,189430,46,,,0,15,,189431,46,,,0,15,,189432,46,,,0,15,,189433,46,,,0,55,,189434,46,,,0,15,,189435,46,,,0,15,,189436,46,,,0,15,,189437,46,,,0,55,,189438,46,,,0,14,,189439,46,,,0,15,,189440,46,,,0,15,,189441,46,,,0,56,,189442,46,,,0,16,,189443,46,,,0,15,,189444,46,,,0,16,,189445,46,,,0,55,,189446,46,,,0,15,,189447,46,,,0,15,,189448,46,,,0,15,,189449,46,,,0,54,,189450,46,,,0,13,,189451,46,,,0,14,,189452,46,,,0,13,,189453,46,,,0,13,,189454,47,,,0,54,,189455,46,,,0,13,,189456,47,,,0,13,,189457,46,,,0,11,,189458,46,,,0,13,,189459,47,,,0,53,,189460,46,,,0,11,,189461,47,,,0,12,,189462,46,,,0,12,,189463,47,,,0,12,,189464,46,,,0,52,,189465,47,,,0,15,,189466,46,,,0,21,,189467,46,,,0,61,,189468,46,,,0,19,,189469,46,,,0,20,,189470,46,,,0,58,,189471,46,,,0
661701,'2_merged_15727752',625,,189475,16,,,0,20,,189476,47,,,0,61,,189477,47,,,0,22,,189478,47,,,0,20,,189479,47,,,0,60,,189480,47,,,0,15,,189481,47,,,0,15,,189482,47,,,0,16,,189483,47,,,0,55,,189484,47,,,0,16,,189485,47,,,0,15,,189486,47,,,0,17,,189487,47,,,0,55,,189488,47,,,0,15,,189489,47,,,0,15,,189490,47,,,0,16,,189491,47,,,0,55,,189492,47,,,0,15,,189493,47,,,0,15,,189494,47,,,0,16,,189495,47,,,0,55,,189496,47,,,0,15,,189497,47,,,0,15,,189498,47,,,0,57,,189499,47,,,0,15,,189500,47,,,0,15,,189501,47,,,0,15,,189502,47,,,0,56,,189503,47,,,0,16,,189504,47,,,0,15,,189505,47,,,0,16,,189506,47,,,0,55,,189507,47,,,0,12,,189508,47,,,0,11,,189509,47,,,0,12,,189510,47,,,0,11,,189511,47,,,0,52,,189512,47,,,0,12,,189513,47,,,0,12,,189514,47,,,0,12,,189515,47,,,0,12,,189516,47,,,0,50,,189517,47,,,0,12,,189518,45,,,0,12,,189519,47,,,0,12,,189520,47,,,0,12,,189521,47,,,0,52,,189522,47,,,0,12,,189523,45,,,0,12,,189524,47,,,0,15,,189525,47,,,0,15,,189526,47,,,0,55,,189527,47,,,0,15,,189528,45,,,0,18,,189529,47,,,0,60,,189530,47,,,0,20,,189531,47,,,0,20,,189532,45,,,0,60,,189533,45,,,0,19,,189534,46,,,0,21,,189535,46,,,0,60,,189536,46,,,0,18,,189537,46,,,0,19,,189538,46,,,0,20,,189539,46,,,0,60,,189540,46,,,0,20,,189541,45,,,0,20,,189542,45,,,0,59,,189543,45,,,0,20,,189544,45,,,0,20,,189545,45,,,0,67,,189546,45,,,0
661701,'3_merged_15727751',654,,189549,47,,,0,74,,189550,47,,,0,72,,189551,47,,,0,33,,189552,47,,,0,70,,189553,47,,,0,25,,189554,47,,,0,20,,189555,47,,,0,60,,189556,47,,,0,20,,189557,47,,,0,20,,189558,47,,,0,60,,189559,47,,,0,18,,189560,47,,,0,15,,189561,47,,,0,16,,189562,47,,,0,55,,189563,47,,,0,15,,189564,47,,,0,15,,189565,47,,,0,16,,189566,47,,,0,55,,189567,47,,,0,15,,189568,47,,,0,15,,189569,47,,,0,15,,189570,47,,,0,55,,189571,47,,,0,15,,189572,47,,,0,15,,189573,47,,,0,15,,189574,47,,,0,55,,189575,47,,,0,15,,189576,47,,,0,15,,189577,47,,,0,15,,189578,47,,,0,55,,189579,47,,,0,15,,189580,47,,,0,15,,189581,47,,,0,15,,189582,47,,,0,54,,189583,45,,,0,15,,189584,47,,,0,15,,189585,47,,,0,15,,189586,45,,,0,55,,189587,47,,,0,13,,189588,47,,,0,15,,189589,47,,,0,18,,189590,47,,,0,60,,189591,47,,,0,20,,189592,47,,,0,19,,189593,45,,,0,59,,189594,47,,,0,20,,189595,45,,,0,20,,189596,45,,,0,60,,189597,46,,,0,20,,189598,46,,,0,20,,189599,46,,,0,60,,189600,46,,,0,20,,189601,46,,,0,20,,189602,46,,,0,58,,189603,46,,,0,20,,189604,45,,,0,19,,189605,45,,,0,60,,189606,45,,,0,22,,189607,45,,,0,19,,189608,45,,,0,68,,189609,45,,,0
