670901,'1',501,,214594,7,,,0,22,,214584,7,,,0,21,,214596,7,,,0,60,,214585,7,,,0,41,,214592,7,,,0,59,,214597,7,,,0,20,,214601,7,,,0,16,,214573,7,,,0,15,,214576,7,,,0,60,,214598,7,,,0,20,,214575,7,,,0,70,,214599,7,,,0,30,,214574,7,,,0,100,,214588,7,,,0,100,,214589,7,,,0,100,,214591,7,,,0,101,,214600,7,,,0,76,,214590,7,,,0,30,,214595,7,,,0,70,,214586,7,,,0,29,,214578,7,,,0,64,,214572,7,,,0,30,,214579,7,,,0,70,,214580,7,,,0,29,,214581,7,,,0,71,,214582,7,,,0,37,,214577,7,,,0,76,,214593,7,,,0,105,,214583,7,,,0,107,,214587,7,,,0
670901,'101',625,,214571,7,,,0
670901,'2',801,,214615,7,,,0,99,,214613,7,,,0,100,,214612,7,,,0,100,,214610,7,,,0,100,,214609,7,,,0,101,,214608,7,,,0,100,,214607,7,,,0,100,,214611,7,,,0,100,,214604,7,,,0,100,,214606,7,,,0,100,,214614,7,,,0,99,,214605,7,,,0,100,,214603,7,,,0,103,,214616,7,,,0
670901,'201',625,,214602,7,,,0
670901,'3',1121,,214618,7,,,0,105,,214623,7,,,0,105,,214624,7,,,0,101,,214620,7,,,0,100,,214619,7,,,0,100,,214621,7,,,0,99,,214617,7,,,0,100,,214627,7,,,0,100,,214622,7,,,0,95,,214626,7,,,0,96,,214625,7,,,0
671200,'1',526,,214695,22,,,0,21,,214696,22,,,0,61,,214723,22,,,0,11,,214697,22,,,0,10,,214711,22,,,0,10,,214761,22,,,0,11,,214721,22,,,0,50,,214712,22,,,0,6,,214722,22,,,0,12,,214713,22,,,0,20,,214714,22,,,0,8,,214748,22,,,0,9,,214715,22,,,0,49,,214673,22,,,0,7,,214754,22,,,0,8,,214716,22,,,0,12,,214681,22,,,0,11,,214719,22,,,0,11,,214739,22,,,0,52,,214720,22,,,0,12,,214682,22,,,0,10,,214698,22,,,0,13,,214683,22,,,0,12,,214699,22,,,0,54,,214670,22,,,0,15,,214700,22,,,0,15,,214684,22,,,0,15,,214701,22,,,0,55,,214672,22,,,0,16,,214702,22,,,0,15,,214685,22,,,0,16,,214703,22,,,0,55,,214740,22,,,0,16,,214704,22,,,0,15,,214686,22,,,0,15,,214705,22,,,0,55,,214710,22,,,0,15,,214706,22,,,0,15,,214687,22,,,0,15,,214717,22,,,0,54,,214718,22,,,0,14,,214688,22,,,0,13,,214707,22,,,0,10,,214765,22,,,0,10,,214741,22,,,0,50,,214777,22,,,0,10,,214677,22,,,0,11,,214694,22,,,0,22,,214737,22,,,0,11,,214747,22,,,0,54,,214689,22,,,0,7,,214724,22,,,0,9,,214766,22,,,0,7,,214725,22,,,0,7,,214755,22,,,0,14,,214674,22,,,0,47,,214726,22,,,0,13,,214774,22,,,0,6,,214727,22,,,0,11,,214775,22,,,0,7,,214728,22,,,0,12,,214729,22,,,0,5,,214691,22,,,0,52,,214776,22,,,0,6,,214742,22,,,0,11,,214745,22,,,0,6,,214744,22,,,0,8,,214708,22,,,0,6,,214767,22,,,0,7,,214749,22,,,0,48,,214756,22,,,0,8,,214671,22,,,0,9,,214709,22,,,0,8,,214692,22,,,0,10,,214750,22,,,0,10,,214676,22,,,0,10,,214768,22,,,0,50,,214757,22,,,0,10,,214746,22,,,0,8,,214678,22,,,0,9,,214762,22,,,0,10,,214763,22,,,0,11,,214769,22,,,0,50,,214758,22,,,0,10,,214679,22,,,0,10,,214680,22,,,0,10,,214751,22,,,0,10,,214764,22,,,0,10,,214770,22,,,0,50,,214759,22,,,0,11,,214669,22,,,0,11,,214730,22,,,0,12,,214731,22,,,0,12,,214760,22,,,0,52,,214771,22,,,0,12,,214752,22,,,0,12,,214732,22,,,0,15,,214753,22,,,0,15,,214772,22,,,0,55,,214733,22,,,0,14,,214734,22,,,0,32,,214735,22,,,0,71,,214736,22,,,0
671200,'101',711,,214665,22,,,0,16,,214667,22,,,0,810,,214668,22,,,0,69,,214666,22,,,0
671200,'2',635,,214807,22,,,0,65,,214806,22,,,0,20,,214856,22,,,0,15,,214805,22,,,0,15,,214863,22,,,0,55,,214829,22,,,0,15,,214804,22,,,0,15,,214793,22,,,0,15,,214864,22,,,0,55,,214825,22,,,0,15,,214803,22,,,0,15,,214837,22,,,0,15,,214838,22,,,0,55,,214839,22,,,0,15,,214840,22,,,0,15,,214841,22,,,0,17,,214842,22,,,0,55,,214843,22,,,0,15,,214844,22,,,0,15,,214845,22,,,0,15,,214846,22,,,0,55,,214847,22,,,0,14,,214848,22,,,0,15,,214849,22,,,0,14,,214850,22,,,0,56,,214851,22,,,0,15,,214852,22,,,0,15,,214853,22,,,0,15,,214854,22,,,0,56,,214855,22,,,0,15,,214802,22,,,0,15,,214790,22,,,0,15,,214831,22,,,0,55,,214817,22,,,0,15,,214789,22,,,0,16,,214788,22,,,0,15,,214787,22,,,0,55,,214786,22,,,0,15,,214818,22,,,0,14,,214797,22,,,0,15,,214826,22,,,0,53,,214836,22,,,0,13,,214798,22,,,0,10,,214799,22,,,0,10,,214800,22,,,0,10,,214827,22,,,0,9,,214801,22,,,0,50,,214794,22,,,0,10,,214860,22,,,0,10,,214819,22,,,0,10,,214792,22,,,0,10,,214828,22,,,0,8,,214795,22,,,0,50,,214796,22,,,0,10,,214861,22,,,0,10,,214820,22,,,0,10,,214791,22,,,0,9,,214830,22,,,0,11,,214785,22,,,0,51,,214784,22,,,0,10,,214862,22,,,0,9,,214783,22,,,0,10,,214832,22,,,0,10,,214821,22,,,0,10,,214857,22,,,0,51,,214782,22,,,0,12,,214816,22,,,0,12,,214833,22,,,0,12,,214822,22,,,0,13,,214858,22,,,0,53,,214815,22,,,0,12,,214814,22,,,0,13,,214834,22,,,0,15,,214823,22,,,0,56,,214813,22,,,0,15,,214812,22,,,0,15,,214859,22,,,0,15,,214824,22,,,0,60,,214811,22,,,0,19,,214810,22,,,0,20,,214835,22,,,0,60,,214809,22,,,0,29,,214808,22,,,0
671200,'201',711,,214781,22,,,0,17,,214779,22,,,0,810,,214778,22,,,0,68,,214780,22,,,0
671200,'3',820,,214867,22,,,0,15,,214931,22,,,0,16,,214866,22,,,0,56,,214932,22,,,0,15,,214865,22,,,0,15,,214873,22,,,0,15,,214874,22,,,0,55,,214875,22,,,0,16,,214876,22,,,0,15,,214877,22,,,0,14,,214878,22,,,0,54,,214879,22,,,0,14,,214880,22,,,0,14,,214881,22,,,0,15,,214882,22,,,0,56,,214883,22,,,0,15,,214884,22,,,0,16,,214885,22,,,0,15,,214886,22,,,0,55,,214887,22,,,0,15,,214888,22,,,0,16,,214889,22,,,0,15,,214890,22,,,0,55,,214891,22,,,0,15,,214892,22,,,0,15,,214893,22,,,0,15,,214894,22,,,0,56,,214895,22,,,0,15,,214896,22,,,0,15,,214897,22,,,0,15,,214898,22,,,0,55,,214899,22,,,0,15,,214900,22,,,0,15,,214872,22,,,0,12,,214901,22,,,0,51,,214902,22,,,0,14,,214903,22,,,0,11,,214904,22,,,0,11,,214905,22,,,0,11,,214906,22,,,0,11,,214907,22,,,0,52,,214908,22,,,0,12,,214909,22,,,0,12,,214910,22,,,0,12,,214911,22,,,0,53,,214912,22,,,0,13,,214913,22,,,0,11,,214914,22,,,0,12,,214915,22,,,0,12,,214916,22,,,0,52,,214917,22,,,0,12,,214870,22,,,0,13,,214918,22,,,0,15,,214919,22,,,0,14,,214920,22,,,0,55,,214921,22,,,0,14,,214922,22,,,0,15,,214923,22,,,0,15,,214924,22,,,0,56,,214925,22,,,0,14,,214926,22,,,0,15,,214927,22,,,0,15,,214928,22,,,0,55,,214929,22,,,0,15,,214869,22,,,0,14,,214930,22,,,0,15,,214871,22,,,0,55,,214868,22,,,0
