680600,'1',549,,222226,20,4,,0,71,,222227,20,4,,0,15,,222228,20,4,,0,15,,222229,20,4,,0,54,,222230,20,4,,0,15,,222231,20,4,,0,14,,222232,20,4,,0,15,,222233,20,4,,0,57,,222234,20,4,,0,15,,222235,20,4,,0,15,,222236,20,4,,0,17,,222237,20,4,,0,53,,222238,20,4,,0,19,,222239,20,4,,0,30,,222240,20,4,,0,70,,222241,20,4,,0,30,,222242,20,4,,0,71,,222243,20,4,,0,30,,222244,20,4,,0,70,,222245,20,4,,0,30,,222246,20,4,,0,70,,222247,20,4,,0,30,,222248,20,4,,0,70,,222249,20,4,,0,22,,222250,20,4,,0,60,,222251,20,4,,0,17,,222252,20,4,,0,15,,222253,20,4,,0,15,,222254,20,4,,0,55,,222255,20,4,,0,13,,222256,20,4,,0,16,,222257,20,4,,0,16,,222258,20,4,,0,56,,222259,20,4,,0,15,,222260,20,4,,0,15,,222261,20,4,,0,14,,222262,20,4,,0,55,,222263,20,4,,0,12,,222264,20,4,,0,15,,222265,20,4,,0,14,,222266,20,4,,0,55,,222267,20,4,,0,10,,222268,20,4,,0,29,,222269,20,4,,0,69,,222270,20,4,,0,33,,222271,20,4,,0,67,,222272,20,4,,0,30,,222273,20,4,,0,71,,222274,20,4,,0,30,,222275,20,4,,0,70,,222276,20,4,,0,30,,222277,20,4,,0,70,,222278,20,4,,0
680600,'2',644,,222309,20,4,,0,100,,222310,20,4,,0,68,,222293,20,4,,0,33,,222288,20,4,,0,70,,222292,20,4,,0,30,,222287,20,4,,0,70,,222291,20,4,,0,30,,222286,20,4,,0,70,,222290,20,4,,0,31,,222285,20,4,,0,70,,222294,20,4,,0,25,,222284,20,4,,0,70,,222303,20,4,,0,31,,222283,20,4,,0,69,,222302,20,4,,0,30,,222282,20,4,,0,70,,222300,20,4,,0,31,,222281,20,4,,0,70,,222299,20,4,,0,30,,222280,20,4,,0,70,,222298,20,4,,0,30,,222279,20,4,,0,70,,222297,20,4,,0,30,,222307,20,4,,0,70,,222296,20,4,,0,28,,222306,20,4,,0,70,,222289,20,4,,0,30,,222305,20,4,,0,68,,222295,20,4,,0,34,,222304,20,4,,0,70,,222301,20,4,,0,30,,222308,20,4,,0,70,,222312,20,4,,0,30,,222311,20,4,,0
680600,'3',728,,222340,20,4,,0,100,,222341,20,4,,0,87,,222337,20,4,,0,30,,222323,20,4,,0,72,,222336,20,4,,0,30,,222322,20,4,,0,70,,222335,20,4,,0,30,,222321,20,4,,0,70,,222334,20,4,,0,31,,222320,20,4,,0,69,,222333,20,4,,0,30,,222319,20,4,,0,71,,222332,20,4,,0,30,,222318,20,4,,0,69,,222324,20,4,,0,30,,222317,20,4,,0,70,,222331,20,4,,0,30,,222316,20,4,,0,70,,222330,20,4,,0,30,,222315,20,4,,0,70,,222329,20,4,,0,30,,222314,20,4,,0,70,,222328,20,4,,0,30,,222313,20,4,,0,70,,222327,20,4,,0,28,,222339,20,4,,0,70,,222326,20,4,,0,29,,222338,20,4,,0,70,,222325,20,4,,0,29,,222344,20,4,,0,70,,222342,20,4,,0,30,,222343,20,4,,0
680601,'1',515,,222345,1,,,0,30,,222346,1,,,0,55,,222347,1,,,0,15,,222348,1,,,0,15,,222349,1,,,0,15,,222350,1,,,0,55,,222351,1,,,0,15,,222352,1,,,0,15,,222353,1,,,0,15,,222354,1,,,0,55,,222355,1,,,0,15,,222356,1,,,0,15,,222357,1,,,0,15,,222358,1,,,0,70,,222359,1,,,0,30,,222360,1,,,0,70,,222361,1,,,0,30,,222362,1,,,0,70,,222363,1,,,0,30,,222364,1,,,0,70,,222365,1,,,0,30,,222366,1,,,0,70,,222367,1,,,0,30,,222368,1,,,0,65,,222369,1,,,0,20,,222370,1,,,0,15,,222371,1,,,0,55,,222372,1,,,0,16,,222373,1,,,0,14,,222374,1,,,0,15,,222375,1,,,0,55,,222376,1,,,0,15,,222377,1,,,0,15,,222378,1,,,0,15,,222379,1,,,0,55,,222380,1,,,0,15,,222381,1,,,0,15,,222382,1,,,0,15,,222383,1,,,0,55,,222384,1,,,0,15,,222385,1,,,0,15,,222386,1,,,0,15,,222387,1,,,0,70,,222388,1,,,0,30,,222389,1,,,0,73,,222390,1,,,0,27,,222391,1,,,0,70,,222392,1,,,0,30,,222393,1,,,0,70,,222394,1,,,0,30,,222395,1,,,0,70,,222396,1,,,0,30,,222397,1,,,0,70,,222398,1,,,0
680601,'2',615,,222429,1,,,0,100,,222430,1,,,0,100,,222421,1,,,0,30,,222416,1,,,0,70,,222427,1,,,0,30,,222415,1,,,0,70,,222426,1,,,0,30,,222414,1,,,0,70,,222419,1,,,0,30,,222413,1,,,0,65,,222418,1,,,0,30,,222412,1,,,0,70,,222417,1,,,0,30,,222411,1,,,0,70,,222402,1,,,0,30,,222410,1,,,0,70,,222401,1,,,0,30,,222409,1,,,0,70,,222400,1,,,0,30,,222408,1,,,0,70,,222399,1,,,0,30,,222407,1,,,0,70,,222420,1,,,0,30,,222406,1,,,0,70,,222425,1,,,0,30,,222405,1,,,0,70,,222424,1,,,0,30,,222404,1,,,0,75,,222423,1,,,0,30,,222403,1,,,0,70,,222422,1,,,0,30,,222428,1,,,0,70,,222431,1,,,0
680601,'3',746,,222459,1,,,0,100,,222460,1,,,0,70,,222457,1,,,0,30,,222444,1,,,0,70,,222456,1,,,0,30,,222443,1,,,0,70,,222455,1,,,0,30,,222442,1,,,0,70,,222454,1,,,0,29,,222441,1,,,0,70,,222453,1,,,0,31,,222440,1,,,0,70,,222452,1,,,0,30,,222439,1,,,0,70,,222451,1,,,0,30,,222438,1,,,0,70,,222450,1,,,0,30,,222437,1,,,0,70,,222449,1,,,0,30,,222436,1,,,0,70,,222448,1,,,0,30,,222435,1,,,0,70,,222447,1,,,0,30,,222434,1,,,0,70,,222446,1,,,0,30,,222433,1,,,0,70,,222445,1,,,0,30,,222432,1,,,0,69,,222458,1,,,0,30,,222461,1,,,0,70,,222462,1,,,0
681700,'1',602,,223010,22,4,,0,15,,223011,22,4,,0,15,,223012,22,4,,0,16,,223013,22,4,,0,55,,223014,22,4,,0,15,,223015,22,4,,0,15,,223016,22,4,,0,15,,223017,22,4,,0,55,,223018,22,4,,0,15,,223019,22,4,,0,18,,223020,22,4,,0,15,,223021,22,4,,0,55,,223022,22,4,,0,35,,223023,22,4,,0,69,,223024,22,4,,0,30,,223025,22,4,,0,70,,223026,22,4,,0,30,,223027,22,4,,0,72,,223028,22,4,,0,30,,223029,22,4,,0,70,,223030,22,4,,0,30,,223031,22,4,,0,73,,223032,22,4,,0,30,,223033,22,4,,0,70,,223034,22,4,,0,14,,223035,22,4,,0,15,,223036,22,4,,0,15,,223037,22,4,,0,55,,223038,22,4,,0,15,,223039,22,4,,0,12,,223040,22,4,,0,12,,223041,22,4,,0,51,,223042,22,4,,0,12,,223043,22,4,,0,13,,223044,22,4,,0,12,,223045,22,4,,0,12,,223046,22,4,,0,50,,223047,22,4,,0,12,,223048,22,4,,0,12,,223049,22,4,,0,12,,223050,22,4,,0,12,,223051,22,4,,0,50,,223052,22,4,,0,12,,223053,22,4,,0,22,,223054,22,4,,0,18,,223055,22,4,,0,60,,223056,22,4,,0,20,,223057,22,4,,0,74,,223058,22,4,,0,29,,223059,22,4,,0,70,,223060,22,4,,0,29,,223061,22,4,,0,70,,223062,22,4,,0,30,,223063,22,4,,0,70,,223064,22,4,,0
681700,'101',841,,223009,22,4,,0
681700,'2',706,,223104,22,4,,0,100,,223085,22,4,,0,30,,223082,22,4,,0,70,,223083,22,4,,0,32,,223081,22,4,,0,70,,223065,22,4,,0,31,,223080,22,4,,0,70,,223094,22,4,,0,30,,223079,22,4,,0,65,,223093,22,4,,0,20,,223095,22,4,,0,20,,223078,22,4,,0,61,,223092,22,4,,0,20,,223096,22,4,,0,20,,223076,22,4,,0,60,,223091,22,4,,0,20,,223097,22,4,,0,20,,223075,22,4,,0,60,,223090,22,4,,0,20,,223098,22,4,,0,20,,223074,22,4,,0,60,,223089,22,4,,0,21,,223099,22,4,,0,16,,223073,22,4,,0,62,,223088,22,4,,0,20,,223100,22,4,,0,20,,223072,22,4,,0,60,,223087,22,4,,0,20,,223101,22,4,,0,20,,223071,22,4,,0,59,,223086,22,4,,0,25,,223102,22,4,,0,19,,223070,22,4,,0,55,,223084,22,4,,0,20,,223103,22,4,,0,20,,223068,22,4,,0,65,,223069,22,4,,0,30,,223067,22,4,,0,70,,223077,22,4,,0,30,,223066,22,4,,0,70,,223105,22,4,,0,30,,223106,22,4,,0
681700,'3',806,,223140,22,4,,0,102,,223134,22,4,,0,30,,223120,22,4,,0,71,,223133,22,4,,0,30,,223119,22,4,,0,70,,223132,22,4,,0,31,,223118,22,4,,0,70,,223131,22,4,,0,30,,223117,22,4,,0,70,,223130,22,4,,0,31,,223116,22,4,,0,70,,223122,22,4,,0,30,,223115,22,4,,0,70,,223129,22,4,,0,20,,223114,22,4,,0,20,,223139,22,4,,0,60,,223128,22,4,,0,20,,223135,22,4,,0,23,,223113,22,4,,0,54,,223121,22,4,,0,22,,223136,22,4,,0,25,,223112,22,4,,0,55,,223127,22,4,,0,19,,223137,22,4,,0,25,,223111,22,4,,0,55,,223126,22,4,,0,19,,223138,22,4,,0,23,,223110,22,4,,0,57,,223125,22,4,,0,30,,223109,22,4,,0,70,,223124,22,4,,0,28,,223108,22,4,,0,70,,223123,22,4,,0,30,,223107,22,4,,0,71,,223141,22,4,,0,29,,223142,22,4,,0
681701,'1',550,,223144,1,,,0,55,,223145,1,,,0,15,,223146,1,,,0,15,,223147,1,,,0,15,,223148,1,,,0,55,,223149,1,,,0,15,,223150,1,,,0,15,,223151,1,,,0,70,,223152,1,,,0,13,,223153,1,,,0,17,,223154,1,,,0,15,,223155,1,,,0,55,,223156,1,,,0,15,,223157,1,,,0,30,,223158,1,,,0,70,,223159,1,,,0,30,,223160,1,,,0,70,,223161,1,,,0,30,,223162,1,,,0,70,,223163,1,,,0,30,,223164,1,,,0,70,,223165,1,,,0,30,,223166,1,,,0,70,,223167,1,,,0,15,,223168,1,,,0,17,,223169,1,,,0,53,,223170,1,,,0,15,,223171,1,,,0,15,,223172,1,,,0,15,,223173,1,,,0,55,,223174,1,,,0,15,,223175,1,,,0,15,,223176,1,,,0,12,,223177,1,,,0,12,,223178,1,,,0,52,,223179,1,,,0,12,,223180,1,,,0,12,,223181,1,,,0,12,,223182,1,,,0,12,,223183,1,,,0,52,,223184,1,,,0,12,,223185,1,,,0,12,,223186,1,,,0,15,,223187,1,,,0,60,,223188,1,,,0,20,,223189,1,,,0,20,,223190,1,,,0,70,,223191,1,,,0,35,,223192,1,,,0,65,,223193,1,,,0,30,,223194,1,,,0,70,,223195,1,,,0,30,,223196,1,,,0,70,,223197,1,,,0,30,,223198,1,,,0
681701,'101',750,,223143,1,,,0
681701,'2',620,,223240,1,,,0,100,,223238,1,,,0,30,,223241,1,,,0,70,,223227,1,,,0,30,,223213,1,,,0,70,,223226,1,,,0,30,,223212,1,,,0,70,,223225,1,,,0,30,,223211,1,,,0,60,,223229,1,,,0,20,,223224,1,,,0,21,,223210,1,,,0,59,,223230,1,,,0,20,,223223,1,,,0,20,,223209,1,,,0,60,,223231,1,,,0,20,,223222,1,,,0,20,,223208,1,,,0,60,,223232,1,,,0,20,,223221,1,,,0,20,,223228,1,,,0,60,,223233,1,,,0,20,,223220,1,,,0,21,,223207,1,,,0,59,,223234,1,,,0,20,,223219,1,,,0,21,,223206,1,,,0,59,,223235,1,,,0,20,,223218,1,,,0,20,,223205,1,,,0,60,,223236,1,,,0,20,,223217,1,,,0,20,,223204,1,,,0,55,,223237,1,,,0,25,,223216,1,,,0,20,,223203,1,,,0,70,,223200,1,,,0,30,,223202,1,,,0,70,,223215,1,,,0,30,,223201,1,,,0,70,,223214,1,,,0,30,,223239,1,,,0,70,,223242,1,,,0
681701,'201',750,,223199,1,,,0
681701,'3',722,,223276,1,,,0,100,,223260,1,,,0,30,,223256,1,,,0,70,,223259,1,,,0,30,,223255,1,,,0,73,,223258,1,,,0,30,,223254,1,,,0,70,,223257,1,,,0,30,,223253,1,,,0,70,,223271,1,,,0,30,,223252,1,,,0,70,,223270,1,,,0,30,,223251,1,,,0,70,,223269,1,,,0,30,,223250,1,,,0,70,,223268,1,,,0,30,,223249,1,,,0,55,,223272,1,,,0,22,,223267,1,,,0,23,,223248,1,,,0,58,,223273,1,,,0,19,,223266,1,,,0,23,,223247,1,,,0,57,,223274,1,,,0,20,,223265,1,,,0,23,,223246,1,,,0,57,,223275,1,,,0,20,,223264,1,,,0,23,,223245,1,,,0,67,,223263,1,,,0,30,,223244,1,,,0,70,,223262,1,,,0,30,,223243,1,,,0,71,,223261,1,,,0,29,,223278,1,,,0,70,,223277,1,,,0
