674100,'1',418,,219426,14,,,0,32,,219427,14,,,0,66,,219428,14,,,0,17,,219429,14,,,0,14,,219430,14,,,0,59,,219431,14,,,0,52,,219438,11,,,0,71,,219441,11,,,0,24,,219443,14,,,0,53,,219444,14,,,0,17,,219445,11,,,0,12,,219446,14,,,0,13,,219447,14,,,0,70,,219449,14,,,0,17,,219450,14,,,0,14,,219451,14,,,0,59,,219452,14,,,0,30,,219453,14,,,0,67,,219454,14,,,0,20,,219495,14,,,0,24,,219455,14,,,0,56,,219456,14,,,0,20,,219493,14,,,0,20,,219457,14,,,0,60,,219492,14,,,0,19,,219458,14,,,0,21,,219494,14,,,0,61,,219459,14,,,0,16,,219460,14,,,0,12,,219461,14,,,0,13,,219462,14,,,0,53,,219463,14,,,0,16,,219464,14,,,0,16,,219465,14,,,0,16,,219466,14,,,0,55,,219467,14,,,0,15,,219468,14,,,0,15,,219469,14,,,0,15,,219470,14,,,0,58,,219471,14,,,0,15,,219472,14,,,0,16,,219473,11,,,0,15,,219474,14,,,0,56,,219475,14,,,0,21,,219476,11,,,0,20,,219477,14,,,0,61,,219478,14,,,0,19,,219479,14,,,0,19,,219480,14,,,0,60,,219481,14,,,0,20,,219482,14,,,0,20,,219483,14,,,0,67,,219484,14,,,0,32,,219485,14,,,0,70,,219486,14,,,0,32,,219487,14,,,0,70,,219488,14,,,0,100,,219489,14,,,0,92,,219490,14,,,0,139,,219491,14,0,96 99,0
674100,'101',1505,,219425,14,,,0
674100,'2',425,,219541,14,,,0,102,,219540,14,,,0,105,,219539,14,,,0,69,,219538,14,,,0,23,,219546,14,,,0,23,,219537,14,,,0,62,,219535,14,,,0,20,,219547,14,,,0,21,,219534,14,,,0,59,,219533,14,,,0,21,,219548,14,,,0,20,,219532,14,,,0,60,,219536,14,,,0,21,,219549,14,,,0,21,,219531,14,,,0,61,,219530,14,,,0,20,,219502,14,,,0,18,,219529,14,,,0,59,,219528,14,,,0,20,,219501,14,,,0,22,,219527,14,,,0,60,,219526,14,,,0,20,,219500,14,,,0,20,,219525,14,,,0,60,,219524,14,,,0,20,,219499,14,,,0,20,,219511,14,,,0,61,,219510,14,,,0,20,,219498,14,,,0,20,,219523,14,,,0,55,,219542,14,,,0,15,,219522,14,,,0,13,,219497,14,,,0,15,,219521,14,,,0,55,,219543,14,,,0,17,,219520,14,,,0,16,,219496,14,,,0,15,,219503,14,,,0,55,,219544,14,,,0,15,,219519,14,,,0,20,,219518,14,,,0,60,,219517,14,,,0,19,,219545,14,,,0,20,,219516,14,,,0,60,,219515,14,,,0,32,,219514,14,,,0,70,,219513,14,,,0,30,,219505,14,,,0,70,,219512,14,,,0,31,,219504,14,,,0,77,,219509,14,,,0,99,,219508,14,,,0,108,,219507,14,,,0,124,,219506,14,,,0
674100,'3',426,,219595,14,,,0,100,,219594,14,,,0,107,,219593,14,,,0,72,,219592,14,,,0,29,,219591,14,,,0,69,,219589,14,,,0,20,,219601,14,,,0,21,,219588,14,,,0,60,,219587,14,,,0,20,,219602,14,,,0,21,,219586,14,,,0,60,,219590,14,,,0,18,,219603,14,,,0,20,,219585,14,,,0,60,,219584,14,,,0,19,,219604,14,,,0,19,,219556,14,,,0,60,,219583,14,,,0,21,,219582,14,,,0,19,,219555,14,,,0,60,,219581,14,,,0,20,,219580,14,,,0,17,,219554,14,,,0,20,,219579,14,,,0,63,,219578,14,,,0,20,,219553,14,,,0,60,,219565,14,,,0,19,,219564,14,,,0,17,,219552,14,,,0,15,,219577,14,,,0,55,,219596,14,,,0,15,,219576,14,,,0,15,,219551,14,,,0,15,,219575,14,,,0,55,,219597,14,,,0,15,,219574,14,,,0,15,,219550,14,,,0,15,,219557,14,,,0,56,,219598,14,,,0,14,,219573,14,,,0,15,,219572,14,,,0,15,,219599,14,,,0,55,,219571,14,,,0,16,,219600,14,,,0,21,,219570,14,,,0,60,,219569,14,,,0,34,,219568,14,,,0,69,,219567,14,,,0,30,,219559,14,,,0,70,,219566,14,,,0,30,,219558,14,,,0,74,,219563,14,,,0,101,,219562,14,,,0,110,,219561,14,,,0,120,,219560,14,,,0
674200,'1',542,,219774,14,,,0,90,,219775,14,,,0,13,,219768,14,,,0,73,,219769,14,,,0,28,,219770,14,,,0,75,,219771,14,,,0,28,,219772,14,,,0,53,,219773,14,,,0
674400,'1',620,,219812,12,0,89 90 12,0,82,,219813,12,,,0,17,,219814,12,,,0,25,,219815,12,,,0,11,,219816,12,,,0,53,,219817,12,,,0,819,,219818,12,0,89 90 12,0,79,,219819,12,0,89 90 12,0,44,,219820,12,0,89 90 12,0,69,,219821,12,0,89 90 12,0,84,,219822,12,0,89 90 12,0,26,,219823,12,0,89 90 12,0
684400,'1',934,,225383,11,0,89 90 12,0,100,,225382,11,0,89 90 12,0,100,,225381,11,0,89 90 12,0,100,,225380,11,0,89 90 12,0,100,,225379,11,0,89 90 12,0,100,,225391,11,0,89 90 12,0,100,,225390,11,0,89 90 12,0,101,,225389,11,0,89 90 12,0,103,,225388,11,0,89 90 12,0,97,,225387,11,0,89 90 12,0,100,,225386,11,0,89 90 12,0,100,,225385,11,0,89 90 12,0,99,,225384,11,0,89 90 12,0
684400,'2',923,,225392,11,0,89 90 12,0,102,,225394,11,0,89 90 12,0,101,,225393,11,0,89 90 12,0,99,,225404,11,0,89 90 12,0,100,,225403,11,0,89 90 12,0,100,,225402,11,0,89 90 12,0,100,,225401,11,0,89 90 12,0,99,,225400,11,0,89 90 12,0,100,,225399,11,0,89 90 12,0,100,,225398,11,0,89 90 12,0,99,,225397,11,0,89 90 12,0,105,,225396,11,0,89 90 12,0,100,,225395,11,0,89 90 12,0
684400,'3',924,,225414,11,0,89 90 12,0,101,,225411,11,0,89 90 12,0,100,,225410,11,0,89 90 12,0,100,,225407,11,0,89 90 12,0,100,,225406,11,0,89 90 12,0,101,,225405,11,0,89 90 12,0,99,,225416,11,0,89 90 12,0,99,,225415,11,0,89 90 12,0,100,,225413,11,0,89 90 12,0,100,,225409,11,0,89 90 12,0,100,,225412,11,0,89 90 12,0,100,,225408,11,0,89 90 12,0
1169601,'1',517,,227038,34,0,89 90 12,0,30,,227039,34,0,89 90 12,0,70,,227040,34,0,89 90 12,0,34,,227041,34,0,89 90 12,0,70,,227042,34,0,89 90 12,0,31,,227043,34,0,89 90 12,0,71,,227044,34,0,89 90 12,0,30,,227045,34,0,89 90 12,0,70,,227046,34,0,89 90 12,0,30,,227066,34,0,89 90 12,0,70,,227047,34,0,89 90 12,0,30,,227067,34,0,89 90 12,0,70,,227048,34,0,89 90 12,0,31,,227068,34,0,89 90 12,0,69,,227049,34,0,89 90 12,0,29,,227069,34,0,89 90 12,0,72,,227050,34,0,89 90 12,0,30,,227070,34,0,89 90 12,0,70,,227051,34,0,89 90 12,0,32,,227071,34,0,89 90 12,0,70,,227052,34,0,89 90 12,0,30,,227063,34,0,89 90 12,0,70,,227053,34,0,89 90 12,0,31,,227054,34,0,89 90 12,0,70,,227055,34,0,89 90 12,0,26,,227056,34,0,89 90 12,0,70,,227057,34,0,89 90 12,0,30,,227058,34,0,89 90 12,0,68,,227059,34,0,89 90 12,0,30,,227072,34,0,89 90 12,0,68,,227060,34,0,89 90 12,0,30,,227073,34,0,89 90 12,0,70,,227061,34,0,89 90 12,0,30,,227074,34,0,89 90 12,0,70,,227062,34,0,89 90 12,0,30,,227075,34,0,89 90 12,0,70,,227064,34,0,89 90 12,0,30,,227076,34,0,89 90 12,0,70,,227065,34,0,89 90 12,0
1169601,'2',643,,227077,34,0,89 90 12,0,72,,227078,34,0,89 90 12,0,29,,227105,34,0,89 90 12,0,70,,227079,34,0,89 90 12,0,33,,227080,34,0,89 90 12,0,70,,227106,34,0,89 90 12,0,31,,227081,34,0,89 90 12,0,70,,227082,34,0,89 90 12,0,30,,227083,34,0,89 90 12,0,70,,227084,34,0,89 90 12,0,30,,227085,34,0,89 90 12,0,71,,227086,34,0,89 90 12,0,30,,227087,34,0,89 90 12,0,70,,227088,34,0,89 90 12,0,30,,227089,34,0,89 90 12,0,69,,227090,34,0,89 90 12,0,30,,227091,34,0,89 90 12,0,71,,227092,34,0,89 90 12,0,27,,227093,34,0,89 90 12,0,71,,227094,34,0,89 90 12,0,30,,227095,34,0,89 90 12,0,70,,227096,34,0,89 90 12,0,30,,227097,34,0,89 90 12,0,70,,227098,34,0,89 90 12,0,30,,227099,34,0,89 90 12,0,70,,227100,34,0,89 90 12,0,30,,227101,34,0,89 90 12,0,67,,227102,34,0,89 90 12,0,30,,227107,34,0,89 90 12,0,70,,227103,34,0,89 90 12,0,30,,227108,34,0,89 90 12,0,70,,227104,34,0,89 90 12,0
1169601,'3',715,,227109,34,0,89 90 12,0,31,,227133,34,0,89 90 12,0,70,,227110,34,0,89 90 12,0,30,,227111,34,0,89 90 12,0,71,,227134,34,0,89 90 12,0,30,,227112,34,0,89 90 12,0,70,,227113,34,0,89 90 12,0,30,,227114,34,0,89 90 12,0,69,,227115,34,0,89 90 12,0,30,,227116,34,0,89 90 12,0,72,,227117,34,0,89 90 12,0,31,,227118,34,0,89 90 12,0,71,,227119,34,0,89 90 12,0,30,,227120,34,0,89 90 12,0,68,,227121,34,0,89 90 12,0,30,,227122,34,0,89 90 12,0,68,,227123,34,0,89 90 12,0,33,,227124,34,0,89 90 12,0,71,,227125,34,0,89 90 12,0,30,,227126,34,0,89 90 12,0,69,,227127,34,0,89 90 12,0,30,,227128,34,0,89 90 12,0,70,,227129,34,0,89 90 12,0,29,,227130,34,0,89 90 12,0,70,,227131,34,0,89 90 12,0,30,,227135,34,0,89 90 12,0,69,,227132,34,0,89 90 12,0,28,,227136,34,0,89 90 12,0,68,,227137,34,0,89 90 12,0
