664901,'1_merged_15727750',527,,201804,1,,,0,28,,201802,1,,,0,55,,201748,1,,,0,16,,201778,1,,,0,14,,201791,1,,,0,13,,201813,1,,,0,52,,201747,1,,,0,12,,201772,1,,,0,12,,201773,1,,,0,12,,201809,1,,,0,12,,201746,1,,,0,55,,201771,1,,,0,15,,201793,1,,,0,15,,201766,1,,,0,15,,201806,1,,,0,55,,201765,1,,,0,14,,201755,1,,,0,15,,201794,1,,,0,15,,201774,1,,,0,55,,201810,1,,,0,15,,201749,1,,,0,15,,201805,1,,,0,14,,201790,1,,,0,55,,201756,1,,,0,15,,201742,1,,,0,16,,201807,1,,,0,15,,201796,1,,,0,56,,201743,1,,,0,14,,201792,1,,,0,15,,201779,1,,,0,15,,201750,1,,,0,55,,201795,1,,,0,16,,201775,1,,,0,15,,201757,1,,,0,16,,201740,1,,,0,55,,201803,1,,,0,16,,201785,1,,,0,10,,201797,1,,,0,13,,201776,1,,,0,52,,201739,1,,,0,5,,201819,1,0,108 14,0,11,,201758,1,,,0,5,,201817,1,0,108 14,0,9,,201798,1,,,0,5,,201825,1,0,108 14,0,11,,201816,1,,,0,5,,201818,1,0,108 14,0,8,,201829,1,,,0,47,,201820,1,0,108 14,0,10,,201777,1,,,0,5,,201770,1,0,108 14,0,9,,201799,1,,,0,6,,201808,1,0,108 14,0,9,,201738,1,,,0,8,,201821,1,0,108 14,0,49,,201744,1,,,0,6,,201759,1,0,108 14,0,8,,201754,1,,,0,8,,201826,1,0,108 14,0,8,,201788,1,,,0,7,,201800,1,0,108 14,0,5,,201822,1,,,0,8,,201789,1,0,108 14,0,49,,201801,1,,,0,7,,201815,1,0,108 14,0,7,,201828,1,,,0,7,,201823,1,,,0,6,,201767,1,0,108 14,0,7,,201814,1,,,0,7,,201827,1,0,108 14,0,8,,201824,1,,,0,7,,201768,1,0,108 14,0,47,,201764,1,,,0,17,,201769,1,,,0,16,,201812,1,,,0,15,,201753,1,,,0,55,,201763,1,,,0,16,,201752,1,,,0,14,,201745,1,,,0,15,,201751,1,,,0,52,,201783,1,,,0,33,,201784,1,,,0,81,,201811,1,,,0,29,,201780,1,,,0,75,,201781,1,,,0,79,,201782,1,,,0,31,,201741,1,,,0,76,,201760,1,,,0,34,,201761,1,,,0,70,,201762,1,,,0
664901,'2_merged_15727752',556,,201876,1,,,0,72,,201878,1,,,0,72,,201898,1,,,0,15,,201879,1,,,0,15,,201897,1,,,0,15,,201880,1,,,0,55,,201881,1,,,0,15,,201844,1,,,0,15,,201870,1,,,0,15,,201873,1,,,0,55,,201840,1,,,0,15,,201841,1,,,0,15,,201863,1,,,0,15,,201871,1,,,0,55,,201839,1,,,0,15,,201889,1,,,0,15,,201842,1,,,0,15,,201868,1,,,0,55,,201887,1,,,0,15,,201866,1,,,0,15,,201838,1,,,0,16,,201854,1,,,0,55,,201891,1,,,0,14,,201862,1,,,0,15,,201861,1,,,0,15,,201864,1,,,0,55,,201859,1,,,0,16,,201857,1,,,0,14,,201849,1,,,0,15,,201850,1,,,0,55,,201837,1,,,0,16,,201860,1,,,0,15,,201835,1,,,0,15,,201852,1,,,0,55,,201856,1,,,0,15,,201890,1,,,0,14,,201865,1,,,0,14,,201845,1,,,0,15,,201895,1,,,0,55,,201834,1,,,0,15,,201858,1,,,0,15,,201869,1,,,0,56,,201836,1,,,0,15,,201851,1,,,0,15,,201847,1,,,0,15,,201875,1,,,0,55,,201886,1,,,0,16,,201855,1,,,0,16,,201846,1,,,0,14,,201843,1,,,0,55,,201885,1,,,0,14,,201853,1,,,0,15,,201882,1,,,0,15,,201892,1,,,0,55,,201883,1,,,0,15,,201893,1,,,0,15,,201877,1,,,0,15,,201896,1,,,0,55,,201884,1,,,0,15,,201830,1,,,0,20,,201831,1,,,0,72,,201832,1,,,0,28,,201833,1,,,0,70,,201867,1,,,0,32,,201848,1,,,0,73,,201874,1,,,0,25,,201888,1,,,0,75,,201894,1,,,0,43,,201872,1,,,0
664901,'3_merged_15727751',545,,201904,1,,,0,72,,201962,1,,,0,28,,201905,1,,,0,70,,201906,1,,,0,30,,201907,1,,,0,55,,201963,1,,,0,15,,201908,1,,,0,15,,201964,1,,,0,15,,201909,1,,,0,55,,201910,1,,,0,15,,201901,1,,,0,15,,201911,1,,,0,15,,201899,1,,,0,55,,201932,1,,,0,15,,201902,1,,,0,15,,201933,1,,,0,15,,201944,1,,,0,55,,201956,1,,,0,15,,201952,1,,,0,15,,201926,1,,,0,15,,201953,1,,,0,55,,201929,1,,,0,15,,201954,1,,,0,15,,201917,1,,,0,15,,201955,1,,,0,55,,201957,1,,,0,15,,201942,1,,,0,15,,201950,1,,,0,15,,201943,1,,,0,55,,201900,1,,,0,15,,201960,1,,,0,15,,201936,1,,,0,15,,201961,1,,,0,55,,201931,1,,,0,15,,201935,1,,,0,15,,201913,1,,,0,15,,201938,1,,,0,55,,201951,1,,,0,15,,201939,1,,,0,15,,201903,1,,,0,15,,201940,1,,,0,55,,201927,1,,,0,15,,201941,1,,,0,15,,201928,1,,,0,15,,201949,1,,,0,55,,201946,1,,,0,15,,201912,1,,,0,15,,201915,1,,,0,15,,201947,1,,,0,55,,201919,1,,,0,15,,201948,1,,,0,15,,201920,1,,,0,15,,201930,1,,,0,55,,201921,1,,,0,15,,201945,1,,,0,15,,201922,1,,,0,15,,201916,1,,,0,55,,201923,1,,,0,30,,201918,1,,,0,70,,201924,1,,,0,30,,201925,1,,,0,70,,201934,1,,,0,30,,201914,1,,,0,70,,201958,1,,,0,30,,201959,1,,,0,70,,201937,1,,,0
670501,'3_merged_15727751',714,,213280,1,0,76 77 57,0
683400,'1201_merged_15727743',2653,,224983,80,,,0,62,,224986,80,,,0,25,,224984,80,4,,0,104,,224985,80,,,0
683400,'1_merged_15727750',2638,,224993,80,,,0,67,,224991,80,,,0,21,,224988,80,4,,0,28,,224992,80,,,0,55,,224990,80,,,0,19,,224989,80,,,0,31,,224987,80,,,0,65,,224994,80,,,0
683400,'2_merged_15727752',534,,225004,80,,,0,14,,225003,80,,,0,71,,225007,80,,,0,20,,225002,80,,,0,71,,225001,80,,,0,1905,,225008,80,,,0,19,,225009,80,,,0,20,,225006,80,,,0,60,,225010,80,,,0,15,,224999,80,,,0,15,,224996,80,,,0,15,,224998,80,,,0,60,,224997,80,,,0,21,,225000,80,4,,0,60,,224995,80,4,,0,24,,225005,80,,,0
683400,'3_merged_15727751',538,,225020,80,,,0,72,,225021,80,,,0,15,,225022,80,,,0,15,,225028,80,,,0,14,,225027,80,,,0,57,,225023,80,,,0,23,,225011,80,,,0,19,,225029,80,,,0,52,,225024,80,,,0,1739,,225026,80,,,0,64,,225025,80,,,0,22,,225015,80,,,0,78,,225012,80,,,0,20,,225017,80,4,,0,20,,225013,80,,,0,62,,225014,80,,,0,20,,225016,80,4,,0,20,,225018,80,4,,0,61,,225019,80,,,0
683401,'1_merged_15727750',2510,,225032,11,,,0,28,,225031,11,,,0,72,,225030,11,,,0
683401,'2_merged_15727752',2424,,225036,11,,,0,81,,225035,11,,,0,31,,225034,11,,,0,71,,225033,11,,,0
683401,'3_merged_15727751',2509,,225037,11,,,0,30,,225038,11,,,0,70,,225039,11,,,0
