667200,'101_merged_15727747',1515,,206446,5,,,0
667600,'1_merged_15727750',459,,207300,13,,,0,77,,207301,13,,,0,18,,207302,21,,,0,65,,207303,13,,,0,14,,207304,21,,,0,14,,207305,21,,,0,12,,207306,21,,,0,56,,207307,21,,,0,14,,207308,21,,,0,17,,207309,21,,,0,56,,207310,21,,,0,20,,207311,21,,,0,18,,207312,21,,,0,75,,207313,21,,,0,25,,207314,21,,,0,69,,207315,21,,,0,29,,207345,21,,,0,70,,207298,21,,,0,29,,207299,21,,,0,68,,207346,21,,,0,31,,207316,21,,,0,71,,207317,21,,,0,30,,207318,21,,,0,73,,207319,21,,,0,30,,207320,21,,,0,70,,207321,21,,,0,30,,207322,21,,,0,17,,207323,21,,,0,57,,207324,21,,,0,10,,207325,21,,,0,15,,207326,21,,,0,16,,207327,21,,,0,58,,207328,21,,,0,16,,207329,21,,,0,15,,207330,21,,,0,10,,207331,21,,,0,57,,207332,21,,,0,10,,207333,21,,,0,18,,207334,21,,,0,14,,207335,21,,,0,56,,207336,21,,,0,13,,207337,21,,,0,29,,207338,21,,,0,70,,207339,21,,,0,31,,207340,21,,,0,69,,207341,21,,,0,30,,207342,21,,,0,69,,207343,21,,,0,36,,207344,21,,,0,66,,207292,21,,,0,28,,207293,21,,,0,67,,207294,21,,,0,30,,207295,21,,,0,70,,207296,21,,,0,35,,207297,21,,,0
667600,'2_merged_15727752',517,,207347,7,,,0,30,,207348,7,,,0,72,,207349,21,,,0,30,,207350,21,,,0,70,,207351,21,,,0,30,,207352,21,,,0,70,,207353,21,,,0,29,,207354,21,,,0,78,,207355,21,,,0,82,,207356,21,,,0,31,,207357,21,,,0,70,,207358,21,,,0,30,,207359,21,,,0,70,,207360,21,,,0,32,,207361,21,,,0,70,,207362,21,,,0,30,,207363,21,,,0,70,,207364,21,,,0,30,,207365,21,,,0,73,,207366,21,,,0,29,,207367,21,,,0,69,,207368,21,,,0,30,,207369,21,,,0,70,,207370,21,,,0,30,,207371,21,,,0,70,,207372,21,,,0,32,,207373,21,,,0,64,,207388,21,,,0,14,,207385,21,,,0,28,,207386,21,,,0,71,,207387,21,,,0,30,,207374,21,,,0,70,,207375,21,,,0,30,,207376,21,,,0,70,,207377,21,,,0,30,,207378,21,,,0,69,,207379,21,,,0,30,,207380,21,,,0,68,,207381,21,,,0,31,,207382,21,,,0,72,,207383,21,,,0,32,,207384,21,,,0
667600,'3_merged_15727751',649,,207389,7,,,0,99,,207390,21,,,0,100,,207391,21,,,0,69,,207392,21,,,0,29,,207393,21,,,0,71,,207394,21,,,0,31,,207395,21,,,0,70,,207396,21,,,0,31,,207397,21,,,0,74,,207398,21,,,0,29,,207399,21,,,0,69,,207400,21,,,0,30,,207401,21,,,0,72,,207402,21,,,0,31,,207403,21,,,0,71,,207404,21,,,0,30,,207405,21,,,0,70,,207421,21,,,0,28,,207406,21,,,0,71,,207407,21,,,0,27,,207408,21,,,0,70,,207420,21,,,0,30,,207409,21,,,0,71,,207410,21,,,0,31,,207411,21,,,0,68,,207412,21,,,0,29,,207419,21,,,0,70,,207413,21,,,0,29,,207414,21,,,0,70,,207415,21,,,0,30,,207416,21,,,0,68,,207417,21,,,0,36,,207418,21,,,0
667701,'1_merged_15727750',536,,207688,3,,,0,70,,207689,3,,,0,26,,207690,3,,,0,12,,207691,3,,,0,15,,207692,3,,,0,54,,207693,3,,,0,18,,207694,3,,,0,11,,207695,3,,,0,59,,207696,3,,,0,23,,207697,3,,,0,78,,207698,3,,,0,39,,207699,3,,,0,63,,207700,3,,,0,28,,207701,3,,,0,69,,207702,3,,,0,30,,207703,3,,,0,69,,207704,3,,,0,30,,207705,3,,,0,29,,207706,3,,,0,69,,207707,3,,,0,29,,207708,3,,,0,67,,207709,3,,,0,13,,207710,3,,,0,19,,207711,3,,,0,53,,207712,3,,,0,16,,207713,3,,,0,14,,207714,3,,,0,17,,207715,3,,,0,58,,207716,3,,,0,13,,207717,3,,,0,11,,207718,3,,,0,19,,207719,3,,,0,52,,207720,3,,,0,18,,207721,3,,,0,13,,207722,3,,,0,19,,207723,3,,,0,59,,207724,3,,,0,13,,207725,3,,,0,16,,207726,3,,,0,12,,207727,3,,,0,58,,207728,3,,,0,18,,207729,3,,,0,72,,207730,3,,,0,31,,207731,3,,,0,70,,207732,3,,,0,31,,207733,3,,,0,69,,207734,3,,,0,32,,207735,3,,,0,61,,207736,3,,,0,39,,207737,3,,,0,96,,207738,3,,,0
667701,'2_merged_15727752',704,,207739,3,,,0,30,,207740,3,,,0,70,,207741,3,,,0,29,,207742,3,,,0,70,,207743,3,,,0,29,,207744,3,,,0,71,,207745,3,,,0,30,,207746,3,,,0,68,,207747,3,,,0,28,,207748,3,,,0,30,,207749,3,,,0,70,,207750,3,,,0,30,,207751,3,,,0,55,,207752,3,,,0,15,,207753,3,,,0,25,,207754,3,,,0,60,,207755,3,,,0,15,,207756,3,,,0,25,,207757,3,,,0,60,,207758,3,,,0,16,,207759,3,,,0,25,,207760,3,,,0,60,,207761,3,,,0,18,,207762,3,,,0,25,,207763,3,,,0,59,,207764,3,,,0,16,,207765,3,,,0,19,,207766,3,,,0,60,,207767,3,,,0,21,,207768,3,,,0,17,,207769,3,,,0,63,,207770,3,,,0,21,,207771,3,,,0,17,,207772,3,,,0,70,,207773,3,,,0,16,,207774,3,,,0,70,,207775,3,,,0,30,,207776,3,,,0,69,,207777,3,,,0,30,,207778,3,,,0,71,,207779,3,,,0,27,,207780,3,,,0,73,,207781,3,,,0,30,,207782,3,,,0,71,,207783,3,,,0
667701,'3_merged_15727751',803,,207784,3,,,0,30,,207785,3,,,0,70,,207786,3,,,0,30,,207787,3,,,0,71,,207788,3,,,0,30,,207789,3,,,0,67,,207790,3,,,0,29,,207791,3,,,0,73,,207792,3,,,0,29,,207793,3,,,0,71,,207794,3,,,0,31,,207795,3,,,0,71,,207796,3,,,0,12,,207797,3,,,0,27,,207798,3,,,0,63,,207799,3,,,0,13,,207800,3,,,0,28,,207801,3,,,0,56,,207802,3,,,0,16,,207803,3,,,0,30,,207804,3,,,0,57,,207805,3,,,0,16,,207806,3,,,0,29,,207807,3,,,0,54,,207808,3,,,0,19,,207809,3,,,0,27,,207810,3,,,0,55,,207811,3,,,0,18,,207812,3,,,0,26,,207813,3,,,0,56,,207814,3,,,0,17,,207815,3,,,0,25,,207816,3,,,0,57,,207817,3,,,0,29,,207818,3,,,0,71,,207819,3,,,0,29,,207820,3,,,0,68,,207821,3,,,0,31,,207822,3,,,0,73,,207823,3,,,0
668200,'101_merged_15727747',1725,,208515,34,,,0
668200,'1_merged_15727750',541,,208516,34,,,0,60,,208517,34,,,0,12,,208518,34,,,0,10,,208519,34,,,0,8,,208520,34,,,0,12,,208521,34,,,0,9,,208522,34,,,0,48,,208523,34,,,0,9,,208524,34,,,0,7,,208525,34,,,0,7,,208526,34,,,0,8,,208527,34,,,0,7,,208528,34,,,0,7,,208529,34,,,0,7,,208530,34,,,0,50,,208531,34,,,0,8,,208532,34,,,0,10,,208533,34,,,0,7,,208534,34,,,0,8,,208535,34,,,0,8,,208536,34,,,0,7,,208537,34,,,0,6,,208538,34,,,0,47,,208539,34,,,0,7,,208540,34,,,0,7,,208541,34,,,0,8,,208542,34,,,0,10,,208543,34,,,0,14,,208544,34,,,0,55,,208545,34,,,0,14,,208546,34,,,0,14,,208547,34,,,0,14,,208548,34,,,0,55,,208549,34,,,0,16,,208550,34,,,0,15,,208551,34,,,0,17,,208552,34,,,0,55,,208553,34,,,0,15,,208554,34,,,0,14,,208555,34,,,0,14,,208556,34,,,0,54,,208557,34,,,0,15,,208558,34,,,0,15,,208559,34,,,0,15,,208560,34,,,0,55,,208561,34,,,0,17,,208562,34,,,0,13,,208563,34,,,0,14,,208564,34,,,0,14,,208565,34,,,0,50,,208566,34,,,0,11,,208567,34,,,0,10,,208568,34,,,0,10,,208569,34,,,0,11,,208570,34,,,0,50,,208571,34,,,0,9,,208572,34,,,0,10,,208573,34,,,0,11,,208574,34,,,0,8,,208575,34,,,0,9,,208576,34,,,0,9,,208577,34,,,0,49,,208578,34,,,0,8,,208579,34,,,0,21,,208580,34,,,0,10,,208581,34,,,0,10,,208582,34,,,0,48,,208583,34,,,0,10,,208584,34,,,0,10,,208585,34,,,0,8,,208586,34,,,0,10,,208587,34,,,0,8,,208588,34,,,0,54,,208589,34,,,0,13,,208590,34,,,0,15,,208591,34,,,0,13,,208592,34,,,0,14,,208593,34,,,0,54,,208594,34,,,0,15,,208595,34,,,0,14,,208596,34,,,0,16,,208597,34,,,0,54,,208598,34,,,0,15,,208599,34,,,0,16,,208600,34,,,0,60,,208601,34,,,0,20,,208602,34,,,0,18,,208603,34,,,0,63,,208604,34,,,0,22,,208605,34,,,0,20,,208606,34,,,0,67,,208607,34,,,0,30,,208608,34,,,0,71,,208609,34,,,0,29,,208610,7,,,0
668200,'201_merged_15727755',1725,,208611,34,,,0
668200,'2_merged_15727752',641,,208653,34,,,0,60,,208612,34,,,0,18,,208613,34,,,0,20,,208614,34,,,0,20,,208615,34,,,0,60,,208690,34,,,0,16,,208691,34,,,0,15,,208692,34,,,0,56,,208618,34,,,0,16,,208686,34,,,0,15,,208616,34,,,0,15,,208617,34,,,0,55,,208687,34,,,0,17,,208688,34,,,0,15,,208689,34,,,0,15,,208619,34,,,0,55,,208685,34,,,0,15,,208620,34,,,0,16,,208621,34,,,0,17,,208683,34,,,0,55,,208684,34,,,0,17,,208622,34,,,0,15,,208682,34,,,0,57,,208623,34,,,0,15,,208681,34,,,0,13,,208624,34,,,0,15,,208625,34,,,0,11,,208678,34,,,0,52,,208679,34,,,0,12,,208680,34,,,0,12,,208626,34,,,0,10,,208627,34,,,0,13,,208676,34,,,0,50,,208677,34,,,0,10,,208628,34,,,0,10,,208675,34,,,0,10,,208629,34,,,0,10,,208630,34,,,0,10,,208674,34,,,0,50,,208631,34,,,0,11,,208671,34,,,0,10,,208672,34,,,0,10,,208673,34,,,0,10,,208634,34,,,0,10,,208668,34,,,0,51,,208632,34,,,0,10,,208633,34,,,0,10,,208669,34,,,0,11,,208670,34,,,0,7,,208635,34,,,0,10,,208667,34,,,0,49,,208636,34,,,0,8,,208637,34,,,0,10,,208666,34,,,0,10,,208638,34,,,0,9,,208664,34,,,0,10,,208665,34,,,0,50,,208639,34,,,0,17,,208663,34,,,0,8,,208640,34,,,0,11,,208662,34,,,0,18,,208643,34,,,0,54,,208644,34,,,0,14,,208658,34,,,0,9,,208641,34,,,0,11,,208642,34,,,0,13,,208659,34,,,0,56,,208660,34,,,0,18,,208661,34,,,0,21,,208645,34,,,0,54,,208646,34,,,0,14,,208657,34,,,0,15,,208647,34,,,0,13,,208654,34,,,0,60,,208655,34,,,0,20,,208656,34,,,0,17,,208648,34,,,0,60,,208652,34,,,0,20,,208649,34,,,0,20,,208650,34,,,0,70,,208651,34,,,0
668200,'3_merged_15727751',633,,208693,34,,,0,19,,208694,34,,,0,61,,208695,34,,,0,20,,208696,34,,,0,20,,208697,34,,,0,61,,208698,34,,,0,19,,208699,34,,,0,16,,208700,34,,,0,55,,208701,34,,,0,15,,208702,34,,,0,15,,208703,34,,,0,16,,208704,34,,,0,55,,208705,34,,,0,17,,208706,34,,,0,15,,208707,34,,,0,14,,208708,34,,,0,55,,208709,34,,,0,15,,208710,34,,,0,15,,208711,34,,,0,17,,208712,34,,,0,55,,208713,34,,,0,17,,208714,34,,,0,15,,208715,34,,,0,14,,208716,34,,,0,57,,208717,34,,,0,13,,208718,34,,,0,17,,208719,34,,,0,14,,208720,34,,,0,55,,208721,34,,,0,15,,208722,34,,,0,15,,208723,34,,,0,15,,208724,34,,,0,54,,208725,34,,,0,14,,208726,34,,,0,16,,208727,34,,,0,14,,208728,34,,,0,56,,208729,34,,,0,14,,208730,34,,,0,17,,208731,34,,,0,19,,208732,34,,,0,51,,208733,34,,,0,16,,208734,34,,,0,14,,208735,34,,,0,14,,208736,34,,,0,54,,208737,34,,,0,17,,208738,34,,,0,14,,208739,34,,,0,13,,208740,34,,,0,54,,208741,34,,,0,15,,208742,34,,,0,15,,208743,34,,,0,15,,208744,34,,,0,56,,208745,34,,,0,15,,208746,34,,,0,13,,208747,34,,,0,14,,208748,34,,,0,57,,208749,34,,,0,20,,208750,34,,,0,24,,208751,34,,,0,65,,208752,34,,,0,30,,208753,34,,,0,70,,208754,34,,,0,28,,208755,34,,,0
683701,'1_merged_15727750',2551,,225129,3,,,0
683701,'2_merged_15727752',538,,225132,3,,,0,2018,,225131,3,,,0
683701,'3_merged_15727751',602,,225133,3,,,0,39,,225134,3,,,0,71,,225135,3,,,0,32,,225136,3,,,0,1558,,225137,3,0,50 51,0,127,,225140,3,,,0,73,,225141,3,,,0,30,,225142,3,0,50 51,0,78,,225143,3,,,0,29,,225144,3,,,0
2263900,'1_merged_15727750',603,,229420,23,,,0,30,,229421,23,,,0,68,,229422,23,,,0,32,,229423,23,,,0,70,,229424,23,,,0,30,,229425,23,,,0,70,,229426,23,,,0,30,,229427,23,,,0,70,,229428,23,,,0,30,,229429,23,,,0,70,,229430,23,,,0,30,,229431,23,,,0,70,,229432,23,,,0,30,,229433,23,,,0,70,,229434,23,,,0,30,,229435,23,,,0,70,,229436,23,,,0,30,,229437,23,,,0,70,,229438,23,,,0,30,,229439,23,,,0,70,,229440,23,,,0,30,,229441,23,,,0,72,,229442,23,,,0,30,,229443,23,,,0,70,,229444,23,,,0,30,,229445,23,,,0,68,,229446,23,,,0,30,,229447,23,,,0,100,,229448,23,,,0
2263900,'2_merged_15727752',633,,229449,23,,,0,68,,229450,23,,,0,30,,229451,23,,,0,70,,229452,23,,,0,30,,229453,23,,,0,70,,229454,23,,,0,30,,229455,23,,,0,72,,229456,23,,,0,30,,229457,23,,,0,70,,229458,23,,,0,30,,229459,23,,,0,70,,229460,23,,,0,30,,229461,23,,,0,70,,229462,23,,,0,30,,229463,23,,,0,70,,229464,23,,,0,30,,229465,23,,,0,70,,229466,23,,,0,30,,229467,23,,,0,70,,229468,23,,,0,30,,229469,23,,,0,70,,229470,23,,,0,30,,229471,23,,,0,70,,229472,23,,,0,30,,229473,23,,,0,70,,229474,23,,,0,30,,229475,23,,,0,100,,229476,23,,,0
2263900,'3_merged_15727751',802,,229477,23,,,0,29,,229478,23,,,0,70,,229479,23,,,0,30,,229480,23,,,0,70,,229481,23,,,0,30,,229482,23,,,0,71,,229483,23,,,0,30,,229484,23,,,0,70,,229485,23,,,0,30,,229486,23,,,0,71,,229487,23,,,0,30,,229488,23,,,0,70,,229489,23,,,0,30,,229490,23,,,0,70,,229491,23,,,0,30,,229492,23,,,0,70,,229493,23,,,0,30,,229494,23,,,0,70,,229495,23,,,0,30,,229496,23,,,0,70,,229497,23,,,0,30,,229498,23,,,0,69,,229499,23,,,0,30,,229500,23,,,0,100,,229501,23,,,0
