662200,'1',552,,191732,38,0,24 14 8,0,53,,191733,11,0,24 14 8,0,16,,191734,38,0,24 14 8,0,11,,191735,11,0,24 14 8,0,13,,191736,38,0,24 14 8,0,12,,191737,38,0,24 14 8,0,52,,191738,38,0,24 14 8,0,10,,191739,38,0,24 14 8,0,10,,191740,38,0,24 14 8,0,8,,191741,38,0,24 14 8,0,7,,191742,38,0,24 14 8,0,8,,191743,38,0,24 14 8,0,7,,191744,38,0,24 14 8,0,47,,191745,38,0,24 14 8,0,6,,191746,38,0,24 14 8,0,7,,191811,38,0,24 14 8,0,6,,191747,38,0,24 14 8,0,8,,191748,38,0,24 14 8,0,6,,191749,38,0,24 14 8,0,7,,191750,38,0,24 14 8,0,7,,191751,38,0,24 14 8,0,47,,191752,38,0,24 14 8,0,8,,191753,38,0,24 14 8,0,7,,191754,38,0,24 14 8,0,8,,191755,38,0,24 14 8,0,9,,191756,38,0,24 14 8,0,10,,191757,38,0,24 14 8,0,11,,191758,38,0,24 14 8,0,51,,191759,38,0,24 14 8,0,12,,191815,38,0,24 14 8,0,12,,191760,38,0,24 14 8,0,10,,191761,38,0,24 14 8,0,11,,191762,38,0,24 14 8,0,51,,191763,38,0,24 14 8,0,11,,191816,38,0,24 14 8,0,12,,191764,38,0,24 14 8,0,12,,191765,38,0,24 14 8,0,12,,191766,38,0,24 14 8,0,11,,191767,38,0,24 14 8,0,52,,191817,38,0,24 14 8,0,12,,191768,38,0,24 14 8,0,13,,191769,38,0,24 14 8,0,12,,191770,38,0,24 14 8,0,12,,191771,38,0,24 14 8,0,52,,191818,38,0,24 14 8,0,12,,191772,38,0,24 14 8,0,12,,191773,38,0,24 14 8,0,12,,191774,38,0,24 14 8,0,10,,191819,38,0,24 14 8,0,52,,191775,38,0,24 14 8,0,12,,191776,38,0,24 14 8,0,13,,191777,38,0,24 14 8,0,13,,191778,38,0,24 14 8,0,53,,191807,38,0,24 14 8,0,9,,191808,38,0,24 14 8,0,8,,191812,38,0,24 14 8,0,8,,191809,38,0,24 14 8,0,8,,191810,38,0,24 14 8,0,8,,191779,38,0,24 14 8,0,8,,191813,38,0,24 14 8,0,8,,191814,38,0,24 14 8,0,48,,191780,38,0,24 14 8,0,8,,191781,38,0,24 14 8,0,8,,191782,38,0,24 14 8,0,8,,191783,38,0,24 14 8,0,8,,191784,38,0,24 14 8,0,8,,191785,38,0,24 14 8,0,8,,191786,38,0,24 14 8,0,48,,191787,38,0,24 14 8,0,10,,191788,38,0,24 14 8,0,9,,191789,38,0,24 14 8,0,10,,191790,38,0,24 14 8,0,9,,191791,38,0,24 14 8,0,10,,191792,38,0,24 14 8,0,10,,191793,38,0,24 14 8,0,50,,191794,38,0,24 14 8,0,10,,191795,38,0,24 14 8,0,10,,191796,38,0,24 14 8,0,10,,191797,38,0,24 14 8,0,12,,191798,38,0,24 14 8,0,52,,191799,38,0,24 14 8,0,12,,191800,38,0,24 14 8,0,12,,191820,38,0,24 14 8,0,14,,191801,38,0,24 14 8,0,13,,191802,38,0,24 14 8,0,55,,191803,38,0,24 14 8,0,15,,191804,38,0,24 14 8,0,15,,191805,38,0,24 14 8,0,15,,191806,38,0,24 14 8,0
662200,'152201',2109,,191707,38,0,24 14 8,0,18,,191708,38,0,24 14 8,0,23,,191709,38,0,24 14 8,0,57,,191710,38,0,24 14 8,0,21,,191711,38,0,24 14 8,0,25,,191712,38,0,24 14 8,0,59,,191713,38,0,24 14 8,0,16,,191714,38,0,24 14 8,0,21,,191715,38,0,24 14 8,0,72,,191716,38,0,24 14 8,0,29,,191717,38,,,0,73,,191718,38,,,0
662200,'152301',2109,,191719,36,0,24 14 8,0,18,,191720,36,0,24 14 8,0,23,,191721,36,0,24 14 8,0,57,,191722,36,0,24 14 8,0,21,,191723,36,0,24 14 8,0,25,,191724,36,0,24 14 8,0,59,,191725,36,0,24 14 8,0,16,,191726,36,0,24 14 8,0,21,,191727,36,0,24 14 8,0,71,,191728,36,0,24 14 8,0,29,,191729,36,,,0,73,,191730,36,,,0
662200,'2',613,,191899,11,0,24 14 8,0,24,,191822,38,0,24 14 8,0,20,,191896,38,0,24 14 8,0,60,,191831,38,0,24 14 8,0,19,,191898,38,0,24 14 8,0,15,,191833,38,0,24 14 8,0,52,,191825,38,0,24 14 8,0,15,,191893,38,0,24 14 8,0,14,,191895,38,0,24 14 8,0,15,,191894,38,0,24 14 8,0,55,,191824,38,0,24 14 8,0,15,,191891,38,0,24 14 8,0,15,,191892,38,0,24 14 8,0,12,,191844,38,0,24 14 8,0,12,,191845,38,0,24 14 8,0,52,,191905,38,0,24 14 8,0,12,,191846,38,0,24 14 8,0,9,,191847,38,0,24 14 8,0,12,,191848,38,0,24 14 8,0,12,,191849,38,0,24 14 8,0,52,,191906,38,0,24 14 8,0,12,,191850,38,0,24 14 8,0,7,,191851,38,0,24 14 8,0,12,,191852,38,0,24 14 8,0,12,,191853,38,0,24 14 8,0,52,,191854,38,0,24 14 8,0,12,,191855,38,0,24 14 8,0,14,,191856,38,0,24 14 8,0,12,,191857,38,0,24 14 8,0,10,,191858,38,0,24 14 8,0,10,,191859,38,0,24 14 8,0,50,,191860,38,0,24 14 8,0,10,,191861,38,0,24 14 8,0,9,,191900,38,0,24 14 8,0,10,,191862,38,0,24 14 8,0,10,,191863,38,0,24 14 8,0,10,,191864,38,0,24 14 8,0,50,,191865,38,0,24 14 8,0,10,,191866,38,0,24 14 8,0,10,,191901,38,0,24 14 8,0,10,,191867,38,0,24 14 8,0,10,,191868,38,0,24 14 8,0,10,,191837,38,0,24 14 8,0,50,,191869,38,0,24 14 8,0,10,,191870,38,0,24 14 8,0,10,,191902,38,0,24 14 8,0,10,,191871,38,0,24 14 8,0,10,,191872,38,0,24 14 8,0,12,,191873,38,0,24 14 8,0,51,,191874,38,0,24 14 8,0,11,,191875,38,0,24 14 8,0,10,,191903,38,0,24 14 8,0,10,,191876,38,0,24 14 8,0,10,,191877,38,0,24 14 8,0,50,,191878,38,0,24 14 8,0,10,,191879,38,0,24 14 8,0,10,,191904,38,0,24 14 8,0,10,,191880,38,0,24 14 8,0,10,,191881,38,0,24 14 8,0,10,,191882,38,0,24 14 8,0,50,,191883,38,0,24 14 8,0,12,,191897,38,0,24 14 8,0,16,,191885,38,0,24 14 8,0,15,,191843,38,0,24 14 8,0,15,,191829,38,0,24 14 8,0,55,,191834,38,0,24 14 8,0,15,,191835,38,0,24 14 8,0,15,,191836,38,0,24 14 8,0,15,,191838,38,0,24 14 8,0,55,,191839,38,0,24 14 8,0,16,,191840,38,0,24 14 8,0,15,,191841,38,0,24 14 8,0,14,,191842,36,0,24 14 8,0,55,,191884,36,0,24 14 8,0,15,,191827,36,0,24 14 8,0,16,,191821,36,0,24 14 8,0,57,,191823,36,0,24 14 8,0,22,,191832,36,0,24 14 8,0,25,,191889,36,0,24 14 8,0,62,,191830,36,0,24 14 8,0,22,,191887,36,0,24 14 8,0,20,,191886,36,0,24 14 8,0,65,,191826,36,0,24 14 8,0,30,,191888,36,,,0,70,,191890,36,,,0
662200,'3',629,,191907,38,,,0,71,,191908,38,,,0,25,,191909,38,0,24 14 8,0,20,,191910,38,0,24 14 8,0,61,,191911,38,0,24 14 8,0,19,,191912,38,0,24 14 8,0,12,,191913,38,0,24 14 8,0,15,,191914,38,0,24 14 8,0,53,,191915,38,0,24 14 8,0,15,,191916,38,0,24 14 8,0,16,,191917,38,0,24 14 8,0,15,,191918,38,0,24 14 8,0,53,,191919,38,0,24 14 8,0,14,,191920,38,0,24 14 8,0,15,,191921,38,0,24 14 8,0,15,,191922,38,0,24 14 8,0,55,,191923,38,0,24 14 8,0,15,,191924,38,0,24 14 8,0,11,,191925,38,0,24 14 8,0,12,,191926,38,0,24 14 8,0,12,,191927,38,0,24 14 8,0,51,,191928,38,0,24 14 8,0,12,,191929,38,0,24 14 8,0,12,,191930,38,0,24 14 8,0,12,,191931,38,0,24 14 8,0,13,,191932,38,0,24 14 8,0,52,,191933,38,0,24 14 8,0,12,,191934,38,0,24 14 8,0,11,,191935,38,0,24 14 8,0,12,,191936,38,0,24 14 8,0,12,,191937,38,0,24 14 8,0,52,,191938,38,0,24 14 8,0,12,,191939,38,0,24 14 8,0,12,,191940,38,0,24 14 8,0,12,,191941,38,0,24 14 8,0,13,,191942,38,0,24 14 8,0,52,,191943,38,0,24 14 8,0,12,,191944,38,0,24 14 8,0,12,,191945,38,0,24 14 8,0,12,,191946,38,0,24 14 8,0,13,,191947,38,0,24 14 8,0,53,,191948,38,0,24 14 8,0,13,,191949,38,0,24 14 8,0,13,,191950,38,0,24 14 8,0,12,,191951,38,0,24 14 8,0,12,,191952,38,0,24 14 8,0,53,,191953,38,0,24 14 8,0,12,,191954,38,0,24 14 8,0,14,,191955,38,0,24 14 8,0,15,,191956,38,0,24 14 8,0,56,,191957,38,0,24 14 8,0,15,,191958,38,0,24 14 8,0,17,,191959,38,0,24 14 8,0,15,,191960,38,0,24 14 8,0,55,,191961,38,0,24 14 8,0,15,,191962,38,0,24 14 8,0,15,,191963,38,0,24 14 8,0,15,,191964,38,0,24 14 8,0,55,,191965,38,0,24 14 8,0,16,,191966,38,0,24 14 8,0,17,,191967,38,0,24 14 8,0,16,,191968,38,0,24 14 8,0,57,,191969,36,0,24 14 8,0,16,,191970,36,0,24 14 8,0,18,,191971,36,0,24 14 8,0,58,,191972,36,0,24 14 8,0,19,,191973,36,0,24 14 8,0,20,,191974,36,0,24 14 8,0,60,,191975,36,0,24 14 8,0,20,,191976,36,0,24 14 8,0,26,,191977,36,0,24 14 8,0,67,,191978,36,,,0,30,,191979,36,,,0,69,,191980,36,,,0
662501,'1',525,,193672,7,,,0,17,,193673,7,,,0,62,,193675,7,,,0,19,,193677,7,,,0,14,,193679,7,,,0,12,,193680,7,,,0,54,,193681,7,,,0,12,,193683,7,,,0,12,,193684,7,,,0,12,,193686,7,,,0,12,,193687,7,,,0,54,,193689,7,,,0,11,,193690,7,,,0,10,,193691,7,,,0,10,,193692,7,,,0,10,,193693,7,,,0,12,,193694,7,,,0,57,,193695,7,,,0,10,,193696,7,,,0,10,,193697,7,,,0,13,,193698,7,,,0,10,,193699,7,,,0,52,,193700,7,,,0,12,,193701,7,,,0,12,,193702,7,,,0,10,,193703,7,,,0,12,,193704,7,,,0,52,,193705,7,,,0,12,,193706,7,,,0,12,,193707,7,,,0,12,,193708,7,,,0,12,,193709,7,,,0,52,,193711,7,,,0,13,,193712,7,,,0,12,,193713,7,,,0,12,,193714,7,,,0,12,,193715,7,,,0,52,,193716,7,,,0,13,,193717,7,,,0,12,,193718,7,,,0,12,,193719,7,,,0,12,,193720,7,,,0,52,,193721,7,,,0,12,,193722,7,,,0,12,,193723,7,,,0,12,,193724,7,,,0,12,,193725,7,,,0,52,,193726,7,,,0,12,,193727,7,,,0,12,,193728,7,,,0,11,,193729,7,,,0,12,,193730,7,,,0,52,,193731,7,,,0,12,,193732,7,,,0,13,,193733,7,,,0,12,,193734,7,,,0,12,,193735,7,,,0,52,,193736,7,,,0,7,,193737,7,,,0,12,,193738,7,,,0,12,,193739,7,,,0,12,,193740,7,,,0,52,,193741,7,,,0,12,,193742,7,,,0,12,,193743,7,,,0,11,,193744,7,,,0,12,,193745,7,,,0,52,,193746,7,,,0,10,,193747,7,,,0,12,,193748,7,,,0,11,,193749,7,,,0,12,,193750,7,,,0,52,,193751,7,,,0,12,,193752,7,,,0,12,,193753,7,,,0,12,,193754,7,,,0,12,,193755,7,,,0,52,,193756,7,,,0,10,,193757,7,,,0
662501,'152201',2123,,193630,7,,,0,11,,193631,7,,,0,14,,193632,7,,,0,54,,193633,7,,,0,13,,193634,7,,,0,14,,193635,7,,,0,13,,193636,7,,,0,15,,193637,7,,,0,55,,193638,7,,,0,15,,193639,7,,,0,13,,193640,7,,,0,13,,193641,7,,,0,58,,193642,7,,,0,10,,193643,7,0,22 14,0,20,,193644,7,,,0,17,,193645,7,0,22 14,0,60,,193646,7,0,22 14,0,24,,193647,7,,,0,16,,193648,7,0,22 14,0
662501,'152301',2122,,193649,5,,,0,11,,193650,5,,,0,14,,193651,5,,,0,54,,193652,5,,,0,14,,193653,5,,,0,14,,193654,5,,,0,13,,193655,5,,,0,15,,193656,5,,,0,54,,193657,5,,,0,15,,193658,5,,,0,13,,193659,5,,,0,13,,193660,5,,,0,59,,193661,5,,,0,10,,193662,5,0,22 14,0,20,,193663,5,,,0,17,,193664,5,0,22 14,0,60,,193665,5,0,22 14,0,24,,193666,5,,,0,16,,193667,5,0,22 14,0
662501,'2',540,,193763,7,,,0,60,,193765,7,,,0,20,,193766,7,,,0,23,,193768,7,,,0,59,,193770,7,,,0,15,,193771,7,,,0,12,,193772,7,,,0,12,,193773,7,,,0,12,,193774,7,,,0,52,,193776,7,,,0,12,,193777,7,,,0,13,,193778,7,,,0,12,,193779,7,,,0,14,,193781,7,,,0,57,,193782,7,,,0,13,,193783,7,,,0,12,,193784,7,,,0,12,,193785,7,,,0,52,,193786,7,,,0,14,,193788,7,,,0,12,,193789,7,,,0,13,,193790,7,,,0,12,,193791,7,,,0,52,,193792,7,,,0,14,,193793,7,,,0,12,,193794,7,,,0,12,,193795,7,,,0,12,,193796,7,,,0,52,,193797,7,,,0,12,,193798,7,,,0,12,,193799,7,,,0,12,,193801,7,,,0,12,,193802,7,,,0,52,,193803,7,,,0,13,,193804,7,,,0,12,,193805,7,,,0,13,,193806,7,,,0,12,,193807,7,,,0,52,,193808,7,,,0,11,,193809,7,,,0,12,,193810,7,,,0,12,,193811,7,,,0,12,,193812,7,,,0,52,,193813,7,,,0,12,,193814,7,,,0,12,,193815,7,,,0,12,,193816,7,,,0,12,,193817,7,,,0,52,,193818,7,,,0,12,,193819,7,,,0,12,,193820,7,,,0,12,,193821,7,,,0,12,,193822,7,,,0,52,,193823,7,,,0,7,,193824,7,,,0,12,,193825,7,,,0,12,,193826,7,,,0,12,,193827,7,,,0,52,,193828,7,,,0,12,,193829,7,,,0,12,,193830,7,,,0,13,,193831,7,,,0,12,,193832,7,,,0,52,,193833,7,,,0,11,,193834,7,,,0,12,,193835,7,,,0,12,,193836,7,,,0,12,,193837,7,,,0,52,,193838,7,,,0,11,,193839,7,,,0,12,,193840,7,,,0,11,,193841,7,,,0,12,,193842,7,,,0,51,,193843,5,,,0,11,,193844,5,,,0,12,,193845,5,,,0,12,,193846,5,,,0,13,,193847,5,,,0,55,,193848,5,,,0,15,,193849,5,,,0,13,,193850,5,,,0,15,,193851,5,,,0,55,,193852,5,,,0,15,,193853,5,,,0,14,,193854,5,,,0,15,,193855,5,,,0,67,,193856,5,,,0,30,,193857,5,,,0,70,,193858,5,,,0,29,,193859,5,,,0
662501,'3',535,,193864,7,,,0,21,,193865,7,,,0,60,,193866,7,,,0,20,,193867,7,,,0,19,,193868,7,,,0,60,,193869,7,,,0,20,,193870,7,,,0,20,,193872,7,,,0,62,,193873,7,,,0,19,,193875,7,,,0,18,,193877,7,,,0,62,,193879,7,,,0,15,,193880,7,,,0,18,,193882,7,,,0,55,,193883,7,,,0,16,,193884,7,,,0,14,,193885,7,,,0,12,,193886,7,,,0,12,,193887,7,,,0,52,,193888,7,,,0,12,,193889,7,,,0,12,,193890,7,,,0,12,,193891,7,,,0,12,,193892,7,,,0,52,,193893,7,,,0,12,,193895,7,,,0,12,,193896,7,,,0,16,,193897,7,,,0,52,,193898,7,,,0,11,,193899,7,,,0,12,,193900,7,,,0,12,,193901,7,,,0,12,,193902,7,,,0,52,,193903,7,,,0,12,,193904,7,,,0,12,,193905,7,,,0,12,,193906,7,,,0,12,,193907,7,,,0,52,,193908,7,,,0,12,,193909,7,,,0,12,,193910,7,,,0,12,,193911,7,,,0,12,,193912,7,,,0,52,,193913,7,,,0,11,,193914,7,,,0,12,,193915,7,,,0,12,,193916,7,,,0,12,,193917,7,,,0,11,,193918,7,,,0,52,,193919,7,,,0,7,,193920,7,,,0,12,,193921,7,,,0,12,,193922,7,,,0,12,,193923,7,,,0,52,,193924,7,,,0,12,,193925,7,,,0,12,,193926,7,,,0,12,,193927,7,,,0,12,,193928,7,,,0,52,,193929,7,,,0,12,,193930,7,,,0,12,,193931,7,,,0,12,,193932,7,,,0,12,,193933,7,,,0,51,,193934,7,,,0,11,,193935,7,,,0,12,,193936,7,,,0,15,,193937,7,,,0,15,,193938,7,,,0,54,,193939,5,,,0,15,,193940,5,,,0,13,,193941,5,,,0,15,,193942,5,,,0,55,,193943,5,,,0,15,,193944,5,,,0,15,,193945,5,,,0,15,,193946,5,,,0,54,,193947,5,,,0,15,,193948,5,,,0,13,,193949,5,,,0,15,,193950,5,,,0,58,,193951,5,,,0,31,,193952,5,,,0,69,,193953,5,,,0,30,,193954,5,,,0
683501,'1',2612,,225060,5,,,0,20,,225059,5,,,0,20,,225061,5,,,0,60,,225062,5,,,0,30,,225063,5,,,0,70,,225064,5,,,0,30,,225065,5,,,0,70,,225066,5,,,0
683501,'2',2613,,225070,5,,,0,20,,225067,5,,,0,20,,225069,5,,,0,60,,225068,5,,,0,30,,225071,5,,,0,70,,225072,5,,,0,30,,225073,5,,,0,70,,225074,5,,,0
683501,'3',2614,,225077,5,,,0,30,,225076,5,,,0,70,,225075,5,,,0
683800,'1',2616,,225146,5,,,0,19,,225148,5,,,0,20,,225145,5,,,0,60,,225147,5,,,0,33,,225149,5,,,0,63,,225150,5,,,0,30,,225151,5,,,0,78,,225152,5,,,0
683800,'2',2619,,225155,5,,,0,16,,225156,5,,,0,16,,225154,5,,,0,70,,225153,5,,,0,30,,225157,5,,,0,70,,225158,5,,,0,30,,225159,5,,,0,60,,225160,5,,,0
683800,'3',2614,,225161,5,,,0,30,,225162,5,,,0,70,,225163,5,,,0,36,,225164,5,,,0,60,,225165,5,,,0,31,,225166,5,,,0,70,,225167,5,,,0
1671800,'1',502,,227576,11,,,0,7,,227575,40,,,0,16,,227609,11,,,0,22,,227577,40,,,0,4,,227571,36,,,0,53,,227572,40,,,0,13,,227578,36,,,0,13,,227579,40,,,0,15,,227580,40,,,0,56,,227581,40,,,0,14,,227582,40,,,0,14,,227569,40,,,0,14,,227570,40,,,0,14,,227586,40,,,0,54,,227587,40,,,0,14,,227588,40,,,0,14,,227589,40,,,0,14,,227590,40,,,0,53,,227591,40,,,0,13,,227592,40,,,0,14,,227593,40,,,0,13,,227594,40,,,0,54,,227595,40,,,0,15,,227596,40,,,0,15,,227597,40,,,0,15,,227598,40,,,0,55,,227599,40,,,0,16,,227600,40,,,0,15,,227601,40,,,0,15,,227602,40,,,0,56,,227603,40,,,0,16,,227604,40,,,0,15,,227605,40,,,0,15,,227583,40,,,0,55,,227584,40,,,0,12,,227573,11,,,0,4,,227585,40,,,0,15,,227562,40,,,0,15,,227563,40,,,0,55,,227564,40,,,0,16,,227534,40,,,0,15,,227535,40,,,0,16,,227536,40,,,0,8,,227537,40,,,0,48,,227574,40,,,0,14,,227538,40,,,0,13,,227539,40,,,0,11,,227610,11,,,0,4,,227540,40,,,0,53,,227541,40,,,0,12,,227542,40,,,0,10,,227612,40,,,0,10,,227543,40,,,0,10,,227544,40,,,0,10,,227545,40,,,0,50,,227546,40,,,0,10,,227547,40,,,0,10,,227548,40,,,0,9,,227549,40,,,0,9,,227550,40,,,0,9,,227611,40,,,0,49,,227551,40,,,0,9,,227552,40,,,0,10,,227553,40,,,0,10,,227554,40,,,0,12,,227555,40,,,0,12,,227556,40,,,0,52,,227557,40,,,0,12,,227558,40,,,0
1671800,'2',509,,227641,40,,,0,17,,227637,11,,,0,14,,227638,11,,,0,10,,227672,40,,,0,61,,227673,40,,,0,15,,227650,40,,,0,12,,227639,11,,,0,4,,227651,40,,,0,60,,227652,40,,,0,20,,227653,40,,,0,15,,227654,40,,,0,14,,227655,40,,,0,54,,227656,40,,,0,13,,227658,40,,,0,13,,227659,40,,,0,15,,227660,40,,,0,55,,227661,40,,,0,15,,227662,40,,,0,15,,227663,40,,,0,10,,227707,11,,,0,5,,227664,40,,,0,55,,227665,40,,,0,10,,227649,11,,,0,5,,227666,40,,,0,15,,227667,40,,,0,16,,227668,40,,,0,8,,227640,11,,,0,47,,227669,40,,,0,14,,227670,40,,,0,12,,227671,40,,,0,12,,227657,40,,,0,13,,227642,40,,,0,6,,227708,11,,,0,46,,227674,40,,,0,13,,227675,40,,,0,12,,227676,40,,,0,13,,227677,40,,,0,7,,227709,11,,,0,5,,227643,40,,,0,50,,227678,40,,,0,10,,227679,40,,,0,10,,227680,40,,,0,10,,227681,40,,,0,10,,227682,40,,,0,9,,227644,40,,,0,50,,227683,40,,,0,10,,227684,40,,,0,10,,227685,40,,,0,10,,227686,40,,,0,11,,227687,40,,,0,11,,227645,40,,,0,51,,227688,40,,,0,10,,227689,40,,,0,10,,227690,40,,,0,10,,227691,40,,,0,10,,227692,40,,,0,10,,227646,40,,,0,50,,227693,40,,,0,10,,227694,40,,,0,10,,227696,40,,,0,10,,227697,40,,,0,10,,227698,40,,,0,10,,227647,40,,,0,49,,227699,40,,,0,10,,227700,40,,,0,10,,227695,40,,,0,9,,227701,40,,,0,10,,227702,40,,,0,10,,227648,40,,,0,50,,227703,40,,,0,10,,227704,40,,,0,12,,227705,40,,,0,12,,227613,40,,,0,12,,227614,40,,,0,52,,227615,40,,,0,13,,227616,40,,,0
1671800,'3',542,,227790,40,,,0,62,,227731,40,,,0,20,,227737,40,,,0,22,,227738,40,,,0,12,,227713,11,,,0,54,,227791,40,,,0,20,,227739,40,,,0,14,,227741,40,,,0,55,,227714,40,,,0,15,,227740,40,,,0,13,,227742,40,,,0,13,,227743,40,,,0,14,,227744,40,,,0,55,,227745,40,,,0,12,,227712,11,,,0,3,,227746,40,,,0,16,,227747,40,,,0,16,,227748,40,,,0,57,,227749,40,,,0,16,,227750,40,,,0,16,,227751,40,,,0,56,,227752,40,,,0,15,,227753,40,,,0,14,,227754,40,,,0,13,,227755,40,,,0,8,,227776,11,,,0,6,,227775,40,,,0,53,,227756,40,,,0,13,,227757,40,,,0,13,,227758,40,,,0,12,,227715,40,,,0,51,,227759,40,,,0,12,,227760,40,,,0,12,,227761,40,,,0,12,,227762,40,,,0,12,,227716,40,,,0,53,,227763,40,,,0,12,,227764,40,,,0,13,,227765,40,,,0,12,,227766,40,,,0,12,,227727,40,,,0,53,,227767,40,,,0,12,,227768,40,,,0,13,,227769,40,,,0,12,,227770,40,,,0,12,,227728,40,,,0,52,,227771,40,,,0,12,,227772,40,,,0,12,,227773,40,,,0,12,,227736,40,,,0,10,,227729,40,,,0,51,,227774,40,,,0,12,,227732,40,,,0,12,,227733,40,,,0,12,,227734,40,,,0,12,,227730,40,,,0,52,,227717,40,,,0,14,,227718,40,,,0,14,,227719,40,,,0,14,,227720,40,,,0,15,,227721,40,,,0,55,,227722,40,,,0
