667700,'1',617,,207556,15,,,0,29,,207557,15,,,0,72,,207558,15,,,0,29,,207559,15,,,0,72,,207560,15,,,0,28,,207561,15,,,0,80,,207562,15,,,0,24,,207563,15,,,0,87,,207564,15,,,0,74,,207565,15,,,0,26,,207566,15,,,0,71,,207567,15,,,0,30,,207568,15,,,0,71,,207569,15,,,0,31,,207570,15,,,0,69,,207571,15,,,0,13,,207572,15,,,0,31,,207573,15,,,0,66,,207574,15,,,0,20,,207575,15,,,0,14,,207576,15,,,0,69,,207577,15,,,0,19,,207578,15,,,0,12,,207579,15,,,0,59,,207580,15,,,0,13,,207581,15,,,0,19,,207582,15,,,0,60,,207583,15,,,0,12,,207584,15,,,0,16,,207585,15,,,0,12,,207586,15,,,0,56,,207587,15,,,0,10,,207588,15,,,0,11,,207602,15,,,0,15,,207597,15,,,0,17,,207598,15,,,0,56,,207599,15,,,0,15,,207600,15,,,0,15,,207601,15,,,0,12,,207589,15,,,0,68,,207590,15,,,0,29,,207591,15,,,0,68,,207592,15,,,0,30,,207593,15,,,0,70,,207594,15,,,0,30,,207595,15,,,0,69,,207596,15,,,0
667700,'101',1612,,207553,15,,,0
667700,'1101',2519,,207554,15,,,0
667700,'1201',2519,,207555,15,,,0
667700,'2',651,,207641,15,,,0,66,,207623,15,,,0,31,,207648,15,,,0,70,,207624,15,,,0,30,,207647,15,,,0,71,,207625,15,,,0,31,,207646,15,,,0,70,,207626,15,,,0,31,,207645,15,,,0,70,,207630,15,,,0,29,,207643,15,,,0,71,,207604,15,,,0,31,,207605,15,,,0,70,,207606,15,,,0,33,,207607,15,,,0,56,,207608,15,,,0,20,,207609,15,,,0,22,,207610,15,,,0,59,,207611,15,,,0,19,,207612,15,,,0,21,,207613,15,,,0,60,,207614,15,,,0,20,,207615,15,,,0,21,,207616,15,,,0,60,,207617,15,,,0,25,,207618,15,,,0,16,,207619,15,,,0,60,,207620,15,,,0,22,,207621,15,,,0,21,,207622,15,,,0,64,,207649,15,,,0,16,,207627,15,,,0,14,,207628,15,,,0,55,,207629,15,,,0,16,,207644,15,,,0,30,,207631,15,,,0,71,,207642,15,,,0,28,,207632,15,,,0,69,,207640,15,,,0,30,,207633,15,,,0,69,,207639,15,,,0,30,,207634,15,,,0,69,,207635,15,,,0,32,,207636,15,,,0,64,,207637,15,,,0,36,,207638,15,,,0
667700,'201',1612,,207603,15,,,0
667700,'3',820,,207650,15,,,0,30,,207651,15,,,0,70,,207652,15,,,0,29,,207653,15,,,0,70,,207654,15,,,0,30,,207655,15,,,0,69,,207656,15,,,0,32,,207657,15,,,0,69,,207658,15,,,0,31,,207659,15,,,0,70,,207660,15,,,0,31,,207661,15,,,0,72,,207662,15,,,0,31,,207687,15,,,0,53,,207663,15,,,0,28,,207664,15,,,0,15,,207665,15,,,0,57,,207686,15,,,0,30,,207666,15,,,0,17,,207667,15,,,0,56,,207685,15,,,0,29,,207668,15,,,0,13,,207669,15,,,0,59,,207684,15,,,0,28,,207670,15,,,0,14,,207671,15,,,0,60,,207683,15,,,0,23,,207672,15,,,0,15,,207681,15,,,0,59,,207682,15,,,0,25,,207673,15,,,0,17,,207674,15,,,0,66,,207675,15,,,0,30,,207680,15,,,0,72,,207676,15,,,0,30,,207679,15,,,0,70,,207677,15,,,0,34,,207678,15,,,0
683700,'1',2537,,225098,42,,,0,20,,225099,42,,,0,60,,225100,42,,,0,29,,225101,42,,,0,74,,225102,42,,,0,19,,225103,42,,,0,68,,225104,42,,,0
683700,'1101',2657,,225096,42,,,0
683700,'1201',2657,,225097,42,,,0
683700,'2',524,,225113,16,,,0,2019,,225107,42,,,0,63,,225112,42,,,0,14,,225106,42,,,0,19,,225111,42,,,0,20,,225108,42,,,0,70,,225110,42,,,0,12,,225109,42,,,0,74,,225105,42,,,0
683700,'3',554,,225114,16,,,0,74,,225115,16,,,0,31,,225116,16,,,0,69,,225117,36,,,0,1687,,225120,42,,,0,31,,225121,42,,,0,70,,225122,42,,,0,37,,225123,42,,,0,71,,225124,42,,,0,24,,225125,42,,,0,88,,225126,42,,,0,65,,225127,42,,,0
