674100,'1',438,,219426,40,,,0,72,,219427,40,,,0,27,,219428,40,,,0,17,,219429,40,,,0,55,,219430,40,,,0,17,,219432,2,,,0,2,,219431,40,,,0,9,,219433,23,,,0,9,,219434,23,,,0,6,,219435,2,,,0,5,,219436,23,,,0,50,,219437,2,,,0,12,,219438,37,,,0,11,,219439,2,,,0,10,,219440,23,,,0,10,,219441,37,,,0,51,,219442,2,,,0,15,,219443,40,,,0,15,,219444,40,,,0,15,,219445,37,,,0,13,,219446,40,,,0,53,,219447,40,,,0,13,,219448,23,,,0,15,,219449,40,,,0,17,,219450,40,,,0,54,,219451,40,,,0,21,,219452,40,,,0,70,,219453,40,,,0,28,,219454,40,,,0,20,,219495,40,,,0,64,,219455,40,,,0,17,,219456,40,,,0,20,,219493,40,,,0,60,,219457,40,,,0,20,,219492,40,,,0,19,,219458,40,,,0,61,,219494,40,,,0,21,,219459,40,,,0,16,,219460,40,,,0,53,,219461,40,,,0,15,,219462,40,,,0,13,,219463,40,,,0,15,,219464,40,,,0,56,,219465,40,,,0,16,,219466,40,,,0,14,,219467,40,,,0,15,,219468,40,,,0,55,,219469,40,,,0,15,,219470,40,,,0,15,,219471,40,,,0,15,,219472,40,,,0,55,,219473,37,,,0,16,,219474,40,,,0,15,,219475,40,,,0,21,,219476,37,,,0,61,,219477,40,,,0,19,,219478,40,,,0,19,,219479,40,,,0,59,,219480,40,,,0,20,,219481,40,,,0,20,,219482,40,,,0,60,,219483,40,,,0,27,,219484,40,,,0,70,,219485,40,,,0,30,,219486,40,,,0,70,,219487,40,,,0,30,,219488,40,,,0,100,,219489,40,,,0,92,,219490,40,,,0
674100,'101',1533,,219425,40,,,0
674100,'2',443,,219541,40,,,0,104,,219540,40,,,0,105,,219539,40,,,0,69,,219538,40,,,0,24,,219546,40,,,0,63,,219537,40,,,0,22,,219535,40,,,0,20,,219547,40,,,0,61,,219534,40,,,0,21,,219533,40,,,0,21,,219548,40,,,0,61,,219532,40,,,0,20,,219536,40,,,0,21,,219549,40,,,0,61,,219531,40,,,0,21,,219530,40,,,0,20,,219502,40,,,0,60,,219529,40,,,0,20,,219528,40,,,0,20,,219501,40,,,0,61,,219527,40,,,0,20,,219526,40,,,0,20,,219500,40,,,0,60,,219525,40,,,0,20,,219524,40,,,0,20,,219499,40,,,0,60,,219511,40,,,0,21,,219510,40,,,0,20,,219498,40,,,0,59,,219523,40,,,0,15,,219542,40,,,0,15,,219522,40,,,0,55,,219497,40,,,0,15,,219521,40,,,0,15,,219543,40,,,0,15,,219520,40,,,0,55,,219496,40,,,0,15,,219503,40,,,0,15,,219544,40,,,0,15,,219519,40,,,0,60,,219518,40,,,0,20,,219517,40,,,0,19,,219545,40,,,0,60,,219516,40,,,0,20,,219515,40,,,0,32,,219514,40,,,0,68,,219513,40,,,0,30,,219505,40,,,0,70,,219512,40,,,0,31,,219504,40,,,0,76,,219509,40,,,0,97,,219508,40,,,0,108,,219507,40,,,0,164,,219506,40,,,0
674100,'3',445,,219595,40,,,0,100,,219594,40,,,0,107,,219593,40,,,0,72,,219592,40,,,0,30,,219591,40,,,0,71,,219589,40,,,0,20,,219601,40,,,0,61,,219588,40,,,0,20,,219587,40,,,0,21,,219602,40,,,0,61,,219586,40,,,0,20,,219590,40,,,0,20,,219603,40,,,0,60,,219585,40,,,0,20,,219584,40,,,0,19,,219604,40,,,0,59,,219556,40,,,0,20,,219583,40,,,0,20,,219582,40,,,0,59,,219555,40,,,0,20,,219581,40,,,0,20,,219580,40,,,0,59,,219554,40,,,0,20,,219579,40,,,0,23,,219578,40,,,0,60,,219553,40,,,0,20,,219565,40,,,0,18,,219564,40,,,0,57,,219552,40,,,0,15,,219577,40,,,0,15,,219596,40,,,0,14,,219576,40,,,0,55,,219551,40,,,0,15,,219575,40,,,0,15,,219597,40,,,0,15,,219574,40,,,0,55,,219550,40,,,0,15,,219557,40,,,0,15,,219598,40,,,0,14,,219573,40,,,0,55,,219572,40,,,0,15,,219599,40,,,0,15,,219571,40,,,0,16,,219600,40,,,0,60,,219570,40,,,0,20,,219569,40,,,0,32,,219568,40,,,0,69,,219567,40,,,0,30,,219559,40,,,0,70,,219566,40,,,0,30,,219558,40,,,0,74,,219563,40,,,0,99,,219562,40,,,0,110,,219561,40,,,0,160,,219560,40,,,0
674800,'1',554,,220116,2,,,0,63,,220120,2,,,0,10,,220122,2,,,0,15,,220124,2,,,0,15,,220126,2,,,0,55,,220128,2,,,0,15,,220130,2,,,0,15,,220132,2,,,0,15,,220134,2,,,0,55,,220135,2,,,0,15,,220136,2,,,0,15,,220137,2,,,0,15,,220138,2,,,0,54,,220139,2,,,0,16,,220140,2,,,0,15,,220141,2,,,0,15,,220142,2,,,0,55,,220143,2,,,0,20,,220144,2,,,0,20,,220145,2,,,0,60,,220146,2,,,0,20,,220147,2,,,0,20,,220148,2,,,0,60,,220149,2,,,0,20,,220150,2,,,0,20,,220152,2,,,0,60,,220154,2,,,0,20,,220157,2,,,0,20,,220160,2,,,0,58,,220162,2,,,0,14,,220164,2,,,0,15,,220166,2,,,0,16,,220168,2,,,0,55,,220170,2,,,0,15,,220172,2,,,0,15,,220174,2,,,0,10,,220176,2,,,0,54,,220178,2,,,0,16,,220180,2,,,0,14,,220182,2,,,0,15,,220184,2,,,0,52,,220185,2,,,0,21,,220186,2,,,0,20,,220187,2,,,0,8,,220188,2,,,0,58,,220189,2,,,0,19,,220190,2,,,0,21,,220191,2,,,0,60,,220192,2,,,0,20,,220193,2,,,0,20,,220194,2,,,0,60,,220195,2,,,0,20,,220196,2,,,0,20,,220197,2,,,0,60,,220198,2,,,0,20,,220199,2,,,0,20,,220200,2,,,0,60,,220201,2,,,0,20,,220202,2,,,0,20,,220203,2,,,0,60,,220204,2,,,0,32,,220205,2,,,0
674800,'2',659,,220239,2,,,0,60,,220240,2,,,0,20,,220241,2,,,0,20,,220206,2,,,0,70,,220207,2,,,0,30,,220208,2,,,0,70,,220209,2,,,0,30,,220210,2,,,0,70,,220211,2,,,0,30,,220212,2,,,0,70,,220213,2,,,0,30,,220214,2,,,0,70,,220215,2,,,0,28,,220216,2,,,0,60,,220217,2,,,0,20,,220242,2,,,0,20,,220218,2,,,0,60,,220243,2,,,0,20,,220219,2,,,0,19,,220220,2,,,0,59,,220244,2,,,0,19,,220221,2,,,0,24,,220222,2,,,0,71,,220223,2,,,0,30,,220224,2,,,0,70,,220225,2,,,0,30,,220226,2,,,0,70,,220227,2,,,0,30,,220228,2,,,0,70,,220229,2,,,0,30,,220230,2,,,0,70,,220231,2,,,0,30,,220232,2,,,0,70,,220233,2,,,0,30,,220234,2,,,0,64,,220235,2,,,0,20,,220245,2,,,0,60,,220236,2,,,0,23,,220237,2,,,0
674800,'3',726,,220267,2,,,0,32,,220276,2,,,0,70,,220247,2,,,0,30,,220277,2,,,0,70,,220248,2,,,0,30,,220278,2,,,0,70,,220246,2,,,0,30,,220263,2,,,0,70,,220272,2,,,0,30,,220262,2,,,0,70,,220271,2,,,0,30,,220261,2,,,0,70,,220270,2,,,0,30,,220260,2,,,0,70,,220253,2,,,0,30,,220259,2,,,0,70,,220269,2,,,0,30,,220258,2,,,0,70,,220268,2,,,0,30,,220257,2,,,0,70,,220264,2,,,0,30,,220256,2,,,0,70,,220266,2,,,0,30,,220255,2,,,0,70,,220252,2,,,0,30,,220254,2,,,0,70,,220251,2,,,0,30,,220273,2,,,0,70,,220265,2,,,0,30,,220274,2,,,0,70,,220250,2,,,0,30,,220275,2,,,0,71,,220249,2,,,0
682200,'1',623,,224235,8,,,0,20,,224212,8,,,0,8,,224207,8,,,0,52,,224224,8,,,0,20,,224236,8,,,0,20,,224213,8,,,0,58,,224225,8,,,0,22,,224237,8,,,0,23,,224214,8,,,0,64,,224226,8,,,0,29,,224215,8,,,0,70,,224231,8,,,0,30,,224216,8,,,0,66,,224232,8,,,0,24,,224217,8,,,0,30,,224227,8,,,0,72,,224218,8,,,0,76,,224228,8,,,0,31,,224219,8,,,0,75,,224229,8,,,0,19,,224248,8,,,0,8,,224209,2,,,0,12,,224220,8,,,0,60,,224230,8,,,0,9,,224247,8,,,0,17,,224238,8,,,0,20,,224221,8,,,0,60,,224211,8,,,0,20,,224239,8,,,0,21,,224233,8,,,0,47,,224208,8,,,0,17,,224210,8,,,0,18,,224240,8,,,0,18,,224222,8,,,0,60,,224234,8,,,0,19,,224241,8,,,0,20,,224223,8,,,0,62,,224242,8,,,0,22,,224243,8,,,0,69,,224244,8,,,0,40,,224245,8,,,0,79,,224246,8,,,0
682200,'2',728,,224260,8,,,0,73,,224261,8,,,0,20,,224277,8,,,0,11,,224252,8,,,0,70,,224262,8,,,0,30,,224253,8,,,0,70,,224263,8,,,0,31,,224254,8,,,0,70,,224264,8,,,0,30,,224255,8,,,0,70,,224265,8,,,0,30,,224256,8,,,0,71,,224266,8,,,0,30,,224259,8,,,0,70,,224267,8,,,0,19,,224278,8,,,0,14,,224257,8,,,0,69,,224268,8,,,0,31,,224258,8,,,0,73,,224269,8,,,0,11,,224279,8,,,0,17,,224249,8,,,0,72,,224270,8,,,0,32,,224250,8,,,0,71,,224271,8,,,0,30,,224251,8,,,0,68,,224272,8,,,0,29,,224273,8,,,0,67,,224274,8,,,0,28,,224275,8,,,0,68,,224276,8,,,0,100,,224280,8,,,0
682200,'3',752,,224292,8,,,0,73,,224308,8,,,0,6,,224281,8,,,0,70,,224293,8,,,0,30,,224286,8,,,0,70,,224294,8,,,0,30,,224287,8,,,0,70,,224295,8,,,0,30,,224288,8,,,0,70,,224296,8,,,0,30,,224289,8,,,0,71,,224297,8,,,0,30,,224290,8,,,0,70,,224298,8,,,0,19,,224309,8,,,0,12,,224291,8,,,0,70,,224299,8,,,0,30,,224282,8,,,0,71,,224300,8,,,0,6,,224310,8,,,0,26,,224283,8,,,0,70,,224301,8,,,0,31,,224284,8,,,0,70,,224302,8,,,0,29,,224285,8,,,0,71,,224303,8,,,0,28,,224304,8,,,0,69,,224305,8,,,0,30,,224306,8,,,0,68,,224307,8,,,0,100,,224311,8,,,0
