667701,'1_merged_15727750',548,,207688,16,,,0,70,,207689,16,,,0,26,,207690,16,,,0,12,,207691,16,,,0,55,,207692,16,,,0,14,,207693,16,,,0,19,,207694,16,,,0,11,,207695,16,,,0,59,,207696,16,,,0,24,,207697,16,,,0,78,,207698,16,,,0,39,,207699,16,,,0,63,,207700,16,,,0,28,,207701,16,,,0,69,,207702,16,,,0,30,,207703,16,,,0,69,,207704,16,,,0,30,,207705,16,,,0,69,,207706,16,,,0,29,,207707,16,,,0,69,,207708,16,,,0,28,,207709,16,,,0,13,,207710,16,,,0,59,,207711,16,,,0,13,,207712,16,,,0,16,,207713,16,,,0,14,,207714,16,,,0,57,,207715,16,,,0,18,,207716,16,,,0,13,,207717,16,,,0,11,,207718,16,,,0,59,,207719,16,,,0,12,,207720,16,,,0,18,,207721,16,,,0,12,,207722,16,,,0,59,,207723,16,,,0,19,,207724,16,,,0,13,,207725,16,,,0,55,,207726,16,,,0,12,,207727,16,,,0,17,,207728,16,,,0,18,,207729,16,,,0,72,,207730,16,,,0,31,,207731,16,,,0,69,,207732,16,,,0,31,,207733,16,,,0,69,,207734,16,,,0,32,,207735,16,,,0,60,,207736,16,,,0,39,,207737,16,,,0,96,,207738,16,,,0
667701,'2_merged_15727752',716,,207739,16,,,0,30,,207740,16,,,0,70,,207741,16,,,0,30,,207742,16,,,0,70,,207743,16,,,0,30,,207744,16,,,0,71,,207745,16,,,0,30,,207746,16,,,0,68,,207747,16,,,0,29,,207748,16,,,0,70,,207749,16,,,0,30,,207750,16,,,0,70,,207751,16,,,0,15,,207752,16,,,0,15,,207753,16,,,0,65,,207754,16,,,0,20,,207755,16,,,0,15,,207756,16,,,0,65,,207757,16,,,0,20,,207758,16,,,0,16,,207759,16,,,0,65,,207760,16,,,0,19,,207761,16,,,0,18,,207762,16,,,0,65,,207763,16,,,0,19,,207764,16,,,0,16,,207765,16,,,0,59,,207766,16,,,0,20,,207767,16,,,0,20,,207768,16,,,0,56,,207769,16,,,0,23,,207770,16,,,0,21,,207771,16,,,0,56,,207772,16,,,0,30,,207773,16,,,0,16,,207774,16,,,0,70,,207775,16,,,0,30,,207776,16,,,0,69,,207777,16,,,0,30,,207778,16,,,0,70,,207779,16,,,0,27,,207780,16,,,0,73,,207781,16,,,0,30,,207782,16,,,0,70,,207783,16,,,0
667701,'3_merged_15727751',815,,207784,16,,,0,30,,207785,16,,,0,70,,207786,16,,,0,30,,207787,16,,,0,71,,207788,16,,,0,30,,207789,16,,,0,70,,207790,16,,,0,29,,207791,16,,,0,73,,207792,16,,,0,28,,207793,16,,,0,71,,207794,16,,,0,31,,207795,16,,,0,71,,207796,16,,,0,12,,207797,16,,,0,27,,207798,16,,,0,63,,207799,16,,,0,13,,207800,16,,,0,68,,207801,16,,,0,16,,207802,16,,,0,16,,207803,16,,,0,70,,207804,16,,,0,17,,207805,16,,,0,16,,207806,16,,,0,67,,207807,16,,,0,14,,207808,16,,,0,19,,207809,16,,,0,67,,207810,16,,,0,15,,207811,16,,,0,18,,207812,16,,,0,65,,207813,16,,,0,16,,207814,16,,,0,17,,207815,16,,,0,65,,207816,16,,,0,17,,207817,16,,,0,29,,207818,16,,,0,70,,207819,16,,,0,29,,207820,16,,,0,68,,207821,16,,,0,31,,207822,16,,,0,73,,207823,16,,,0
667801,'1_merged_15727750',604,,207940,26,,,0,15,,207941,26,,,0,36,,207942,26,,,0,61,,207943,26,,,0,18,,207944,26,,,0,12,,207945,26,,,0,56,,207946,26,,,0,13,,207947,26,,,0,17,,207948,26,,,0,74,,207949,26,,,0,28,,207950,12,,,0,69,,207951,12,,,0,33,,207952,12,,,0,65,,207953,12,,,0,30,,207954,12,,,0,70,,207955,12,,,0,31,,207956,12,,,0,70,,207957,12,,,0,30,,207958,12,,,0,69,,207959,12,,,0,28,,207960,12,,,0,76,,207961,12,,,0,29,,207962,12,,,0,21,,207963,12,,,0,60,,207964,12,,,0,19,,207965,12,,,0,16,,207966,12,,,0,56,,207967,12,,,0,15,,207968,12,,,0,16,,207969,12,,,0,12,,207970,12,,,0,56,,207971,12,,,0,11,,207972,12,,,0,31,,207973,12,,,0,70,,207974,12,,,0,32,,207975,12,,,0,70,,207976,12,,,0,30,,207977,12,,,0,72,,207978,12,,,0,107,,207979,12,,,0,93,,207980,12,,,0,101,,207981,12,,,0,100,,207982,12,,,0
667801,'2_merged_15727752',634,,207983,12,,,0,70,,207984,12,,,0,30,,207985,12,,,0,70,,207986,12,,,0,30,,207987,12,,,0,68,,207988,12,,,0,31,,207989,12,,,0,69,,207990,12,,,0,30,,207991,12,,,0,69,,207992,12,,,0,31,,207993,12,,,0,69,,207994,12,,,0,31,,207995,12,,,0,71,,207996,12,,,0,31,,207997,12,,,0,68,,207998,12,,,0,33,,207999,12,,,0,66,,208000,12,,,0,29,,208001,12,,,0,70,,208002,12,,,0,30,,208003,12,,,0,73,,208004,12,,,0,30,,208005,12,,,0,69,,208006,12,,,0,30,,208017,12,,,0,72,,208007,12,,,0,30,,208008,12,,,0,70,,208009,12,,,0,30,,208010,12,,,0,80,,208011,12,,,0,30,,208012,12,,,0,71,,208013,12,,,0,99,,208014,12,,,0,100,,208015,12,,,0,100,,208016,12,,,0
667801,'3_merged_15727751',802,,208018,12,,,0,31,,208019,12,,,0,70,,208020,12,,,0,31,,208021,12,,,0,69,,208022,12,,,0,29,,208023,12,,,0,22,,208024,12,,,0,71,,208025,12,,,0,33,,208026,12,,,0,75,,208027,12,,,0,75,,208028,12,,,0,25,,208029,12,,,0,69,,208030,12,,,0,30,,208031,12,,,0,70,,208032,12,,,0,30,,208033,12,,,0,71,,208034,12,,,0,30,,208035,12,,,0,70,,208036,12,,,0,30,,208037,12,,,0,69,,208038,12,,,0,31,,208039,12,,,0,70,,208040,12,,,0,30,,208041,12,,,0,70,,208042,12,,,0,27,,208043,12,,,0,73,,208044,12,,,0,19,,208045,12,,,0,96,,208046,12,,,0,101,,208047,12,,,0,100,,208048,12,,,0
667900,'101_merged_15727747',1534,,208049,21,,,0,3,,208050,21,,,0
667900,'1_merged_15727750',558,,208051,26,,,0,67,,208052,26,,,0,26,,208053,26,,,0,74,,208054,26,,,0,26,,208055,26,,,0,77,,208056,26,,,0,31,,208057,26,,,0,75,,208058,26,,,0,23,,208059,26,,,0,70,,208060,26,,,0,30,,208061,26,,,0,71,,208062,26,,,0,22,,208063,26,,,0,74,,208064,26,,,0,24,,208065,26,,,0,70,,208066,26,,,0,31,,208067,26,,,0,71,,208068,26,,,0,28,,208069,26,,,0,72,,208070,26,,,0,30,,208071,26,,,0,66,,208072,26,,,0,29,,208073,26,,,0,72,,208074,26,,,0,31,,208075,26,,,0,77,,208076,26,,,0,77,,208077,26,,,0,27,,208078,26,,,0,76,,208079,26,,,0,26,,208080,26,,,0,23,,208081,26,,,0,72,,208082,26,,,0,28,,208083,26,,,0,69,,208084,26,,,0,30,,208085,26,,,0
667900,'2_merged_15727752',717,,208086,26,,,0,35,,208087,26,,,0,71,,208088,26,,,0,33,,208089,26,,,0,69,,208090,26,,,0,17,,208091,26,,,0,80,,208092,26,,,0,35,,208093,26,,,0,70,,208094,26,,,0,32,,208095,26,,,0,69,,208096,26,,,0,28,,208097,26,,,0,68,,208098,26,,,0,30,,208099,26,,,0,69,,208100,26,,,0,30,,208101,26,,,0,70,,208102,26,,,0,30,,208103,26,,,0,70,,208104,26,,,0,30,,208105,26,,,0,69,,208106,26,,,0,30,,208107,26,,,0,76,,208108,26,,,0,29,,208109,26,,,0,70,,208110,26,,,0,28,,208111,26,,,0,70,,208112,26,,,0,32,,208113,26,,,0,69,,208114,26,,,0,30,,208117,26,,,0,68,,208115,26,,,0,30,,208116,26,,,0
667900,'3_merged_15727751',826,,208118,26,,,0,28,,208119,26,,,0,72,,208120,26,,,0,31,,208121,26,,,0,71,,208122,26,,,0,31,,208123,26,,,0,67,,208124,26,,,0,30,,208125,26,,,0,75,,208126,26,,,0,28,,208127,26,,,0,69,,208128,26,,,0,76,,208129,26,,,0,30,,208130,26,,,0,68,,208131,26,,,0,30,,208132,26,,,0,70,,208133,26,,,0,30,,208134,26,,,0,70,,208135,26,,,0,30,,208136,26,,,0,71,,208137,26,,,0,29,,208138,26,,,0,69,,208139,26,,,0,28,,208140,26,,,0,30,,208141,26,,,0,69,,208142,26,,,0,29,,208143,26,,,0,69,,208144,26,,,0,30,,208145,26,,,0,70,,208146,26,,,0,27,,208147,26,,,0
668301,'1_merged_15727750',648,,209009,15,,,0,7,,209010,15,,,0,48,,209011,15,,,0,9,,209012,15,,,0,16,,209013,15,,,0,14,,209014,15,,,0,17,,209015,15,,,0,47,,209016,15,,,0,11,,209017,15,,,0,9,,209018,15,,,0,11,,209019,15,,,0,17,,209020,15,,,0
683701,'1_merged_15727750',2600,,225129,16,,,0
683701,'2_merged_15727752',547,,225132,16,,,0,2058,,225131,16,,,0
683701,'3_merged_15727751',613,,225133,16,,,0,39,,225134,16,,,0,71,,225135,16,,,0,31,,225136,16,,,0,1558,,225137,16,0,50 51,0,125,,225140,16,,,0,73,,225141,16,,,0,30,,225142,16,0,50 51,0,78,,225143,16,,,0,29,,225144,16,,,0
