662400,'1',609,,192721,12,,,0,15,,192723,12,,,0,15,,192724,12,,,0,12,,192725,12,,,0,52,,192727,12,,,0,12,,192728,12,,,0,12,,192729,12,,,0,12,,192730,12,,,0,11,,192731,12,,,0,52,,192732,12,,,0,12,,192733,12,,,0,12,,192734,12,,,0,12,,192735,12,,,0,12,,192736,12,,,0,52,,192737,12,,,0,12,,192738,12,,,0,12,,192739,12,,,0,12,,192740,12,,,0,12,,192741,12,,,0,52,,192742,12,,,0,12,,192743,12,,,0,12,,192745,12,,,0,12,,192746,12,,,0,12,,192747,12,,,0,52,,192748,12,,,0,12,,192749,12,,,0,11,,192750,12,,,0,12,,192751,12,,,0,12,,192752,12,,,0,52,,192753,12,,,0,12,,192754,12,,,0,12,,192755,12,,,0,12,,192756,12,,,0,12,,192757,12,,,0,52,,192758,12,,,0,12,,192759,12,,,0,12,,192760,12,,,0,12,,192762,12,,,0,12,,192763,12,,,0,52,,192764,12,,,0,12,,192765,12,,,0,10,,192766,12,,,0,12,,192768,12,,,0,12,,192769,12,,,0,12,,192770,12,,,0,52,,192771,12,,,0,12,,192772,12,,,0,12,,192774,12,,,0,12,,192775,12,,,0,12,,192776,12,,,0,52,,192777,12,,,0,11,,192778,12,,,0,11,,192779,12,,,0,11,,192780,12,,,0,11,,192781,12,,,0,50,,192782,12,,,0,10,,192783,12,,,0,10,,192784,12,,,0,9,,192785,12,,,0,11,,192786,12,,,0,11,,192787,12,,,0,51,,192788,12,,,0,12,,192790,12,,,0,12,,192791,12,,,0,13,,192792,12,,,0,12,,192793,12,,,0,52,,192794,12,,,0,14,,192795,12,,,0,12,,192797,12,,,0,12,,192798,12,,,0,12,,192799,12,,,0,52,,192800,12,,,0,12,,192801,12,,,0,12,,192802,12,,,0,12,,192803,12,,,0,55,,192804,12,,,0,16,,192805,12,,,0,15,,192808,12,,,0,13,,192809,12,,,0,13,,192810,12,,,0,55,,192811,12,,,0,19,,192812,12,,,0,16,,192813,12,,,0,60,,192814,12,,,0,20,,192815,12,,,0,20,,192816,12,,,0
662400,'152201',2408,,192706,12,,,0,29,,192707,12,,,0,75,,192708,12,,,0,36,,192709,12,,,0
662400,'152301',2407,,192710,12,,,0,29,,192711,12,,,0,75,,192712,12,,,0,36,,192713,12,,,0
662400,'2',546,,192821,5,,,0,70,,192823,5,,,0,28,,192824,12,,,0,60,,192826,12,,,0,20,,192828,12,,,0,15,,192829,12,,,0,11,,192880,12,,,0,52,,192881,12,,,0,11,,192882,12,,,0,12,,192883,12,,,0,11,,192884,12,,,0,12,,192885,12,,,0,52,,192886,12,,,0,12,,192887,12,,,0,11,,192888,12,,,0,12,,192889,12,,,0,12,,192890,12,,,0,12,,192891,12,,,0,52,,192892,12,,,0,12,,192893,12,,,0,12,,192894,12,,,0,11,,192895,12,,,0,12,,192896,12,,,0,52,,192897,12,,,0,11,,192898,12,,,0,12,,192899,12,,,0,12,,192900,12,,,0,12,,192901,12,,,0,52,,192902,12,,,0,12,,192903,12,,,0,12,,192904,12,,,0,12,,192905,12,,,0,12,,192906,12,,,0,52,,192907,12,,,0,12,,192908,12,,,0,12,,192909,12,,,0,12,,192910,12,,,0,12,,192911,12,,,0,52,,192912,12,,,0,11,,192913,12,,,0,12,,192914,12,,,0,12,,192832,12,,,0,12,,192833,12,,,0,52,,192834,12,,,0,12,,192835,12,,,0,12,,192836,12,,,0,12,,192837,12,,,0,12,,192838,12,,,0,53,,192839,12,,,0,12,,192840,12,,,0,12,,192841,12,,,0,12,,192842,12,,,0,12,,192843,12,,,0,52,,192844,12,,,0,12,,192845,12,,,0,14,,192846,12,,,0,12,,192847,12,,,0,12,,192848,12,,,0,52,,192849,12,,,0,12,,192850,12,,,0,12,,192851,12,,,0,13,,192852,12,,,0,52,,192853,12,,,0,12,,192854,12,,,0,13,,192855,12,,,0,13,,192856,12,,,0,15,,192858,12,,,0,56,,192859,12,,,0,17,,192861,12,,,0,17,,192862,12,,,0,57,,192863,12,,,0,15,,192865,12,,,0,16,,192866,12,,,0,14,,192867,12,,,0,55,,192868,12,,,0,15,,192869,12,,,0,17,,192870,12,,,0,19,,192871,12,,,0,60,,192872,12,,,0,21,,192873,12,,,0,16,,192874,12,,,0,62,,192875,12,,,0,20,,192876,12,,,0,21,,192877,12,,,0,60,,192878,12,,,0,28,,192879,12,,,0
662400,'3',557,,192925,5,,,0,58,,192926,5,,,0,17,,192927,12,,,0,18,,192929,12,,,0,58,,192930,12,,,0,18,,192931,12,,,0,15,,192932,12,,,0,15,,192933,12,,,0,52,,192994,12,,,0,12,,192995,12,,,0,12,,192996,12,,,0,12,,192997,12,,,0,10,,192998,12,,,0,52,,192999,12,,,0,11,,193000,12,,,0,12,,193001,12,,,0,12,,193002,12,,,0,12,,193003,12,,,0,52,,193004,12,,,0,11,,193005,12,,,0,12,,193006,12,,,0,12,,193007,12,,,0,12,,193008,12,,,0,52,,193009,12,,,0,12,,193010,12,,,0,12,,193011,12,,,0,12,,193012,12,,,0,12,,193013,12,,,0,52,,193014,12,,,0,12,,193015,12,,,0,12,,193016,12,,,0,12,,193017,12,,,0,12,,193018,12,,,0,52,,193019,12,,,0,12,,193020,12,,,0,12,,193021,12,,,0,12,,193022,12,,,0,12,,193023,12,,,0,52,,193024,12,,,0,10,,193025,12,,,0,12,,192938,12,,,0,10,,192939,12,,,0,10,,192940,12,,,0,10,,192941,12,,,0,50,,192942,12,,,0,10,,192943,12,,,0,10,,192944,12,,,0,10,,192945,12,,,0,11,,192946,12,,,0,9,,192947,12,,,0,50,,192948,12,,,0,10,,192949,12,,,0,10,,192950,12,,,0,10,,192951,12,,,0,10,,192952,12,,,0,10,,192953,12,,,0,51,,192954,12,,,0,10,,192955,12,,,0,10,,192956,12,,,0,10,,192957,12,,,0,10,,192958,12,,,0,10,,192959,12,,,0,50,,192960,12,,,0,9,,192961,12,,,0,12,,192963,12,,,0,15,,192964,12,,,0,15,,192966,12,,,0,55,,192967,12,,,0,14,,192969,12,,,0,15,,192970,12,,,0,15,,192972,12,,,0,55,,192973,12,,,0,15,,192976,12,,,0,16,,192977,12,,,0,16,,192978,12,,,0,55,,192979,12,,,0,6,,192980,12,,,0,15,,192981,12,,,0,13,,192982,12,,,0,55,,192983,12,,,0,15,,192984,12,,,0,15,,192985,12,,,0,18,,192986,12,,,0,59,,192987,12,,,0,21,,192988,12,,,0,20,,192989,12,,,0,65,,192990,12,,,0,30,,192991,12,,,0,74,,192992,12,,,0,25,,192993,12,,,0
662600,'1',549,,194036,6,0,106 45 82,0,62,,194048,6,0,106 45 82,0,20,,193976,6,0,106 45 82,0,21,,193967,6,0,106 45 82,0,57,,193984,6,0,106 45 82,0,10,,194050,6,0,106 45 82,0,10,,194007,6,0,106 45 82,0,9,,193981,6,0,106 45 82,0,9,,193999,6,0,106 45 82,0,9,,194039,6,0,106 45 82,0,49,,193957,6,0,106 45 82,0,9,,194045,6,0,106 45 82,0,9,,193968,6,0,5 14,0,7,,193962,6,0,5 14,0,6,,194030,6,0,106 45 82,0,6,,194054,6,0,5 14,0,6,,193956,6,0,5 14,0,6,,194057,6,0,106 45 82,0,46,,194021,6,0,5 14,0,6,,193998,6,0,106 45 82,0,9,,194055,6,0,5 14,0,9,,193997,6,0,106 45 82,0,9,,193955,6,0,106 45 82,0,11,,194022,6,0,106 45 82,0,11,,193980,6,0,106 45 82,0,55,,193969,6,0,106 45 82,0,15,,194041,6,0,106 45 82,0,15,,194052,6,0,106 45 82,0,15,,193995,6,0,106 45 82,0,55,,194009,6,0,106 45 82,0,15,,194034,6,0,106 45 82,0,16,,194033,6,0,106 45 82,0,15,,194040,6,0,106 45 82,0,55,,194013,6,0,106 45 82,0,15,,193961,6,0,106 45 82,0,15,,193964,6,0,106 45 82,0,15,,194046,6,0,106 45 82,0,55,,194031,6,0,106 45 82,0,15,,194006,6,0,106 45 82,0,15,,194020,6,0,106 45 82,0,15,,194019,6,0,106 45 82,0,55,,194012,6,0,106 45 82,0,15,,193975,6,0,106 45 82,0,15,,193974,6,0,106 45 82,0,15,,193973,6,0,106 45 82,0,55,,194001,6,0,106 45 82,0,14,,194000,6,0,106 45 82,0,13,,194051,6,0,106 45 82,0,11,,194016,6,0,106 45 82,0,51,,194026,6,0,106 45 82,0,11,,194017,6,0,5 14,0,11,,194010,6,0,106 45 82,0,11,,193959,6,0,106 45 82,0,11,,193972,6,0,106 45 82,0,12,,194044,6,0,106 45 82,0,51,,194043,6,0,5 14,0,11,,194015,6,0,106 45 82,0,11,,194047,6,0,106 45 82,0,11,,193991,6,0,5 14,0,11,,194023,6,0,106 45 82,0,49,,193966,6,0,5 14,0,10,,193965,6,0,106 45 82,0,11,,194025,6,0,5 14,0,12,,193987,6,0,106 45 82,0,12,,194032,6,0,106 45 82,0,55,,194008,6,0,106 45 82,0,15,,193960,6,0,106 45 82,0,15,,194014,6,0,5 14,0,15,,194029,6,0,106 45 82,0,55,,194028,6,0,106 45 82,0,15,,194027,6,0,106 45 82,0,15,,194042,6,0,106 45 82,0,15,,194002,6,0,106 45 82,0,55,,194024,6,0,106 45 82,0,15,,193958,6,0,106 45 82,0,15,,193977,6,0,106 45 82,0,15,,193996,6,0,106 45 82,0,55,,193994,6,0,106 45 82,0,15,,193993,6,0,106 45 82,0,16,,193992,6,0,106 45 82,0,14,,194011,6,0,5 14,0,55,,193990,6,0,106 45 82,0,15,,193989,6,0,5 14,0,15,,193988,6,0,106 45 82,0,15,,193963,6,0,5 14,0,60,,193986,6,0,106 45 82,0,29,,193985,6,0,106 45 82,0,70,,193971,6,0,106 45 82,0
662600,'2',610,,194064,6,0,106 45 82,0,20,,194078,6,0,106 45 82,0,16,,194083,6,0,106 45 82,0,55,,194138,6,0,106 45 82,0,15,,194094,6,0,106 45 82,0,15,,194115,6,0,106 45 82,0,15,,194135,6,0,106 45 82,0,55,,194063,6,0,106 45 82,0,15,,194099,6,0,106 45 82,0,16,,194133,6,0,106 45 82,0,15,,194092,6,0,106 45 82,0,54,,194068,6,0,106 45 82,0,15,,194111,6,0,106 45 82,0,15,,194095,6,0,106 45 82,0,15,,194107,6,0,106 45 82,0,55,,194109,6,0,106 45 82,0,15,,194098,6,0,106 45 82,0,15,,194134,6,0,106 45 82,0,15,,194131,6,0,106 45 82,0,55,,194113,6,0,106 45 82,0,16,,194075,6,0,106 45 82,0,15,,194122,6,0,106 45 82,0,15,,194087,6,0,106 45 82,0,55,,194085,6,0,106 45 82,0,15,,194118,6,0,106 45 82,0,15,,194123,6,0,106 45 82,0,15,,194129,6,0,106 45 82,0,55,,194067,6,0,106 45 82,0,15,,194070,6,0,106 45 82,0,15,,194124,6,0,106 45 82,0,16,,194137,6,0,106 45 82,0,55,,194080,6,0,106 45 82,0,15,,194125,6,0,106 45 82,0,15,,194082,6,0,106 45 82,0,15,,194088,6,0,106 45 82,0,55,,194121,6,0,106 45 82,0,15,,194066,6,0,106 45 82,0,15,,194126,6,0,106 45 82,0,15,,194090,6,0,106 45 82,0,55,,194069,6,0,106 45 82,0,15,,194074,6,0,106 45 82,0,15,,194079,6,0,106 45 82,0,15,,194093,6,0,106 45 82,0,55,,194073,6,0,106 45 82,0,15,,194120,6,0,5 14,0,15,,194086,6,0,106 45 82,0,15,,194116,6,0,106 45 82,0,55,,194072,6,0,106 45 82,0,15,,194119,6,0,106 45 82,0,15,,194062,6,0,106 45 82,0,15,,194091,6,0,106 45 82,0,55,,194114,6,0,106 45 82,0,15,,194076,6,0,106 45 82,0,15,,194102,6,0,106 45 82,0,14,,194105,6,0,106 45 82,0,55,,194103,6,0,5 14,0,15,,194104,6,0,106 45 82,0,15,,194106,6,0,106 45 82,0,15,,194081,6,0,106 45 82,0,55,,194139,6,0,106 45 82,0,15,,194128,6,0,106 45 82,0,15,,194097,6,0,106 45 82,0,15,,194100,6,0,106 45 82,0,55,,194127,6,0,106 45 82,0,16,,194136,6,0,106 45 82,0,16,,194096,6,0,106 45 82,0,16,,194061,6,0,5 14,0,56,,194132,6,0,106 45 82,0,15,,194077,6,0,5 14,0,15,,194084,6,0,106 45 82,0,15,,194112,6,0,5 14,0,58,,194089,6,0,106 45 82,0,23,,194130,6,0,106 45 82,0,69,,194071,6,0,106 45 82,0
662600,'3',650,,194198,6,0,106 45 82,0,60,,194178,6,0,106 45 82,0,19,,194158,6,0,106 45 82,0,21,,194189,6,0,106 45 82,0,60,,194187,6,0,106 45 82,0,20,,194183,6,0,106 45 82,0,20,,194159,6,0,106 45 82,0,58,,194154,6,0,106 45 82,0,15,,194195,6,0,106 45 82,0,15,,194146,6,0,106 45 82,0,15,,194192,6,0,106 45 82,0,55,,194177,6,0,106 45 82,0,15,,194200,6,0,106 45 82,0,16,,194213,6,0,106 45 82,0,15,,194176,6,0,106 45 82,0,55,,194184,6,0,106 45 82,0,15,,194204,6,0,106 45 82,0,15,,194155,6,0,106 45 82,0,15,,194175,6,0,106 45 82,0,55,,194149,6,0,106 45 82,0,15,,194150,6,0,106 45 82,0,15,,194208,6,0,106 45 82,0,15,,194174,6,0,106 45 82,0,55,,194205,6,0,106 45 82,0,15,,194185,6,0,106 45 82,0,15,,194179,6,0,106 45 82,0,15,,194173,6,0,106 45 82,0,55,,194212,6,0,106 45 82,0,15,,194211,6,0,106 45 82,0,15,,194188,6,0,106 45 82,0,15,,194172,6,0,106 45 82,0,55,,194156,6,0,106 45 82,0,15,,194152,6,0,106 45 82,0,15,,194186,6,0,106 45 82,0,15,,194171,6,0,106 45 82,0,55,,194166,6,0,106 45 82,0,15,,194143,6,0,106 45 82,0,15,,194180,6,0,106 45 82,0,15,,194170,6,0,106 45 82,0,55,,194164,6,0,106 45 82,0,15,,194203,6,0,106 45 82,0,15,,194215,6,0,106 45 82,0,15,,194169,6,0,106 45 82,0,55,,194165,6,0,106 45 82,0,15,,194157,6,0,106 45 82,0,15,,194151,6,0,106 45 82,0,15,,194167,6,0,106 45 82,0,55,,194209,6,0,106 45 82,0,15,,194163,6,0,5 14,0,15,,194144,6,0,106 45 82,0,15,,194191,6,0,106 45 82,0,55,,194148,6,0,106 45 82,0,15,,194202,6,0,106 45 82,0,15,,194142,6,0,106 45 82,0,15,,194214,6,0,106 45 82,0,54,,194196,6,0,106 45 82,0,15,,194210,6,0,106 45 82,0,15,,194197,6,0,106 45 82,0,15,,194194,6,0,106 45 82,0,55,,194207,6,0,106 45 82,0,15,,194145,6,0,106 45 82,0,15,,194162,6,0,5 14,0,15,,194168,6,0,106 45 82,0,54,,194160,6,0,5 14,0,15,,194161,6,0,106 45 82,0,15,,194182,6,0,5 14,0,15,,194147,6,0,106 45 82,0,62,,194193,6,0,106 45 82,0,24,,194181,6,0,5 14,0,72,,194206,6,0,5 14,0,37,,194190,6,0,5 14,0
683400,'1',2545,,224993,6,,,0,67,,224991,6,,,0,21,,224988,6,0,6 7 8,0,68,,224992,6,,,0,15,,224990,6,,,0,19,,224989,6,,,0,71,,224987,6,,,0,25,,224994,6,,,0
683400,'1201',2600,,224983,6,,,0,22,,224986,6,,,0,25,,224984,6,0,6 7 8,0,104,,224985,6,,,0
683400,'2',439,,225004,6,,,0,14,,225003,6,,,0,71,,225007,6,,,0,20,,225002,6,,,0,70,,225001,6,,,0,1902,,225008,6,,,0,19,,225009,6,,,0,20,,225006,6,,,0,60,,225010,6,,,0,15,,224999,6,,,0,15,,224996,6,,,0,55,,224998,6,,,0,20,,224997,6,,,0,21,,225000,6,0,6 7 8,0,60,,224995,6,0,6 7 8,0,24,,225005,6,,,0
683400,'3',440,,225020,6,,,0,72,,225021,6,,,0,15,,225022,6,,,0,15,,225028,6,,,0,14,,225027,6,,,0,57,,225023,6,,,0,22,,225011,6,,,0,19,,225029,6,,,0,58,,225024,6,,,0,1736,,225026,6,,,0,67,,225025,6,,,0,22,,225015,6,,,0,78,,225012,6,,,0,20,,225017,6,0,6 7 8,0,20,,225013,6,,,0,62,,225014,6,,,0,20,,225016,6,0,6 7 8,0,20,,225018,6,0,6 7 8,0,61,,225019,6,,,0
