673800,'101_merged_15727747',1754,,218914,21,,,0
673800,'1_merged_15727750',555,,218995,21,,,0,52,,218997,21,,,0,11,,218994,21,,,0,12,,218996,21,,,0,12,,218968,21,,,0,11,,218923,21,,,0,52,,218967,21,,,0,12,,218958,21,,,0,14,,218939,21,,,0,14,,218999,21,,,0,12,,218964,21,,,0,54,,218922,21,,,0,12,,218931,21,,,0,12,,218924,21,,,0,14,,218917,21,,,0,55,,218963,21,,,0,14,,218985,21,,,0,15,,218984,21,,,0,15,,218986,21,,,0,55,,218962,21,,,0,15,,218942,21,,,0,15,,218972,21,,,0,16,,218966,21,,,0,55,,218971,21,,,0,15,,218946,21,,,0,15,,218970,21,,,0,15,,218941,21,,,0,55,,218969,21,,,0,16,,218989,21,,,0,15,,218976,21,,,0,16,,218950,21,,,0,55,,218930,21,,,0,16,,218949,21,,,0,15,,218929,21,,,0,17,,218947,21,,,0,55,,218928,21,,,0,16,,218927,21,,,0,17,,218948,21,,,0,15,,218961,21,,,0,55,,218956,21,,,0,17,,218921,21,,,0,15,,218952,21,,,0,58,,218959,21,,,0,16,,218936,21,,,0,12,,218940,21,,,0,12,,218944,21,,,0,12,,218934,21,,,0,52,,218960,21,,,0,12,,218935,21,,,0,12,,219000,21,,,0,12,,218951,21,,,0,61,,218957,21,,,0,11,,218955,21,,,0,11,,218965,21,,,0,12,,218975,21,,,0,9,,219001,21,,,0,9,,218937,21,,,0,52,,218945,21,,,0,9,,218998,21,,,0,10,,218983,21,,,0,10,,218926,21,,,0,9,,218954,21,,,0,10,,218915,21,,,0,50,,218978,21,,,0,8,,218953,21,,,0,15,,218982,21,,,0,14,,218943,21,,,0,15,,218980,21,,,0,55,,218987,21,,,0,15,,218977,21,,,0,13,,218938,21,,,0,15,,218933,21,,,0,55,,218932,21,,,0,15,,218916,21,,,0,14,,218988,21,,,0,18,,218993,21,,,0,60,,218974,21,,,0,20,,218981,21,,,0,18,,218920,21,,,0,60,,218973,21,,,0,20,,218979,21,,,0,19,,218919,21,,,0,60,,218990,21,,,0,20,,218991,21,,,0,25,,218918,21,,,0,63,,218992,21,,,0,26,,218925,21,,,0
673800,'201_merged_15727755',1754,,219002,21,,,0
673800,'2_merged_15727752',637,,219020,21,,,0,15,,219021,21,,,0,55,,219022,21,,,0,15,,219023,21,,,0,15,,219024,21,,,0,15,,219025,21,,,0,56,,219042,21,,,0,15,,219026,21,,,0,15,,219041,21,,,0,15,,219027,21,,,0,55,,219028,21,,,0,17,,219065,21,,,0,14,,219030,21,,,0,15,,219076,21,,,0,55,,219031,21,,,0,17,,219066,21,,,0,15,,219032,21,,,0,16,,219075,21,,,0,55,,219033,21,,,0,15,,219011,21,,,0,15,,219034,21,,,0,16,,219074,21,,,0,55,,219035,21,,,0,16,,219012,21,,,0,15,,219045,21,,,0,57,,219073,21,,,0,15,,219046,21,,,0,16,,219053,21,,,0,15,,219047,21,,,0,55,,219072,21,,,0,15,,219048,21,,,0,15,,219014,21,,,0,15,,219049,21,,,0,55,,219071,21,,,0,15,,219050,21,,,0,14,,219067,21,,,0,15,,219051,21,,,0,54,,219070,21,,,0,15,,219052,21,,,0,16,,219043,21,,,0,15,,219054,21,,,0,55,,219069,21,,,0,15,,219055,21,,,0,14,,219044,21,,,0,15,,219056,21,,,0,14,,219039,21,,,0,55,,219057,21,,,0,14,,219038,21,,,0,15,,219058,21,,,0,14,,219068,21,,,0,53,,219059,21,,,0,11,,219081,21,,,0,12,,219013,21,,,0,12,,219063,21,,,0,12,,219064,21,,,0,52,,219060,21,,,0,11,,219082,21,,,0,12,,219040,21,,,0,11,,219061,21,,,0,12,,219018,21,,,0,52,,219062,21,,,0,13,,219037,21,,,0,15,,219009,21,,,0,14,,219016,21,,,0,55,,219006,21,,,0,15,,219015,21,,,0,15,,219008,21,,,0,12,,219019,21,,,0,55,,219005,21,,,0,15,,219017,21,,,0,15,,219007,21,,,0,15,,219029,21,,,0,55,,219004,21,,,0,20,,219010,21,,,0,19,,219003,21,,,0,60,,219036,21,,,0,30,,219080,21,,,0,29,,219079,21,,,0,72,,219078,21,,,0,73,,219077,21,,,0
673800,'3_merged_15727751',628,,219090,21,,,0,14,,219091,21,,,0,14,,219092,21,,,0,55,,219093,21,,,0,15,,219094,21,,,0,15,,219095,21,,,0,15,,219096,21,,,0,56,,219097,21,,,0,16,,219124,21,,,0,18,,219098,21,,,0,56,,219141,21,,,0,16,,219099,21,,,0,16,,219086,21,,,0,16,,219100,21,,,0,55,,219142,21,,,0,16,,219101,21,,,0,15,,219083,21,,,0,15,,219102,21,,,0,55,,219144,21,,,0,16,,219122,21,,,0,15,,219088,21,,,0,16,,219103,21,,,0,55,,219087,21,,,0,15,,219104,21,,,0,15,,219143,21,,,0,17,,219105,21,,,0,55,,219085,21,,,0,15,,219106,21,,,0,15,,219138,21,,,0,15,,219107,21,,,0,55,,219126,21,,,0,15,,219116,21,,,0,15,,219125,21,,,0,15,,219117,21,,,0,55,,219127,21,,,0,13,,219118,21,,,0,15,,219123,21,,,0,17,,219084,21,,,0,55,,219128,21,,,0,15,,219135,21,,,0,14,,219139,21,,,0,15,,219119,21,,,0,56,,219089,21,,,0,15,,219120,21,,,0,15,,219140,21,,,0,14,,219145,21,,,0,55,,219146,21,,,0,14,,219147,21,,,0,15,,219148,21,,,0,15,,219149,21,,,0,55,,219150,21,,,0,15,,219151,21,,,0,15,,219152,21,,,0,15,,219153,21,,,0,55,,219154,21,,,0,13,,219155,21,,,0,15,,219129,21,,,0,15,,219121,21,,,0,55,,219131,21,,,0,16,,219137,21,,,0,14,,219130,21,,,0,11,,219115,21,,,0,54,,219132,21,,,0,16,,219114,21,,,0,14,,219134,21,,,0,15,,219113,21,,,0,54,,219133,21,,,0,16,,219112,21,,,0,15,,219136,21,,,0,14,,219111,21,,,0,55,,219110,21,,,0,15,,219109,21,,,0,20,,219108,21,,,0
2338400,'101_merged_15727747',804,,229585,10,0,93 110,0,8,,229586,10,0,93 110,0,799,,229584,10,,,0
2338400,'1_merged_15727750',444,,229587,10,,,0,14,,229624,10,,,0,52,,229625,10,,,0,13,,229626,10,,,0,13,,229588,10,,,0,8,,229608,10,,,0,8,,229589,10,,,0,48,,229627,10,,,0,10,,229590,10,,,0,10,,229609,10,,,0,8,,229591,10,,,0,10,,229610,10,,,0,8,,229682,10,0,93 57,0,8,,229592,10,,,0,50,,229611,10,,,0,13,,229593,10,,,0,18,,229594,10,,,0,10,,229612,10,0,93 57,0,14,,229595,10,,,0,61,,229596,10,,,0,15,,229597,10,,,0,15,,229613,10,0,93 57,0,54,,229598,10,,,0,14,,229614,10,0,93 57,0,14,,229615,10,0,93 57,0,15,,229599,10,,,0,54,,229616,10,0,93 57,0,15,,229600,10,,,0,14,,229617,10,0,93 57,0,16,,229601,10,,,0,54,,229618,10,0,93 57,0,16,,229602,10,,,0,13,,229619,10,0,93 57,0,15,,229603,10,,,0,14,,229620,10,0,93 57,0,55,,229604,10,,,0,16,,229621,10,0,93 57,0,14,,229605,10,,,0,12,,229622,10,0,93 57,0,52,,229606,10,,,0,13,,229623,10,0,93 57,0,12,,229607,10,,,0,12,,229628,10,0,93 57,0,12,,229629,10,,,0,52,,229630,10,0,93 57,0,12,,229632,10,,,0,15,,229633,10,0,93 57,0,17,,229634,10,,,0,58,,229676,10,,,0,13,,229635,10,0,93 57,0,11,,229636,10,,,0,13,,229637,10,,,0,54,,229638,10,,,0,20,,229674,10,,,0,10,,229639,10,,,0,10,,229640,10,,,0,11,,229641,10,,,0,50,,229642,10,,,0,10,,229643,10,,,0,10,,229644,10,,,0,10,,229645,10,,,0,10,,229646,10,,,0,9,,229647,10,,,0,50,,229648,10,,,0,8,,229649,10,,,0,9,,229650,10,,,0,14,,229651,10,,,0,9,,229652,10,,,0,7,,229653,10,,,0,9,,229654,10,,,0,48,,229678,10,0,93 57,0,9,,229655,10,,,0,8,,229656,10,,,0,10,,229657,10,,,0,7,,229658,10,0,93 57,0,11,,229675,10,,,0,50,,229659,10,,,0,9,,229679,10,0,93 57,0,10,,229660,10,,,0,10,,229661,10,0,93 57,0,10,,229662,10,,,0,11,,229663,10,0,93 57,0,53,,229664,10,,,0,11,,229680,10,0,93 57,0,13,,229665,10,,,0,10,,229666,10,0,93 57,0,13,,229667,10,,,0,53,,229668,10,0,93 57,0,11,,229681,10,,,0,11,,229669,10,0,93 57,0,11,,229670,10,,,0,12,,229671,10,0,93 57,0,53,,229672,10,,,0,27,,229673,10,,,0
2338400,'201_merged_15727755',804,,229683,10,0,93 57,0,8,,229684,10,0,93 57,0,799,,229685,10,,,0
2338400,'2_merged_15727752',635,,229689,10,,,0,14,,229690,10,0,93 57,0,56,,229691,10,,,0,14,,229692,10,0,93 57,0,16,,229693,10,,,0,14,,229694,10,0,93 57,0,55,,229695,10,,,0,11,,229696,10,0,93 57,0,13,,229697,10,,,0,13,,229698,10,0,93 57,0,12,,229771,10,,,0,52,,229772,10,0,93 57,0,13,,229699,10,,,0,11,,229700,10,0,93 57,0,14,,229701,10,,,0,12,,229702,10,0,93 57,0,52,,229703,10,,,0,13,,229704,10,0,93 57,0,13,,229705,10,,,0,13,,229706,10,0,93 57,0,13,,229707,10,,,0,51,,229708,10,0,93 57,0,15,,229709,10,,,0,11,,229710,10,0,93 57,0,13,,229711,10,,,0,51,,229712,10,0,93 57,0,13,,229713,10,,,0,11,,229714,10,0,93 57,0,13,,229715,10,,,0,12,,229716,10,0,93 57,0,53,,229717,10,,,0,11,,229718,10,0,93 57,0,11,,229719,10,,,0,10,,229720,10,0,93 57,0,10,,229753,10,,,0,11,,229762,10,0,93 57,0,51,,229754,10,,,0,9,,229763,10,0,93 57,0,11,,229755,10,,,0,9,,229764,10,0,93 57,0,11,,229756,10,,,0,9,,229765,10,0,93 57,0,51,,229757,10,,,0,9,,229766,10,0,93 57,0,11,,229758,10,,,0,9,,229767,10,0,93 57,0,11,,229759,10,,,0,9,,229768,10,0,93 57,0,51,,229760,10,,,0,9,,229769,10,0,93 57,0,9,,229761,10,,,0,10,,229770,10,0,93 57,0,10,,229736,10,,,0,10,,229745,10,0,93 57,0,50,,229737,10,,,0,10,,229746,10,0,93 57,0,9,,229738,10,,,0,8,,229747,10,0,93 57,0,10,,229739,10,,,0,9,,229748,10,0,93 57,0,51,,229740,10,,,0,9,,229749,10,0,93 57,0,9,,229741,10,,,0,9,,229750,10,0,93 57,0,11,,229742,10,,,0,9,,229751,10,0,93 57,0,10,,229743,10,,,0,50,,229752,10,0,93 57,0,9,,229744,10,,,0,14,,229721,10,0,93 57,0,15,,229722,10,,,0,55,,229723,10,0,93 57,0,15,,229724,10,,,0,16,,229725,10,0,93 57,0,16,,229726,10,,,0,55,,229727,10,0,93 57,0,16,,229728,10,,,0,15,,229729,10,0,93 57,0,16,,229730,10,,,0,56,,229731,10,0,93 57,0,20,,229732,10,,,0,19,,229733,10,0,93 57,0,60,,229734,10,,,0,20,,229735,10,0,93 57,0
2338400,'3_merged_15727751',631,,229821,10,0,93 57,0,15,,229785,10,,,0,55,,229820,10,0,93 57,0,15,,229784,10,,,0,15,,229819,10,0,93 57,0,15,,229825,10,,,0,55,,229818,10,0,93 57,0,15,,229783,10,,,0,15,,229817,10,0,93 57,0,16,,229782,10,,,0,55,,229816,10,,,0,15,,229839,10,,,0,15,,229815,10,0,93 57,0,16,,229781,10,,,0,53,,229814,10,0,93 57,0,18,,229838,10,,,0,14,,229813,10,0,93 57,0,17,,229830,10,,,0,54,,229812,10,0,93 57,0,16,,229837,10,,,0,14,,229811,10,0,93 57,0,16,,229780,10,,,0,55,,229810,10,0,93 57,0,16,,229836,10,,,0,15,,229809,10,0,93 57,0,16,,229779,10,,,0,54,,229808,10,0,93 57,0,17,,229835,10,,,0,15,,229807,10,0,93 57,0,15,,229778,10,,,0,55,,229806,10,0,93 57,0,15,,229834,10,,,0,15,,229805,10,0,93 57,0,17,,229777,10,,,0,56,,229804,10,0,93 57,0,15,,229776,10,,,0,14,,229803,10,0,93 57,0,15,,229775,10,,,0,55,,229802,10,0,93 57,0,15,,229774,10,,,0,14,,229801,10,0,93 57,0,15,,229773,10,,,0,55,,229800,10,0,93 57,0,16,,229841,10,,,0,14,,229799,10,0,93 57,0,15,,229832,10,,,0,55,,229798,10,0,93 57,0,15,,229840,10,,,0,14,,229797,10,0,93 57,0,16,,229827,10,,,0,54,,229796,10,0,93 57,0,15,,229833,10,,,0,14,,229795,10,0,93 57,0,16,,229822,10,,,0,54,,229794,10,0,93 57,0,16,,229831,10,,,0,14,,229793,10,0,93 57,0,15,,229826,10,,,0,54,,229792,10,0,93 57,0,15,,229824,10,,,0,14,,229791,10,0,93 57,0,14,,229829,10,,,0,55,,229790,10,0,93 57,0,20,,229828,10,,,0,20,,229789,10,0,93 57,0,60,,229788,10,0,93 57,0,23,,229823,10,,,0
3182001,'1_merged_15727750',637,,234925,21,,,0,68,,234924,21,,,0,30,,234923,21,,,0,70,,234922,21,,,0,30,,234921,21,,,0,70,,234920,21,,,0,30,,234919,21,,,0,70,,234918,21,,,0,30,,234917,21,,,0,70,,234916,21,,,0,30,,234915,21,,,0,70,,234914,21,,,0,30,,234913,21,,,0,70,,234912,21,,,0,30,,234911,21,,,0,70,,234910,21,,,0,30,,234909,21,,,0,70,,234908,21,,,0,30,,234907,21,,,0,70,,234906,21,,,0,30,,234905,21,,,0,70,,234904,21,,,0,30,,234903,21,,,0,70,,234902,21,,,0,30,,234901,21,,,0,70,,234900,21,,,0,30,,234899,21,,,0,70,,234898,21,,,0,30,,234897,21,,,0,70,,234896,21,,,0,30,,234895,21,,,0,80,,234894,21,,,0
3182001,'2_merged_15727752',735,,234926,21,,,0,70,,234927,21,,,0,30,,234928,21,,,0,70,,234929,21,,,0,30,,234930,21,,,0,70,,234931,21,,,0,30,,234932,21,,,0,70,,234933,21,,,0,30,,234934,21,,,0,70,,234935,21,,,0,30,,234936,21,,,0,70,,234937,21,,,0,30,,234938,21,,,0,70,,234939,21,,,0,30,,234940,21,,,0,70,,234941,21,,,0,30,,234942,21,,,0,70,,234943,21,,,0,30,,234944,21,,,0,70,,234945,21,,,0,30,,234946,21,,,0,70,,234947,21,,,0,30,,234948,21,,,0,70,,234949,21,,,0,30,,234950,21,,,0,70,,234951,21,,,0,30,,234952,21,,,0,70,,234953,21,,,0
3182001,'3_merged_15727751',835,,234954,21,,,0,70,,234955,21,,,0,30,,234956,21,,,0,70,,234957,21,,,0,30,,234958,21,,,0,70,,234959,21,,,0,30,,234960,21,,,0,70,,234961,21,,,0,30,,234962,21,,,0,70,,234963,21,,,0,30,,234964,21,,,0,70,,234965,21,,,0,30,,234966,21,,,0,70,,234967,21,,,0,30,,234968,21,,,0,70,,234969,21,,,0,30,,234970,21,,,0,70,,234971,21,,,0,30,,234972,21,,,0,70,,234973,21,,,0,30,,234974,21,,,0,70,,234975,21,,,0,30,,234976,21,,,0,70,,234977,21,,,0,30,,234978,21,,,0,70,,234979,21,,,0
