664900,'101_merged_15727747',1554,,201509,5,0,6 7 8,0
664900,'1_merged_15727750',452,,201514,14,0,6 7 8,0,64,,201548,14,0,6 7 8,0,23,,201559,14,0,6 7 8,0,14,,201557,14,0,6 7 8,0,54,,201529,15,0,6 7 8,0,17,,201523,15,0,6 7 8,0,15,,201574,15,0,6 7 8,0,16,,201575,15,0,6 7 8,0,56,,201576,15,0,6 7 8,0,17,,201577,15,0,6 7 8,0,14,,201578,15,0,6 7 8,0,16,,201579,15,0,6 7 8,0,55,,201580,15,0,6 7 8,0,15,,201581,15,0,6 7 8,0,15,,201582,15,0,6 7 8,0,13,,201583,15,0,6 7 8,0,55,,201584,15,0,6 7 8,0,14,,201565,15,0,6 7 8,0,15,,201536,15,0,6 7 8,0,16,,201530,15,0,6 7 8,0,56,,201516,15,0,6 7 8,0,14,,201569,15,0,6 7 8,0,15,,201549,15,0,6 7 8,0,15,,201525,15,0,6 7 8,0,55,,201512,15,0,6 7 8,0,15,,201564,15,0,6 7 8,0,16,,201533,15,0,6 7 8,0,13,,201546,15,0,6 7 8,0,55,,201571,15,0,6 7 8,0,15,,201537,15,0,6 7 8,0,17,,201572,15,0,6 7 8,0,16,,201519,15,0,6 7 8,0,55,,201534,15,0,6 7 8,0,14,,201570,15,0,6 7 8,0,15,,201553,15,0,6 7 8,0,17,,201573,15,0,6 7 8,0,56,,201567,15,0,6 7 8,0,14,,201552,15,0,6 7 8,0,15,,201566,15,0,6 7 8,0,14,,201545,15,0,6 7 8,0,54,,201555,15,0,6 7 8,0,15,,201513,15,0,6 7 8,0,18,,201528,15,0,6 7 8,0,57,,201563,15,0,6 7 8,0,12,,201510,15,0,6 7 8,0,19,,201561,15,0,6 7 8,0,15,,201562,15,0,6 7 8,0,60,,201568,15,0,6 7 8,0,13,,201560,15,0,6 7 8,0,18,,201527,15,0,6 7 8,0,13,,201556,15,0,6 7 8,0,55,,201532,15,0,6 7 8,0,11,,201531,15,0,6 7 8,0,11,,201535,15,0,6 7 8,0,15,,201558,15,0,6 7 8,0,15,,201518,15,0,6 7 8,0,52,,201554,15,0,6 7 8,0,14,,201547,15,0,6 7 8,0,12,,201526,15,0,6 7 8,0,15,,201520,15,0,6 7 8,0,56,,201521,15,0,6 7 8,0,14,,201517,15,0,6 7 8,0,15,,201511,15,0,6 7 8,0,15,,201541,15,0,6 7 8,0,55,,201522,15,0,6 7 8,0,16,,201515,15,0,6 7 8,0,13,,201524,15,0,6 7 8,0,67,,201538,15,0,6 7 8,0,32,,201539,15,0,6 7 8,0,79,,201540,15,0,6 7 8,0,29,,201542,15,0,6 7 8,0,71,,201543,15,0,6 7 8,0,39,,201544,15,0,6 7 8,0,71,,201550,15,0,6 7 8,0,34,,201551,15,0,6 7 8,0
664900,'2_merged_15727752',455,,201607,14,0,6 7 8,0,83,,201652,14,0,6 7 8,0,71,,201620,14,0,6 7 8,0,39,,201664,15,0,6 7 8,0,70,,201645,15,0,6 7 8,0,15,,201670,15,0,6 7 8,0,15,,201630,15,0,6 7 8,0,55,,201671,15,0,6 7 8,0,15,,201648,15,0,6 7 8,0,15,,201627,15,0,6 7 8,0,17,,201609,15,0,6 7 8,0,55,,201603,15,0,6 7 8,0,15,,201621,15,0,6 7 8,0,15,,201610,15,0,6 7 8,0,15,,201605,15,0,6 7 8,0,55,,201655,15,0,6 7 8,0,15,,201623,15,0,6 7 8,0,15,,201646,15,0,6 7 8,0,15,,201634,15,0,6 7 8,0,55,,201608,15,0,6 7 8,0,17,,201650,15,0,6 7 8,0,15,,201613,15,0,6 7 8,0,13,,201662,15,0,6 7 8,0,55,,201656,15,0,6 7 8,0,15,,201632,15,0,6 7 8,0,16,,201669,15,0,6 7 8,0,16,,201649,15,0,6 7 8,0,56,,201668,15,0,6 7 8,0,15,,201602,15,0,6 7 8,0,15,,201612,15,0,6 7 8,0,15,,201635,15,0,6 7 8,0,55,,201611,15,0,6 7 8,0,16,,201628,15,0,6 7 8,0,14,,201617,15,0,6 7 8,0,15,,201657,15,0,6 7 8,0,55,,201624,15,0,6 7 8,0,16,,201633,15,0,6 7 8,0,15,,201647,15,0,6 7 8,0,15,,201667,15,0,6 7 8,0,55,,201606,15,0,6 7 8,0,15,,201616,15,0,6 7 8,0,13,,201665,15,0,6 7 8,0,16,,201622,15,0,6 7 8,0,55,,201636,15,0,6 7 8,0,13,,201626,15,0,6 7 8,0,16,,201615,15,0,6 7 8,0,15,,201618,15,0,6 7 8,0,55,,201619,15,0,6 7 8,0,15,,201625,15,0,6 7 8,0,15,,201631,15,0,6 7 8,0,15,,201642,15,0,6 7 8,0,55,,201629,15,0,6 7 8,0,13,,201641,15,0,6 7 8,0,14,,201651,15,0,6 7 8,0,15,,201639,15,0,6 7 8,0,55,,201653,15,0,6 7 8,0,15,,201640,15,0,6 7 8,0,15,,201654,15,0,6 7 8,0,15,,201638,15,0,6 7 8,0,55,,201643,15,0,6 7 8,0,15,,201637,15,0,6 7 8,0,15,,201666,15,0,6 7 8,0,70,,201614,15,0,6 7 8,0,29,,201658,15,0,6 7 8,0,69,,201659,15,0,6 7 8,0,30,,201660,15,0,6 7 8,0,70,,201661,15,0,6 7 8,0,32,,201663,15,0,6 7 8,0,71,,201644,15,0,6 7 8,0,27,,201604,15,0,6 7 8,0
664900,'3_merged_15727751',613,,201700,14,0,6 7 8,0,35,,201701,15,0,6 7 8,0,70,,201702,15,0,6 7 8,0,31,,201703,15,0,6 7 8,0,70,,201704,15,0,6 7 8,0,15,,201736,15,0,6 7 8,0,15,,201705,15,0,6 7 8,0,55,,201737,15,0,6 7 8,0,15,,201706,15,0,6 7 8,0,15,,201729,15,0,6 7 8,0,16,,201707,15,0,6 7 8,0,55,,201691,15,0,6 7 8,0,15,,201735,15,0,6 7 8,0,15,,201688,15,0,6 7 8,0,15,,201683,15,0,6 7 8,0,55,,201672,15,0,6 7 8,0,15,,201679,15,0,6 7 8,0,15,,201673,15,0,6 7 8,0,15,,201682,15,0,6 7 8,0,55,,201730,15,0,6 7 8,0,15,,201680,15,0,6 7 8,0,15,,201725,15,0,6 7 8,0,15,,201677,15,0,6 7 8,0,55,,201726,15,0,6 7 8,0,15,,201724,15,0,6 7 8,0,15,,201727,15,0,6 7 8,0,15,,201728,15,0,6 7 8,0,55,,201694,15,0,6 7 8,0,15,,201696,15,0,6 7 8,0,15,,201675,15,0,6 7 8,0,15,,201697,15,0,6 7 8,0,55,,201686,15,0,6 7 8,0,17,,201698,15,0,6 7 8,0,15,,201721,15,0,6 7 8,0,15,,201734,15,0,6 7 8,0,55,,201722,15,0,6 7 8,0,15,,201733,15,0,6 7 8,0,15,,201692,15,0,6 7 8,0,15,,201690,15,0,6 7 8,0,55,,201693,15,0,6 7 8,0,14,,201717,15,0,6 7 8,0,15,,201674,15,0,6 7 8,0,15,,201718,15,0,6 7 8,0,55,,201732,15,0,6 7 8,0,14,,201708,15,0,6 7 8,0,15,,201716,15,0,6 7 8,0,14,,201709,15,0,6 7 8,0,55,,201681,15,0,6 7 8,0,14,,201714,15,0,6 7 8,0,15,,201710,15,0,6 7 8,0,15,,201676,15,0,6 7 8,0,55,,201711,15,0,6 7 8,0,15,,201678,15,0,6 7 8,0,15,,201712,15,0,6 7 8,0,14,,201689,15,0,6 7 8,0,55,,201713,15,0,6 7 8,0,15,,201719,15,0,6 7 8,0,15,,201715,15,0,6 7 8,0,70,,201720,15,0,6 7 8,0,30,,201684,15,0,6 7 8,0,70,,201685,15,0,6 7 8,0,29,,201723,15,0,6 7 8,0,70,,201695,15,0,6 7 8,0,30,,201687,15,0,6 7 8,0,80,,201699,15,0,6 7 8,0,40,,201731,15,0,6 7 8,0
665701,'101_merged_15727747',1554,,203344,5,,,0
665701,'1_merged_15727750',556,,203405,24,,,0,65,,203395,31,,,0,30,,203389,31,,,0,60,,203349,31,,,0,22,,203368,31,,,0,16,,203386,31,,,0,57,,203394,31,,,0,15,,203397,31,,,0,15,,203385,31,,,0,15,,203365,31,,,0,55,,203384,31,,,0,17,,203364,31,,,0,14,,203398,31,,,0,15,,203379,31,,,0,55,,203387,31,,,0,14,,203403,31,,,0,15,,203351,31,,,0,14,,203380,31,,,0,55,,203346,31,,,0,15,,203352,31,,,0,14,,203375,31,,,0,14,,203381,31,,,0,55,,203391,31,,,0,15,,203353,31,,,0,15,,203390,31,,,0,15,,203382,31,,,0,55,,203402,31,,,0,15,,203354,31,,,0,15,,203399,31,,,0,16,,203383,31,,,0,55,,203400,31,,,0,16,,203355,31,,,0,17,,203374,31,,,0,16,,203362,31,,,0,54,,203371,31,,,0,14,,203356,31,,,0,14,,203345,31,,,0,15,,203363,31,,,0,56,,203358,31,,,0,14,,203350,31,,,0,16,,203366,31,,,0,17,,203357,31,,,0,55,,203359,31,,,0,15,,203388,31,,,0,15,,203373,31,,,0,16,,203370,31,,,0,53,,203406,31,,,0,14,,203360,31,,,0,12,,203367,31,,,0,13,,203347,31,,,0,55,,203361,31,,,0,15,,203408,31,,,0,23,,203376,31,,,0,69,,203407,31,,,0,29,,203369,31,,,0,69,,203401,31,,,0,27,,203396,31,,,0,67,,203392,31,,,0,29,,203372,31,,,0,27,,203348,31,,,0,70,,203377,31,,,0,32,,203393,31,,,0,73,,203378,31,,,0,73,,203404,31,,,0
665701,'2_merged_15727752',714,,203432,31,,,0,100,,203419,31,,,0,34,,203411,31,,,0,76,,203429,31,,,0,35,,203415,31,,,0,78,,203421,31,,,0,69,,203412,31,,,0,20,,203447,31,,,0,21,,203433,31,,,0,60,,203448,31,,,0,25,,203425,31,,,0,18,,203442,31,,,0,60,,203449,31,,,0,20,,203424,31,,,0,20,,203428,31,,,0,60,,203450,31,,,0,20,,203430,31,,,0,20,,203443,31,,,0,60,,203451,31,,,0,20,,203444,31,,,0,21,,203420,31,,,0,60,,203452,31,,,0,20,,203417,31,,,0,18,,203441,31,,,0,60,,203410,31,,,0,22,,203413,31,,,0,21,,203438,31,,,0,59,,203445,31,,,0,20,,203437,31,,,0,20,,203440,31,,,0,59,,203418,31,,,0,22,,203426,31,,,0,20,,203439,31,,,0,59,,203414,31,,,0,23,,203416,31,,,0,69,,203435,31,,,0,27,,203434,31,,,0,72,,203423,31,,,0,28,,203422,31,,,0,29,,203409,31,,,0,70,,203427,31,,,0,28,,203431,31,,,0,70,,203446,31,,,0,30,,203436,31,,,0
665701,'3_merged_15727751',744,,203480,5,,,0,94,,203481,31,,,0,101,,203482,31,,,0,70,,203453,31,,,0,30,,203461,31,,,0,70,,203486,31,,,0,31,,203454,31,,,0,70,,203463,31,,,0,30,,203460,31,,,0,70,,203462,31,,,0,30,,203467,31,,,0,70,,203476,31,,,0,30,,203475,31,,,0,70,,203465,31,,,0,30,,203473,31,,,0,70,,203472,31,,,0,30,,203471,31,,,0,70,,203470,31,,,0,31,,203458,31,,,0,68,,203474,31,,,0,30,,203477,31,,,0,70,,203469,31,,,0,30,,203485,31,,,0,70,,203484,31,,,0,29,,203483,31,,,0,69,,203468,31,,,0,29,,203466,31,,,0,70,,203459,31,,,0,29,,203457,31,,,0,70,,203456,31,,,0,29,,203455,31,,,0,70,,203464,31,,,0,19,,203479,31,,,0,35,,203478,31,,,0
3329200,'101_merged_15727747',1551,,235750,5,,,0
3329200,'1_merged_15727750',608,,235799,14,,,0,33,,235798,14,,,0,62,,235797,14,,,0,16,,235796,14,,,0,17,,235795,14,,,0,17,,235794,14,,,0,56,,235793,14,,,0,15,,235791,14,,,0,21,,235790,14,,,0,55,,235789,14,,,0,16,,235788,14,,,0,15,,235787,14,,,0,17,,235786,14,,,0,56,,235785,14,,,0,16,,235784,14,,,0,30,,235783,14,,,0,71,,235792,14,,,0,33,,235782,14,,,0,71,,235781,14,,,0,31,,235780,14,,,0,71,,235779,14,,,0,30,,235778,14,,,0,73,,235777,14,,,0,72,,235776,14,,,0,33,,235775,14,,,0,66,,235774,14,,,0,16,,235773,14,,,0,15,,235772,14,,,0,17,,235771,14,,,0,55,,235769,14,,,0,17,,235768,14,,,0,13,,235767,14,,,0,15,,235766,14,,,0,53,,235765,14,,,0,16,,235764,14,,,0,13,,235752,14,,,0,17,,235770,14,,,0,56,,235754,14,,,0,22,,235753,15,,,0,29,,235763,15,,,0,70,,235762,15,,,0,30,,235761,15,,,0,72,,235760,15,,,0,25,,235756,15,,,0,70,,235755,15,,,0,25,,235759,15,,,0,72,,235758,15,,,0,26,,235757,15,,,0,104,,235751,15,,,0
3329200,'2_merged_15727752',641,,235835,14,,,0,62,,235834,14,,,0,29,,235833,14,,,0,71,,235832,14,,,0,34,,235831,14,,,0,83,,235830,14,,,0,31,,235829,14,,,0,75,,235828,14,,,0,29,,235827,14,,,0,71,,235826,14,,,0,27,,235825,14,,,0,71,,235824,14,,,0,31,,235823,14,,,0,73,,235822,14,,,0,28,,235821,14,,,0,73,,235820,14,,,0,72,,235819,14,,,0,28,,235817,14,,,0,75,,235818,14,,,0,29,,235816,14,,,0,72,,235815,14,,,0,26,,235814,14,,,0,69,,235813,14,,,0,31,,235812,14,,,0,69,,235811,14,,,0,30,,235810,15,,,0,71,,235809,15,,,0,27,,235808,15,,,0,28,,235800,15,,,0,71,,235807,15,,,0,29,,235806,15,,,0,70,,235805,15,,,0,26,,235804,15,,,0,71,,235803,15,,,0,30,,235802,15,,,0,91,,235801,15,,,0
3329200,'3_merged_15727751',740,,235840,14,,,0,71,,235839,14,,,0,27,,235838,14,,,0,71,,235837,14,,,0,30,,235836,14,,,0,71,,235869,14,,,0,32,,235868,14,,,0,70,,235867,14,,,0,36,,235866,14,,,0,70,,235865,14,,,0,30,,235864,14,,,0,71,,235863,14,,,0,30,,235862,14,,,0,70,,235861,14,,,0,33,,235860,14,,,0,67,,235859,14,,,0,30,,235858,14,,,0,73,,235857,14,,,0,29,,235856,14,,,0,70,,235855,14,,,0,30,,235841,14,,,0,70,,235854,14,,,0,23,,235853,14,,,0,70,,235852,15,,,0,31,,235851,15,,,0,68,,235850,15,,,0,34,,235849,15,,,0,70,,235848,15,,,0,29,,235847,15,,,0,69,,235846,15,,,0,29,,235845,15,,,0,67,,235844,15,,,0,32,,235843,15,,,0,100,,235842,15,,,0
