667700,'1',615,,207556,12,,,0,29,,207557,12,,,0,72,,207558,12,,,0,29,,207559,12,,,0,72,,207560,12,,,0,28,,207561,12,,,0,80,,207562,12,,,0,24,,207563,12,,,0,87,,207564,12,,,0,74,,207565,12,,,0,26,,207566,12,,,0,70,,207567,12,,,0,30,,207568,12,,,0,71,,207569,12,,,0,31,,207570,12,,,0,69,,207571,12,,,0,13,,207572,12,,,0,31,,207573,12,,,0,66,,207574,12,,,0,20,,207575,12,,,0,14,,207576,12,,,0,69,,207577,12,,,0,19,,207578,12,,,0,12,,207579,12,,,0,59,,207580,12,,,0,13,,207581,12,,,0,19,,207582,12,,,0,60,,207583,12,,,0,13,,207584,12,,,0,16,,207585,12,,,0,12,,207586,12,,,0,16,,207587,12,,,0,50,,207588,12,,,0,11,,207602,12,,,0,15,,207597,12,,,0,17,,207598,12,,,0,56,,207599,12,,,0,15,,207600,12,,,0,15,,207601,12,,,0,12,,207589,12,,,0,68,,207590,12,,,0,29,,207591,12,,,0,68,,207592,12,,,0,30,,207593,12,,,0,70,,207594,12,,,0,30,,207595,12,,,0,69,,207596,12,,,0
667700,'101',1609,,207553,12,,,0
667700,'1101',2517,,207554,12,,,0
667700,'1201',2517,,207555,12,,,0
667700,'2',649,,207641,12,,,0,66,,207623,12,,,0,31,,207648,12,,,0,70,,207624,12,,,0,30,,207647,12,,,0,71,,207625,12,,,0,31,,207646,12,,,0,70,,207626,12,,,0,31,,207645,12,,,0,70,,207630,12,,,0,29,,207643,12,,,0,71,,207604,12,,,0,31,,207605,12,,,0,70,,207606,12,,,0,33,,207607,12,,,0,56,,207608,12,,,0,20,,207609,12,,,0,22,,207610,12,,,0,59,,207611,12,,,0,19,,207612,12,,,0,21,,207613,12,,,0,60,,207614,12,,,0,20,,207615,12,,,0,21,,207616,12,,,0,59,,207617,12,,,0,25,,207618,12,,,0,17,,207619,12,,,0,60,,207620,12,,,0,22,,207621,12,,,0,21,,207622,12,,,0,64,,207649,12,,,0,16,,207627,12,,,0,14,,207628,12,,,0,55,,207629,12,,,0,16,,207644,12,,,0,30,,207631,12,,,0,71,,207642,12,,,0,28,,207632,12,,,0,69,,207640,12,,,0,30,,207633,12,,,0,69,,207639,12,,,0,30,,207634,12,,,0,69,,207635,12,,,0,32,,207636,12,,,0,65,,207637,12,,,0,36,,207638,12,,,0
667700,'201',1609,,207603,12,,,0
667700,'3',818,,207650,12,,,0,30,,207651,12,,,0,70,,207652,12,,,0,29,,207653,12,,,0,70,,207654,12,,,0,30,,207655,12,,,0,69,,207656,12,,,0,32,,207657,12,,,0,69,,207658,12,,,0,31,,207659,12,,,0,70,,207660,12,,,0,31,,207661,12,,,0,72,,207662,12,,,0,31,,207687,12,,,0,53,,207663,12,,,0,28,,207664,12,,,0,15,,207665,12,,,0,57,,207686,12,,,0,30,,207666,12,,,0,17,,207667,12,,,0,56,,207685,12,,,0,29,,207668,12,,,0,13,,207669,12,,,0,59,,207684,12,,,0,28,,207670,12,,,0,14,,207671,12,,,0,60,,207683,12,,,0,23,,207672,12,,,0,15,,207681,12,,,0,59,,207682,12,,,0,25,,207673,12,,,0,17,,207674,12,,,0,66,,207675,12,,,0,30,,207680,12,,,0,72,,207676,12,,,0,30,,207679,12,,,0,70,,207677,12,,,0,34,,207678,12,,,0
667800,'1',539,,207824,12,,,0,15,,207825,12,,,0,74,,207826,12,,,0,22,,207827,12,,,0,56,,207828,12,,,0,13,,207829,12,,,0,15,,207830,12,,,0,13,,207831,12,,,0,57,,207832,12,,,0,33,,207833,12,,,0,67,,207834,12,,,0,30,,207835,12,,,0,74,,207836,12,,,0,25,,207837,12,,,0,70,,207838,12,,,0,30,,207839,12,,,0,70,,207840,12,,,0,29,,207841,12,,,0,70,,207842,12,,,0,28,,207843,12,,,0,27,,207844,12,,,0,76,,207845,12,,,0,69,,207846,12,,,0,20,,207847,12,,,0,22,,207848,12,,,0,59,,207849,12,,,0,14,,207850,12,,,0,17,,207851,12,,,0,15,,207852,12,,,0,57,,207853,12,,,0,13,,207854,12,,,0,17,,207855,12,,,0,11,,207856,12,,,0,62,,207857,12,,,0,10,,207858,12,,,0,10,,207859,12,,,0,9,,207860,12,,,0,10,,207861,12,,,0,60,,207862,12,,,0,13,,207863,12,,,0,30,,207864,12,,,0,71,,207865,12,,,0,30,,207866,12,,,0,78,,207867,12,,,0,70,,207868,12,,,0,57,,207869,12,,,0,99,,207870,12,,,0,100,,207871,12,,,0
667800,'2',606,,207872,6,,,0,24,,207873,12,,,0,70,,207874,12,,,0,30,,207875,12,,,0,72,,207876,12,,,0,31,,207877,12,,,0,70,,207878,12,,,0,30,,207879,12,,,0,70,,207880,12,,,0,29,,207881,12,,,0,70,,207882,12,,,0,30,,207883,12,,,0,70,,207884,12,,,0,31,,207885,12,,,0,71,,207886,12,,,0,28,,207887,12,,,0,74,,207888,12,,,0,26,,207889,12,,,0,69,,207890,12,,,0,30,,207891,12,,,0,70,,207892,12,,,0,33,,207893,12,,,0,69,,207894,12,,,0,30,,207895,12,,,0,70,,207908,12,,,0,30,,207896,12,,,0,70,,207897,12,,,0,30,,207898,12,,,0,69,,207899,12,,,0,30,,207900,12,,,0,70,,207901,12,,,0,28,,207902,12,,,0,17,,207903,12,,,0,70,,207904,12,,,0,30,,207905,12,,,0,100,,207906,12,,,0,100,,207907,12,,,0
667800,'3',800,,207909,6,,,0,29,,207910,12,,,0,72,,207911,12,,,0,29,,207912,12,,,0,29,,207913,12,,,0,63,,207914,12,,,0,30,,207915,12,,,0,71,,207916,12,,,0,77,,207917,12,,,0,33,,207918,12,,,0,71,,207919,12,,,0,29,,207920,12,,,0,69,,207921,12,,,0,31,,207922,12,,,0,70,,207923,12,,,0,30,,207924,12,,,0,71,,207925,12,,,0,30,,207926,12,,,0,70,,207927,12,,,0,30,,207928,12,,,0,70,,207929,12,,,0,29,,207930,12,,,0,71,,207931,12,,,0,29,,207932,12,,,0,70,,207933,12,,,0,30,,207934,12,,,0,25,,207935,12,,,0,92,,207936,12,,,0,95,,207937,12,,,0,105,,207938,12,,,0,95,,207939,12,,,0
667901,'1',543,,208148,23,,,0,65,,208149,23,,,0,28,,208150,23,,,0,68,,208151,23,,,0,28,,208152,23,,,0,78,,208153,23,,,0,31,,208154,23,,,0,73,,208155,23,,,0,24,,208156,23,,,0,70,,208157,23,,,0,33,,208158,23,,,0,71,,208159,23,,,0,33,,208160,23,,,0,68,,208161,23,,,0,30,,208162,23,,,0,70,,208163,23,,,0,30,,208164,23,,,0,70,,208165,23,,,0,30,,208166,23,,,0,73,,208167,23,,,0,31,,208168,23,,,0,67,,208169,23,,,0,32,,208170,23,,,0,68,,208171,23,,,0,31,,208172,23,,,0,67,,208173,23,,,0,27,,208174,23,,,0,78,,208175,23,,,0,27,,208176,23,,,0,64,,208177,23,,,0,32,,208178,23,,,0,69,,208179,23,,,0,29,,208180,23,,,0,71,,208181,23,,,0
667901,'2',632,,208182,23,,,0,72,,208183,23,,,0,29,,208184,23,,,0,23,,208185,23,,,0,79,,208186,23,,,0,70,,208187,23,,,0,31,,208188,23,,,0,73,,208189,23,,,0,30,,208190,23,,,0,71,,208191,23,,,0,31,,208192,23,,,0,70,,208193,23,,,0,31,,208194,23,,,0,71,,208195,23,,,0,30,,208196,23,,,0,70,,208197,23,,,0,30,,208198,23,,,0,69,,208199,23,,,0,30,,208200,23,,,0,69,,208201,23,,,0,30,,208202,23,,,0,73,,208203,23,,,0,22,,208204,23,,,0,73,,208205,23,,,0,31,,208206,23,,,0,69,,208207,23,,,0,29,,208208,23,,,0,69,,208209,23,,,0,31,,208210,23,,,0,71,,208211,23,,,0,29,,208212,23,,,0,70,,208213,23,,,0
667901,'3',737,,208214,23,,,0,70,,208215,23,,,0,30,,208216,23,,,0,71,,208217,23,,,0,30,,208218,23,,,0,71,,208219,23,,,0,29,,208220,23,,,0,72,,208221,23,,,0,33,,208222,23,,,0,66,,208223,23,,,0,30,,208224,23,,,0,77,,208225,23,,,0,25,,208226,23,,,0,70,,208227,23,,,0,30,,208228,23,,,0,71,,208229,23,,,0,30,,208230,23,,,0,70,,208231,23,,,0,31,,208232,23,,,0,70,,208233,23,,,0,31,,208234,23,,,0,69,,208235,23,,,0,29,,208236,23,,,0,69,,208237,23,,,0,30,,208238,23,,,0,68,,208239,23,,,0,30,,208240,23,,,0,70,,208241,23,,,0,30,,208242,23,,,0,68,,208243,23,,,0
668300,'1',627,,208991,6,,,0,9,,208992,6,,,0,17,,208993,6,,,0,56,,208994,6,,,0,31,,208995,6,,,0,871,,208996,28,,,0,19,,208997,28,,,0,16,,208998,28,,,0,10,,208999,28,,,0,59,,209000,28,,,0,28,,209001,28,,,0,67,,209002,28,,,0,13,,209003,28,,,0,11,,209004,28,,,0,12,,209005,28,,,0,66,,209006,28,,,0,24,,209007,28,,,0,65,,209008,28,,,0
683700,'1',2536,,225098,39,,,0,20,,225099,39,,,0,60,,225100,39,,,0,29,,225101,39,,,0,74,,225102,39,,,0,19,,225103,39,,,0,68,,225104,39,,,0
683700,'1101',2656,,225096,39,,,0
683700,'1201',2656,,225097,39,,,0
683700,'2',523,,225113,13,,,0,2019,,225107,39,,,0,63,,225112,39,,,0,14,,225106,39,,,0,19,,225111,39,,,0,20,,225108,39,,,0,70,,225110,39,,,0,12,,225109,39,,,0,74,,225105,39,,,0
683700,'3',553,,225114,13,,,0,74,,225115,13,,,0,31,,225116,13,,,0,69,,225117,33,,,0,1687,,225120,39,,,0,31,,225121,39,,,0,70,,225122,39,,,0,37,,225123,39,,,0,71,,225124,39,,,0,24,,225125,39,,,0,88,,225126,39,,,0,65,,225127,39,,,0
