672201,'1',453,,216319,30,,,0,60,,216320,30,,,0,18,,216321,30,,,0,72,,216323,30,,,0,16,,216324,30,,,0,16,,216325,30,,,0,15,,216326,30,,,0,54,,216327,30,,,0,19,,216328,30,,,0,16,,216329,30,,,0,16,,216330,30,,,0,55,,216331,30,,,0,16,,216332,30,,,0,14,,216333,30,,,0,17,,216334,30,,,0,56,,216335,30,,,0,13,,216336,30,,,0,15,,216337,30,,,0,14,,216338,30,,,0,55,,216339,30,,,0,15,,216340,30,,,0,15,,216341,30,,,0,17,,216342,30,,,0,54,,216343,30,,,0,15,,216344,30,,,0,15,,216345,30,,,0,15,,216346,30,,,0,55,,216347,30,,,0,15,,216348,30,,,0,15,,216349,30,,,0,15,,216350,30,,,0,55,,216351,30,,,0,15,,216352,30,,,0,15,,216353,30,,,0,15,,216354,30,,,0,55,,216355,30,,,0,19,,216356,30,,,0,13,,216357,30,,,0,16,,216358,30,,,0,55,,216359,30,,,0,14,,216360,30,,,0,18,,216361,30,,,0,55,,216362,30,,,0,15,,216363,30,,,0,16,,216364,30,,,0,15,,216365,30,,,0,55,,216366,30,,,0,15,,216367,30,,,0,15,,216368,30,,,0,15,,216369,30,,,0,55,,216370,30,,,0,15,,216371,30,,,0,16,,216372,30,,,0,15,,216373,30,,,0,54,,216374,30,,,0,15,,216375,30,,,0,13,,216376,30,,,0,15,,216377,30,,,0,69,,216379,30,,,0,33,,216381,30,,,0,70,,216382,30,,,0,32,,216383,30,,,0,70,,216384,30,,,0,28,,216385,30,,,0,71,,216386,30,,,0,97,,216388,30,,,0,195,,216390,30,,,0
672201,'2',555,,216422,30,,,0,70,,216421,30,,,0,31,,216409,30,,,0,70,,216419,30,,,0,21,,216455,30,,,0,62,,216397,30,,,0,17,,216404,30,,,0,17,,216434,30,,,0,16,,216454,30,,,0,55,,216398,30,,,0,14,,216420,30,,,0,15,,216423,30,,,0,16,,216453,30,,,0,55,,216430,30,,,0,15,,216431,30,,,0,15,,216432,30,,,0,15,,216452,30,,,0,55,,216429,30,,,0,16,,216428,30,,,0,15,,216417,30,,,0,55,,216451,30,,,0,16,,216414,30,,,0,16,,216412,30,,,0,15,,216413,30,,,0,54,,216450,30,,,0,15,,216438,30,,,0,15,,216392,30,,,0,14,,216402,30,,,0,55,,216449,30,,,0,15,,216406,30,,,0,15,,216401,30,,,0,15,,216408,30,,,0,55,,216448,30,,,0,15,,216416,30,,,0,15,,216433,30,,,0,14,,216436,30,,,0,15,,216447,30,,,0,55,,216437,30,,,0,15,,216439,30,,,0,15,,216440,30,,,0,14,,216446,30,,,0,55,,216441,30,,,0,15,,216415,30,,,0,14,,216435,30,,,0,14,,216445,30,,,0,55,,216418,30,,,0,16,,216427,30,,,0,15,,216395,30,,,0,75,,216396,30,,,0,20,,216407,30,,,0,20,,216443,30,,,0,62,,216410,30,,,0,20,,216403,30,,,0,61,,216442,30,,,0,21,,216405,30,,,0,19,,216399,30,,,0,72,,216400,30,,,0,31,,216394,30,,,0,68,,216424,30,,,0,97,,216425,30,,,0,98,,216426,30,,,0,101,,216393,30,,,0
672201,'3',600,,216479,30,,,0,30,,216480,30,,,0,70,,216484,30,,,0,31,,216478,30,,,0,70,,216483,30,,,0,32,,216481,30,,,0,22,,216456,30,,,0,59,,216492,30,,,0,21,,216482,30,,,0,20,,216457,30,,,0,60,,216491,30,,,0,20,,216499,30,,,0,21,,216458,30,,,0,60,,216497,30,,,0,21,,216505,30,,,0,63,,216459,30,,,0,20,,216495,30,,,0,20,,216494,30,,,0,60,,216460,30,,,0,20,,216493,30,,,0,21,,216507,30,,,0,60,,216461,30,,,0,20,,216477,30,,,0,22,,216470,30,,,0,58,,216462,30,,,0,20,,216471,30,,,0,20,,216488,30,,,0,60,,216463,30,,,0,20,,216472,30,,,0,20,,216490,30,,,0,60,,216464,30,,,0,20,,216487,30,,,0,20,,216474,30,,,0,60,,216465,30,,,0,20,,216489,30,,,0,19,,216498,30,,,0,60,,216466,30,,,0,20,,216469,30,,,0,20,,216506,30,,,0,60,,216467,30,,,0,20,,216486,30,,,0,19,,216475,30,,,0,80,,216473,30,,,0,28,,216476,30,,,0,70,,216503,30,,,0,29,,216500,30,,,0,71,,216504,30,,,0,99,,216485,30,,,0,98,,216502,30,,,0,99,,216501,30,,,0
672301,'1',549,,216635,36,,,0,72,,216636,36,,,0,14,,216637,36,,,0,15,,216638,36,,,0,57,,216639,36,,,0,14,,216640,36,,,0,15,,216641,36,,,0,17,,216642,36,,,0,56,,216643,36,,,0,15,,216644,36,,,0,16,,216645,36,,,0,15,,216646,36,,,0,55,,216647,36,,,0,15,,216648,36,,,0,15,,216649,36,,,0,15,,216650,36,,,0,59,,216651,36,,,0,23,,216652,36,,,0,67,,216653,36,,,0,29,,216654,36,,,0,71,,216655,36,,,0,30,,216656,36,,,0,70,,216657,36,,,0,30,,216658,36,,,0,66,,216659,36,,,0,31,,216660,36,,,0,21,,216661,36,,,0,62,,216662,36,,,0,19,,216663,36,,,0,21,,216664,36,,,0,55,,216665,36,,,0,13,,216666,36,,,0,15,,216667,36,,,0,15,,216668,36,,,0,55,,216669,36,,,0,16,,216670,36,,,0,15,,216671,36,,,0,15,,216672,36,,,0,54,,216673,36,,,0,14,,216674,36,,,0,13,,216675,36,,,0,70,,216677,36,,,0,15,,216678,36,,,0,13,,216679,36,,,0,15,,216680,36,,,0,58,,216689,36,,,0,31,,216681,36,,,0,70,,216688,36,,,0,29,,216682,36,,,0,70,,216687,36,,,0,32,,216683,36,,,0,110,,216684,36,,,0,108,,216685,36,,,0,152,,216686,36,,,0
672301,'2',621,,216708,36,,,0,215,,216696,36,,,0,1002,,216720,36,,,0,70,,216716,36,,,0,30,,216690,36,,,0,319,,216705,36,,,0,96,,216721,36,,,0
672301,'3',711,,216748,36,,,0,100,,216749,36,,,0,29,,216750,36,,,0,68,,216747,36,,,0,31,,216746,36,,,0,70,,216755,36,,,0,33,,216745,36,,,0,802,,216736,36,,,0,70,,216737,36,,,0,30,,216738,36,,,0,70,,216740,36,,,0,30,,216741,36,,,0,69,,216734,36,,,0,30,,216733,36,,,0,70,,216753,36,,,0,29,,216725,36,,,0,70,,216724,36,,,0,29,,216754,36,,,0,95,,216756,36,,,0
672701,'1',715,,217652,60,,,0,837,,217653,62,,,0,301,,217669,60,,,0,48,,217670,60,,,0,47,,217672,56,,,0,167,,217676,56,,,0,134,,217679,56,,,0
672701,'2',736,,217728,56,,,0,172,,217731,56,,,0,31,,217708,56,,,0,70,,217710,56,,,0,31,,217699,56,,,0,73,,217719,56,,,0,32,,217730,56,,,0,69,,217721,56,,,0,30,,217722,56,,,0,71,,217723,56,,,0,30,,217724,56,,,0,70,,217732,56,,,0,31,,217727,56,,,0,70,,217701,56,,,0,33,,217702,56,,,0,68,,217715,56,,,0,31,,217713,56,,,0,68,,217714,56,,,0,32,,217716,56,,,0,67,,217717,56,,,0,201,,217698,56,,,0,30,,217705,56,,,0,70,,217700,56,,,0,25,,217712,56,,,0,70,,217706,56,,,0,221,,217725,56,,,0
672701,'3',1104,,217753,56,,,0,33,,217750,56,,,0,72,,217736,56,,,0,26,,217746,56,,,0,69,,217745,56,,,0,32,,217748,56,,,0,70,,217747,56,,,0,29,,217733,56,,,0,69,,217749,56,,,0,32,,217751,56,,,0,69,,217740,56,,,0,32,,217739,56,,,0,71,,217752,56,,,0,30,,217755,56,,,0,73,,217743,56,,,0
682801,'1',913,,224842,40,,,0,40,,224843,40,,,0,80,,224840,40,,,0,78,,224841,40,,,0,40,,224839,40,,,0,80,,224827,40,,,0,80,,224844,40,,,0,42,,224838,40,,,0,80,,224837,40,,,0,80,,224836,40,,,0,42,,224835,40,,,0,82,,224834,40,,,0,77,,224833,40,,,0,39,,224832,40,,,0,76,,224831,40,,,0,80,,224830,40,,,0,39,,224829,40,,,0,82,,224828,40,,,0
682801,'101',1535,,224822,29,0,32,0
682801,'1101',2100,,224823,40,,,0
682801,'1201',2100,,224826,40,,,0,106,,224825,40,,,0,106,,224824,40,,,0
682801,'2',942,,224856,40,,,0,81,,224855,40,,,0,80,,224854,40,,,0,42,,224853,40,,,0,79,,224852,40,,,0,80,,224851,40,,,0,40,,224850,40,,,0,80,,224849,40,,,0,80,,224848,40,,,0,40,,224847,40,,,0,79,,224846,40,,,0,80,,224845,40,,,0,39,,224864,40,,,0,80,,224863,40,,,0,80,,224862,40,,,0,31,,224861,40,,,0,104,,224860,40,,,0,107,,224859,40,,,0,107,,224858,40,,,0,104,,224857,40,,,0
682801,'3',1138,,224865,40,,,0,80,,224877,40,,,0,41,,224876,40,,,0,80,,224875,40,,,0,80,,224874,40,,,0,37,,224873,40,,,0,82,,224872,40,,,0,80,,224871,40,,,0,40,,224870,40,,,0,80,,224869,40,,,0,80,,224868,40,,,0,40,,224867,40,,,0,80,,224866,40,,,0
