674900,'101_merged_15727747',711,,220434,7,0,62 63 64,0
674900,'1_merged_15727750',525,,220499,7,0,62 63 129,0,11,,220500,7,0,62 63 129,0,19,,220501,7,0,62 63 129,0,57,,220502,7,0,62 63 129,0,15,,220503,7,0,62 63 129,0,16,,220504,7,0,62 63 129,0,16,,220505,7,0,62 63 129,0,70,,220506,7,0,62 63 129,0,13,,220507,7,0,58 59,0,15,,220508,7,0,58 59,0,54,,220445,7,0,62 63 129,0,16,,220490,7,0,58 59,0,21,,220491,7,0,62 63 129,0,11,,220492,7,0,58 59,0,55,,220493,7,0,62 63 129,0,8,,220494,7,0,60 61 8,0,9,,220495,7,0,58 59,0,9,,220496,7,0,62 63 129,0,15,,220497,7,0,58 59,0,55,,220498,7,0,62 63 129,0,15,,220446,7,0,58 59,0,15,,220471,7,0,62 63 129,0,15,,220472,7,0,58 59,0,57,,220473,7,0,62 63 129,0,15,,220474,7,0,58 59,0,15,,220475,7,0,62 63 129,0,15,,220476,7,0,58 59,0,55,,220477,7,0,62 63 129,0,12,,220478,7,0,58 59,0,17,,220479,7,0,62 63 129,0,14,,220480,7,0,58 59,0,55,,220481,7,0,62 63 129,0,17,,220482,7,0,58 59,0,13,,220483,7,0,62 63 129,0,17,,220484,7,0,60 61 8,0,76,,220485,7,0,62 63 129,0,17,,220486,7,0,62 63 129,0,55,,220487,7,0,62 63 129,0,15,,220488,7,0,62 63 129,0,17,,220489,7,0,62 63 129,0,14,,220437,7,0,62 63 129,0,54,,220443,7,0,62 63 129,0,23,,220465,7,0,62 63 129,0,7,,220447,7,0,62 63 129,0,23,,220436,7,0,62 63 129,0,47,,220466,7,0,62 63 129,0,23,,220467,7,0,62 63 129,0,5,,220468,7,0,62 63 129,0,15,,220469,7,0,62 63 129,0,61,,220470,7,0,62 63 129,0,10,,220444,7,0,62 63 129,0,17,,220438,7,0,62 63 129,0,10,,220448,7,0,62 63 129,0,55,,220449,7,0,62 63 129,0,15,,220460,7,0,62 63 129,0,16,,220461,7,0,62 63 129,0,13,,220462,7,0,62 63 129,0,13,,220463,7,0,60 61 8,0,57,,220464,7,0,62 63 129,0,15,,220442,7,0,62 63 129,0,14,,220439,7,0,62 63 129,0,56,,220452,7,0,60 61 8,0,14,,220453,7,0,62 63 129,0,30,,220454,7,0,62 63 129,0,70,,220455,7,0,62 63 129,0,30,,220440,7,0,62 63 129,0,70,,220457,7,0,62 63 129,0,30,,220451,7,0,62 63 129,0,69,,220456,7,0,62 63 129,0,30,,220441,7,0,62 63 129,0,70,,220459,7,0,58 59,0,29,,220450,7,0,58 59,0,70,,220458,7,0,58 59,0
674900,'201_merged_15727755',711,,220509,7,0,62 63 129,0
674900,'2_merged_15727752',611,,220512,7,0,62 63 129,0,32,,220513,7,0,62 63 129,0,67,,220514,7,0,62 63 129,0,15,,220515,7,0,62 63 129,0,15,,220516,7,0,58 59,0,15,,220517,7,0,62 63 129,0,50,,220518,7,0,58 59,0,15,,220519,7,0,62 63 129,0,15,,220520,7,0,58 59,0,15,,220521,7,0,62 63 129,0,55,,220522,7,0,58 59,0,16,,220523,7,0,62 63 129,0,15,,220524,7,0,58 59,0,16,,220525,7,0,62 63 129,0,55,,220526,7,0,58 59,0,15,,220527,7,0,62 63 129,0,15,,220528,7,0,58 59,0,15,,220529,7,0,62 63 129,0,55,,220530,7,0,58 59,0,15,,220531,7,0,62 63 129,0,16,,220532,7,0,58 59,0,15,,220533,7,0,62 63 129,0,57,,220534,7,0,58 59,0,15,,220535,7,0,62 63 129,0,12,,220536,7,0,58 59,0,15,,220537,7,0,62 63 129,0,55,,220538,7,0,58 59,0,17,,220539,7,0,62 63 129,0,15,,220540,7,0,58 59,0,15,,220541,7,0,62 63 129,0,55,,220542,7,0,58 59,0,15,,220543,7,0,62 63 129,0,15,,220544,7,0,58 59,0,16,,220545,7,0,62 63 129,0,54,,220546,7,0,58 59,0,16,,220547,7,0,62 63 129,0,15,,220548,7,0,58 59,0,15,,220549,7,0,62 63 129,0,52,,220550,7,0,58 59,0,15,,220551,7,0,62 63 129,0,15,,220552,7,0,58 59,0,15,,220553,7,0,62 63 129,0,55,,220554,7,0,58 59,0,15,,220555,7,0,62 63 129,0,15,,220556,7,0,58 59,0,15,,220557,7,0,62 63 129,0,55,,220558,7,0,58 59,0,14,,220559,7,0,62 63 129,0,15,,220560,7,0,62 63 129,0,15,,220561,7,0,62 63 129,0,60,,220562,7,0,62 63 129,0,20,,220563,7,0,62 63 129,0,18,,220564,7,0,62 63 129,0,62,,220565,7,0,62 63 129,0,20,,220566,7,0,62 63 129,0,19,,220567,7,0,62 63 129,0,66,,220568,7,0,62 63 129,0,30,,220569,7,0,62 63 129,0,69,,220570,7,0,62 63 129,0,30,,220571,7,0,62 63 129,0,69,,220572,7,0,62 63 129,0,30,,220573,7,0,62 63 129,0,70,,220574,7,0,62 63 129,0,30,,220575,7,0,62 63 129,0,69,,220576,7,0,58 59,0,35,,220510,7,0,58 59,0,65,,220511,7,0,58 59,0
674900,'3_merged_15727751',618,,220606,7,0,62 63 129,0,32,,220605,7,0,62 63 129,0,63,,220611,7,0,62 63 129,0,31,,220610,7,0,62 63 129,0,15,,220622,7,0,58 59,0,55,,220621,7,0,62 63 129,0,15,,220620,7,0,58 59,0,14,,220619,7,0,62 63 129,0,16,,220618,7,0,58 59,0,56,,220617,7,0,62 63 129,0,15,,220641,7,0,58 59,0,15,,220640,7,0,62 63 129,0,55,,220616,7,0,58 59,0,16,,220615,7,0,62 63 129,0,15,,220614,7,0,58 59,0,15,,220613,7,0,62 63 129,0,10,,220612,7,0,58 59,0,54,,220609,7,0,62 63 129,0,16,,220608,7,0,58 59,0,15,,220607,7,0,62 63 129,0,13,,220633,7,0,58 59,0,57,,220581,7,0,62 63 129,0,15,,220580,7,0,58 59,0,15,,220579,7,0,62 63 129,0,14,,220578,7,0,58 59,0,58,,220577,7,0,62 63 129,0,15,,220639,7,0,58 59,0,9,,220638,7,0,62 63 129,0,21,,220637,7,0,58 59,0,55,,220636,7,0,62 63 129,0,15,,220635,7,0,58 59,0,15,,220634,7,0,62 63 129,0,15,,220632,7,0,58 59,0,54,,220631,7,0,62 63 129,0,14,,220630,7,0,58 59,0,16,,220629,7,0,62 63 129,0,5,,220628,7,0,58 59,0,64,,220627,7,0,62 63 129,0,15,,220626,7,0,58 59,0,15,,220625,7,0,62 63 129,0,13,,220624,7,0,58 59,0,56,,220623,7,0,62 63 129,0,15,,220594,7,0,58 59,0,15,,220604,7,0,62 63 129,0,15,,220603,7,0,58 59,0,60,,220602,7,0,62 63 129,0,15,,220601,7,0,58 59,0,15,,220600,7,0,62 63 129,0,55,,220599,7,0,58 59,0,15,,220598,7,0,62 63 129,0,15,,220597,7,0,58 59,0,14,,220596,7,0,62 63 129,0,15,,220595,7,0,58 59,0,55,,220593,7,0,62 63 129,0,15,,220592,7,0,58 59,0,11,,220591,7,0,62 63 129,0,60,,220590,7,0,62 63 129,0,20,,220589,7,0,62 63 129,0,31,,220588,7,0,62 63 129,0,71,,220587,7,0,62 63 129,0,30,,220586,7,0,62 63 129,0,70,,220585,7,0,62 63 129,0,30,,220584,7,0,62 63 129,0,71,,220583,7,0,62 63 129,0,101,,220582,7,0,58 59,0
674900,'801_merged_15727766',1413,,220643,7,0,62 63 129,0
3003700,'101_merged_15727747',831,,230655,7,,,0,596,,230653,7,,,0,20,,230652,7,,,0,82,,230654,7,,,0
3003700,'1_merged_15727750',505,,230689,7,,,0,31,,230690,7,,,0,21,,230665,7,,,0,49,,230691,7,,,0,19,,230664,7,,,0,6,,230692,7,,,0,24,,230663,7,,,0,45,,230693,7,,,0,18,,230658,7,,,0,14,,230694,7,,,0,15,,230656,7,,,0,54,,230695,7,,,0,20,,230696,7,,,0,30,,230697,7,,,0,65,,230698,7,,,0,35,,230699,7,,,0,69,,230666,7,,,0,31,,230667,7,,,0,70,,230668,7,,,0,30,,230669,7,,,0,70,,230670,7,,,0,30,,230671,7,,,0,71,,230672,7,,,0,29,,230673,7,,,0,70,,230674,7,,,0,28,,230675,7,,,0,73,,230676,7,,,0,27,,230677,7,,,0,65,,230685,7,,,0,25,,230678,7,,,0,5,,230662,7,,,0,65,,230679,7,,,0,5,,230661,7,,,0,23,,230680,7,,,0,6,,230660,7,,,0,58,,230657,7,,,0,21,,230659,7,,,0,24,,230681,7,,,0,65,,230682,7,,,0,100,,230683,7,,,0,99,,230684,7,,,0,99,,230686,7,,,0,100,,230687,7,,,0,98,,230688,7,,,0
3003700,'2_merged_15727752',719,,230704,7,,,0,30,,230720,7,,,0,70,,230705,7,,,0,30,,230721,7,,,0,72,,230706,7,,,0,30,,230722,7,,,0,70,,230707,7,,,0,30,,230723,7,,,0,70,,230708,7,,,0,30,,230724,7,,,0,70,,230702,7,,,0,30,,230725,7,,,0,72,,230703,7,,,0,30,,230726,7,,,0,70,,230709,7,,,0,30,,230727,7,,,0,70,,230710,7,,,0,30,,230700,7,,,0,70,,230711,7,,,0,30,,230701,7,,,0,68,,230712,7,,,0,30,,230728,7,,,0,69,,230713,7,,,0,25,,230729,7,,,0,65,,230714,7,,,0,100,,230715,7,,,0,99,,230716,7,,,0,100,,230717,7,,,0,100,,230718,7,,,0,100,,230719,7,,,0
3003700,'3_merged_15727751',710,,230738,7,,,0,100,,230739,7,,,0,100,,230740,7,,,0,100,,230741,7,,,0,100,,230742,7,,,0,31,,230748,7,,,0,70,,230743,7,,,0,30,,230749,7,,,0,70,,230744,7,,,0,30,,230750,7,,,0,70,,230745,7,,,0,30,,230751,7,,,0,70,,230746,7,,,0,30,,230752,7,,,0,70,,230747,7,,,0,30,,230753,7,,,0,70,,230730,7,,,0,30,,230754,7,,,0,70,,230731,7,,,0,100,,230732,7,,,0,98,,230733,7,,,0,100,,230734,7,,,0,100,,230735,7,,,0,99,,230736,7,,,0,100,,230737,7,,,0
3780900,'1_merged_15727750',511,,239299,4,,,0,10,,239300,4,,,0,10,,239301,4,,,0,10,,239302,4,,,0,10,,239303,4,,,0,50,,239304,4,,,0,11,,239305,4,,,0,9,,239306,4,,,0,10,,239307,4,,,0,11,,239308,4,,,0,10,,239309,4,,,0,50,,239310,4,,,0,10,,239311,4,,,0,10,,239312,4,,,0,10,,239313,4,,,0,11,,239314,4,,,0,10,,239315,4,,,0,50,,239316,4,,,0,10,,239317,4,,,0,10,,239318,4,,,0,10,,239319,4,,,0,10,,239320,4,,,0,10,,239321,4,,,0,50,,239322,4,,,0,10,,239323,4,,,0,19,,239324,4,,,0,11,,239325,4,,,0,15,,239326,4,,,0,55,,239327,4,,,0,15,,239328,4,,,0,15,,239329,4,,,0,15,,239330,4,,,0,55,,239331,4,,,0,15,,239332,4,,,0,15,,239333,4,,,0,15,,239334,4,,,0,55,,239335,4,,,0,15,,239336,4,,,0,15,,239337,4,,,0,15,,239338,4,,,0,55,,239339,4,,,0,15,,239340,4,,,0,16,,239341,4,,,0,15,,239342,4,,,0,56,,239343,4,,,0,12,,239344,4,,,0,15,,239345,4,,,0,14,,239346,4,,,0,56,,239347,4,,,0,12,,239348,4,,,0,11,,239349,4,,,0,10,,239350,4,,,0,11,,239351,4,,,0,50,,239352,4,,,0,8,,239353,4,,,0,12,,239354,4,,,0,8,,239355,4,,,0,12,,239356,4,,,0,10,,239357,4,,,0,49,,239358,4,,,0,10,,239359,4,,,0,10,,239360,4,,,0,10,,239361,4,,,0,8,,239362,4,,,0,58,,239363,4,,,0,2,,239364,4,,,0,10,,239365,4,,,0,15,,239366,4,,,0,15,,239367,4,,,0,15,,239368,4,,,0,55,,239369,4,,,0,15,,239370,4,,,0,15,,239371,4,,,0,15,,239372,4,,,0,54,,239373,4,,,0,15,,239374,4,,,0,15,,239375,4,,,0,15,,239376,4,,,0,54,,239377,4,,,0,15,,239378,4,,,0,15,,239379,4,,,0,15,,239380,4,,,0,55,,239381,4,,,0,15,,239382,4,,,0,15,,239383,4,,,0,15,,239384,4,,,0,54,,239385,4,,,0,15,,239386,4,,,0,15,,239387,4,,,0,15,,239388,4,,,0,55,,239389,4,,,0
3780900,'2_merged_15727752',505,,239390,4,,,0,15,,239391,4,,,0,15,,239392,4,,,0,15,,239393,4,,,0,55,,239394,4,,,0,15,,239395,4,,,0,15,,239396,4,,,0,16,,239397,4,,,0,55,,239398,4,,,0,15,,239399,4,,,0,15,,239400,4,,,0,15,,239401,4,,,0,55,,239402,4,,,0,16,,239403,4,,,0,15,,239404,4,,,0,15,,239405,4,,,0,55,,239406,4,,,0,15,,239407,4,,,0,14,,239408,4,,,0,15,,239409,4,,,0,57,,239410,4,,,0,15,,239411,4,,,0,15,,239412,4,,,0,15,,239413,4,,,0,55,,239414,4,,,0,15,,239415,4,,,0,16,,239416,4,,,0,15,,239417,4,,,0,55,,239418,4,,,0,15,,239419,4,,,0,15,,239420,4,,,0,15,,239421,4,,,0,55,,239422,4,,,0,15,,239423,4,,,0,15,,239424,4,,,0,15,,239425,4,,,0,55,,239426,4,,,0,15,,239427,4,,,0,15,,239428,4,,,0,15,,239429,4,,,0,55,,239430,4,,,0,15,,239431,4,,,0,15,,239432,4,,,0,15,,239433,4,,,0,55,,239434,4,,,0,15,,239435,4,,,0,15,,239436,4,,,0,15,,239437,4,,,0,55,,239438,4,,,0,15,,239439,4,,,0,15,,239440,4,,,0,14,,239441,4,,,0,55,,239442,4,,,0,15,,239443,4,,,0,15,,239444,4,,,0,15,,239445,4,,,0,54,,239446,4,,,0,15,,239447,4,,,0,15,,239448,4,,,0,15,,239449,4,,,0,54,,239450,4,,,0,15,,239451,4,,,0,15,,239452,4,,,0,15,,239453,4,,,0,55,,239454,4,,,0,15,,239455,4,,,0,15,,239456,4,,,0,15,,239457,4,,,0,55,,239458,4,,,0,15,,239459,4,,,0,15,,239460,4,,,0,15,,239461,4,,,0,55,,239462,4,,,0,15,,239463,4,,,0,15,,239464,4,,,0,15,,239465,4,,,0,55,,239466,4,,,0
3780900,'3_merged_15727751',505,,239467,4,,,0,15,,239468,4,,,0,15,,239469,4,,,0,15,,239470,4,,,0,55,,239471,4,,,0,15,,239472,4,,,0,15,,239473,4,,,0,15,,239474,4,,,0,55,,239475,4,,,0,15,,239476,4,,,0,16,,239477,4,,,0,15,,239478,4,,,0,55,,239479,4,,,0,15,,239480,4,,,0,15,,239481,4,,,0,15,,239482,4,,,0,56,,239483,4,,,0,15,,239484,4,,,0,15,,239485,4,,,0,15,,239486,4,,,0,55,,239487,4,,,0,15,,239488,4,,,0,16,,239489,4,,,0,15,,239490,4,,,0,55,,239491,4,,,0,15,,239492,4,,,0,15,,239493,4,,,0,15,,239494,4,,,0,55,,239495,4,,,0,15,,239496,4,,,0,15,,239497,4,,,0,15,,239498,4,,,0,55,,239499,4,,,0,15,,239500,4,,,0,15,,239501,4,,,0,15,,239502,4,,,0,55,,239503,4,,,0,15,,239504,4,,,0,15,,239505,4,,,0,15,,239506,4,,,0,55,,239507,4,,,0,15,,239508,4,,,0,15,,239509,4,,,0,15,,239510,4,,,0,55,,239511,4,,,0,15,,239512,4,,,0,15,,239513,4,,,0,15,,239514,4,,,0,55,,239515,4,,,0,15,,239516,4,,,0,15,,239517,4,,,0,14,,239518,4,,,0,55,,239519,4,,,0,15,,239520,4,,,0,15,,239521,4,,,0,15,,239522,4,,,0,55,,239523,4,,,0,15,,239524,4,,,0,15,,239525,4,,,0,15,,239526,4,,,0,50,,239527,4,,,0,14,,239528,4,,,0,15,,239529,4,,,0,15,,239530,4,,,0,55,,239531,4,,,0,15,,239532,4,,,0,15,,239533,4,,,0,15,,239534,4,,,0,55,,239535,4,,,0,15,,239536,4,,,0,15,,239537,4,,,0,15,,239538,4,,,0,55,,239539,4,,,0,15,,239540,4,,,0,15,,239541,4,,,0,20,,239542,4,,,0,54,,239543,4,,,0
