670800,'1',530,,214302,15,,,0,20,,214298,16,,,0,58,,214272,16,,,0,17,,214277,15,,,0,16,,214300,15,,,0,17,,214267,15,,,0,63,,214299,16,,,0,12,,214306,16,,,0,15,,214301,15,,,0,55,,214279,16,,,0,17,,214262,16,,,0,18,,214278,16,,,0,18,,214264,16,,,0,69,,214269,16,,,0,29,,214270,16,,,0,70,,214282,16,,,0,30,,214265,16,,,0,70,,214283,16,,,0,30,,214288,16,,,0,70,,214284,16,,,0,30,,214271,16,,,0,70,,214285,16,,,0,31,,214295,16,,,0,70,,214286,16,,,0,30,,214273,15,,,0,59,,214275,16,,,0,19,,214280,16,,,0,80,,214261,16,,,0,20,,214276,16,,,0,20,,214289,16,,,0,57,,214303,16,,,0,17,,214290,16,,,0,16,,214291,16,,,0,13,,214281,16,,,0,55,,214304,16,,,0,16,,214292,16,,,0,16,,214293,16,,,0,15,,214305,16,,,0,55,,214274,16,,,0,15,,214297,16,,,0,19,,214307,16,,,0,60,,214296,16,,,0,20,,214287,16,,,0,19,,214308,16,,,0,60,,214266,16,,,0,99,,214268,16,,,0,100,,214294,16,,,0,103,,214263,16,,,0
670800,'101',711,,214259,16,,,0,791,,214260,10,,,0,51,,214258,16,,,0
670800,'2',549,,214345,15,,,0,56,,214344,15,,,0,17,,214333,15,,,0,20,,214346,15,,,0,60,,214332,16,,,0,20,,214317,15,,,0,20,,214347,16,,,0,61,,214331,16,,,0,30,,214316,16,,,0,70,,214330,16,,,0,30,,214311,16,,,0,70,,214329,16,,,0,30,,214337,16,,,0,70,,214328,16,,,0,31,,214315,16,,,0,70,,214327,16,,,0,31,,214313,16,,,0,70,,214326,16,,,0,31,,214312,16,,,0,70,,214325,16,,,0,29,,214338,16,,,0,69,,214324,16,,,0,31,,214348,16,,,0,71,,214323,16,,,0,30,,214341,16,,,0,70,,214322,15,,,0,30,,214314,16,,,0,69,,214321,16,,,0,29,,214343,16,,,0,69,,214320,16,,,0,28,,214342,16,,,0,70,,214319,16,,,0,29,,214340,16,,,0,73,,214318,16,,,0,33,,214339,16,,,0,96,,214336,16,,,0,99,,214335,16,,,0,99,,214334,16,,,0
670800,'201',711,,214309,16,,,0,842,,214310,15,,,0
670800,'3',630,,214349,15,,,0,21,,214380,15,,,0,60,,214379,16,,,0,20,,214378,16,,,0,70,,214357,16,,,0,31,,214377,16,,,0,70,,214367,16,,,0,30,,214376,16,,,0,70,,214366,16,,,0,30,,214375,16,,,0,71,,214362,16,,,0,30,,214374,16,,,0,70,,214361,16,,,0,23,,214373,15,,,0,20,,214383,16,,,0,60,,214360,16,,,0,21,,214384,15,,,0,20,,214372,16,,,0,60,,214359,16,,,0,20,,214371,16,,,0,20,,214385,16,,,0,60,,214363,16,,,0,20,,214354,16,,,0,20,,214386,16,,,0,60,,214358,16,,,0,20,,214353,16,,,0,20,,214387,16,,,0,60,,214364,16,,,0,20,,214381,16,,,0,21,,214388,16,,,0,60,,214370,16,,,0,21,,214352,16,,,0,21,,214382,16,,,0,61,,214365,16,,,0,29,,214351,16,,,0,70,,214355,16,,,0,29,,214350,16,,,0,73,,214369,16,,,0,90,,214356,16,,,0,99,,214368,16,,,0,99,,214389,16,,,0
670901,'1',519,,214594,23,,,0,22,,214584,23,,,0,61,,214596,23,,,0,20,,214585,23,,,0,83,,214592,23,,,0,19,,214597,23,,,0,20,,214601,23,,,0,58,,214573,23,,,0,15,,214576,23,,,0,21,,214598,23,,,0,20,,214575,23,,,0,70,,214599,23,,,0,28,,214574,23,,,0,100,,214588,23,,,0,101,,214589,23,,,0,101,,214591,23,,,0,101,,214600,23,,,0,79,,214590,23,,,0,70,,214595,23,,,0,31,,214586,23,,,0,69,,214578,23,,,0,24,,214572,23,,,0,69,,214579,23,,,0,30,,214580,23,,,0,27,,214581,23,,,0,71,,214582,23,,,0,76,,214577,23,,,0,32,,214593,23,,,0,105,,214583,23,,,0,106,,214587,23,,,0
670901,'101',644,,214571,23,,,0
670901,'2',820,,214615,23,,,0,99,,214613,23,,,0,100,,214612,23,,,0,101,,214610,23,,,0,102,,214609,23,,,0,101,,214608,23,,,0,100,,214607,23,,,0,100,,214611,23,,,0,100,,214604,23,,,0,100,,214606,23,,,0,100,,214614,23,,,0,98,,214605,23,,,0,99,,214603,23,,,0,103,,214616,23,,,0
670901,'201',644,,214602,23,,,0
670901,'3',1141,,214618,23,,,0,105,,214623,23,,,0,105,,214624,23,,,0,102,,214620,23,,,0,100,,214619,23,,,0,100,,214621,23,,,0,99,,214617,23,,,0,99,,214627,23,,,0,100,,214622,23,,,0,95,,214626,23,,,0,95,,214625,23,,,0
