674900,'1',556,,220499,41,0,62 63 129,0,51,,220500,41,0,62 63 129,0,19,,220501,41,0,62 63 129,0,17,,220502,41,0,62 63 129,0,15,,220503,41,0,62 63 129,0,59,,220504,41,0,62 63 129,0,15,,220505,41,0,62 63 129,0,75,,220506,41,0,62 63 129,0,41,,220445,41,0,62 63 129,0,77,,220491,41,0,62 63 129,0,24,,220493,41,0,62 63 129,0,64,,220496,41,0,62 63 129,0,33,,220498,41,0,62 63 129,0,71,,220471,41,0,62 63 129,0,30,,220473,41,0,62 63 129,0,72,,220475,41,0,62 63 129,0,30,,220477,41,0,62 63 129,0,69,,220479,41,0,62 63 129,0,31,,220481,41,0,62 63 129,0,70,,220483,41,0,62 63 129,0,101,,220485,41,0,62 63 129,0,16,,220486,41,0,62 63 129,0,15,,220487,41,0,62 63 129,0,53,,220488,41,0,62 63 129,0,17,,220489,41,0,62 63 129,0,14,,220437,41,0,62 63 129,0,14,,220443,41,0,62 63 129,0,63,,220465,41,0,62 63 129,0,8,,220447,41,0,62 63 129,0,21,,220436,41,0,62 63 129,0,7,,220466,41,0,62 63 129,0,60,,220467,41,0,62 63 129,0,3,,220468,41,0,62 63 129,0,15,,220469,41,0,62 63 129,0,21,,220470,41,0,62 63 129,0,9,,220444,41,0,62 63 129,0,55,,220438,41,0,62 63 129,0,10,,220448,41,0,62 63 129,0,15,,220449,41,0,62 63 129,0,14,,220460,41,0,62 63 129,0,56,,220461,41,0,62 63 129,0,12,,220462,41,0,62 63 129,0,28,,220464,41,0,62 63 129,0,55,,220442,41,0,62 63 129,0,13,,220439,41,0,62 63 129,0,31,,220453,41,0,62 63 129,0,70,,220454,41,0,62 63 129,0,30,,220455,41,0,62 63 129,0,70,,220440,41,0,62 63 129,0,28,,220457,41,0,62 63 129,0,70,,220451,41,0,62 63 129,0,25,,220456,41,0,62 63 129,0,70,,220441,41,0,62 63 129,0
674900,'101',744,,220434,41,0,62 63 64,0,68,,220435,22,0,62 63 129,0,4,,220434,61,0,62 63 64,0
674900,'2',641,,220512,41,0,62 63 129,0,71,,220513,41,0,62 63 129,0,26,,220514,41,0,62 63 129,0,15,,220515,41,0,62 63 129,0,70,,220517,41,0,62 63 129,0,26,,220519,41,0,62 63 129,0,73,,220521,41,0,62 63 129,0,31,,220523,41,0,62 63 129,0,74,,220525,41,0,62 63 129,0,29,,220527,41,0,62 63 129,0,70,,220529,41,0,62 63 129,0,32,,220531,41,0,62 63 129,0,72,,220533,41,0,62 63 129,0,72,,220535,41,0,62 63 129,0,27,,220537,41,0,62 63 129,0,72,,220539,41,0,62 63 129,0,30,,220541,41,0,62 63 129,0,70,,220543,41,0,62 63 129,0,32,,220545,41,0,62 63 129,0,71,,220547,41,0,62 63 129,0,30,,220549,41,0,62 63 129,0,66,,220551,41,0,62 63 129,0,29,,220553,41,0,62 63 129,0,29,,220555,41,0,62 63 129,0,70,,220557,41,0,62 63 129,0,27,,220559,41,0,62 63 129,0,55,,220560,41,0,62 63 129,0,15,,220561,41,0,62 63 129,0,20,,220562,41,0,62 63 129,0,60,,220563,41,0,62 63 129,0,18,,220564,41,0,62 63 129,0,21,,220565,41,0,62 63 129,0,60,,220566,41,0,62 63 129,0,19,,220567,41,0,62 63 129,0,25,,220568,41,0,62 63 129,0,70,,220569,41,0,62 63 129,0,26,,220570,41,0,62 63 129,0,70,,220571,41,0,62 63 129,0,28,,220572,41,0,62 63 129,0,70,,220573,41,0,62 63 129,0,29,,220574,41,0,62 63 129,0,70,,220575,41,0,62 63 129,0
674900,'201',744,,220509,41,0,62 63 129,0
674900,'3',646,,220606,41,0,62 63 129,0,72,,220605,41,0,62 63 129,0,23,,220611,41,0,62 63 129,0,70,,220610,41,0,62 63 129,0,31,,220621,41,0,62 63 129,0,69,,220619,41,0,62 63 129,0,37,,220617,41,0,62 63 129,0,72,,220640,41,0,62 63 129,0,31,,220615,41,0,62 63 129,0,70,,220613,41,0,62 63 129,0,24,,220609,41,0,62 63 129,0,71,,220607,41,0,62 63 129,0,30,,220581,41,0,62 63 129,0,70,,220579,41,0,62 63 129,0,32,,220577,41,0,62 63 129,0,64,,220638,41,0,62 63 129,0,35,,220636,41,0,62 63 129,0,70,,220634,41,0,62 63 129,0,33,,220631,41,0,62 63 129,0,70,,220629,41,0,62 63 129,0,26,,220627,41,0,62 63 129,0,70,,220625,41,0,62 63 129,0,28,,220623,41,0,62 63 129,0,70,,220604,41,0,62 63 129,0,34,,220602,41,0,62 63 129,0,70,,220600,41,0,62 63 129,0,29,,220598,41,0,62 63 129,0,68,,220596,41,0,62 63 129,0,30,,220593,41,0,62 63 129,0,66,,220591,41,0,62 63 129,0,20,,220590,41,0,62 63 129,0,19,,220589,41,0,62 63 129,0,71,,220588,41,0,62 63 129,0,31,,220587,41,0,62 63 129,0,70,,220586,41,0,62 63 129,0,28,,220585,41,0,62 63 129,0,69,,220584,41,0,62 63 129,0,30,,220583,41,0,62 63 129,0
674900,'701',1505,,220642,41,0,62 63 121 122 123,0
674900,'801',1500,,220643,41,0,62 63 129,0
680500,'1',658,,222204,7,,,0,200,,222203,7,,,0,200,,222202,7,,,0,201,,222201,7,,,0,270,,222200,7,,,0,175,,222199,7,,,0,196,,222205,7,,,0
680500,'2',858,,222208,7,,,0,200,,222209,7,,,0,200,,222210,7,,,0,200,,222211,7,,,0,198,,222206,7,,,0,202,,222207,7,,,0
3404200,'1',509,,236385,9,,,0,30,,236375,9,,,0,63,,236374,9,,,0,5,,236384,9,,,0,23,,236366,9,,,0,7,,236365,9,,,0,63,,236383,9,,,0,5,,236386,9,,,0,33,,236373,9,,,0,70,,236382,9,,,0,29,,236372,9,,,0,70,,236381,9,,,0,100,,236380,9,,,0,100,,236379,9,,,0,102,,236378,9,,,0,98,,236377,9,,,0,95,,236376,9,,,0,36,,236387,9,,,0,85,,236371,9,,,0,24,,236388,9,,,0,70,,236370,9,,,0,112,,236369,17,,,0,78,,236364,9,,,0,20,,236389,9,,,0,20,,236363,9,,,0,105,,236368,9,,,0,97,,236367,9,,,0
3404200,'101',803,,236359,9,,,0,699,,236361,9,,,0,8,,236360,9,,,0,92,,236362,9,,,0
3404200,'2',811,,236396,9,,,0,100,,236397,9,,,0,101,,236395,9,,,0,100,,236398,9,,,0,100,,236394,9,,,0,100,,236399,9,,,0,100,,236393,9,,,0,100,,236400,9,,,0,101,,236392,9,,,0,99,,236401,9,,,0,100,,236391,9,,,0
3404200,'201',1602,,236390,9,,,0
3404200,'3',806,,236407,9,,,0,100,,236408,9,,,0,100,,236406,9,,,0,100,,236409,9,,,0,100,,236405,9,,,0,101,,236410,9,,,0,100,,236404,9,,,0,100,,236411,9,,,0,100,,236403,9,,,0,100,,236412,9,,,0,100,,236402,9,,,0
