662101,'1',519,,191551,3,,,0,20,,191552,3,,,0,62,,191553,3,,,0,19,,191554,3,,,0,21,,191555,3,,,0,60,,191556,3,,,0,21,,191557,3,,,0,16,,191558,3,,,0,16,,191559,3,,,0,57,,191560,3,,,0,18,,191561,3,,,0,18,,191562,3,,,0,58,,191563,3,,,0,18,,191564,3,,,0,17,,191495,3,,,0,16,,191496,3,,,0,56,,191497,3,,,0,16,,191498,3,,,0,17,,191499,3,,,0,57,,191500,3,,,0,17,,191518,3,,,0,18,,191519,3,,,0,18,,191520,3,,,0,57,,191521,3,,,0,17,,191522,3,,,0,17,,191523,3,,,0,57,,191524,3,,,0,15,,191494,3,,,0,14,,191525,3,,,0,14,,191526,3,,,0,55,,191527,3,,,0,15,,191528,3,,,0,15,,191529,3,,,0,16,,191530,3,,,0,56,,191531,3,,,0,15,,191532,3,,,0,15,,191533,3,,,0,15,,191534,3,,,0,55,,191535,3,,,0,15,,191536,3,,,0,15,,191537,3,,,0,16,,191538,3,,,0,55,,191539,3,,,0,15,,191541,3,,,0,14,,191502,3,,,0,15,,191503,3,,,0,55,,191504,3,,,0,15,,191505,3,,,0,14,,191506,3,,,0,14,,191507,3,,,0,55,,191508,3,,,0,16,,191509,3,,,0,17,,191510,3,,,0,18,,191511,3,,,0,57,,191512,3,,,0,16,,191513,3,,,0,17,,191514,3,,,0,58,,191515,3,,,0,18,,191516,3,,,0,22,,191517,3,,,0,61,,191542,3,,,0,18,,191543,3,,,0,27,,191544,3,,,0,59,,191545,3,,,0,20,,191546,3,,,0,23,,191501,3,,,0,62,,191547,3,,,0,19,,191550,3,,,0,30,,191540,3,,,0,69,,191548,3,,,0,25,,191549,3,,,0
662101,'2',521,,191565,3,,,0,20,,191566,3,,,0,60,,191567,3,,,0,20,,191568,3,,,0,20,,191569,3,,,0,60,,191570,3,,,0,20,,191571,3,,,0,20,,191572,3,,,0,60,,191573,3,,,0,21,,191574,3,,,0,21,,191575,3,,,0,16,,191576,3,,,0,56,,191577,3,,,0,18,,191578,3,,,0,18,,191579,3,,,0,59,,191580,3,,,0,18,,191581,3,,,0,18,,191582,3,,,0,58,,191583,3,,,0,18,,191584,3,,,0,16,,191585,3,,,0,14,,191586,3,,,0,55,,191587,3,,,0,14,,191588,3,,,0,14,,191589,3,,,0,14,,191590,3,,,0,55,,191591,3,,,0,14,,191592,3,,,0,15,,191593,3,,,0,15,,191594,3,,,0,56,,191595,3,,,0,16,,191596,3,,,0,16,,191597,3,,,0,16,,191598,3,,,0,55,,191599,3,,,0,12,,191600,3,,,0,12,,191601,3,,,0,12,,191602,3,,,0,12,,191603,3,,,0,52,,191604,3,,,0,12,,191605,3,,,0,12,,191606,3,,,0,12,,191607,3,,,0,12,,191608,3,,,0,52,,191609,3,,,0,12,,191610,3,,,0,12,,191611,3,,,0,12,,191612,3,,,0,12,,191613,3,,,0,52,,191614,3,,,0,12,,191615,3,,,0,12,,191616,3,,,0,12,,191617,3,,,0,12,,191618,3,,,0,52,,191619,3,,,0,13,,191620,3,,,0,15,,191621,3,,,0,19,,191622,3,,,0,59,,191623,3,,,0,19,,191624,3,,,0,18,,191625,3,,,0,58,,191626,3,,,0,18,,191627,3,,,0,19,,191628,3,,,0,60,,191629,3,,,0,20,,191630,3,,,0,21,,191631,3,,,0,61,,191632,3,,,0,30,,191633,3,,,0,71,,191634,3,,,0,27,,191635,3,,,0,71,,191636,3,,,0,30,,191637,3,,,0,68,,191638,3,,,0
662101,'3',455,,191639,3,,,0,70,,191640,3,,,0,33,,191641,3,,,0,70,,191642,3,,,0,31,,191643,3,,,0,62,,191644,3,,,0,20,,191645,3,,,0,60,,191646,3,,,0,21,,191647,3,,,0,20,,191648,3,,,0,59,,191649,3,,,0,20,,191650,3,,,0,21,,191651,3,,,0,60,,191652,3,,,0,17,,191653,3,,,0,17,,191654,3,,,0,18,,191655,3,,,0,58,,191656,3,,,0,17,,191657,3,,,0,16,,191658,3,,,0,56,,191659,3,,,0,16,,191660,3,,,0,15,,191661,3,,,0,15,,191662,3,,,0,55,,191663,3,,,0,15,,191664,3,,,0,15,,191665,3,,,0,15,,191666,3,,,0,55,,191667,3,,,0,15,,191668,3,,,0,15,,191669,3,,,0,15,,191670,3,,,0,55,,191671,3,,,0,15,,191672,3,,,0,15,,191673,3,,,0,15,,191674,3,,,0,55,,191675,3,,,0,15,,191676,3,,,0,15,,191677,3,,,0,15,,191678,3,,,0,55,,191679,3,,,0,15,,191680,3,,,0,15,,191681,3,,,0,15,,191682,3,,,0,56,,191683,3,,,0,20,,191684,3,,,0,20,,191685,3,,,0,60,,191686,3,,,0,20,,191687,3,,,0,21,,191688,3,,,0,60,,191689,3,,,0,20,,191690,3,,,0,19,,191691,3,,,0,59,,191692,3,,,0,20,,191693,3,,,0,20,,191694,3,,,0,60,,191695,3,,,0,16,,191696,3,,,0,20,,191697,3,,,0,63,,191698,3,,,0,30,,191699,3,,,0,72,,191700,3,,,0,29,,191701,3,,,0,70,,191702,3,,,0,31,,191703,3,,,0,26,,191704,3,,,0
662301,'1',558,,192499,12,,,0,55,,192500,12,,,0,15,,192501,12,,,0,15,,192502,12,,,0,14,,192503,12,,,0,55,,192504,12,,,0,14,,192505,12,,,0,15,,192506,12,,,0,14,,192507,12,,,0,56,,192508,12,,,0,15,,192509,12,,,0,15,,192510,12,,,0,14,,192511,12,,,0,55,,192512,12,,,0,15,,192513,12,,,0,15,,192514,12,,,0,15,,192515,12,,,0,55,,192516,12,,,0,15,,192517,12,,,0,15,,192518,12,,,0,15,,192519,12,,,0,55,,192520,12,,,0,17,,192521,12,,,0,15,,192522,12,,,0,15,,192523,12,,,0,55,,192524,12,,,0,16,,192525,12,,,0,16,,192526,12,,,0,14,,192527,12,,,0,55,,192528,12,,,0,15,,192529,12,,,0,15,,192530,12,,,0,15,,192531,12,,,0,55,,192532,12,,,0,15,,192533,12,,,0,15,,192534,12,,,0,15,,192535,12,,,0,55,,192536,12,,,0,15,,192537,12,,,0,15,,192538,12,,,0,16,,192539,12,,,0,55,,192540,12,,,0,16,,192541,12,,,0,16,,192542,12,,,0,57,,192543,12,,,0,15,,192544,12,,,0,15,,192545,12,,,0,14,,192546,12,,,0,11,,192547,12,,,0,55,,192548,12,,,0,12,,192549,12,,,0,15,,192550,12,,,0,11,,192551,12,,,0,55,,192552,12,,,0,14,,192553,12,,,0,15,,192554,12,,,0,15,,192555,12,,,0,55,,192556,12,,,0,14,,192557,12,,,0,16,,192558,12,,,0,20,,192559,12,,,0
662301,'152201',2115,,192473,12,,,0,20,,192474,12,,,0,20,,192475,12,,,0,60,,192476,12,,,0,20,,192477,12,,,0,20,,192478,12,,,0,60,,192479,12,,,0,23,,192480,12,,,0,20,,192481,12,,,0,59,,192482,12,,,0,25,,192483,12,,,0,73,,192484,12,,,0,28,,192485,12,,,0
662301,'152301',2115,,192486,11,,,0,20,,192487,11,,,0,20,,192488,11,,,0,60,,192489,11,,,0,20,,192490,11,,,0,20,,192491,11,,,0,60,,192492,11,,,0,23,,192493,11,,,0,20,,192494,11,,,0,59,,192495,11,,,0,25,,192496,11,,,0,73,,192497,11,,,0,28,,192498,11,,,0
662301,'2',605,,192560,12,,,0,20,,192561,12,,,0,20,,192562,12,,,0,60,,192563,12,,,0,16,,192564,12,,,0,16,,192565,12,,,0,15,,192566,12,,,0,55,,192567,12,,,0,15,,192568,12,,,0,15,,192569,12,,,0,15,,192570,12,,,0,56,,192571,12,,,0,16,,192572,12,,,0,16,,192573,12,,,0,18,,192574,12,,,0,55,,192575,12,,,0,16,,192576,12,,,0,15,,192577,12,,,0,57,,192578,12,,,0,15,,192579,12,,,0,15,,192580,12,,,0,15,,192581,12,,,0,12,,192582,12,,,0,55,,192583,12,,,0,14,,192584,12,,,0,14,,192585,12,,,0,14,,192586,12,,,0,54,,192587,12,,,0,14,,192588,12,,,0,14,,192589,12,,,0,14,,192590,12,,,0,54,,192591,12,,,0,17,,192592,12,,,0,14,,192593,12,,,0,15,,192594,12,,,0,55,,192595,12,,,0,15,,192596,12,,,0,16,,192597,12,,,0,15,,192598,12,,,0,55,,192599,12,,,0,14,,192600,12,,,0,14,,192601,12,,,0,15,,192602,12,,,0,54,,192603,12,,,0,14,,192604,12,,,0,15,,192605,12,,,0,15,,192606,12,,,0,55,,192607,12,,,0,15,,192608,12,,,0,14,,192609,12,,,0,15,,192610,12,,,0,54,,192611,12,,,0,14,,192612,12,,,0,13,,192613,12,,,0,15,,192614,12,,,0,15,,192615,12,,,0,55,,192616,12,,,0,13,,192617,12,,,0,15,,192618,12,,,0,15,,192619,12,,,0,56,,192620,11,,,0,19,,192621,11,,,0,20,,192622,11,,,0,60,,192623,11,,,0,16,,192624,11,,,0,20,,192625,11,,,0,60,,192626,11,,,0,20,,192627,11,,,0,20,,192628,11,,,0,72,,192629,11,,,0,30,,192630,11,,,0,70,,192631,11,,,0,30,,192632,11,,,0
662301,'3',605,,192633,12,,,0,20,,192634,12,,,0,20,,192635,12,,,0,60,,192636,12,,,0,20,,192637,12,,,0,20,,192638,12,,,0,60,,192639,12,,,0,15,,192640,12,,,0,15,,192641,12,,,0,15,,192642,12,,,0,55,,192643,12,,,0,16,,192644,12,,,0,15,,192645,12,,,0,15,,192646,12,,,0,55,,192647,12,,,0,14,,192648,12,,,0,15,,192649,12,,,0,17,,192650,12,,,0,55,,192651,12,,,0,15,,192652,12,,,0,15,,192653,12,,,0,15,,192654,12,,,0,55,,192655,12,,,0,15,,192656,12,,,0,15,,192657,12,,,0,17,,192658,12,,,0,55,,192659,12,,,0,15,,192660,12,,,0,15,,192661,12,,,0,16,,192662,12,,,0,55,,192663,12,,,0,14,,192664,12,,,0,15,,192665,12,,,0,15,,192666,12,,,0,55,,192667,12,,,0,15,,192668,12,,,0,15,,192669,12,,,0,15,,192670,12,,,0,56,,192671,12,,,0,15,,192672,12,,,0,15,,192673,12,,,0,15,,192674,12,,,0,55,,192675,12,,,0,15,,192676,12,,,0,15,,192677,12,,,0,16,,192678,12,,,0,55,,192679,12,,,0,13,,192680,12,,,0,15,,192681,12,,,0,15,,192682,12,,,0,55,,192683,12,,,0,15,,192684,12,,,0,15,,192685,12,,,0,15,,192686,12,,,0,55,,192687,12,,,0,15,,192688,12,,,0,15,,192689,12,,,0,14,,192690,12,,,0,55,,192691,12,,,0,15,,192692,11,,,0,15,,192693,11,,,0,15,,192694,11,,,0,55,,192695,11,,,0,19,,192696,11,,,0,20,,192697,11,,,0,60,,192698,11,,,0,18,,192699,11,,,0,20,,192700,11,,,0,60,,192701,11,,,0,18,,192702,11,,,0,28,,192703,11,,,0,70,,192704,11,,,0,31,,192705,11,,,0
683101,'1',2618,,224955,11,,,0,30,,224954,11,,,0,70,,224953,11,,,0
683101,'2',2619,,224957,11,,,0,30,,224956,11,,,0,70,,224958,11,,,0
683101,'3',2617,,224961,11,,,0,30,,224960,11,,,0,70,,224959,11,,,0
