668201,'1',538,,208756,36,,,0,18,,208757,36,,,0,56,,208758,36,,,0,15,,208759,36,,,0,13,,208760,36,,,0,10,,208761,36,,,0,8,,208762,36,,,0,49,,208763,36,,,0,9,,208764,36,,,0,10,,208765,36,,,0,9,,208766,36,,,0,9,,208767,36,,,0,8,,208768,36,,,0,7,,208769,36,,,0,46,,208770,36,,,0,12,,208771,36,,,0,7,,208772,36,,,0,11,,208773,36,,,0,7,,208774,36,,,0,8,,208775,36,,,0,52,,208776,36,,,0,12,,208777,36,,,0,13,,208778,36,,,0,12,,208779,36,,,0,9,,208780,36,,,0,52,,208781,36,,,0,14,,208782,36,,,0,15,,208783,36,,,0,15,,208784,36,,,0,15,,208785,36,,,0,56,,208786,36,,,0,15,,208787,36,,,0,16,,208788,36,,,0,55,,208789,36,,,0,15,,208790,36,,,0,15,,208791,36,,,0,16,,208792,36,,,0,55,,208793,36,,,0,15,,208794,36,,,0,13,,208795,36,,,0,15,,208796,36,,,0,13,,208797,36,,,0,50,,208798,36,,,0,10,,208799,36,,,0,10,,208800,36,,,0,9,,208801,36,,,0,12,,208802,36,,,0,8,,208803,36,,,0,49,,208804,36,,,0,14,,208805,36,,,0,10,,208806,36,,,0,7,,208807,36,,,0,7,,208808,36,,,0,8,,208809,36,,,0,48,,208810,36,,,0,8,,208811,36,,,0,8,,208812,36,,,0,7,,208813,36,,,0,8,,208814,36,,,0,10,,208815,36,,,0,10,,208816,36,,,0,50,,208817,36,,,0,10,,208818,36,,,0,10,,208819,36,,,0,10,,208820,36,,,0,10,,208821,36,,,0,9,,208822,36,,,0,9,,208823,36,,,0,49,,208824,36,,,0,8,,208825,36,,,0,8,,208826,36,,,0,9,,208827,36,,,0,9,,208828,36,,,0,5,,208829,36,,,0,9,,208830,36,,,0,49,,208831,36,,,0,8,,208832,36,,,0,10,,208833,36,,,0,12,,208834,36,,,0,13,,208835,36,,,0,55,,208836,36,,,0,13,,208837,36,,,0,15,,208838,36,,,0,14,,208839,36,,,0,56,,208840,36,,,0,20,,208841,36,,,0,20,,208842,37,,,0,60,,208843,37,,,0,20,,208844,37,,,0,24,,208845,37,,,0,70,,208846,37,,,0,27,,208847,37,,,0,70,,208848,37,,,0,27,,208849,37,,,0
668201,'2',625,,208850,36,,,0,20,,208851,36,,,0,60,,208852,36,,,0,21,,208928,36,,,0,21,,208855,36,,,0,64,,208856,36,,,0,11,,208924,36,,,0,15,,208853,36,,,0,16,,208854,36,,,0,55,,208925,36,,,0,16,,208926,36,,,0,17,,208927,36,,,0,15,,208857,36,,,0,56,,208923,36,,,0,15,,208858,36,,,0,16,,208859,36,,,0,15,,208920,36,,,0,58,,208921,36,,,0,15,,208922,36,,,0,17,,208862,36,,,0,56,,208916,36,,,0,16,,208860,36,,,0,15,,208861,36,,,0,14,,208917,36,,,0,54,,208918,36,,,0,16,,208919,36,,,0,12,,208863,36,,,0,10,,208864,36,,,0,12,,208915,36,,,0,53,,208865,36,,,0,13,,208914,36,,,0,12,,208866,36,,,0,10,,208867,36,,,0,11,,208913,36,,,0,51,,208870,36,,,0,9,,208909,36,,,0,11,,208910,36,,,0,11,,208868,36,,,0,9,,208869,36,,,0,10,,208911,36,,,0,51,,208912,36,,,0,9,,208871,36,,,0,10,,208908,36,,,0,12,,208873,36,,,0,10,,208874,36,,,0,9,,208904,36,,,0,51,,208872,36,,,0,10,,208905,36,,,0,10,,208906,36,,,0,11,,208907,36,,,0,10,,208875,36,,,0,10,,208903,36,,,0,49,,208876,36,,,0,10,,208877,36,,,0,7,,208901,36,,,0,11,,208902,36,,,0,10,,208878,36,,,0,10,,208900,36,,,0,52,,208879,36,,,0,10,,208899,36,,,0,12,,208880,36,,,0,12,,208896,36,,,0,14,,208897,36,,,0,54,,208898,36,,,0,9,,208881,36,,,0,14,,208895,36,,,0,15,,208882,36,,,0,55,,208883,36,,,0,14,,208894,36,,,0,15,,208884,36,,,0,18,,208891,37,,,0,60,,208892,37,,,0,20,,208893,37,,,0,18,,208885,37,,,0,60,,208890,37,,,0,20,,208886,37,,,0,20,,208888,37,,,0,70,,208889,37,,,0,28,,208887,37,,,0
668201,'3',629,,208929,36,,,0,28,,208930,36,,,0,60,,208931,36,,,0,20,,208932,36,,,0,20,,208933,36,,,0,60,,208934,36,,,0,20,,208935,36,,,0,16,,208936,36,,,0,56,,208937,36,,,0,15,,208938,36,,,0,18,,208939,36,,,0,15,,208940,36,,,0,56,,208941,36,,,0,15,,208942,36,,,0,15,,208943,36,,,0,10,,208944,36,,,0,56,,208945,36,,,0,16,,208946,36,,,0,19,,208947,36,,,0,56,,208948,36,,,0,16,,208949,36,,,0,15,,208950,36,,,0,18,,208951,36,,,0,55,,208952,36,,,0,15,,208953,36,,,0,15,,208954,36,,,0,15,,208955,36,,,0,56,,208956,36,,,0,14,,208957,36,,,0,16,,208958,36,,,0,15,,208959,36,,,0,56,,208960,36,,,0,12,,208961,36,,,0,16,,208962,36,,,0,14,,208963,36,,,0,54,,208964,36,,,0,14,,208965,36,,,0,17,,208966,36,,,0,15,,208967,36,,,0,58,,208968,36,,,0,13,,208969,36,,,0,14,,208970,36,,,0,17,,208971,36,,,0,53,,208972,36,,,0,16,,208973,36,,,0,14,,208974,36,,,0,14,,208975,36,,,0,55,,208976,36,,,0,13,,208977,36,,,0,15,,208978,36,,,0,12,,208979,36,,,0,15,,208980,36,,,0,54,,208981,36,,,0,15,,208982,36,,,0,15,,208983,36,,,0,14,,208984,36,,,0,57,,208985,36,,,0,23,,208986,36,,,0,19,,208987,37,,,0,60,,208988,37,,,0,19,,208989,37,,,0,26,,208990,37,,,0
668301,'1',716,,209009,40,,,0,7,,209010,40,,,0,8,,209011,40,,,0,10,,209012,40,,,0,59,,209013,40,,,0,14,,209014,40,,,0,20,,209015,40,,,0,7,,209016,40,,,0,11,,209017,40,,,0,49,,209018,40,,,0,11,,209019,40,,,0,17,,209020,40,,,0
668501,'1',642,,209131,30,,,0,63,,209132,30,,,0,12,,209133,30,,,0,21,,209134,30,,,0,16,,209135,30,,,0,57,,209136,30,,,0,15,,209137,30,,,0,16,,209138,30,,,0,16,,209139,30,,,0,54,,209140,30,,,0,14,,209141,30,,,0,22,,209142,30,,,0,74,,209143,30,,,0,25,,209144,30,,,0,55,,209145,30,,,0,35,,209146,30,,,0,69,,209147,30,,,0,26,,209148,30,,,0,70,,209149,30,,,0,31,,209150,30,,,0,70,,209151,30,,,0,32,,209152,30,,,0,68,,209153,30,,,0,29,,209154,30,,,0,18,,209155,30,,,0,57,,209156,30,,,0,29,,209157,30,,,0,11,,209158,30,,,0,60,,209159,30,,,0,11,,209160,30,,,0,18,,209161,30,,,0,19,,209162,30,,,0,49,,209163,30,,,0,18,,209164,30,,,0,10,,209165,30,,,0,17,,209166,30,,,0,51,,209167,30,,,0,15,,209168,30,,,0,16,,209169,30,,,0,28,,209170,30,,,0,96,,209171,30,,,0,97,,209172,30,,,0,99,,209173,30,,,0,98,,209174,30,,,0,95,,209175,30,,,0
668501,'2',643,,209187,30,,,0,73,,209188,30,,,0,30,,209210,30,,,0,71,,209178,30,,,0,31,,209179,30,,,0,71,,209180,30,,,0,32,,209181,30,,,0,70,,209182,30,,,0,32,,209183,30,,,0,73,,209184,30,,,0,32,,209185,30,,,0,71,,209186,30,,,0,30,,209211,30,,,0,72,,209189,30,,,0,70,,209209,30,,,0,30,,209190,30,,,0,72,,209191,30,,,0,31,,209208,30,,,0,68,,209192,30,,,0,33,,209207,30,,,0,71,,209193,30,,,0,27,,209194,30,,,0,72,,209195,30,,,0,29,,209196,30,,,0,66,,209197,30,,,0,28,,209198,30,,,0,26,,209199,30,,,0,98,,209200,30,,,0,101,,209201,30,,,0,99,,209202,30,,,0,96,,209203,30,,,0,99,,209204,30,,,0,183,,209206,30,,,0
668501,'3',752,,209212,30,,,0,100,,209213,30,,,0,100,,209214,30,,,0,71,,209215,30,,,0,30,,209216,30,,,0,69,,209217,30,,,0,29,,209218,30,,,0,72,,209219,30,,,0,33,,209220,30,,,0,67,,209221,30,,,0,77,,209222,30,,,0,28,,209223,30,,,0,30,,209224,30,,,0,69,,209225,30,,,0,74,,209226,30,,,0,28,,209227,30,,,0,27,,209228,30,,,0,76,,209229,30,,,0,26,,209230,30,,,0,68,,209231,30,,,0,30,,209232,30,,,0,68,,209233,30,,,0,27,,209234,30,,,0,100,,209235,30,,,0,96,,209236,30,,,0,100,,209237,30,,,0,101,,209238,30,,,0
668601,'1',702,,209246,33,,,0,21,,209247,33,,,0,95,,209248,33,,,0,86,,209249,33,,,0
668700,'1',559,,209256,28,,,0,71,,209257,20,,,0,15,,209258,20,,,0,9,,209259,56,,,0,51,,209260,20,,,0,10,,209261,20,,,0,9,,209262,56,,,0,11,,209263,20,,,0,10,,209264,20,,,0,9,,209265,56,,,0,51,,209266,20,,,0,4,,209267,56,,,0,11,,209268,20,,,0,4,,209269,56,,,0,6,,209270,20,,,0,5,,209271,20,,,0,4,,209272,56,,,0,15,,209273,56,,,0,46,,209274,20,,,0,9,,209275,56,,,0,18,,209277,56,,,0,11,,209278,20,,,0,4,,209279,56,,,0,11,,209280,20,,,0,4,,209281,56,,,0,51,,209282,20,,,0,18,,209283,20,,,0,1,,209284,56,,,0,11,,209286,20,,,0,15,,209287,20,,,0,4,,209288,56,,,0,51,,209289,20,,,0,16,,209290,20,,,0,4,,209291,56,,,0,11,,209292,20,,,0,15,,209293,20,,,0,4,,209294,56,,,0,51,,209295,20,,,0,15,,209296,20,,,0,4,,209297,56,,,0,11,,209298,20,,,0,15,,209299,20,,,0,4,,209300,56,,,0,51,,209301,20,,,0,15,,209302,20,,,0,4,,209303,56,,,0,11,,209304,20,,,0,15,,209305,20,,,0,4,,209306,56,,,0,51,,209307,20,,,0,15,,209308,20,,,0,4,,209309,56,,,0,11,,209310,20,,,0,15,,209311,20,,,0,4,,209312,56,,,0,51,,209313,20,,,0,14,,209314,20,,,0,9,,209315,56,,,0,1,,209316,20,,,0,10,,209317,20,,,0,59,,209318,56,,,0,1,,209319,20,,,0,10,,209320,20,,,0,19,,209321,56,,,0,11,,209322,20,,,0,10,,209323,20,,,0,49,,209324,56,,,0,1,,209325,20,,,0,10,,209326,20,,,0,10,,209327,20,,,0,9,,209328,56,,,0,1,,209329,20,,,0,10,,209330,20,,,0,4,,209331,56,,,0,6,,209332,20,,,0,5,,209333,20,,,0,44,,209334,56,,,0,1,,209335,20,,,0,10,,209336,20,,,0,3,,209337,20,,,0,1,,209338,56,,,0,15,,209339,56,,,0,1,,209340,20,,,0,10,,209341,20,,,0,4,,209342,56,,,0,1,,209343,20,,,0,9,,209344,56,,,0,1,,209345,20,,,0,50,,209346,20,,,0,4,,209347,56,,,0,15,,209349,56,,,0,1,,209350,20,,,0,14,,209351,56,,,0,6,,209352,20,,,0,9,,209353,56,,,0,51,,209354,20,,,0,19,,209355,56,,,0,1,,209356,20,,,0,20,,209357,20,,,0,9,,209358,56,,,0,58,,209359,20,,,0,9,,209360,56,,,0,21,,209361,20,,,0,9,,209362,56,,,0,69,,209363,56,,,0,35,,209364,56,,,0,70,,209365,56,,,0,30,,209366,56,,,0,73,,209367,56,,,0,71,,209368,56,,,0
668700,'101',843,,209255,7,,,0,13,,209250,20,,,0,680,,209251,12,,,0,17,,209252,20,,,0,70,,209253,20,,,0,10,,209254,20,,,0
668700,'2',556,,209374,28,,,0,69,,209375,20,,,0,31,,209376,28,,,0,66,,209377,56,,,0,14,,209378,20,,,0,16,,209379,56,,,0,54,,209380,20,,,0,16,,209381,56,,,0,14,,209382,20,,,0,16,,209383,56,,,0,55,,209384,56,,,0,10,,209385,20,,,0,10,,209386,56,,,0,20,,209387,20,,,0,10,,209388,56,,,0,45,,209389,20,,,0,12,,209390,20,,,0,12,,209391,20,,,0,1,,209392,56,,,0,11,,209393,20,,,0,12,,209394,20,,,0,7,,209395,56,,,0,45,,209396,20,,,0,12,,209397,20,,,0,12,,209398,20,,,0,1,,209399,56,,,0,11,,209400,20,,,0,17,,209401,20,,,0,47,,209402,56,,,0,5,,209403,20,,,0,15,,209404,20,,,0,10,,209405,56,,,0,5,,209406,20,,,0,15,,209407,20,,,0,50,,209408,56,,,0,5,,209409,20,,,0,19,,209410,20,,,0,6,,209411,56,,,0,5,,209412,20,,,0,15,,209413,20,,,0,50,,209414,56,,,0,5,,209415,20,,,0,11,,209416,20,,,0,17,,209417,20,,,0,2,,209418,56,,,0,10,,209419,20,,,0,54,,209420,20,,,0,6,,209421,56,,,0,6,,209422,20,,,0,12,,209423,20,,,0,12,,209425,20,,,0,12,,209426,20,,,0,52,,209427,20,,,0,6,,209428,56,,,0,6,,209429,20,,,0,10,,209430,20,,,0,12,,209431,20,,,0,2,,209432,56,,,0,1,,209433,20,,,0,9,,209434,56,,,0,3,,209435,20,,,0,52,,209436,20,,,0,5,,209437,56,,,0,7,,209438,20,,,0,12,,209439,20,,,0,11,,209440,56,,,0,1,,209441,20,,,0,9,,209442,56,,,0,3,,209443,20,,,0,52,,209444,20,,,0,5,,209445,56,,,0,7,,209446,20,,,0,9,,209447,20,,,0,11,,209448,56,,,0,1,,209449,20,,,0,12,,209450,20,,,0,2,,209451,56,,,0,10,,209452,20,,,0,45,,209453,56,,,0,7,,209454,20,,,0,12,,209455,20,,,0,11,,209456,56,,,0,1,,209457,20,,,0,11,,209458,20,,,0,11,,209459,56,,,0,2,,209460,20,,,0,60,,209461,20,,,0,8,,209462,56,,,0,12,,209463,20,,,0,18,,209464,56,,,0,2,,209465,20,,,0,65,,209466,56,,,0,2,,209467,20,,,0,28,,209468,56,,,0,56,,209469,20,,,0,13,,209470,56,,,0,17,,209471,20,,,0,18,,209472,56,,,0,70,,209473,56,,,0,12,,209474,20,,,0,18,,209475,56,,,0,73,,209476,56,,,0,71,,209477,56,,,0
668700,'201',843,,209373,7,,,0,13,,209369,20,,,0,697,,209370,20,,,0,70,,209371,20,,,0,10,,209372,20,,,0
668700,'3',647,,209478,20,,,0,71,,209479,20,,,0,34,,209480,56,,,0,70,,209481,56,,,0,15,,209482,20,,,0,15,,209483,56,,,0,1,,209484,20,,,0,54,,209485,56,,,0,15,,209486,56,,,0,13,,209487,20,,,0,17,,209488,56,,,0,55,,209489,56,,,0,3,,209490,20,,,0,18,,209491,56,,,0,19,,209492,7,,,0,11,,209493,56,,,0,43,,209494,20,,,0,15,,209495,20,,,0,12,,209496,56,,,0,3,,209497,20,,,0,15,,209498,20,,,0,12,,209499,56,,,0,43,,209500,20,,,0,15,,209501,20,,,0,12,,209502,56,,,0,3,,209503,20,,,0,15,,209504,20,,,0,12,,209505,56,,,0,44,,209506,20,,,0,19,,209507,20,,,0,11,,209508,56,,,0,4,,209509,20,,,0,15,,209510,20,,,0,51,,209511,56,,,0,4,,209512,20,,,0,15,,209513,20,,,0,11,,209514,56,,,0,4,,209515,20,,,0,14,,209516,20,,,0,52,,209517,56,,,0,3,,209518,20,,,0,15,,209519,20,,,0,12,,209520,56,,,0,1,,209521,20,,,0,12,,209522,20,,,0,12,,209523,20,,,0,45,,209524,56,,,0,7,,209525,20,,,0,12,,209526,20,,,0,11,,209527,56,,,0,1,,209528,20,,,0,12,,209529,20,,,0,12,,209530,20,,,0,45,,209531,56,,,0,7,,209532,20,,,0,14,,209533,20,,,0,11,,209534,56,,,0,1,,209535,20,,,0,12,,209536,20,,,0,12,,209537,20,,,0,45,,209538,56,,,0,7,,209539,20,,,0,12,,209540,20,,,0,11,,209541,56,,,0,1,,209542,20,,,0,12,,209543,20,,,0,12,,209544,20,,,0,45,,209545,56,,,0,7,,209546,20,,,0,5,,209547,20,,,0,11,,209548,56,,,0,1,,209549,20,,,0,15,,209550,20,,,0,14,,209551,56,,,0,55,,209552,20,,,0,15,,209553,56,,,0,15,,209554,20,,,0,15,,209555,56,,,0,55,,209556,20,,,0,12,,209557,56,,,0,15,,209558,56,,,0,15,,209559,56,,,0,69,,209560,56,,,0,35,,209561,56,,,0,70,,209562,56,,,0,30,,209563,56,,,0,80,,209565,20,,,0,64,,209566,56,,,0
669000,'1',714,,210118,44,,,0,30,,210119,44,,,0,72,,210120,44,,,0,26,,210121,44,,,0,579,,210127,44,,,0,103,,210128,44,,,0,30,,210129,44,,,0,70,,210130,44,,,0,33,,210131,44,,,0
669101,'1',747,,210283,46,,,0,70,,210284,46,,,0,85,,210285,46,,,0,626,,210292,23,,,0,30,,210293,23,,,0,70,,210294,23,,,0,90,,210295,23,,,0
683701,'1',2526,,225128,26,,,0,103,,225129,48,,,0
683701,'2',615,,225132,48,,,0,1913,,225130,26,,,0,106,,225131,48,,,0
683701,'3',642,,225133,48,,,0,80,,225134,48,,,0,31,,225135,48,,,0,71,,225136,48,,,0,1530,,225138,26,,,0,71,,225139,26,,,0,81,,225140,48,,,0,31,,225141,48,,,0,108,,225143,48,,,0,69,,225144,48,,,0
