674901,'101_merged_15727747',1555,,220645,32,,,0,45,,220644,46,,,0,23,,220646,46,,,0
674901,'1_merged_15727750',423,,220660,32,,,0,31,,220688,32,,,0,60,,220689,46,,,0,33,,220690,46,,,0,9,,220691,32,,,0,63,,220649,46,,,0,9,,220692,32,,,0,25,,220693,46,,,0,49,,220694,46,,,0,23,,220695,46,,,0,8,,220656,46,,,0,21,,220696,46,,,0,52,,220697,46,,,0,20,,220698,46,,,0,14,,220699,46,,,0,14,,220700,32,,,0,56,,220701,46,,,0,15,,220702,46,,,0,13,,220703,32,,,0,14,,220657,46,,,0,55,,220704,32,,,0,17,,220705,46,,,0,13,,220706,32,,,0,15,,220707,46,,,0,55,,220708,32,,,0,15,,220709,46,,,0,8,,220710,33,,,0,16,,220711,46,,,0,57,,220712,32,,,0,16,,220713,46,,,0,15,,220714,32,,,0,15,,220715,46,,,0,55,,220716,32,,,0,15,,220717,46,,,0,15,,220718,32,,,0,18,,220719,46,,,0,56,,220720,32,,,0,15,,220721,46,,,0,18,,220678,32,,,0,14,,220679,46,,,0,61,,220655,46,,,0,26,,220680,46,,,0,64,,220681,46,,,0,24,,220682,33,,,0,5,,220683,46,,,0,17,,220684,46,,,0,56,,220685,46,,,0,15,,220686,46,,,0,17,,220687,46,,,0,16,,220651,46,,,0,48,,220654,46,,,0,13,,220676,46,,,0,14,,220663,46,,,0,14,,220664,46,,,0,57,,220665,46,,,0,12,,220666,46,,,0,15,,220667,46,,,0,15,,220668,46,,,0,15,,220658,46,,,0,57,,220650,46,,,0,14,,220662,46,,,0,15,,220669,46,,,0,70,,220670,46,,,0,30,,220671,46,,,0,55,,220672,33,,,0,18,,220652,46,,,0,19,,220677,46,,,0,21,,220661,33,,,0,59,,220673,46,,,0,23,,220674,46,,,0,70,,220653,46,,,0,29,,220675,46,,,0,70,,220659,46,,,0,28,,220722,46,,,0
674901,'201_merged_15727755',1555,,220724,32,,,0,45,,220723,46,,,0,23,,220725,46,,,0
674901,'2_merged_15727752',547,,220726,46,,,0,72,,220727,32,,,0,26,,220728,46,,,0,66,,220729,32,,,0,18,,220730,46,,,0,17,,220731,32,,,0,55,,220732,46,,,0,13,,220733,32,,,0,15,,220734,46,,,0,15,,220735,32,,,0,15,,220736,46,,,0,55,,220737,32,,,0,18,,220738,46,,,0,15,,220739,32,,,0,55,,220740,46,,,0,15,,220741,32,,,0,16,,220742,46,,,0,15,,220743,32,,,0,54,,220744,46,,,0,15,,220745,32,,,0,16,,220746,46,,,0,14,,220747,32,,,0,54,,220748,46,,,0,18,,220749,32,,,0,17,,220750,46,,,0,15,,220751,32,,,0,56,,220752,46,,,0,15,,220753,32,,,0,15,,220754,46,,,0,15,,220755,32,,,0,55,,220756,46,,,0,15,,220757,32,,,0,15,,220758,46,,,0,15,,220759,32,,,0,55,,220760,46,,,0,15,,220761,32,,,0,17,,220762,46,,,0,15,,220763,32,,,0,55,,220764,46,,,0,15,,220765,32,,,0,15,,220766,46,,,0,20,,220767,32,,,0,55,,220768,46,,,0,12,,220769,32,,,0,15,,220770,46,,,0,14,,220771,32,,,0,54,,220772,46,,,0,15,,220773,32,,,0,14,,220774,46,,,0,15,,220775,32,,,0,55,,220776,46,,,0,11,,220777,32,,,0,19,,220778,46,,,0,15,,220779,46,,,0,55,,220780,46,,,0,15,,220781,46,,,0,22,,220782,46,,,0,70,,220783,46,,,0,28,,220784,46,,,0,70,,220785,46,,,0,30,,220786,46,,,0,70,,220787,46,,,0,28,,220788,46,,,0,70,,220789,46,,,0,28,,220790,46,,,0,70,,220791,46,,,0,28,,220792,46,,,0
674901,'3_merged_15727751',643,,220826,32,,,0,70,,220818,32,,,0,30,,220817,46,,,0,69,,220816,46,,,0,16,,220815,32,,,0,16,,220814,46,,,0,15,,220851,32,,,0,57,,220850,46,,,0,15,,220849,32,,,0,15,,220848,46,,,0,55,,220847,32,,,0,15,,220846,46,,,0,18,,220845,32,,,0,14,,220844,46,,,0,55,,220801,32,,,0,15,,220800,46,,,0,16,,220843,32,,,0,13,,220842,46,,,0,58,,220841,32,,,0,15,,220840,46,,,0,16,,220839,32,,,0,15,,220838,46,,,0,52,,220837,32,,,0,18,,220836,46,,,0,14,,220835,32,,,0,14,,220834,46,,,0,57,,220833,32,,,0,14,,220832,46,,,0,16,,220813,32,,,0,14,,220812,46,,,0,57,,220811,32,,,0,5,,220810,46,,,0,24,,220809,32,,,0,14,,220808,46,,,0,57,,220807,32,,,0,12,,220806,46,,,0,17,,220805,32,,,0,13,,220804,46,,,0,55,,220803,32,,,0,15,,220825,46,,,0,14,,220824,32,,,0,14,,220823,46,,,0,54,,220822,32,,,0,17,,220821,46,,,0,14,,220820,32,,,0,16,,220819,46,,,0,53,,220802,32,,,0,15,,220799,46,,,0,16,,220798,32,,,0,14,,220797,46,,,0,55,,220795,32,,,0,14,,220796,46,,,0,15,,220794,32,,,0,15,,220793,46,,,0,55,,220855,32,,,0,20,,220854,46,,,0,30,,220831,46,,,0,70,,220853,46,,,0,32,,220852,46,,,0,70,,220827,46,,,0,31,,220828,46,,,0,72,,220829,46,,,0,27,,220856,46,,,0,67,,220830,46,,,0
3003701,'101_merged_15727747',749,,230756,7,,,0,100,,230755,7,,,0
3003701,'1_merged_15727750',522,,230767,7,,,0,30,,230768,7,,,0,67,,230769,7,,,0,26,,230766,7,,,0,6,,230770,7,,,0,62,,230765,7,,,0,8,,230771,7,,,0,24,,230764,7,,,0,61,,230758,7,,,0,20,,230772,7,,,0,33,,230773,7,,,0,67,,230774,7,,,0,30,,230775,7,,,0,67,,230776,7,,,0,31,,230777,7,,,0,69,,230778,7,,,0,28,,230779,7,,,0,74,,230780,7,,,0,30,,230781,7,,,0,70,,230782,7,,,0,31,,230783,7,,,0,69,,230784,7,,,0,75,,230785,7,,,0,16,,230805,7,,,0,7,,230801,7,,,0,8,,230786,7,,,0,72,,230787,7,,,0,10,,230803,7,,,0,10,,230804,7,,,0,10,,230788,7,,,0,19,,230802,7,,,0,54,,230789,7,,,0,5,,230763,7,,,0,20,,230790,7,,,0,5,,230762,7,,,0,64,,230791,7,,,0,3,,230761,7,,,0,15,,230757,7,,,0,20,,230792,7,,,0,3,,230760,7,,,0,66,,230793,7,,,0,18,,230794,7,,,0,6,,230759,7,,,0,75,,230795,7,,,0,96,,230796,7,,,0,101,,230797,7,,,0,99,,230798,7,,,0,102,,230799,7,,,0,55,,230800,7,,,0
3003701,'201_merged_15727755',749,,230806,7,,,0
3003701,'2_merged_15727752',649,,230810,7,,,0,70,,230825,7,,,0,31,,230811,7,,,0,70,,230832,7,,,0,31,,230812,7,,,0,71,,230833,7,,,0,31,,230813,7,,,0,71,,230826,7,,,0,29,,230814,7,,,0,74,,230827,7,,,0,31,,230815,7,,,0,70,,230828,7,,,0,30,,230816,7,,,0,70,,230829,7,,,0,30,,230817,7,,,0,70,,230830,7,,,0,30,,230818,7,,,0,69,,230831,7,,,0,30,,230837,7,,,0,70,,230834,7,,,0,30,,230819,7,,,0,69,,230835,7,,,0,29,,230807,7,,,0,70,,230836,7,,,0,29,,230808,7,,,0,105,,230809,7,,,0,100,,230820,7,,,0,100,,230821,7,,,0,98,,230822,7,,,0,97,,230823,7,,,0,98,,230824,7,,,0
3003701,'3_merged_15727751',654,,230851,7,,,0,100,,230853,7,,,0,102,,230854,7,,,0,103,,230855,7,,,0,141,,230852,7,,,0,30,,230856,7,,,0,70,,230838,7,,,0,31,,230857,7,,,0,72,,230839,7,,,0,31,,230858,7,,,0,70,,230840,7,,,0,30,,230859,7,,,0,69,,230841,7,,,0,30,,230860,7,,,0,70,,230842,7,,,0,31,,230861,7,,,0,69,,230843,7,,,0,29,,230862,7,,,0,23,,230864,7,,,0,55,,230844,7,,,0,20,,230863,7,,,0,70,,230845,7,,,0,58,,230846,7,,,0,100,,230847,7,,,0,97,,230848,7,,,0,100,,230849,7,,,0,97,,230850,7,,,0
3780901,'101_merged_15727747',1539,,239544,5,,,0
3780901,'1_merged_15727750',519,,239545,5,,,0,10,,239546,5,,,0,11,,239547,5,,,0,11,,239548,5,,,0,50,,239549,5,,,0,13,,239550,5,,,0,9,,239551,5,,,0,10,,239552,5,,,0,11,,239553,5,,,0,10,,239554,5,,,0,50,,239555,5,,,0,12,,239556,5,,,0,11,,239557,5,,,0,10,,239558,5,,,0,12,,239559,5,,,0,8,,239560,5,,,0,50,,239561,5,,,0,10,,239562,5,,,0,11,,239563,5,,,0,10,,239564,5,,,0,10,,239565,5,,,0,10,,239566,5,,,0,51,,239567,5,,,0,8,,239568,5,,,0,11,,239569,5,,,0,16,,239570,5,,,0,14,,239571,5,,,0,55,,239572,5,,,0,16,,239573,5,,,0,15,,239574,5,,,0,15,,239575,5,,,0,55,,239576,5,,,0,15,,239577,5,,,0,15,,239578,5,,,0,15,,239579,5,,,0,55,,239580,5,,,0,16,,239581,5,,,0,15,,239582,5,,,0,55,,239583,5,,,0,15,,239584,5,,,0,15,,239585,5,,,0,15,,239586,5,,,0,55,,239587,5,,,0,15,,239588,5,,,0,16,,239589,5,,,0,15,,239590,5,,,0,13,,239591,5,,,0,58,,239592,5,,,0,12,,239593,5,,,0,18,,239594,5,,,0,10,,239595,5,,,0,50,,239634,5,,,0,10,,239596,5,,,0,12,,239597,5,,,0,9,,239598,5,,,0,11,,239599,5,,,0,10,,239600,5,,,0,50,,239601,5,,,0,9,,239602,5,,,0,13,,239603,5,,,0,7,,239604,5,,,0,9,,239605,5,,,0,9,,239606,5,,,0,49,,239607,5,,,0,10,,239608,5,,,0,9,,239609,5,,,0,15,,239610,5,,,0,15,,239611,5,,,0,53,,239612,5,,,0,15,,239613,5,,,0,15,,239614,5,,,0,13,,239615,5,,,0,55,,239616,5,,,0,15,,239617,5,,,0,15,,239618,5,,,0,15,,239619,5,,,0,55,,239620,5,,,0,14,,239621,5,,,0,15,,239622,5,,,0,15,,239623,5,,,0,55,,239624,5,,,0,13,,239625,5,,,0,15,,239626,5,,,0,15,,239627,5,,,0,55,,239628,5,,,0,14,,239629,5,,,0,15,,239630,5,,,0,15,,239631,5,,,0,55,,239632,5,,,0,17,,239633,5,,,0
3780901,'201_merged_15727755',1539,,239635,5,,,0
3780901,'2_merged_15727752',521,,239636,5,,,0,15,,239637,5,,,0,15,,239638,5,,,0,55,,239639,5,,,0,15,,239640,5,,,0,15,,239641,5,,,0,15,,239642,5,,,0,56,,239643,5,,,0,15,,239644,5,,,0,15,,239645,5,,,0,15,,239646,5,,,0,55,,239647,5,,,0,17,,239648,5,,,0,15,,239649,5,,,0,15,,239650,5,,,0,57,,239651,5,,,0,15,,239652,5,,,0,15,,239653,5,,,0,16,,239654,5,,,0,55,,239655,5,,,0,17,,239656,5,,,0,15,,239657,5,,,0,58,,239658,5,,,0,15,,239659,5,,,0,16,,239660,5,,,0,15,,239661,5,,,0,55,,239662,5,,,0,15,,239663,5,,,0,19,,239664,5,,,0,15,,239665,5,,,0,55,,239666,5,,,0,15,,239667,5,,,0,15,,239668,5,,,0,15,,239669,5,,,0,53,,239670,5,,,0,15,,239671,5,,,0,15,,239672,5,,,0,15,,239673,5,,,0,55,,239674,5,,,0,15,,239675,5,,,0,15,,239676,5,,,0,14,,239677,5,,,0,54,,239678,5,,,0,15,,239679,5,,,0,15,,239680,5,,,0,15,,239681,5,,,0,55,,239682,5,,,0,14,,239683,5,,,0,13,,239684,5,,,0,14,,239685,5,,,0,15,,239686,5,,,0,55,,239687,5,,,0,15,,239688,5,,,0,15,,239689,5,,,0,13,,239690,5,,,0,55,,239691,5,,,0,13,,239692,5,,,0,15,,239693,5,,,0,15,,239694,5,,,0,55,,239695,5,,,0,15,,239696,5,,,0,15,,239697,5,,,0,14,,239698,5,,,0,55,,239699,5,,,0,15,,239700,5,,,0,15,,239701,5,,,0,15,,239702,5,,,0,55,,239703,5,,,0,14,,239704,5,,,0,15,,239705,5,,,0,15,,239706,5,,,0,55,,239707,5,,,0,14,,239708,5,,,0,15,,239709,5,,,0,15,,239710,5,,,0,55,,239711,5,,,0,14,,239712,5,,,0
3780901,'3_merged_15727751',514,,239713,5,,,0,15,,239714,5,,,0,15,,239715,5,,,0,56,,239716,5,,,0,15,,239717,5,,,0,15,,239718,5,,,0,15,,239719,5,,,0,55,,239720,5,,,0,16,,239721,5,,,0,15,,239722,5,,,0,15,,239723,5,,,0,55,,239724,5,,,0,14,,239725,5,,,0,19,,239726,5,,,0,15,,239727,5,,,0,55,,239728,5,,,0,15,,239729,5,,,0,15,,239730,5,,,0,17,,239731,5,,,0,55,,239732,5,,,0,16,,239733,5,,,0,15,,239734,5,,,0,15,,239735,5,,,0,55,,239736,5,,,0,16,,239737,5,,,0,15,,239738,5,,,0,16,,239739,5,,,0,55,,239740,5,,,0,17,,239741,5,,,0,15,,239742,5,,,0,15,,239743,5,,,0,55,,239744,5,,,0,15,,239745,5,,,0,15,,239746,5,,,0,16,,239747,5,,,0,55,,239748,5,,,0,15,,239749,5,,,0,15,,239750,5,,,0,15,,239751,5,,,0,55,,239752,5,,,0,14,,239753,5,,,0,15,,239754,5,,,0,14,,239755,5,,,0,55,,239756,5,,,0,15,,239757,5,,,0,15,,239758,5,,,0,14,,239759,5,,,0,55,,239760,5,,,0,13,,239761,5,,,0,15,,239762,5,,,0,15,,239763,5,,,0,55,,239764,5,,,0,14,,239765,5,,,0,15,,239766,5,,,0,13,,239767,5,,,0,55,,239768,5,,,0,15,,239769,5,,,0,15,,239770,5,,,0,15,,239771,5,,,0,55,,239772,5,,,0,15,,239773,5,,,0,15,,239774,5,,,0,15,,239775,5,,,0,55,,239776,5,,,0,15,,239777,5,,,0,15,,239778,5,,,0,15,,239779,5,,,0,55,,239780,5,,,0,13,,239781,5,,,0,15,,239782,5,,,0,15,,239783,5,,,0,55,,239784,5,,,0,14,,239785,5,,,0,15,,239786,5,,,0,15,,239787,5,,,0,55,,239788,5,,,0,15,,239789,5,,,0
