670001,'1',536,,211396,2,,,0,68,,211370,2,,,0,42,,211400,2,,,0,59,,211391,2,,,0,19,,211381,2,,,0,19,,211392,2,,,0,60,,211404,2,,,0,20,,211395,2,,,0,20,,211388,2,,,0,60,,211387,2,,,0,30,,211399,2,,,0,70,,211405,2,,,0,30,,211390,2,,,0,70,,211394,2,,,0,30,,211406,2,,,0,70,,211385,2,,,0,30,,211386,2,,,0,70,,211402,2,,,0,30,,211403,2,,,0,70,,211379,2,,,0,30,,211371,2,,,0,71,,211369,2,,,0,27,,211413,2,,,0,22,,211372,2,,,0,58,,211398,2,,,0,20,,211401,2,,,0,20,,211380,2,,,0,60,,211375,2,,,0,20,,211384,2,,,0,20,,211382,2,,,0,60,,211389,2,,,0,20,,211415,2,,,0,19,,211378,2,,,0,60,,211414,2,,,0,20,,211383,2,,,0,20,,211393,2,,,0,60,,211416,2,,,0,20,,211407,2,,,0,20,,211373,2,,,0,60,,211408,2,,,0,28,,211376,2,,,0,70,,211409,2,,,0,30,,211368,2,,,0,70,,211410,2,,,0,30,,211374,2,,,0,69,,211411,2,,,0,30,,211397,2,,,0,72,,211412,2,,,0,32,,211377,2,,,0
670001,'101',626,,211366,2,,,0
670001,'2',603,,211450,2,,,0,36,,211451,2,,,0,75,,211448,2,,,0,34,,211423,2,,,0,70,,211447,2,,,0,30,,211422,2,,,0,70,,211446,2,,,0,30,,211421,2,,,0,70,,211445,2,,,0,30,,211444,2,,,0,70,,211449,2,,,0,30,,211442,2,,,0,70,,211441,2,,,0,30,,211440,2,,,0,70,,211439,2,,,0,30,,211438,2,,,0,70,,211437,2,,,0,30,,211436,2,,,0,70,,211435,2,,,0,30,,211434,2,,,0,70,,211433,2,,,0,30,,211432,2,,,0,69,,211418,2,,,0,30,,211431,2,,,0,70,,211430,2,,,0,30,,211429,2,,,0,70,,211420,2,,,0,30,,211428,2,,,0,70,,211419,2,,,0,30,,211427,2,,,0,70,,211426,2,,,0,30,,211452,2,,,0,70,,211425,2,,,0,27,,211453,2,,,0,67,,211454,2,,,0,27,,211443,2,,,0,70,,211455,2,,,0,38,,211424,2,,,0
670001,'201',626,,211417,2,,,0
670001,'3',745,,211486,2,,,0,71,,211465,2,,,0,30,,211482,2,,,0,70,,211479,2,,,0,30,,211459,2,,,0,70,,211467,2,,,0,30,,211460,2,,,0,70,,211458,2,,,0,30,,211476,2,,,0,70,,211457,2,,,0,30,,211477,2,,,0,70,,211464,2,,,0,30,,211480,2,,,0,70,,211462,2,,,0,30,,211473,2,,,0,70,,211461,2,,,0,30,,211463,2,,,0,70,,211478,2,,,0,30,,211472,2,,,0,70,,211456,2,,,0,30,,211466,2,,,0,70,,211471,2,,,0,30,,211483,2,,,0,70,,211470,2,,,0,30,,211484,2,,,0,70,,211469,2,,,0,30,,211485,2,,,0,70,,211468,2,,,0,107,,211474,2,,,0,112,,211475,2,,,0,109,,211481,2,,,0
670301,'1',503,,212064,2,,,0,10,,212065,2,,,0,10,,212126,2,,,0,10,,212066,2,,,0,11,,212067,2,,,0,10,,212068,2,,,0,51,,212057,2,,,0,10,,212132,2,,,0,11,,212069,2,,,0,11,,212070,2,,,0,11,,212071,2,,,0,10,,212072,2,,,0,50,,212127,2,,,0,10,,212058,2,,,0,10,,212059,2,,,0,10,,212134,2,,,0,11,,212131,2,,,0,51,,212060,2,,,0,10,,212061,2,,,0,10,,212062,2,,,0,10,,212063,2,,,0,10,,212129,2,,,0,10,,212099,2,,,0,50,,212100,2,,,0,10,,212101,2,,,0,10,,212133,2,,,0,10,,212073,2,,,0,10,,212074,2,,,0,12,,212075,2,,,0,55,,212076,2,,,0,15,,212077,2,,,0,15,,212078,2,,,0,15,,212079,2,,,0,55,,212080,2,,,0,15,,212081,2,,,0,15,,212082,2,,,0,15,,212083,2,,,0,55,,212084,2,,,0,15,,212085,2,,,0,15,,212086,2,,,0,15,,212087,2,,,0,55,,212088,2,,,0,15,,212089,2,,,0,15,,212090,2,,,0,15,,212091,2,,,0,55,,212092,2,,,0,15,,212093,2,,,0,15,,212094,2,,,0,12,,212095,2,,,0,52,,212096,2,,,0,12,,212097,2,,,0,12,,212130,2,,,0,12,,212098,2,,,0,12,,212135,2,,,0,52,,212136,2,,,0,12,,212137,2,,,0,12,,212138,2,,,0,12,,212139,2,,,0,12,,212140,2,,,0,52,,212141,2,,,0,12,,212142,2,,,0,12,,212143,2,,,0,12,,212144,2,,,0,12,,212145,2,,,0,52,,212146,2,,,0,12,,212147,2,,,0,12,,212148,2,,,0,12,,212149,2,,,0,13,,212150,2,,,0,52,,212151,2,,,0,12,,212152,2,,,0,12,,212153,2,,,0,12,,212154,2,,,0,12,,212155,2,,,0,52,,212102,2,,,0,12,,212103,2,,,0,15,,212104,2,,,0,15,,212105,2,,,0,15,,212106,2,,,0,55,,212107,2,,,0,15,,212108,2,,,0,15,,212109,2,,,0,15,,212110,2,,,0,55,,212111,2,,,0,15,,212112,2,,,0,15,,212113,2,,,0,15,,212114,2,,,0,54,,212115,2,,,0,15,,212116,2,,,0,15,,212117,2,,,0,15,,212118,2,,,0,55,,212119,2,,,0,15,,212128,2,,,0,15,,212120,2,,,0,15,,212121,2,,,0,55,,212122,2,,,0,16,,212123,2,,,0,20,,212124,2,,,0,60,,212125,2,,,0
670301,'2',547,,212158,2,,,0,55,,212161,2,,,0,15,,212162,2,,,0,15,,212163,2,,,0,15,,212164,2,,,0,55,,212165,2,,,0,15,,212166,2,,,0,15,,212167,2,,,0,15,,212168,2,,,0,55,,212169,2,,,0,15,,212170,2,,,0,16,,212171,2,,,0,15,,212172,2,,,0,55,,212173,2,,,0,15,,212174,2,,,0,15,,212175,2,,,0,15,,212176,2,,,0,55,,212177,2,,,0,15,,212178,2,,,0,15,,212179,2,,,0,15,,212180,2,,,0,55,,212181,2,,,0,15,,212182,2,,,0,15,,212183,2,,,0,15,,212184,2,,,0,55,,212185,2,,,0,15,,212186,2,,,0,15,,212187,2,,,0,15,,212188,2,,,0,55,,212189,2,,,0,15,,212190,2,,,0,15,,212191,2,,,0,15,,212192,2,,,0,55,,212193,2,,,0,15,,212194,2,,,0,15,,212195,2,,,0,15,,212196,2,,,0,55,,212197,2,,,0,15,,212198,2,,,0,15,,212199,2,,,0,15,,212200,2,,,0,55,,212201,2,,,0,15,,212202,2,,,0,15,,212203,2,,,0,15,,212204,2,,,0,55,,212205,2,,,0,15,,212206,2,,,0,15,,212207,2,,,0,15,,212208,2,,,0,55,,212209,2,,,0,15,,212210,2,,,0,15,,212211,2,,,0,15,,212212,2,,,0,55,,212213,2,,,0,15,,212214,2,,,0,15,,212215,2,,,0,15,,212216,2,,,0,55,,212217,2,,,0,15,,212218,2,,,0,15,,212219,2,,,0,15,,212220,2,,,0,55,,212221,2,,,0,15,,212222,2,,,0,15,,212223,2,,,0,15,,212224,2,,,0,55,,212225,2,,,0,15,,212226,2,,,0,15,,212227,2,,,0,15,,212228,2,,,0,54,,212229,2,,,0,15,,212230,2,,,0,15,,212231,2,,,0,15,,212232,2,,,0,55,,212233,2,,,0,15,,212234,2,,,0,15,,212235,2,,,0,15,,212236,2,,,0,55,,212159,2,,,0,15,,212156,2,,,0,15,,212237,2,,,0,10,,212160,2,,,0,60,,212157,2,,,0
670301,'3',621,,212239,2,,,0,13,,212240,2,,,0,15,,212241,2,,,0,55,,212242,2,,,0,15,,212243,2,,,0,15,,212244,2,,,0,15,,212245,2,,,0,55,,212246,2,,,0,15,,212247,2,,,0,15,,212248,2,,,0,15,,212249,2,,,0,56,,212250,2,,,0,15,,212251,2,,,0,15,,212252,2,,,0,15,,212253,2,,,0,55,,212254,2,,,0,15,,212255,2,,,0,15,,212256,2,,,0,15,,212257,2,,,0,55,,212258,2,,,0,15,,212259,2,,,0,15,,212260,2,,,0,15,,212261,2,,,0,55,,212262,2,,,0,15,,212263,2,,,0,15,,212264,2,,,0,15,,212265,2,,,0,55,,212266,2,,,0,15,,212267,2,,,0,15,,212268,2,,,0,15,,212269,2,,,0,55,,212270,2,,,0,15,,212271,2,,,0,15,,212272,2,,,0,15,,212273,2,,,0,55,,212274,2,,,0,15,,212275,2,,,0,15,,212276,2,,,0,15,,212277,2,,,0,55,,212278,2,,,0,15,,212279,2,,,0,15,,212280,2,,,0,15,,212281,2,,,0,55,,212282,2,,,0,15,,212283,2,,,0,14,,212284,2,,,0,14,,212285,2,,,0,54,,212286,2,,,0,15,,212287,2,,,0,15,,212288,2,,,0,15,,212289,2,,,0,55,,212290,2,,,0,15,,212291,2,,,0,16,,212292,2,,,0,15,,212293,2,,,0,55,,212294,2,,,0,15,,212295,2,,,0,15,,212296,2,,,0,15,,212297,2,,,0,55,,212298,2,,,0,15,,212299,2,,,0,15,,212300,2,,,0,15,,212301,2,,,0,55,,212302,2,,,0,15,,212303,2,,,0,15,,212304,2,,,0,15,,212305,2,,,0,55,,212306,2,,,0,16,,212307,2,,,0,16,,212308,2,,,0,16,,212309,2,,,0,55,,212310,2,,,0,15,,212311,2,,,0,15,,212312,2,,,0,16,,212313,2,,,0,59,,212238,2,,,0
671801,'1',1551,,216071,2,,,0,75,,216069,2,,,0,33,,216070,2,,,0,77,,216068,2,,,0,75,,216067,2,,,0
674801,'1',508,,220279,2,,,0,9,,220280,2,0,73,0,8,,220281,2,,,0,7,,220282,2,0,73,0,9,,220283,2,,,0,8,,220284,2,0,73,0,7,,220285,2,,,0,3,,220286,2,0,73,0,51,,220287,2,,,0,5,,220288,2,0,73,0,8,,220289,2,,,0,8,,220290,2,0,73,0,17,,220292,2,0,73,0,1,,220291,2,,,0,5,,220293,2,,,0,49,,220294,2,0,73,0,8,,220295,2,,,0,4,,220296,2,0,73,0,7,,220297,2,,,0,8,,220298,2,0,73,0,10,,220299,2,,,0,10,,220300,2,,,0,51,,220301,2,,,0,15,,220302,2,,,0,16,,220303,2,,,0,14,,220304,2,,,0,55,,220305,2,,,0,19,,220306,2,,,0,20,,220307,2,,,0,61,,220308,2,,,0,19,,220309,2,,,0,20,,220310,2,,,0,60,,220311,2,,,0,20,,220312,2,,,0,20,,220313,2,,,0,60,,220314,2,,,0,20,,220315,2,,,0,20,,220316,2,,,0,60,,220317,2,,,0,20,,220318,2,,,0,15,,220319,2,,,0,11,,220320,2,,,0,9,,220321,2,0,73,0,45,,220322,2,,,0,10,,220323,2,0,73,0,5,,220324,2,,,0,9,,220325,2,0,73,0,6,,220326,2,,,0,10,,220327,2,0,73,0,5,,220328,2,,,0,10,,220329,2,0,73,0,45,,220330,2,,,0,10,,220331,2,0,73,0,4,,220332,2,,,0,12,,220333,2,0,73,0,3,,220334,2,,,0,13,,220335,2,0,73,0,0,,220336,2,,,0,13,,220338,2,,,0,2,,220337,2,0,73,0,51,,220340,2,,,0,1,,220339,2,0,73,0,18,,220341,2,0,73,0,7,,220342,2,,,0,14,,220343,2,,,0,54,,220344,2,,,0,15,,220345,2,,,0,20,,220346,2,,,0,20,,220347,2,,,0,62,,220348,2,,,0,20,,220349,2,,,0,20,,220350,2,,,0,60,,220351,2,,,0,20,,220352,2,,,0,20,,220353,2,,,0,60,,220354,2,,,0,20,,220355,2,,,0,20,,220356,2,,,0,60,,220357,2,,,0,20,,220358,2,,,0,20,,220359,2,,,0,60,,220360,2,,,0,20,,220361,2,,,0
674801,'2',616,,220394,2,,,0,20,,220395,2,,,0,20,,220396,2,,,0,60,,220362,2,,,0,30,,220363,2,,,0,70,,220364,2,,,0,30,,220365,2,,,0,70,,220366,2,,,0,30,,220367,2,,,0,70,,220368,2,,,0,30,,220369,2,,,0,70,,220370,2,,,0,30,,220371,2,,,0,60,,220372,2,,,0,20,,220397,2,,,0,21,,220373,2,,,0,60,,220398,2,,,0,20,,220374,2,,,0,20,,220375,2,,,0,60,,220376,2,,,0,20,,220399,2,,,0,20,,220377,2,,,0,69,,220378,2,,,0,31,,220379,2,,,0,70,,220380,2,,,0,30,,220381,2,,,0,70,,220382,2,,,0,30,,220383,2,,,0,70,,220384,2,,,0,30,,220385,2,,,0,70,,220386,2,,,0,30,,220387,2,,,0,70,,220388,2,,,0,30,,220389,2,,,0,70,,220390,2,,,0,25,,220400,2,,,0,58,,220391,2,,,0,20,,220392,2,,,0,25,,220393,2,,,0
674801,'3',645,,220427,2,,,0,70,,220431,2,,,0,30,,220426,2,,,0,70,,220432,2,,,0,30,,220425,2,,,0,70,,220433,2,,,0,30,,220424,2,,,0,70,,220416,2,,,0,30,,220422,2,,,0,70,,220415,2,,,0,30,,220421,2,,,0,70,,220414,2,,,0,30,,220420,2,,,0,70,,220413,2,,,0,30,,220419,2,,,0,70,,220412,2,,,0,30,,220423,2,,,0,70,,220411,2,,,0,30,,220418,2,,,0,70,,220410,2,,,0,30,,220402,2,,,0,70,,220409,2,,,0,30,,220417,2,,,0,70,,220408,2,,,0,30,,220406,2,,,0,70,,220407,2,,,0,30,,220405,2,,,0,70,,220428,2,,,0,30,,220404,2,,,0,70,,220429,2,,,0,30,,220403,2,,,0,70,,220430,2,,,0,32,,220401,2,,,0
