665600,'1_merged_15727750',620,,203083,2,,,0,20,,203084,2,,,0,19,,203085,2,,,0,60,,203086,2,,,0,20,,203087,2,,,0,20,,203088,2,,,0,50,,203089,2,,,0,10,,203090,2,,,0,10,,203091,2,,,0,10,,203092,2,,,0,10,,203093,2,,,0,51,,203094,2,,,0,10,,203095,2,,,0,10,,203096,2,,,0,10,,203097,2,,,0,10,,203098,2,,,0,10,,203099,2,,,0,50,,203100,2,,,0,15,,203137,2,,,0,10,,203101,2,,,0,15,,203102,2,,,0,15,,203138,2,,,0,50,,203103,2,,,0,15,,203104,2,,,0,15,,203105,2,,,0,15,,203139,2,,,0,54,,203106,2,,,0,15,,203107,2,,,0,15,,203108,2,,,0,15,,203140,2,,,0,55,,203109,2,,,0,15,,203110,2,,,0,15,,203111,2,,,0,15,,203141,2,,,0,55,,203112,2,,,0,15,,203113,2,,,0,13,,203114,2,,,0,12,,203115,2,,,0,12,,203116,2,,,0,52,,203117,2,,,0,12,,203118,2,,,0,12,,203119,2,,,0,12,,203120,2,,,0,12,,203121,2,,,0,51,,203122,2,,,0,11,,203123,2,,,0,11,,203124,2,,,0,11,,203125,2,,,0,11,,203126,2,,,0,51,,203127,2,,,0,11,,203128,2,,,0,11,,203142,2,,,0,11,,203129,2,,,0,11,,203130,2,,,0,11,,203131,2,,,0,51,,203132,2,,,0,11,,203133,2,,,0,17,,203134,2,,,0,13,,203143,2,,,0,52,,203135,2,,,0,18,,203144,2,,,0,20,,203136,2,,,0
665701,'1_merged_15727750',548,,203395,2,,,0,69,,203389,2,,,0,20,,203349,2,,,0,19,,203368,2,,,0,56,,203386,2,,,0,15,,203394,2,,,0,15,,203397,2,,,0,15,,203385,2,,,0,55,,203365,2,,,0,15,,203384,2,,,0,18,,203364,2,,,0,55,,203398,2,,,0,15,,203379,2,,,0,15,,203387,2,,,0,14,,203403,2,,,0,15,,203351,2,,,0,54,,203380,2,,,0,15,,203346,2,,,0,15,,203352,2,,,0,14,,203375,2,,,0,54,,203381,2,,,0,15,,203391,2,,,0,15,,203353,2,,,0,15,,203390,2,,,0,55,,203382,2,,,0,15,,203402,2,,,0,15,,203354,2,,,0,15,,203399,2,,,0,55,,203383,2,,,0,15,,203400,2,,,0,15,,203355,2,,,0,17,,203374,2,,,0,55,,203362,2,,,0,14,,203371,2,,,0,13,,203356,2,,,0,14,,203345,2,,,0,54,,203363,2,,,0,16,,203358,2,,,0,13,,203350,2,,,0,16,,203366,2,,,0,56,,203357,2,,,0,15,,203359,2,,,0,15,,203388,2,,,0,15,,203373,2,,,0,57,,203370,2,,,0,13,,203406,2,,,0,15,,203360,2,,,0,15,,203367,2,,,0,55,,203347,2,,,0,15,,203361,2,,,0,15,,203408,2,,,0,65,,203376,2,,,0,29,,203407,2,,,0,69,,203369,2,,,0,29,,203401,2,,,0,69,,203396,2,,,0,27,,203392,2,,,0,29,,203372,2,,,0,70,,203348,2,,,0,30,,203377,2,,,0,72,,203393,2,,,0,73,,203378,2,,,0,33,,203404,2,,,0
665701,'2_merged_15727752',642,,203432,2,,,0,99,,203419,2,,,0,73,,203411,2,,,0,36,,203429,2,,,0,74,,203415,2,,,0,76,,203421,2,,,0,29,,203412,2,,,0,20,,203447,2,,,0,60,,203433,2,,,0,20,,203448,2,,,0,25,,203425,2,,,0,58,,203442,2,,,0,20,,203449,2,,,0,20,,203424,2,,,0,60,,203428,2,,,0,20,,203450,2,,,0,20,,203430,2,,,0,60,,203443,2,,,0,20,,203451,2,,,0,20,,203444,2,,,0,60,,203420,2,,,0,20,,203452,2,,,0,20,,203417,2,,,0,60,,203441,2,,,0,20,,203410,2,,,0,22,,203413,2,,,0,61,,203438,2,,,0,20,,203445,2,,,0,20,,203437,2,,,0,60,,203440,2,,,0,20,,203418,2,,,0,22,,203426,2,,,0,60,,203439,2,,,0,20,,203414,2,,,0,63,,203416,2,,,0,30,,203435,2,,,0,27,,203434,2,,,0,73,,203423,2,,,0,28,,203422,2,,,0,70,,203409,2,,,0,30,,203427,2,,,0,70,,203431,2,,,0,30,,203446,2,,,0,70,,203436,2,,,0
665701,'3_merged_15727751',805,,203481,2,,,0,100,,203482,2,,,0,30,,203453,2,,,0,70,,203461,2,,,0,29,,203486,2,,,0,69,,203454,2,,,0,30,,203463,2,,,0,70,,203460,2,,,0,30,,203462,2,,,0,70,,203467,2,,,0,30,,203476,2,,,0,70,,203475,2,,,0,30,,203465,2,,,0,70,,203473,2,,,0,30,,203472,2,,,0,70,,203471,2,,,0,30,,203470,2,,,0,72,,203458,2,,,0,30,,203474,2,,,0,70,,203477,2,,,0,30,,203469,2,,,0,70,,203485,2,,,0,30,,203484,2,,,0,70,,203483,2,,,0,30,,203468,2,,,0,70,,203466,2,,,0,30,,203459,2,,,0,70,,203457,2,,,0,30,,203456,2,,,0,70,,203455,2,,,0,30,,203464,2,,,0,19,,203479,2,,,0,76,,203478,2,,,0
665801,'1_merged_15727750',547,,203712,2,,,0,65,,203713,2,,,0,16,,203714,2,,,0,13,,203715,2,,,0,15,,203716,2,,,0,60,,203717,2,,,0,9,,203718,2,,,0,6,,203719,2,,,0,6,,203720,2,,,0,7,,203721,2,,,0,7,,203722,2,,,0,5,,203723,2,,,0,46,,203724,2,,,0,6,,203725,2,,,0,6,,203726,2,,,0,6,,203727,2,,,0,6,,203728,2,,,0,6,,203729,2,,,0,6,,203730,2,,,0,6,,203731,2,,,0,6,,203732,2,,,0,6,,203733,2,,,0,46,,203734,2,,,0,6,,203735,2,,,0,6,,203736,2,,,0,6,,203737,2,,,0,6,,203738,2,,,0,6,,203739,2,,,0,6,,203740,2,,,0,5,,203741,2,,,0,7,,203742,2,,,0,5,,203820,2,,,0,47,,203743,2,,,0,9,,203744,2,,,0,8,,203745,2,,,0,9,,203746,2,,,0,8,,203821,2,,,0,8,,203747,2,,,0,9,,203748,2,,,0,48,,203749,2,,,0,9,,203750,2,,,0,8,,203751,2,,,0,8,,203822,2,,,0,9,,203752,2,,,0,8,,203753,2,,,0,9,,203754,2,,,0,48,,203755,2,,,0,9,,203756,2,,,0,8,,203823,2,,,0,8,,203757,2,,,0,9,,203758,2,,,0,8,,203759,2,,,0,8,,203760,2,,,0,9,,203761,2,,,0,48,,203824,2,,,0,8,,203762,2,,,0,8,,203763,2,,,0,9,,203764,2,,,0,8,,203765,2,,,0,9,,203766,2,,,0,8,,203825,2,,,0,48,,203767,2,,,0,9,,203768,2,,,0,9,,203769,2,,,0,9,,203770,2,,,0,9,,203771,2,,,0,9,,203772,2,,,0,8,,203826,2,,,0,48,,203773,2,,,0,8,,203774,2,,,0,9,,203775,2,,,0,9,,203776,2,,,0,9,,203777,2,,,0,10,,203778,2,,,0,8,,203779,2,,,0,52,,203781,2,,,0,11,,203782,2,,,0,4,,203783,2,,,0,3,,203780,2,,,0,4,,203784,2,,,0,6,,203785,2,,,0,7,,203786,2,,,0,13,,203788,2,,,0,52,,203789,2,,,0,3,,203790,2,,,0,4,,203787,2,,,0,4,,203791,2,,,0,5,,203792,2,,,0,4,,203827,2,,,0,4,,203793,2,,,0,12,,203794,2,,,0,12,,203795,2,,,0,51,,203796,2,,,0,9,,203797,2,,,0,11,,203828,2,,,0,10,,203798,2,,,0,10,,203799,2,,,0,50,,203800,2,,,0,11,,203801,2,,,0,16,,203802,2,,,0,17,,203803,2,,,0,12,,203804,2,,,0,56,,203805,2,,,0,16,,203806,2,,,0,14,,203807,2,,,0,17,,203808,2,,,0,61,,203809,2,,,0,18,,203810,2,,,0,63,,203811,2,,,0,18,,203812,2,,,0,22,,203813,2,,,0,68,,203814,2,,,0,32,,203815,2,,,0,68,,203816,2,,,0,32,,203817,2,,,0,68,,203818,2,,,0,28,,203819,2,,,0
665801,'2_merged_15727752',656,,203837,2,,,0,58,,203836,2,,,0,21,,203838,2,,,0,19,,203839,2,,,0,62,,203840,2,,,0,22,,203841,2,,,0,20,,203842,2,,,0,60,,203843,2,,,0,17,,203844,2,,,0,20,,203845,2,,,0,60,,203846,2,,,0,21,,203847,2,,,0,19,,203848,2,,,0,60,,203849,2,,,0,18,,203850,2,,,0,16,,203851,2,,,0,60,,203870,2,,,0,15,,203852,2,,,0,14,,203853,2,,,0,15,,203854,2,,,0,55,,203871,2,,,0,15,,203855,2,,,0,16,,203856,2,,,0,14,,203857,2,,,0,53,,203872,2,,,0,15,,203858,2,,,0,14,,203859,2,,,0,15,,203860,2,,,0,56,,203873,2,,,0,15,,203861,2,,,0,15,,203862,2,,,0,15,,203863,2,,,0,56,,203874,2,,,0,15,,203864,2,,,0,15,,203865,2,,,0,14,,203866,2,,,0,56,,203875,2,,,0,16,,203867,2,,,0,10,,203868,2,,,0,20,,203869,2,,,0,62,,203876,2,,,0,20,,203877,2,,,0,22,,203878,2,,,0,60,,203879,2,,,0,21,,203880,2,,,0,20,,203881,2,,,0,61,,203882,2,,,0,20,,203883,2,,,0,20,,203884,2,,,0,60,,203885,2,,,0,21,,203835,2,,,0,60,,203834,2,,,0,29,,203833,2,,,0,79,,203832,2,,,0,37,,203830,2,,,0,77,,203831,2,,,0,37,,203829,2,,,0
665801,'3_merged_15727751',751,,203886,2,,,0,61,,203887,2,,,0,18,,203888,2,,,0,19,,203889,2,,,0,60,,203890,2,,,0,20,,203891,2,,,0,20,,203892,2,,,0,61,,203893,2,,,0,21,,203894,2,,,0,14,,203895,2,,,0,14,,203896,2,,,0,55,,203897,2,,,0,16,,203898,2,,,0,15,,203899,2,,,0,55,,203900,2,,,0,15,,203901,2,,,0,15,,203902,2,,,0,15,,203903,2,,,0,55,,203904,2,,,0,15,,203905,2,,,0,15,,203906,2,,,0,15,,203907,2,,,0,55,,203908,2,,,0,15,,203909,2,,,0,15,,203910,2,,,0,15,,203911,2,,,0,55,,203912,2,,,0,15,,203913,2,,,0,15,,203914,2,,,0,16,,203915,2,,,0,54,,203916,2,,,0,15,,203917,2,,,0,15,,203918,2,,,0,16,,203919,2,,,0,55,,203920,2,,,0,15,,203921,2,,,0,16,,203922,2,,,0,20,,203923,2,,,0,60,,203924,2,,,0,20,,203925,2,,,0,20,,203926,2,,,0,60,,203927,2,,,0,21,,203928,2,,,0,20,,203929,2,,,0,60,,203930,2,,,0,20,,203931,2,,,0,67,,203932,2,,,0,30,,203933,2,,,0,70,,203934,2,,,0,30,,203935,2,,,0,70,,203936,2,,,0,30,,203937,2,,,0,70,,203938,2,,,0,30,,203939,2,,,0
683801,'1_merged_15727750',2455,,225176,2,,,0,69,,225172,2,,,0,30,,225171,2,,,0,70,,225170,2,,,0,33,,225173,2,,,0,67,,225174,2,,,0,29,,225175,2,,,0,80,,225168,2,,,0,70,,225169,2,,,0
683801,'2_merged_15727752',2524,,225178,2,,,0,77,,225180,2,,,0,21,,225179,2,,,0,20,,225181,2,,,0,62,,225182,2,,,0,21,,225183,2,,,0,20,,225184,2,,,0,67,,225185,2,,,0,30,,225186,2,,,0,69,,225177,2,,,0
683801,'3_merged_15727751',2522,,225188,2,,,0,30,,225187,2,,,0,71,,225189,2,,,0,36,,225190,2,,,0,60,,225191,2,,,0,34,,225192,2,,,0,70,,225193,2,,,0,80,,225194,2,,,0
