667700,'1',613,,207556,11,,,0,29,,207557,11,,,0,72,,207558,11,,,0,28,,207559,11,,,0,72,,207560,11,,,0,28,,207561,11,,,0,80,,207562,11,,,0,24,,207563,11,,,0,87,,207564,11,,,0,74,,207565,11,,,0,26,,207566,11,,,0,70,,207567,11,,,0,30,,207568,11,,,0,71,,207569,11,,,0,31,,207570,11,,,0,69,,207571,11,,,0,13,,207572,11,,,0,31,,207573,11,,,0,66,,207574,11,,,0,20,,207575,11,,,0,14,,207576,11,,,0,69,,207577,11,,,0,19,,207578,11,,,0,12,,207579,11,,,0,59,,207580,11,,,0,13,,207581,11,,,0,19,,207582,11,,,0,20,,207583,11,,,0,53,,207584,11,,,0,16,,207585,11,,,0,12,,207586,11,,,0,16,,207587,11,,,0,50,,207588,11,,,0,11,,207602,11,,,0,15,,207597,11,,,0,17,,207598,11,,,0,56,,207599,11,,,0,15,,207600,11,,,0,15,,207601,11,,,0,12,,207589,11,,,0,68,,207590,11,,,0,29,,207591,11,,,0,69,,207592,11,,,0,30,,207593,11,,,0,70,,207594,11,,,0,30,,207595,11,,,0,69,,207596,11,,,0
667700,'101',1606,,207553,11,,,0
667700,'1101',2515,,207554,11,,,0
667700,'1201',2515,,207555,11,,,0
667700,'2',647,,207641,11,,,0,66,,207623,11,,,0,31,,207648,11,,,0,70,,207624,11,,,0,30,,207647,11,,,0,70,,207625,11,,,0,31,,207646,11,,,0,70,,207626,11,,,0,31,,207645,11,,,0,70,,207630,11,,,0,29,,207643,11,,,0,71,,207604,11,,,0,31,,207605,11,,,0,70,,207606,11,,,0,33,,207607,11,,,0,56,,207608,11,,,0,20,,207609,11,,,0,22,,207610,11,,,0,59,,207611,11,,,0,19,,207612,11,,,0,21,,207613,11,,,0,60,,207614,11,,,0,20,,207615,11,,,0,21,,207616,11,,,0,59,,207617,11,,,0,25,,207618,11,,,0,17,,207619,11,,,0,60,,207620,11,,,0,22,,207621,11,,,0,21,,207622,11,,,0,64,,207649,11,,,0,16,,207627,11,,,0,14,,207628,11,,,0,55,,207629,11,,,0,16,,207644,11,,,0,30,,207631,11,,,0,71,,207642,11,,,0,28,,207632,11,,,0,70,,207640,11,,,0,30,,207633,11,,,0,69,,207639,11,,,0,30,,207634,11,,,0,69,,207635,11,,,0,32,,207636,11,,,0,65,,207637,11,,,0,36,,207638,11,,,0
667700,'201',1606,,207603,11,,,0
667700,'3',816,,207650,11,,,0,30,,207651,11,,,0,70,,207652,11,,,0,29,,207653,11,,,0,69,,207654,11,,,0,30,,207655,11,,,0,69,,207656,11,,,0,32,,207657,11,,,0,69,,207658,11,,,0,31,,207659,11,,,0,70,,207660,11,,,0,31,,207661,11,,,0,72,,207662,11,,,0,31,,207687,11,,,0,53,,207663,11,,,0,28,,207664,11,,,0,15,,207665,11,,,0,57,,207686,11,,,0,30,,207666,11,,,0,17,,207667,11,,,0,56,,207685,11,,,0,29,,207668,11,,,0,13,,207669,11,,,0,59,,207684,11,,,0,28,,207670,11,,,0,14,,207671,11,,,0,60,,207683,11,,,0,23,,207672,11,,,0,15,,207681,11,,,0,59,,207682,11,,,0,25,,207673,11,,,0,17,,207674,11,,,0,67,,207675,11,,,0,30,,207680,11,,,0,72,,207676,11,,,0,30,,207679,11,,,0,70,,207677,11,,,0,34,,207678,11,,,0
667800,'1',538,,207824,11,,,0,15,,207825,11,,,0,74,,207826,11,,,0,21,,207827,11,,,0,56,,207828,11,,,0,13,,207829,11,,,0,15,,207830,11,,,0,13,,207831,11,,,0,57,,207832,11,,,0,33,,207833,11,,,0,67,,207834,11,,,0,30,,207835,11,,,0,74,,207836,11,,,0,25,,207837,11,,,0,70,,207838,11,,,0,30,,207839,11,,,0,70,,207840,11,,,0,28,,207841,11,,,0,71,,207842,11,,,0,28,,207843,11,,,0,27,,207844,11,,,0,76,,207845,11,,,0,69,,207846,11,,,0,20,,207847,11,,,0,22,,207848,11,,,0,59,,207849,11,,,0,14,,207850,11,,,0,17,,207851,11,,,0,15,,207852,11,,,0,57,,207853,11,,,0,13,,207854,11,,,0,17,,207855,11,,,0,11,,207856,11,,,0,62,,207857,11,,,0,10,,207858,11,,,0,10,,207859,11,,,0,10,,207860,11,,,0,10,,207861,11,,,0,60,,207862,11,,,0,13,,207863,11,,,0,30,,207864,11,,,0,71,,207865,11,,,0,30,,207866,11,,,0,78,,207867,11,,,0,30,,207868,11,,,0,97,,207869,11,,,0,99,,207870,11,,,0,99,,207871,11,,,0
667800,'2',604,,207872,5,,,0,24,,207873,11,,,0,30,,207874,11,,,0,70,,207875,11,,,0,72,,207876,11,,,0,31,,207877,11,,,0,70,,207878,11,,,0,30,,207879,11,,,0,70,,207880,11,,,0,29,,207881,11,,,0,70,,207882,11,,,0,30,,207883,11,,,0,70,,207884,11,,,0,31,,207885,11,,,0,71,,207886,11,,,0,28,,207887,11,,,0,74,,207888,11,,,0,26,,207889,11,,,0,29,,207890,11,,,0,70,,207891,11,,,0,30,,207892,11,,,0,73,,207893,11,,,0,69,,207894,11,,,0,30,,207895,11,,,0,70,,207908,11,,,0,30,,207896,11,,,0,70,,207897,11,,,0,30,,207898,11,,,0,70,,207899,11,,,0,30,,207900,11,,,0,70,,207901,11,,,0,28,,207902,11,,,0,17,,207903,11,,,0,70,,207904,11,,,0,30,,207905,11,,,0,100,,207906,11,,,0,100,,207907,11,,,0
667800,'3',758,,207909,5,,,0,69,,207910,11,,,0,32,,207911,11,,,0,69,,207912,11,,,0,29,,207913,11,,,0,63,,207914,11,,,0,30,,207915,11,,,0,71,,207916,11,,,0,37,,207917,11,,,0,73,,207918,11,,,0,71,,207919,11,,,0,29,,207920,11,,,0,70,,207921,11,,,0,31,,207922,11,,,0,70,,207923,11,,,0,30,,207924,11,,,0,70,,207925,11,,,0,30,,207926,11,,,0,70,,207927,11,,,0,30,,207928,11,,,0,70,,207929,11,,,0,29,,207930,11,,,0,71,,207931,11,,,0,30,,207932,11,,,0,70,,207933,11,,,0,30,,207934,11,,,0,25,,207935,11,,,0,92,,207936,11,,,0,95,,207937,11,,,0,105,,207938,11,,,0,95,,207939,11,,,0
667901,'1',542,,208148,22,,,0,65,,208149,22,,,0,28,,208150,22,,,0,68,,208151,22,,,0,27,,208152,22,,,0,78,,208153,22,,,0,32,,208154,22,,,0,73,,208155,22,,,0,23,,208156,22,,,0,70,,208157,22,,,0,33,,208158,22,,,0,72,,208159,22,,,0,32,,208160,22,,,0,69,,208161,22,,,0,29,,208162,22,,,0,70,,208163,22,,,0,30,,208164,22,,,0,70,,208165,22,,,0,30,,208166,22,,,0,73,,208167,22,,,0,31,,208168,22,,,0,67,,208169,22,,,0,32,,208170,22,,,0,68,,208171,22,,,0,31,,208172,22,,,0,68,,208173,22,,,0,27,,208174,22,,,0,78,,208175,22,,,0,26,,208176,22,,,0,64,,208177,22,,,0,32,,208178,22,,,0,69,,208179,22,,,0,30,,208180,22,,,0,71,,208181,22,,,0
667901,'2',631,,208182,22,,,0,72,,208183,22,,,0,29,,208184,22,,,0,23,,208185,22,,,0,79,,208186,22,,,0,69,,208187,22,,,0,31,,208188,22,,,0,73,,208189,22,,,0,30,,208190,22,,,0,71,,208191,22,,,0,32,,208192,22,,,0,70,,208193,22,,,0,31,,208194,22,,,0,71,,208195,22,,,0,30,,208196,22,,,0,70,,208197,22,,,0,30,,208198,22,,,0,69,,208199,22,,,0,30,,208200,22,,,0,69,,208201,22,,,0,30,,208202,22,,,0,72,,208203,22,,,0,23,,208204,22,,,0,72,,208205,22,,,0,31,,208206,22,,,0,69,,208207,22,,,0,29,,208208,22,,,0,69,,208209,22,,,0,31,,208210,22,,,0,71,,208211,22,,,0,30,,208212,22,,,0,70,,208213,22,,,0
667901,'3',736,,208214,22,,,0,70,,208215,22,,,0,30,,208216,22,,,0,70,,208217,22,,,0,30,,208218,22,,,0,71,,208219,22,,,0,29,,208220,22,,,0,72,,208221,22,,,0,33,,208222,22,,,0,66,,208223,22,,,0,30,,208224,22,,,0,77,,208225,22,,,0,26,,208226,22,,,0,70,,208227,22,,,0,30,,208228,22,,,0,71,,208229,22,,,0,30,,208230,22,,,0,70,,208231,22,,,0,31,,208232,22,,,0,70,,208233,22,,,0,30,,208234,22,,,0,69,,208235,22,,,0,29,,208236,22,,,0,69,,208237,22,,,0,30,,208238,22,,,0,69,,208239,22,,,0,30,,208240,22,,,0,70,,208241,22,,,0,30,,208242,22,,,0,68,,208243,22,,,0
668300,'1',626,,208991,5,,,0,9,,208992,5,,,0,17,,208993,5,,,0,56,,208994,5,,,0,31,,208995,5,,,0,869,,208996,27,,,0,19,,208997,27,,,0,16,,208998,27,,,0,10,,208999,27,,,0,59,,209000,27,,,0,28,,209001,27,,,0,68,,209002,27,,,0,13,,209003,27,,,0,11,,209004,27,,,0,12,,209005,27,,,0,66,,209006,27,,,0,24,,209007,27,,,0,25,,209008,27,,,0
683700,'1',2535,,225098,38,,,0,20,,225099,38,,,0,60,,225100,38,,,0,29,,225101,38,,,0,74,,225102,38,,,0,19,,225103,38,,,0,68,,225104,38,,,0
683700,'1101',2655,,225096,38,,,0
683700,'1201',2655,,225097,38,,,0
683700,'2',521,,225113,12,,,0,2019,,225107,38,,,0,63,,225112,38,,,0,14,,225106,38,,,0,19,,225111,38,,,0,20,,225108,38,,,0,70,,225110,38,,,0,12,,225109,38,,,0,74,,225105,38,,,0
683700,'3',551,,225114,12,,,0,74,,225115,12,,,0,31,,225116,12,,,0,69,,225117,32,,,0,1687,,225120,38,,,0,32,,225121,38,,,0,70,,225122,38,,,0,37,,225123,38,,,0,71,,225124,38,,,0,24,,225125,38,,,0,88,,225126,38,,,0,25,,225127,38,,,0
