673900,'1',801,,219410,1,,,0
673900,'101',745,,219401,1,,,0,756,,219402,1,,,0
681400,'1',527,,222655,41,4,,0,117,,222656,41,4,,0,70,,222657,41,4,,0,30,,222658,41,4,,0,60,,222659,41,4,,0,20,,222660,41,4,,0,20,,222661,41,4,,0,60,,222662,41,4,,0,20,,222663,41,4,,0,20,,222664,41,4,,0,60,,222688,41,4,,0,20,,222665,41,4,,0,20,,222666,41,4,,0,60,,222689,41,4,,0,20,,222667,41,4,,0,20,,222668,41,4,,0,60,,222690,41,4,,0,20,,222669,41,4,,0,20,,222670,41,4,,0,60,,222691,41,4,,0,20,,222671,41,4,,0,20,,222672,41,4,,0,60,,222692,41,4,,0,20,,222673,41,4,,0,20,,222674,41,4,,0,60,,222693,41,4,,0,20,,222675,41,4,,0,20,,222676,41,4,,0,60,,222694,41,4,,0,20,,222677,41,4,,0,20,,222678,41,4,,0,60,,222695,41,4,,0,20,,222679,41,4,,0,20,,222680,41,4,,0,60,,222696,41,4,,0,20,,222681,41,4,,0,20,,222682,41,4,,0,103,,222683,41,4,,0,100,,222684,41,4,,0,100,,222685,41,4,,0,100,,222686,41,4,,0,100,,222687,41,4,,0
681400,'1803',1956,,222651,41,4,,0,100,,222652,41,4,,0,100,,222653,41,4,,0,100,,222654,41,4,,0
681400,'2',821,,222697,41,4,,0,30,,222698,41,4,,0,60,,222699,41,4,,0,20,,222700,41,4,,0,20,,222701,41,4,,0,60,,222702,41,4,,0,20,,222703,41,4,,0,20,,222704,41,4,,0,60,,222705,41,4,,0,20,,222706,41,4,,0,20,,222707,41,4,,0,60,,222708,41,4,,0,20,,222709,41,4,,0,20,,222710,41,4,,0,60,,222711,41,4,,0,20,,222712,41,4,,0,20,,222713,41,4,,0,60,,222714,41,4,,0,20,,222715,41,4,,0,20,,222716,41,4,,0,60,,222717,41,4,,0,20,,222718,41,4,,0,20,,222719,41,4,,0,60,,222720,41,4,,0,20,,222721,41,4,,0,20,,222722,41,4,,0,70,,222723,41,4,,0,30,,222724,41,4,,0,70,,222725,41,4,,0,32,,222726,41,4,,0,103,,222727,41,4,,0,100,,222728,41,4,,0,100,,222729,41,4,,0,100,,222730,41,4,,0,103,,222731,41,4,,0
681400,'3',856,,222732,41,4,,0,100,,222733,41,4,,0,100,,222734,41,4,,0,100,,222735,41,4,,0,100,,222736,41,4,,0,100,,222737,41,4,,0,100,,222738,41,4,,0,100,,222739,41,4,,0,100,,222740,41,4,,0,100,,222741,41,4,,0,100,,222742,41,4,,0
681401,'1',527,,222747,1,,,0,123,,222748,1,,,0,80,,222749,1,,,0,20,,222750,1,,,0,60,,222751,1,,,0,20,,222752,1,,,0,20,,222753,1,,,0,60,,222754,1,,,0,20,,222755,1,,,0,20,,222756,1,,,0,60,,222780,1,,,0,20,,222757,1,,,0,20,,222758,1,,,0,60,,222781,1,,,0,20,,222759,1,,,0,20,,222760,1,,,0,60,,222782,1,,,0,20,,222761,1,,,0,20,,222762,1,,,0,60,,222783,1,,,0,20,,222763,1,,,0,20,,222764,1,,,0,60,,222784,1,,,0,20,,222765,1,,,0,20,,222766,1,,,0,60,,222785,1,,,0,20,,222767,1,,,0,20,,222768,1,,,0,60,,222786,1,,,0,20,,222769,1,,,0,20,,222770,1,,,0,60,,222787,1,,,0,20,,222771,1,,,0,20,,222772,1,,,0,60,,222788,1,,,0,20,,222773,1,,,0,80,,222774,1,,,0,100,,222775,1,,,0,100,,222776,1,,,0,100,,222777,1,,,0,100,,222778,1,,,0,100,,222779,1,,,0
681401,'1803',2003,,222743,1,,,0,100,,222744,1,,,0,100,,222745,1,,,0,100,,222746,1,,,0
681401,'2',840,,222789,1,,,0,60,,222790,1,,,0,20,,222791,1,,,0,20,,222792,1,,,0,60,,222793,1,,,0,20,,222794,1,,,0,20,,222795,1,,,0,60,,222796,1,,,0,20,,222797,1,,,0,20,,222798,1,,,0,60,,222799,1,,,0,20,,222800,1,,,0,20,,222801,1,,,0,60,,222802,1,,,0,20,,222803,1,,,0,20,,222804,1,,,0,60,,222805,1,,,0,20,,222806,1,,,0,20,,222807,1,,,0,60,,222808,1,,,0,20,,222809,1,,,0,20,,222810,1,,,0,60,,222811,1,,,0,20,,222812,1,,,0,20,,222813,1,,,0,60,,222814,1,,,0,28,,222815,1,,,0,72,,222816,1,,,0,30,,222817,1,,,0,70,,222818,1,,,0,100,,222819,1,,,0,100,,222820,1,,,0,100,,222821,1,,,0,100,,222822,1,,,0,103,,222823,1,,,0
681401,'3',903,,222824,1,,,0,100,,222825,1,,,0,100,,222826,1,,,0,100,,222827,1,,,0,100,,222828,1,,,0,100,,222829,1,,,0,100,,222830,1,,,0,100,,222831,1,,,0,100,,222832,1,,,0,100,,222833,1,,,0,100,,222834,1,,,0
