666401,'1',616,,205281,45,,,0,30,,205282,45,,,0,69,,205264,45,,,0,34,,205297,45,,,0,73,,205265,45,,,0,28,,205266,45,,,0,75,,205267,45,,,0,25,,205268,45,,,0,65,,205270,45,,,0,32,,205271,45,,,0,72,,205272,45,,,0,31,,205273,45,,,0,71,,205275,45,,,0,30,,205274,45,,,0,66,,205269,45,,,0,29,,205276,45,,,0,75,,205277,45,,,0,30,,205283,45,,,0,72,,205284,45,,,0,30,,205287,45,,,0,70,,205285,45,,,0,30,,205286,45,,,0,70,,205278,45,,,0,29,,205288,45,,,0,70,,205289,45,,,0,32,,205290,45,,,0,73,,205291,45,,,0,31,,205292,45,,,0,71,,205293,45,,,0,24,,205294,45,,,0,86,,205300,45,,,0,80,,205279,45,,,0,40,,205299,45,,,0,79,,205280,45,,,0,80,,205295,45,,,0,40,,205298,45,,,0,80,,205296,45,,,0
666401,'2',551,,205301,45,,,0,70,,205302,45,,,0,30,,205303,45,,,0,70,,205304,45,,,0,32,,205305,45,,,0,70,,205306,45,,,0,32,,205307,45,,,0,72,,205308,45,,,0,31,,205309,45,,,0,70,,205310,45,,,0,30,,205311,45,,,0,70,,205312,45,,,0,29,,205313,45,,,0,71,,205314,45,,,0,29,,205315,45,,,0,74,,205316,45,,,0,70,,205317,45,,,0,30,,205318,45,,,0,70,,205319,45,,,0,29,,205320,45,,,0,70,,205321,45,,,0,31,,205322,45,,,0,70,,205323,45,,,0,29,,205324,45,,,0,70,,205325,45,,,0,30,,205326,45,,,0,29,,205327,45,,,0,70,,205328,45,,,0,28,,205329,45,,,0,69,,205330,45,,,0,30,,205331,45,,,0,100,,205332,45,,,0,98,,205333,45,,,0,100,,205334,45,,,0,185,,205335,45,,,0
666401,'3',657,,205343,45,,,0,102,,205344,45,,,0,141,,205345,45,,,0,45,,205346,45,,,0,101,,205347,45,,,0,100,,205348,45,,,0,69,,205361,45,,,0,33,,205349,45,,,0,69,,205355,45,,,0,31,,205350,45,,,0,70,,205356,45,,,0,30,,205351,45,,,0,67,,205357,45,,,0,33,,205352,45,,,0,69,,205358,45,,,0,31,,205342,45,,,0,69,,205359,45,,,0,31,,205353,45,,,0,69,,205360,45,,,0,31,,205354,45,,,0,99,,205339,45,,,0,98,,205336,45,,,0,98,,205341,45,,,0,101,,205337,45,,,0,175,,205338,45,,,0,124,,205340,45,,,0
684101,'1',352,,225278,28,,,0,69,,225277,28,,,0,12,,225276,28,,,0,2006,,225280,28,,,0,70,,225274,28,,,0,35,,225273,28,,,0,70,,225272,28,,,0,30,,225275,28,,,0,75,,225279,28,,,0
684101,'2',347,,225281,28,,,0,72,,225286,28,,,0,31,,225287,28,,,0,68,,225288,28,,,0,28,,225285,28,,,0,1890,,225290,28,,,0,75,,225282,28,,,0,37,,225289,28,,,0,61,,225283,28,,,0,29,,225284,28,,,0,78,,225291,28,,,0
684101,'3',351,,225300,28,,,0,70,,225302,28,,,0,28,,225299,28,,,0,70,,225298,28,,,0,14,,225305,28,,,0,15,,225295,28,,,0,53,,225306,28,,,0,15,,225297,28,,,0,1794,,225303,28,,,0,32,,225304,28,,,0,70,,225292,28,,,0,27,,225293,28,,,0,70,,225294,28,,,0,38,,225296,28,,,0,70,,225301,28,,,0
3004301,'1',459,,231739,27,,,0,60,,231738,27,,,0,19,,231737,27,,,0,21,,231736,27,,,0,58,,231751,27,,,0,18,,231750,27,,,0,14,,231749,27,,,0,54,,231748,27,,,0,18,,231747,27,,,0,18,,231746,27,,,0,14,,231745,27,,,0,56,,231744,27,,,0,16,,231743,27,,,0,17,,231742,27,,,0,14,,231741,27,,,0,57,,231740,27,,,0,17,,231717,27,,,0,13,,231716,27,,,0,16,,231761,27,,,0,59,,231715,27,,,0,13,,231760,27,,,0,15,,231714,27,,,0,55,,231759,27,,,0,15,,231713,27,,,0,15,,231758,27,,,0,15,,231712,27,,,0,55,,231757,27,,,0,15,,231711,27,,,0,15,,231756,27,,,0,15,,231698,27,,,0,55,,231755,27,,,0,15,,231710,27,,,0,15,,231754,27,,,0,15,,231709,27,,,0,55,,231753,27,,,0,15,,231735,27,,,0,15,,231752,27,,,0,24,,231734,27,,,0,67,,231733,27,,,0,22,,231732,27,,,0,12,,231731,27,,,0,54,,231730,27,,,0,16,,231729,27,,,0,16,,231728,27,,,0,59,,231727,27,,,0,11,,231726,27,,,0,14,,231725,27,,,0,19,,231724,27,,,0,10,,231723,27,,,0,59,,231722,27,,,0,11,,231721,27,,,0,15,,231720,27,,,0,16,,231719,27,,,0,53,,231718,27,,,0,12,,231708,27,,,0,19,,231707,27,,,0,60,,231762,27,,,0,20,,231706,27,,,0,20,,231705,27,,,0,19,,231763,27,,,0,60,,231704,27,,,0,30,,231703,27,,,0,69,,231697,27,,,0,30,,231702,27,,,0,69,,231701,27,,,0,30,,231700,27,,,0,71,,231699,27,,,0
3004301,'101',1539,,231696,22,,,0
3004301,'2',623,,231765,27,,,0,30,,231796,27,,,0,70,,231795,27,,,0,30,,231794,27,,,0,71,,231793,27,,,0,31,,231792,27,,,0,70,,231791,27,,,0,30,,231790,27,,,0,72,,231789,27,,,0,18,,231788,27,,,0,60,,231798,27,,,0,21,,231787,27,,,0,19,,231786,27,,,0,60,,231799,27,,,0,20,,231785,27,,,0,20,,231784,27,,,0,60,,231800,27,,,0,20,,231783,27,,,0,20,,231782,27,,,0,60,,231801,27,,,0,21,,231781,27,,,0,20,,231780,27,,,0,60,,231802,27,,,0,20,,231779,27,,,0,20,,231778,27,,,0,59,,231803,27,,,0,20,,231777,27,,,0,20,,231776,27,,,0,60,,231804,27,,,0,15,,231764,27,,,0,25,,231775,27,,,0,59,,231805,27,,,0,14,,231774,27,,,0,36,,231773,27,,,0,65,,231772,27,,,0,36,,231771,27,,,0,69,,231770,27,,,0,30,,231769,27,,,0,70,,231768,27,,,0,30,,231797,27,,,0,69,,231767,27,,,0,32,,231806,27,,,0,68,,231766,27,,,0
3004301,'3',723,,231833,27,,,0,30,,231832,27,,,0,71,,231831,27,,,0,30,,231830,27,,,0,69,,231829,27,,,0,31,,231828,27,,,0,71,,231827,27,,,0,20,,231834,27,,,0,60,,231826,27,,,0,24,,231825,27,,,0,17,,231835,27,,,0,55,,231824,27,,,0,22,,231823,27,,,0,20,,231836,27,,,0,61,,231822,27,,,0,20,,231821,27,,,0,20,,231837,27,,,0,60,,231820,27,,,0,18,,231819,27,,,0,20,,231838,27,,,0,59,,231818,27,,,0,20,,231817,27,,,0,20,,231839,27,,,0,61,,231815,27,,,0,20,,231814,27,,,0,20,,231840,27,,,0,59,,231813,27,,,0,20,,231812,27,,,0,25,,231841,27,,,0,59,,231811,27,,,0,30,,231810,27,,,0,70,,231844,27,,,0,29,,231845,27,,,0,76,,231816,27,,,0,22,,231809,27,,,0,20,,231808,27,,,0,79,,231807,27,,,0,70,,231842,27,,,0,30,,231847,27,,,0,70,,231846,27,,,0,30,,231843,27,,,0
