662200,'1',605,,191732,52,0,24 14 8,0,15,,191733,25,0,24 14 8,0,15,,191734,52,0,24 14 8,0,12,,191735,25,0,24 14 8,0,12,,191736,52,0,24 14 8,0,52,,191737,52,0,24 14 8,0,12,,191738,52,0,24 14 8,0,11,,191739,52,0,24 14 8,0,10,,191740,52,0,24 14 8,0,8,,191741,52,0,24 14 8,0,48,,191742,52,0,24 14 8,0,8,,191743,52,0,24 14 8,0,7,,191744,52,0,24 14 8,0,7,,191745,52,0,24 14 8,0,6,,191746,52,0,24 14 8,0,7,,191811,52,0,24 14 8,0,6,,191747,52,0,24 14 8,0,8,,191748,52,0,24 14 8,0,6,,191749,52,0,24 14 8,0,47,,191750,52,0,24 14 8,0,7,,191751,52,0,24 14 8,0,7,,191752,52,0,24 14 8,0,8,,191753,52,0,24 14 8,0,7,,191754,52,0,24 14 8,0,8,,191755,52,0,24 14 8,0,9,,191756,52,0,24 14 8,0,10,,191757,52,0,24 14 8,0,51,,191758,52,0,24 14 8,0,12,,191759,52,0,24 14 8,0,12,,191815,52,0,24 14 8,0,12,,191760,52,0,24 14 8,0,10,,191761,52,0,24 14 8,0,51,,191762,52,0,24 14 8,0,11,,191763,52,0,24 14 8,0,11,,191816,52,0,24 14 8,0,12,,191764,52,0,24 14 8,0,12,,191765,52,0,24 14 8,0,52,,191766,52,0,24 14 8,0,12,,191767,52,0,24 14 8,0,12,,191817,52,0,24 14 8,0,12,,191768,52,0,24 14 8,0,12,,191769,52,0,24 14 8,0,52,,191770,52,0,24 14 8,0,12,,191771,52,0,24 14 8,0,12,,191818,52,0,24 14 8,0,12,,191772,52,0,24 14 8,0,12,,191773,52,0,24 14 8,0,52,,191774,52,0,24 14 8,0,11,,191819,52,0,24 14 8,0,12,,191775,52,0,24 14 8,0,12,,191776,52,0,24 14 8,0,13,,191777,52,0,24 14 8,0,53,,191778,52,0,24 14 8,0,13,,191807,52,0,24 14 8,0,9,,191808,52,0,24 14 8,0,8,,191812,52,0,24 14 8,0,8,,191809,52,0,24 14 8,0,8,,191810,52,0,24 14 8,0,8,,191779,52,0,24 14 8,0,48,,191813,52,0,24 14 8,0,8,,191814,52,0,24 14 8,0,8,,191780,52,0,24 14 8,0,8,,191781,52,0,24 14 8,0,8,,191782,52,0,24 14 8,0,8,,191783,52,0,24 14 8,0,8,,191784,52,0,24 14 8,0,48,,191785,52,0,24 14 8,0,8,,191786,52,0,24 14 8,0,8,,191787,52,0,24 14 8,0,10,,191788,52,0,24 14 8,0,9,,191789,52,0,24 14 8,0,10,,191790,52,0,24 14 8,0,9,,191791,52,0,24 14 8,0,50,,191792,52,0,24 14 8,0,10,,191793,52,0,24 14 8,0,10,,191794,52,0,24 14 8,0,10,,191795,52,0,24 14 8,0,9,,191796,52,0,24 14 8,0,10,,191797,52,0,24 14 8,0,52,,191798,52,0,24 14 8,0,12,,191799,52,0,24 14 8,0,12,,191800,52,0,24 14 8,0,12,,191820,52,0,24 14 8,0,14,,191801,52,0,24 14 8,0,53,,191802,52,0,24 14 8,0,15,,191803,52,0,24 14 8,0,15,,191804,52,0,24 14 8,0,15,,191805,52,0,24 14 8,0,55,,191806,52,0,24 14 8,0
662200,'152201',2126,,191707,52,0,24 14 8,0,18,,191708,52,0,24 14 8,0,62,,191709,52,0,24 14 8,0,17,,191710,52,0,24 14 8,0,21,,191711,52,0,24 14 8,0,63,,191712,52,0,24 14 8,0,19,,191713,52,0,24 14 8,0,16,,191714,52,0,24 14 8,0,60,,191715,52,0,24 14 8,0,31,,191716,52,0,24 14 8,0,69,,191717,52,,,0,33,,191718,52,,,0
662200,'152301',2126,,191719,50,0,24 14 8,0,18,,191720,50,0,24 14 8,0,62,,191721,50,0,24 14 8,0,17,,191722,50,0,24 14 8,0,21,,191723,50,0,24 14 8,0,63,,191724,50,0,24 14 8,0,19,,191725,50,0,24 14 8,0,16,,191726,50,0,24 14 8,0,60,,191727,50,0,24 14 8,0,31,,191728,50,0,24 14 8,0,69,,191729,50,,,0,33,,191730,50,,,0
662200,'2',625,,191899,25,0,24 14 8,0,24,,191822,52,0,24 14 8,0,60,,191896,52,0,24 14 8,0,20,,191831,52,0,24 14 8,0,19,,191898,52,0,24 14 8,0,55,,191833,52,0,24 14 8,0,14,,191825,52,0,24 14 8,0,15,,191893,52,0,24 14 8,0,15,,191895,52,0,24 14 8,0,55,,191894,52,0,24 14 8,0,15,,191824,52,0,24 14 8,0,15,,191891,52,0,24 14 8,0,15,,191892,52,0,24 14 8,0,12,,191844,52,0,24 14 8,0,52,,191845,52,0,24 14 8,0,12,,191905,52,0,24 14 8,0,12,,191846,52,0,24 14 8,0,10,,191847,52,0,24 14 8,0,12,,191848,52,0,24 14 8,0,52,,191849,52,0,24 14 8,0,12,,191906,52,0,24 14 8,0,12,,191850,52,0,24 14 8,0,9,,191851,52,0,24 14 8,0,12,,191852,52,0,24 14 8,0,52,,191853,52,0,24 14 8,0,12,,191854,52,0,24 14 8,0,12,,191855,52,0,24 14 8,0,13,,191856,52,0,24 14 8,0,12,,191857,52,0,24 14 8,0,50,,191858,52,0,24 14 8,0,10,,191859,52,0,24 14 8,0,10,,191860,52,0,24 14 8,0,10,,191861,52,0,24 14 8,0,9,,191900,52,0,24 14 8,0,10,,191862,52,0,24 14 8,0,50,,191863,52,0,24 14 8,0,10,,191864,52,0,24 14 8,0,10,,191865,52,0,24 14 8,0,10,,191866,52,0,24 14 8,0,10,,191901,52,0,24 14 8,0,10,,191867,52,0,24 14 8,0,50,,191868,52,0,24 14 8,0,10,,191837,52,0,24 14 8,0,10,,191869,52,0,24 14 8,0,10,,191870,52,0,24 14 8,0,10,,191902,52,0,24 14 8,0,10,,191871,52,0,24 14 8,0,50,,191872,52,0,24 14 8,0,12,,191873,52,0,24 14 8,0,11,,191874,52,0,24 14 8,0,11,,191875,52,0,24 14 8,0,10,,191903,52,0,24 14 8,0,10,,191876,52,0,24 14 8,0,50,,191877,52,0,24 14 8,0,10,,191878,52,0,24 14 8,0,10,,191879,52,0,24 14 8,0,10,,191904,52,0,24 14 8,0,10,,191880,52,0,24 14 8,0,10,,191881,52,0,24 14 8,0,50,,191882,52,0,24 14 8,0,10,,191883,52,0,24 14 8,0,12,,191897,52,0,24 14 8,0,16,,191885,52,0,24 14 8,0,55,,191843,52,0,24 14 8,0,15,,191829,52,0,24 14 8,0,15,,191834,52,0,24 14 8,0,15,,191835,52,0,24 14 8,0,55,,191836,52,0,24 14 8,0,15,,191838,52,0,24 14 8,0,15,,191839,52,0,24 14 8,0,15,,191840,52,0,24 14 8,0,55,,191841,52,0,24 14 8,0,14,,191842,50,0,24 14 8,0,15,,191884,50,0,24 14 8,0,15,,191827,50,0,24 14 8,0,56,,191821,50,0,24 14 8,0,17,,191823,50,0,24 14 8,0,22,,191832,50,0,24 14 8,0,63,,191889,50,0,24 14 8,0,22,,191830,50,0,24 14 8,0,22,,191887,50,0,24 14 8,0,60,,191886,50,0,24 14 8,0,25,,191826,50,0,24 14 8,0,70,,191888,50,,,0,30,,191890,50,,,0
662200,'3',640,,191907,52,,,0,72,,191908,52,,,0,25,,191909,52,0,24 14 8,0,20,,191910,52,0,24 14 8,0,61,,191911,52,0,24 14 8,0,19,,191912,52,0,24 14 8,0,13,,191913,52,0,24 14 8,0,55,,191914,52,0,24 14 8,0,14,,191915,52,0,24 14 8,0,15,,191916,52,0,24 14 8,0,17,,191917,52,0,24 14 8,0,55,,191918,52,0,24 14 8,0,13,,191919,52,0,24 14 8,0,14,,191920,52,0,24 14 8,0,15,,191921,52,0,24 14 8,0,55,,191922,52,0,24 14 8,0,16,,191923,52,0,24 14 8,0,15,,191924,52,0,24 14 8,0,11,,191925,52,0,24 14 8,0,12,,191926,52,0,24 14 8,0,52,,191927,52,0,24 14 8,0,11,,191928,52,0,24 14 8,0,12,,191929,52,0,24 14 8,0,12,,191930,52,0,24 14 8,0,12,,191931,52,0,24 14 8,0,53,,191932,52,0,24 14 8,0,12,,191933,52,0,24 14 8,0,12,,191934,52,0,24 14 8,0,11,,191935,52,0,24 14 8,0,12,,191936,52,0,24 14 8,0,52,,191937,52,0,24 14 8,0,12,,191938,52,0,24 14 8,0,12,,191939,52,0,24 14 8,0,13,,191940,52,0,24 14 8,0,12,,191941,52,0,24 14 8,0,53,,191942,52,0,24 14 8,0,12,,191943,52,0,24 14 8,0,12,,191944,52,0,24 14 8,0,12,,191945,52,0,24 14 8,0,12,,191946,52,0,24 14 8,0,53,,191947,52,0,24 14 8,0,12,,191948,52,0,24 14 8,0,13,,191949,52,0,24 14 8,0,13,,191950,52,0,24 14 8,0,52,,191951,52,0,24 14 8,0,12,,191952,52,0,24 14 8,0,13,,191953,52,0,24 14 8,0,12,,191954,52,0,24 14 8,0,14,,191955,52,0,24 14 8,0,55,,191956,52,0,24 14 8,0,16,,191957,52,0,24 14 8,0,15,,191958,52,0,24 14 8,0,17,,191959,52,0,24 14 8,0,55,,191960,52,0,24 14 8,0,15,,191961,52,0,24 14 8,0,15,,191962,52,0,24 14 8,0,15,,191963,52,0,24 14 8,0,55,,191964,52,0,24 14 8,0,15,,191965,52,0,24 14 8,0,16,,191966,52,0,24 14 8,0,17,,191967,52,0,24 14 8,0,56,,191968,52,0,24 14 8,0,16,,191969,50,0,24 14 8,0,16,,191970,50,0,24 14 8,0,57,,191971,50,0,24 14 8,0,18,,191972,50,0,24 14 8,0,19,,191973,50,0,24 14 8,0,60,,191974,50,0,24 14 8,0,20,,191975,50,0,24 14 8,0,20,,191976,50,0,24 14 8,0,65,,191977,50,0,24 14 8,0,28,,191978,50,,,0,70,,191979,50,,,0,29,,191980,50,,,0
683800,'1',2627,,225146,19,,,0,19,,225148,19,,,0,60,,225145,19,,,0,20,,225147,19,,,0,33,,225149,19,,,0,63,,225150,19,,,0,30,,225151,19,,,0,78,,225152,19,,,0
683800,'2',2631,,225155,19,,,0,16,,225156,19,,,0,56,,225154,19,,,0,30,,225153,19,,,0,70,,225157,19,,,0,30,,225158,19,,,0,70,,225159,19,,,0,20,,225160,19,,,0
683800,'3',2626,,225161,19,,,0,30,,225162,19,,,0,70,,225163,19,,,0,76,,225164,19,,,0,20,,225165,19,,,0,31,,225166,19,,,0,70,,225167,19,,,0
1671800,'1',514,,227576,24,,,0,7,,227575,53,,,0,16,,227609,24,,,0,63,,227577,53,,,0,4,,227571,49,,,0,13,,227572,53,,,0,13,,227578,49,,,0,13,,227579,53,,,0,15,,227580,53,,,0,56,,227581,53,,,0,14,,227582,53,,,0,15,,227569,53,,,0,14,,227570,53,,,0,54,,227586,53,,,0,14,,227587,53,,,0,14,,227588,53,,,0,15,,227589,53,,,0,55,,227590,53,,,0,13,,227591,53,,,0,13,,227592,53,,,0,14,,227593,53,,,0,54,,227594,53,,,0,14,,227595,53,,,0,15,,227596,53,,,0,15,,227597,53,,,0,55,,227598,53,,,0,15,,227599,53,,,0,16,,227600,53,,,0,15,,227601,53,,,0,55,,227602,53,,,0,16,,227603,53,,,0,16,,227604,53,,,0,15,,227605,53,,,0,55,,227583,53,,,0,15,,227584,53,,,0,12,,227573,24,,,0,5,,227585,53,,,0,15,,227562,53,,,0,56,,227563,53,,,0,15,,227564,53,,,0,16,,227534,53,,,0,15,,227535,53,,,0,56,,227536,53,,,0,8,,227537,53,,,0,8,,227574,53,,,0,14,,227538,53,,,0,12,,227539,53,,,0,50,,227610,24,,,0,5,,227540,53,,,0,13,,227541,53,,,0,12,,227542,53,,,0,10,,227612,53,,,0,10,,227543,53,,,0,50,,227544,53,,,0,9,,227545,53,,,0,10,,227546,53,,,0,10,,227547,53,,,0,10,,227548,53,,,0,9,,227549,53,,,0,9,,227550,53,,,0,49,,227611,53,,,0,9,,227551,53,,,0,9,,227552,53,,,0,10,,227553,53,,,0,10,,227554,53,,,0,12,,227555,53,,,0,52,,227556,53,,,0,12,,227557,53,,,0,12,,227558,53,,,0
1671800,'2',522,,227641,53,,,0,17,,227637,24,,,0,14,,227638,24,,,0,50,,227672,53,,,0,21,,227673,53,,,0,15,,227650,53,,,0,12,,227639,24,,,0,5,,227651,53,,,0,60,,227652,53,,,0,20,,227653,53,,,0,15,,227654,53,,,0,54,,227655,53,,,0,14,,227656,53,,,0,13,,227658,53,,,0,14,,227659,53,,,0,56,,227660,53,,,0,15,,227661,53,,,0,15,,227662,53,,,0,15,,227663,53,,,0,9,,227707,24,,,0,46,,227664,53,,,0,15,,227665,53,,,0,9,,227649,24,,,0,6,,227666,53,,,0,15,,227667,53,,,0,56,,227668,53,,,0,8,,227640,24,,,0,7,,227669,53,,,0,15,,227670,53,,,0,12,,227671,53,,,0,12,,227657,53,,,0,54,,227642,53,,,0,5,,227708,24,,,0,7,,227674,53,,,0,13,,227675,53,,,0,12,,227676,53,,,0,53,,227677,53,,,0,6,,227709,24,,,0,5,,227643,53,,,0,10,,227678,53,,,0,10,,227679,53,,,0,10,,227680,53,,,0,10,,227681,53,,,0,50,,227682,53,,,0,9,,227644,53,,,0,10,,227683,53,,,0,10,,227684,53,,,0,10,,227685,53,,,0,10,,227686,53,,,0,52,,227687,53,,,0,11,,227645,53,,,0,11,,227688,53,,,0,10,,227689,53,,,0,10,,227690,53,,,0,10,,227691,53,,,0,50,,227692,53,,,0,10,,227646,53,,,0,10,,227693,53,,,0,10,,227694,53,,,0,10,,227696,53,,,0,10,,227697,53,,,0,50,,227698,53,,,0,10,,227647,53,,,0,9,,227699,53,,,0,9,,227700,53,,,0,10,,227695,53,,,0,9,,227701,53,,,0,50,,227702,53,,,0,10,,227648,53,,,0,10,,227703,53,,,0,10,,227704,53,,,0,12,,227705,53,,,0,12,,227613,53,,,0,52,,227614,53,,,0,12,,227615,53,,,0,13,,227616,53,,,0
1671800,'3',553,,227790,53,,,0,62,,227731,53,,,0,20,,227737,53,,,0,24,,227738,53,,,0,51,,227713,24,,,0,15,,227791,53,,,0,20,,227739,53,,,0,14,,227741,53,,,0,55,,227714,53,,,0,16,,227740,53,,,0,13,,227742,53,,,0,13,,227743,53,,,0,54,,227744,53,,,0,15,,227745,53,,,0,12,,227712,24,,,0,4,,227746,53,,,0,16,,227747,53,,,0,56,,227748,53,,,0,18,,227749,53,,,0,16,,227750,53,,,0,56,,227751,53,,,0,16,,227752,53,,,0,15,,227753,53,,,0,14,,227754,53,,,0,53,,227755,53,,,0,8,,227776,24,,,0,6,,227775,53,,,0,13,,227756,53,,,0,13,,227757,53,,,0,13,,227758,53,,,0,52,,227715,53,,,0,11,,227759,53,,,0,12,,227760,53,,,0,12,,227761,53,,,0,12,,227762,53,,,0,52,,227716,53,,,0,13,,227763,53,,,0,12,,227764,53,,,0,13,,227765,53,,,0,12,,227766,53,,,0,52,,227727,53,,,0,13,,227767,53,,,0,12,,227768,53,,,0,13,,227769,53,,,0,12,,227770,53,,,0,52,,227728,53,,,0,12,,227771,53,,,0,13,,227772,53,,,0,12,,227773,53,,,0,12,,227736,53,,,0,50,,227729,53,,,0,11,,227774,53,,,0,12,,227732,53,,,0,12,,227733,53,,,0,12,,227734,53,,,0,52,,227730,53,,,0,12,,227717,53,,,0,13,,227718,53,,,0,14,,227719,53,,,0,54,,227720,53,,,0,15,,227721,53,,,0,14,,227722,53,,,0
