661901,'1',545,,190464,39,0,27 15,0,60,,190465,39,0,27 15,0,21,,190466,39,0,27 15,0,15,,190467,39,0,27 15,0,16,,190468,39,0,27 15,0,54,,190469,39,0,27 15,0,9,,190470,39,,,0,13,,190471,39,,,0,19,,190473,39,,,0,59,,190475,39,,,0,13,,190477,39,,,0,15,,190479,39,,,0,8,,190480,39,,,0,54,,190482,39,,,0,15,,190484,39,,,0,15,,190486,39,,,0,8,,190487,39,,,0,16,,190489,39,,,0,56,,190491,39,,,0,19,,190493,39,0,27 15,0,17,,190495,39,0,27 15,0,68,,190497,39,0,27 15,0,24,,190499,39,0,27 15,0,64,,190501,39,0,27 15,0,24,,190503,39,0,27 15,0,24,,190505,39,0,27 15,0,65,,190507,39,0,27 15,0,24,,190509,39,0,27 15,0,64,,190511,39,0,27 15,0,34,,190514,39,,,0,11,,190515,39,,,0,60,,190517,39,,,0,15,,190519,39,,,0,17,,190521,39,,,0,15,,190523,39,,,0,51,,190524,39,,,0,15,,190526,39,,,0,13,,190528,39,,,0,14,,190530,39,,,0,53,,190532,39,,,0,13,,190534,39,,,0,7,,190535,39,,,0,14,,190537,39,,,0,15,,190539,39,,,0,58,,190541,39,0,27 15,0,7,,190542,38,0,27 15,0,11,,190544,39,0,27 15,0,6,,190545,39,0,27 15,0,5,,190546,38,0,27 15,0,8,,190547,39,0,27 15,0,7,,190548,39,0,27 15,0,48,,190549,39,0,27 15,0,9,,190550,39,0,27 15,0,9,,190551,39,0,27 15,0,8,,190552,39,0,27 15,0,10,,190553,39,0,27 15,0,64,,190555,39,0,27 15,0,15,,190556,39,0,27 15,0,14,,190557,39,0,27 15,0,14,,190558,39,0,27 15,0,14,,190559,39,0,27 15,0,55,,190560,39,0,27 15,0,15,,190561,39,0,27 15,0,15,,190562,39,0,27 15,0,15,,190563,39,0,27 15,0,55,,190564,39,0,27 15,0,13,,190565,39,0,27 15,0,15,,190566,39,0,27 15,0,14,,190567,39,0,27 15,0,54,,190568,39,0,27 15,0,15,,190569,39,0,27 15,0,15,,190570,39,0,27 15,0,15,,190571,39,0,27 15,0,55,,190572,39,0,27 15,0,20,,190574,39,0,27 15,0,15,,190575,39,0,27 15,0
661901,'2',547,,190585,39,0,27 15,0,61,,190586,39,0,27 15,0,21,,190587,39,0,27 15,0,21,,190588,39,0,27 15,0,62,,190589,39,0,27 15,0,21,,190590,39,0,27 15,0,12,,190591,39,0,27 15,0,13,,190592,39,0,27 15,0,55,,190593,39,0,27 15,0,16,,190594,39,0,27 15,0,15,,190595,39,0,27 15,0,15,,190596,39,0,27 15,0,56,,190597,39,0,27 15,0,16,,190598,39,0,27 15,0,15,,190599,39,0,27 15,0,55,,190600,39,0,27 15,0,15,,190601,39,0,27 15,0,13,,190602,39,0,27 15,0,12,,190603,39,0,27 15,0,12,,190604,39,0,27 15,0,53,,190605,39,0,27 15,0,12,,190606,39,0,27 15,0,12,,190607,39,0,27 15,0,12,,190608,39,0,27 15,0,12,,190609,39,0,27 15,0,54,,190610,39,0,27 15,0,12,,190611,39,0,27 15,0,12,,190612,39,0,27 15,0,12,,190613,39,0,27 15,0,12,,190614,39,0,27 15,0,51,,190615,39,0,27 15,0,12,,190616,39,0,27 15,0,12,,190617,39,0,27 15,0,12,,190618,39,0,27 15,0,12,,190619,39,0,27 15,0,52,,190620,39,0,27 15,0,12,,190621,39,0,27 15,0,13,,190622,39,0,27 15,0,10,,190623,39,0,27 15,0,10,,190624,39,0,27 15,0,50,,190625,39,0,27 15,0,10,,190626,39,0,27 15,0,10,,190627,39,0,27 15,0,9,,190628,39,0,27 15,0,10,,190629,39,0,27 15,0,10,,190630,39,0,27 15,0,50,,190631,39,0,27 15,0,10,,190632,39,0,27 15,0,10,,190633,39,0,27 15,0,9,,190634,39,0,27 15,0,9,,190635,39,0,27 15,0,10,,190636,39,0,27 15,0,9,,190637,39,0,27 15,0,50,,190638,39,0,27 15,0,10,,190639,39,0,27 15,0,10,,190640,39,0,27 15,0,10,,190641,39,0,27 15,0,10,,190642,39,0,27 15,0,10,,190643,39,0,27 15,0,50,,190644,39,0,27 15,0,10,,190645,39,0,27 15,0,9,,190646,39,0,27 15,0,10,,190647,39,0,27 15,0,9,,190648,39,0,27 15,0,10,,190649,39,0,27 15,0,49,,190650,39,0,27 15,0,10,,190651,39,0,27 15,0,10,,190652,39,0,27 15,0,12,,190653,39,0,27 15,0,12,,190654,39,0,27 15,0,9,,190655,39,0,27 15,0,52,,190656,39,0,27 15,0,10,,190657,39,0,27 15,0,13,,190658,39,0,27 15,0,13,,190659,39,0,27 15,0,54,,190660,39,0,27 15,0,15,,190661,39,0,27 15,0,14,,190662,39,0,27 15,0,14,,190663,39,0,27 15,0,14,,190664,39,0,27 15,0,55,,190665,39,0,27 15,0,14,,190666,39,0,27 15,0,14,,190667,39,0,27 15,0,15,,190668,39,0,27 15,0,54,,190669,39,0,27 15,0,13,,190670,39,0,27 15,0,14,,190671,39,0,27 15,0,15,,190672,39,0,27 15,0,55,,190673,39,0,27 15,0,14,,190674,39,0,27 15,0,15,,190675,39,0,27 15,0,14,,190676,39,0,27 15,0
661901,'3',533,,190686,17,0,27,0,23,,190687,17,0,27,0,60,,190688,39,0,27 15,0,19,,190689,39,0,27 15,0,23,,190690,39,0,27 15,0,61,,190691,39,0,27 15,0,20,,190692,39,0,27 15,0,62,,190693,39,0,27 15,0,17,,190694,39,0,27 15,0,15,,190695,39,0,27 15,0,16,,190696,39,0,27 15,0,55,,190697,39,0,27 15,0,16,,190698,39,0,27 15,0,15,,190699,39,0,27 15,0,19,,190700,39,0,27 15,0,55,,190701,39,0,27 15,0,17,,190702,39,0,27 15,0,15,,190703,39,0,27 15,0,15,,190704,39,0,27 15,0,55,,190705,39,0,27 15,0,12,,190706,39,0,27 15,0,12,,190707,39,0,27 15,0,10,,190708,39,0,27 15,0,11,,190709,39,0,27 15,0,50,,190710,39,0,27 15,0,10,,190711,39,0,27 15,0,10,,190712,39,0,27 15,0,10,,190713,39,0,27 15,0,11,,190714,39,0,27 15,0,10,,190715,39,0,27 15,0,50,,190716,39,0,27 15,0,9,,190717,39,0,27 15,0,9,,190718,39,0,27 15,0,10,,190719,39,0,27 15,0,10,,190720,39,0,27 15,0,11,,190721,39,0,27 15,0,50,,190722,39,0,27 15,0,10,,190723,39,0,27 15,0,10,,190724,39,0,27 15,0,10,,190725,39,0,27 15,0,10,,190726,39,0,27 15,0,11,,190727,39,0,27 15,0,51,,190728,39,0,27 15,0,10,,190729,39,0,27 15,0,10,,190730,39,0,27 15,0,10,,190731,39,0,27 15,0,10,,190732,39,0,27 15,0,7,,190733,39,0,27 15,0,49,,190734,39,0,27 15,0,10,,190735,39,0,27 15,0,10,,190736,39,0,27 15,0,10,,190737,39,0,27 15,0,10,,190738,39,0,27 15,0,11,,190739,39,0,27 15,0,50,,190740,39,0,27 15,0,10,,190741,39,0,27 15,0,10,,190742,39,0,27 15,0,11,,190743,39,0,27 15,0,10,,190744,39,0,27 15,0,9,,190745,39,0,27 15,0,50,,190746,39,0,27 15,0,9,,190747,39,0,27 15,0,7,,190748,39,0,27 15,0,15,,190749,39,0,27 15,0,15,,190751,39,0,27 15,0,55,,190752,39,0,27 15,0,17,,190754,39,0,27 15,0,16,,190755,39,0,27 15,0,14,,190756,39,0,27 15,0,55,,190757,39,0,27 15,0,13,,190758,39,0,27 15,0,12,,190759,39,0,27 15,0,15,,190760,39,0,27 15,0,55,,190761,39,0,27 15,0,15,,190762,39,0,27 15,0,15,,190763,39,0,27 15,0,14,,190764,39,0,27 15,0,55,,190765,39,0,27 15,0,15,,190766,39,0,27 15,0,13,,190767,39,0,27 15,0,15,,190768,39,0,27 15,0,12,,190769,38,0,27 15,0,59,,190770,39,0,27 15,0,11,,190771,39,0,27 15,0,15,,190772,39,0,27 15,0,13,,190773,38,0,27 15,0,56,,190774,39,0,27 15,0,14,,190775,39,0,27 15,0,15,,190776,39,0,27 15,0
683301,'1',2628,,224972,16,,,0,14,,224975,16,,,0,59,,224973,16,,,0,32,,224974,16,,,0
683301,'2',2633,,224978,16,,,0,14,,224979,16,,,0,60,,224977,16,,,0,21,,224976,16,,,0
683301,'3',2629,,224982,16,,,0,30,,224981,16,,,0,70,,224980,16,,,0
1671801,'1',347,,227898,19,,,0,70,,227899,19,,,0,40,,227900,19,,,0,67,,227832,19,,,0,30,,227833,19,,,0,61,,227875,41,,,0,15,,227876,41,,,0,13,,227877,41,,,0,13,,227901,41,,,0,54,,227878,41,,,0,14,,227879,41,,,0,17,,227880,41,,,0,15,,227881,41,,,0,55,,227897,41,,,0,18,,227882,41,,,0,15,,227883,41,,,0,56,,227884,41,,,0,15,,227885,41,,,0,15,,227886,41,,,0,14,,227887,41,,,0,14,,227888,41,,,0,54,,227889,41,,,0,17,,227890,41,,,0,14,,227891,41,,,0,15,,227892,41,,,0,55,,227893,41,,,0,15,,227868,41,,,0,15,,227869,41,,,0,57,,227870,41,,,0,15,,227871,41,,,0,15,,227872,41,,,0,15,,227873,41,,,0,14,,227874,41,,,0,55,,227835,41,,,0,16,,227836,41,,,0,15,,227837,41,,,0,56,,227838,41,,,0,15,,227839,41,,,0,15,,227840,41,,,0,16,,227841,41,,,0,55,,227842,41,,,0,17,,227843,41,,,0,15,,227844,41,,,0,15,,227845,41,,,0,53,,227846,41,,,0,12,,227847,41,,,0,12,,227848,41,,,0,11,,227849,41,,,0,10,,227850,41,,,0,11,,227851,41,,,0,50,,227852,41,,,0,11,,227853,41,,,0,12,,227854,41,,,0,12,,227855,41,,,0,12,,227856,41,,,0,51,,227857,41,,,0,12,,227858,41,,,0,11,,227859,41,,,0,11,,227860,41,,,0,14,,227861,41,,,0,55,,227862,41,,,0,13,,227863,41,,,0,15,,227864,41,,,0,12,,227865,41,,,0,9,,227867,19,,,0,55,,227834,19,,,0,15,,227866,19,,,0,13,,227894,19,,,0,15,,227895,19,,,0,54,,227896,19,,,0
1671801,'152201',2126,,227800,19,,,0,15,,227801,19,,,0,16,,227802,19,,,0,55,,227803,19,,,0,12,,227804,19,,,0,15,,227805,19,,,0,20,,227806,19,,,0,61,,227807,19,,,0,18,,227808,19,,,0,20,,227809,19,,,0,70,,227810,19,,,0,15,,227812,19,,,0,15,,227811,19,,,0,55,,227813,19,,,0,15,,227814,19,,,0,30,,227799,19,,,0,45,,227798,19,,,0
1671801,'152301',2126,,227823,19,,,0,15,,227824,19,,,0,16,,227825,19,,,0,55,,227826,19,,,0,12,,227827,19,,,0,15,,227828,19,,,0,20,,227829,19,,,0,61,,227830,19,,,0,18,,227831,19,,,0,20,,227820,19,,,0,70,,227815,19,,,0,15,,227822,19,,,0,15,,227816,19,,,0,55,,227821,19,,,0,15,,227817,19,,,0,30,,227818,19,,,0,45,,227819,19,,,0
1671801,'2',349,,227994,19,,,0,70,,227992,19,,,0,39,,227993,19,,,0,78,,227908,19,,,0,75,,227950,41,,,0,19,,227951,41,,,0,15,,227963,41,,,0,14,,227964,41,,,0,59,,227965,41,,,0,16,,227966,41,,,0,12,,227967,41,,,0,57,,227968,41,,,0,15,,227969,41,,,0,16,,227919,41,,,0,16,,227970,41,,,0,56,,227971,41,,,0,17,,227972,41,,,0,16,,227973,41,,,0,15,,227974,41,,,0,58,,227975,41,,,0,16,,227976,41,,,0,17,,227977,41,,,0,56,,227978,41,,,0,14,,227962,41,,,0,12,,227913,41,,,0,12,,227914,41,,,0,14,,227915,41,,,0,52,,227916,41,,,0,11,,227912,41,,,0,12,,227917,41,,,0,12,,227918,41,,,0,11,,227920,41,,,0,52,,227921,41,,,0,13,,227944,41,,,0,10,,227922,41,,,0,10,,227923,41,,,0,10,,227924,41,,,0,10,,227925,41,,,0,50,,227926,41,,,0,11,,227945,41,,,0,10,,227936,41,,,0,10,,227937,41,,,0,10,,227938,41,,,0,10,,227939,41,,,0,50,,227940,41,,,0,10,,227946,41,,,0,10,,227941,41,,,0,10,,227942,41,,,0,10,,227943,41,,,0,10,,227927,41,,,0,49,,227909,41,,,0,10,,227947,41,,,0,10,,227928,41,,,0,10,,227929,41,,,0,11,,227930,41,,,0,10,,227931,41,,,0,50,,227932,41,,,0,10,,227948,41,,,0,10,,227933,41,,,0,8,,227934,41,,,0,10,,227935,41,,,0,10,,227952,41,,,0,50,,227953,41,,,0,9,,227949,41,,,0,12,,227954,41,,,0,12,,227955,41,,,0,12,,227956,41,,,0,52,,227957,41,,,0,11,,227958,41,,,0,12,,227959,41,,,0,13,,227960,41,,,0,13,,227961,41,,,0,50,,227979,19,,,0,15,,227980,19,,,0,15,,227981,19,,,0,15,,227982,19,,,0,54,,227983,19,,,0,15,,227984,19,,,0,13,,227985,19,,,0,14,,227986,19,,,0,15,,227987,19,,,0,55,,227988,19,,,0,15,,227989,19,,,0,18,,227990,19,,,0,60,,227991,19,,,0,20,,227902,19,,,0,20,,227903,19,,,0,61,,227904,19,,,0,22,,227905,19,,,0,30,,227906,19,,,0,70,,227907,19,,,0,29,,227910,19,,,0,51,,227911,19,,,0
1671801,'3',345,,228076,19,,,0,70,,228074,19,,,0,38,,228075,19,,,0,75,,228046,19,,,0,28,,228059,19,,,0,89,,228060,41,,,0,62,,228061,41,,,0,23,,228062,41,,,0,22,,228063,41,,,0,57,,228073,41,,,0,15,,228064,41,,,0,16,,228065,41,,,0,17,,228066,41,,,0,57,,228067,41,,,0,15,,228068,41,,,0,16,,228069,41,,,0,55,,228070,41,,,0,15,,228071,41,,,0,15,,228072,41,,,0,20,,227995,41,,,0,55,,227997,41,,,0,15,,227998,41,,,0,15,,227999,41,,,0,17,,228000,41,,,0,55,,228001,41,,,0,15,,228051,41,,,0,15,,228002,41,,,0,15,,228003,41,,,0,53,,228004,41,,,0,12,,228052,41,,,0,12,,228005,41,,,0,11,,228009,41,,,0,12,,228010,41,,,0,52,,228011,41,,,0,12,,228053,41,,,0,12,,228012,41,,,0,12,,228013,41,,,0,12,,228014,41,,,0,52,,228015,41,,,0,12,,228054,41,,,0,12,,228016,41,,,0,12,,227996,41,,,0,12,,228017,41,,,0,52,,228018,41,,,0,12,,228055,41,,,0,12,,228019,41,,,0,10,,228020,41,,,0,12,,228021,41,,,0,52,,228022,41,,,0,14,,228056,41,,,0,12,,228023,41,,,0,13,,228024,41,,,0,13,,228025,41,,,0,52,,228026,41,,,0,13,,228057,41,,,0,13,,228027,41,,,0,13,,228058,41,,,0,55,,228028,41,,,0,14,,228029,41,,,0,15,,228030,41,,,0,15,,228031,41,,,0,14,,228032,19,,,0,55,,228033,19,,,0,16,,228034,19,,,0,15,,228035,19,,,0,15,,228049,19,,,0,55,,228036,19,,,0,13,,228048,19,,,0,16,,228037,19,,,0,15,,228038,19,,,0,55,,228039,19,,,0,14,,228047,19,,,0,17,,228040,19,,,0,60,,228041,19,,,0,20,,228006,19,,,0,19,,228007,19,,,0,61,,228008,19,,,0,24,,228042,19,,,0,30,,228043,19,,,0,70,,228044,19,,,0,30,,228045,19,,,0,48,,228050,19,,,0
