666600,'1_merged_15727750',546,,205627,17,,,0,79,,205626,38,,,0,32,,205609,38,,,0,66,,205625,38,,,0,23,,205624,38,,,0
666601,'1_merged_15727750',1634,,205718,7,,,0,14,,205742,7,,,0,54,,205717,7,,,0,15,,205737,7,,,0,15,,205733,7,,,0,16,,205701,7,,,0,62,,205702,7,,,0,16,,205716,7,,,0,33,,205710,7,,,0
666700,'1_merged_15727750',630,,205837,54,,,0,21,,205875,54,,,0,62,,205809,54,,,0,23,,205810,54,,,0,23,,205811,54,,,0,60,,205812,54,,,0,13,,205813,54,,,0,13,,205814,54,,,0,13,,205815,54,,,0,55,,205879,54,,,0,11,,205880,54,,,0,18,,205816,54,,,0,15,,205817,54,,,0,57,,205818,54,,,0,14,,205819,54,,,0,17,,205820,54,,,0,55,,205821,54,,,0,16,,205822,54,,,0,15,,205878,54,,,0,16,,205838,54,,,0,55,,205839,54,,,0,13,,205874,54,,,0,15,,205823,54,,,0,18,,205824,54,,,0,56,,205825,54,,,0,15,,205826,54,,,0,14,,205827,54,,,0,16,,205828,54,,,0,55,,205829,54,,,0,15,,205877,54,,,0,15,,205840,54,,,0,21,,205841,54,,,0,56,,205873,54,,,0,17,,205830,54,,,0,16,,205831,54,,,0,57,,205832,54,,,0,15,,205833,54,,,0,18,,205834,54,,,0,15,,205835,54,,,0,60,,205836,54,,,0,17,,205876,54,,,0,12,,205842,54,,,0,13,,205843,54,,,0,57,,205872,54,,,0,13,,205844,54,,,0,12,,205845,54,,,0,16,,205846,54,,,0,7,,205847,54,,,0,54,,205848,54,,,0,17,,205849,54,,,0,6,,205850,54,,,0,13,,205851,54,,,0,54,,205871,54,,,0,13,,205867,54,,,0,15,,205868,54,,,0,13,,205869,54,,,0,13,,205861,54,,,0,54,,205862,54,,,0,15,,205863,54,,,0,12,,205864,54,,,0,15,,205865,54,,,0,52,,205866,54,,,0,15,,205870,54,,,0,15,,205852,54,,,0,68,,205853,54,,,0,30,,205854,54,,,0,70,,205855,54,,,0,30,,205856,54,,,0,27,,205857,54,,,0,70,,205858,54,,,0,26,,205859,54,,,0,71,,205860,54,,,0
666700,'2_merged_15727752',734,,205890,54,,,0,69,,205891,54,,,0,21,,205892,54,,,0,21,,205893,54,,,0,67,,205894,54,,,0,16,,205895,54,,,0,16,,205896,54,,,0,57,,205897,54,,,0,16,,205898,54,,,0,18,,205899,54,,,0,12,,205900,54,,,0,62,,205901,54,,,0,14,,205902,54,,,0,14,,205903,54,,,0,14,,205904,54,,,0,60,,205905,54,,,0,15,,205906,54,,,0,16,,205907,54,,,0,15,,205908,54,,,0,54,,205909,54,,,0,17,,205910,54,,,0,15,,205911,54,,,0,15,,205912,54,,,0,55,,205913,54,,,0,19,,205914,54,,,0,13,,205915,54,,,0,55,,205916,54,,,0,15,,205917,54,,,0,15,,205918,54,,,0,15,,205919,54,,,0,55,,205920,54,,,0,16,,205921,54,,,0,15,,205922,54,,,0,14,,205923,54,,,0,13,,205924,54,,,0,55,,205925,54,,,0,16,,205889,54,,,0,12,,205926,54,,,0,13,,205927,54,,,0,52,,205928,54,,,0,15,,205929,54,,,0,13,,205930,54,,,0,16,,205931,54,,,0,57,,205932,54,,,0,15,,205933,54,,,0,10,,205936,54,,,0,14,,205888,54,,,0,13,,205937,54,,,0,55,,205938,54,,,0,9,,205939,54,,,0,19,,205935,54,,,0,11,,205940,54,,,0,60,,205941,54,,,0,13,,205942,54,,,0,16,,205934,54,,,0,14,,205943,54,,,0,61,,205944,54,,,0,16,,205945,54,,,0,71,,205946,54,,,0,31,,205881,54,,,0,68,,205882,54,,,0,35,,205883,54,,,0,64,,205884,54,,,0,30,,205885,54,,,0,25,,205886,54,,,0,70,,205887,54,,,0
666700,'3_merged_15727751',851,,205947,54,,,0,56,,205949,54,,,0,14,,205950,54,,,0,18,,205951,54,,,0,16,,205959,54,,,0,56,,205952,54,,,0,21,,205953,54,,,0,14,,205955,54,,,0,55,,205956,54,,,0,11,,205960,54,,,0,12,,205961,54,,,0,20,,205962,54,,,0,15,,205963,54,,,0,58,,205964,54,,,0,15,,205965,54,,,0,15,,205966,54,,,0,55,,205967,54,,,0,15,,205968,54,,,0,14,,205969,54,,,0,16,,205970,54,,,0,53,,205971,54,,,0,19,,205972,54,,,0,16,,205973,54,,,0,15,,205974,54,,,0,55,,205975,54,,,0,13,,205976,54,,,0,15,,205977,54,,,0,16,,205978,54,,,0,54,,205979,54,,,0,17,,205980,54,,,0,13,,205981,54,,,0,15,,205982,54,,,0,56,,205983,54,,,0,12,,205984,54,,,0,18,,205985,54,,,0,15,,205986,54,,,0,53,,205987,54,,,0,15,,205988,54,,,0,13,,205989,54,,,0,17,,205990,54,,,0,53,,205991,54,,,0,15,,205992,54,,,0,12,,205993,54,,,0,15,,205954,54,,,0,16,,205994,54,,,0,55,,205995,54,,,0,12,,205958,54,,,0,15,,205996,54,,,0,15,,205997,54,,,0,55,,205998,54,,,0,14,,205957,54,,,0,15,,205948,54,,,0,14,,205999,54,,,0,55,,206000,54,,,0,27,,206001,54,,,0,23,,206002,54,,,0,70,,206003,54,,,0,30,,206004,54,,,0,71,,206005,54,,,0,28,,206006,54,,,0,70,,206007,54,,,0
2263800,'101_merged_15727747',754,,229148,32,,,0,871,,229147,32,,,0
2263800,'1_merged_15727750',527,,229181,32,,,0,29,,229182,32,,,0,72,,229183,32,,,0,13,,229184,32,,,0,14,,229185,32,,,0,58,,229186,32,,,0,13,,229187,32,,,0,16,,229188,32,,,0,15,,229189,32,,,0,60,,229190,32,,,0,24,,229191,32,,,0,18,,229192,32,,,0,65,,229158,32,,,0,22,,229159,32,,,0,69,,229160,32,,,0,30,,229161,32,,,0,71,,229162,32,,,0,30,,229163,32,,,0,71,,229164,32,,,0,31,,229165,32,,,0,70,,229166,32,,,0,31,,229167,32,,,0,73,,229168,32,,,0,35,,229169,32,,,0,68,,229170,32,,,0,28,,229171,32,,,0,58,,229172,32,,,0,24,,229201,32,,,0,19,,229173,32,,,0,52,,229174,32,,,0,15,,229149,32,,,0,14,,229179,32,,,0,14,,229180,32,,,0,57,,229150,32,,,0,18,,229178,32,,,0,22,,229200,32,,,0,57,,229152,32,,,0,24,,229199,32,,,0,24,,229193,32,,,0,61,,229151,32,,,0,34,,229175,32,,,0,64,,229176,32,,,0,30,,229177,32,,,0,72,,229153,32,,,0,28,,229197,32,,,0,68,,229198,32,,,0,28,,229154,32,,,0,72,,229196,32,,,0,28,,229155,32,,,0,70,,229195,32,,,0,29,,229156,32,,,0,70,,229194,32,,,0,30,,229157,32,,,0
2263800,'201_merged_15727755',1625,,229202,32,,,0
2263800,'2_merged_15727752',622,,229203,32,,,0,20,,229204,32,,,0,72,,229205,32,,,0,32,,229206,32,,,0,70,,229207,32,,,0,30,,229208,32,,,0,70,,229209,32,,,0,32,,229210,32,,,0,72,,229211,32,,,0,31,,229212,32,,,0,70,,229213,32,,,0,31,,229214,32,,,0,71,,229215,32,,,0,30,,229216,32,,,0,71,,229217,32,,,0,30,,229218,32,,,0,70,,229219,32,,,0,30,,229220,32,,,0,70,,229221,32,,,0,30,,229222,32,,,0,70,,229223,32,,,0,30,,229224,32,,,0,70,,229225,32,,,0,30,,229226,32,,,0,70,,229227,32,,,0,25,,229228,32,,,0,69,,229229,32,,,0,30,,229230,32,,,0,69,,229231,32,,,0,28,,229232,32,,,0,67,,229233,32,,,0,29,,229234,32,,,0,70,,229235,32,,,0,28,,229236,32,,,0,70,,229237,32,,,0,30,,229238,32,,,0,70,,229239,32,,,0,48,,229240,32,,,0,65,,229241,32,,,0,83,,229242,32,,,0,30,,229243,32,,,0
2263800,'3_merged_15727751',651,,229256,32,,,0,70,,229247,32,,,0,30,,229257,32,,,0,72,,229258,32,,,0,31,,229259,32,,,0,70,,229260,32,,,0,32,,229261,32,,,0,71,,229263,32,,,0,31,,229264,32,,,0,71,,229262,32,,,0,30,,229265,32,,,0,72,,229266,32,,,0,70,,229267,32,,,0,29,,229268,32,,,0,70,,229269,32,,,0,30,,229270,32,,,0,72,,229271,32,,,0,30,,229272,32,,,0,70,,229273,32,,,0,30,,229274,32,,,0,70,,229275,32,,,0,30,,229276,32,,,0,69,,229277,32,,,0,29,,229278,32,,,0,70,,229279,32,,,0,29,,229280,32,,,0,30,,229281,32,,,0,68,,229244,32,,,0,29,,229245,32,,,0,70,,229246,32,,,0,31,,229248,32,,,0,76,,229249,32,,,0,71,,229250,32,,,0,28,,229251,32,,,0,25,,229252,32,,,0,69,,229253,32,,,0,30,,229254,32,,,0,68,,229255,32,,,0
3003600,'101_merged_15727747',1541,,230402,14,,,0
3003600,'1_merged_15727750',556,,230405,14,,,0,55,,230406,14,,,0,15,,230407,14,,,0,15,,230408,14,,,0,15,,230403,14,,,0,56,,230409,14,,,0,15,,230410,14,,,0,16,,230411,14,,,0,15,,230412,14,,,0,55,,230413,14,,,0,16,,230414,14,,,0,17,,230415,14,,,0,58,,230427,14,,,0,12,,230416,14,,,0,16,,230417,14,,,0,13,,230418,14,,,0,69,,230419,14,,,0,28,,230456,14,,,0,70,,230420,14,,,0,30,,230421,14,,,0,70,,230422,14,,,0,29,,230423,14,,,0,71,,230424,14,,,0,30,,230425,14,,,0,72,,230426,14,,,0,35,,230428,14,,,0,67,,230429,14,,,0,15,,230430,14,,,0,20,,230404,14,,,0,53,,230431,14,,,0,15,,230432,14,,,0,16,,230433,14,,,0,17,,230434,14,,,0,54,,230435,14,,,0,17,,230436,14,,,0,12,,230437,14,,,0,17,,230438,14,,,0,48,,230439,14,,,0,4,,230440,14,,,0,25,,230442,14,,,0,2,,230441,14,,,0,10,,230443,14,,,0,16,,230444,14,,,0,62,,230445,14,,,0,28,,230446,14,,,0,67,,230447,14,,,0,27,,230448,14,,,0,70,,230449,14,,,0,30,,230450,14,,,0,70,,230451,14,,,0,30,,230452,14,,,0,70,,230453,14,,,0,29,,230454,14,,,0,70,,230455,14,,,0
3003600,'2_merged_15727752',638,,230458,14,,,0,71,,230459,14,,,0,30,,230460,14,,,0,70,,230461,14,,,0,30,,230462,14,,,0,70,,230463,14,,,0,30,,230464,14,,,0,70,,230465,14,,,0,30,,230466,14,,,0,70,,230467,14,,,0,30,,230468,14,,,0,70,,230457,14,,,0,30,,230469,14,,,0,70,,230470,14,,,0,30,,230471,14,,,0,70,,230472,14,,,0,30,,230473,14,,,0,72,,230474,14,,,0,32,,230475,14,,,0,69,,230476,14,,,0,29,,230477,14,,,0,70,,230478,14,,,0,31,,230479,14,,,0,70,,230480,14,,,0,30,,230481,14,,,0,70,,230482,14,,,0,30,,230483,14,,,0,69,,230484,14,,,0,30,,230485,14,,,0,70,,230486,14,,,0,30,,230487,14,,,0,70,,230488,14,,,0,30,,230489,14,,,0,70,,230490,14,,,0,29,,230491,14,,,0,70,,230492,14,,,0
3003600,'3_merged_15727751',738,,230494,14,,,0,71,,230493,14,,,0,30,,230495,14,,,0,70,,230496,14,,,0,30,,230497,14,,,0,71,,230498,14,,,0,30,,230499,14,,,0,70,,230500,14,,,0,30,,230501,14,,,0,70,,230502,14,,,0,30,,230503,14,,,0,70,,230504,14,,,0,30,,230505,14,,,0,71,,230506,14,,,0,30,,230517,14,,,0,70,,230518,14,,,0,30,,230507,14,,,0,70,,230508,14,,,0,30,,230509,14,,,0,71,,230510,14,,,0,30,,230511,14,,,0,69,,230512,14,,,0,30,,230513,14,,,0,70,,230514,14,,,0,30,,230515,14,,,0,70,,230516,14,,,0,30,,230519,14,,,0,69,,230520,14,,,0,30,,230521,14,,,0,69,,230522,14,,,0,30,,230523,14,,,0,70,,230524,14,,,0,30,,230525,14,,,0,70,,230526,14,,,0
3003900,'1_merged_15727750',545,,231100,10,,,0,10,,231117,10,,,0,56,,231099,10,,,0,9,,231118,10,,,0,14,,231098,10,,,0,14,,231105,10,,,0,66,,231097,10,,,0,4,,231106,10,,,0,21,,231091,10,,,0,20,,231107,10,,,0,81,,231108,10,,,0,70,,231109,10,,,0,30,,231110,10,,,0,71,,231111,10,,,0,25,,231112,10,,,0,74,,231113,10,,,0,28,,231114,10,,,0,70,,231115,10,,,0,34,,231116,10,,,0,65,,231119,10,,,0,32,,231120,10,,,0,70,,231121,10,,,0,26,,231102,10,,,0,70,,231077,10,,,0,31,,231078,10,,,0,71,,231079,10,,,0,21,,231122,10,,,0,7,,231096,10,,,0,21,,231080,10,,,0,49,,231095,10,,,0,23,,231081,10,,,0,7,,231094,10,,,0,73,,231082,10,,,0,8,,231093,10,,,0,12,,231083,10,,,0,28,,231084,10,,,0,50,,231092,10,,,0,18,,231085,10,,,0,97,,231086,10,,,0,105,,231087,10,,,0,101,,231088,10,,,0,102,,231089,10,,,0,100,,231090,10,,,0
3003900,'2_merged_15727752',714,,231141,10,,,0,31,,231152,10,,,0,70,,231142,10,,,0,28,,231127,10,,,0,69,,231123,10,,,0,29,,231125,10,,,0,68,,231124,10,,,0,32,,231126,10,,,0,68,,231143,10,,,0,29,,231128,10,,,0,70,,231144,10,,,0,30,,231129,10,,,0,70,,231145,10,,,0,30,,231130,10,,,0,70,,231146,10,,,0,30,,231131,10,,,0,70,,231147,10,,,0,30,,231132,10,,,0,70,,231148,10,,,0,28,,231133,10,,,0,70,,231149,10,,,0,32,,231134,10,,,0,70,,231150,10,,,0,30,,231135,10,,,0,86,,231136,10,,,0,103,,231137,10,,,0,101,,231138,10,,,0,101,,231139,10,,,0,102,,231140,10,,,0
3003900,'3_merged_15727751',740,,231160,10,,,0,100,,231161,10,,,0,100,,231162,10,,,0,70,,231171,10,,,0,30,,231163,10,,,0,68,,231172,10,,,0,30,,231164,10,,,0,71,,231173,10,,,0,29,,231165,10,,,0,70,,231174,10,,,0,30,,231166,10,,,0,70,,231175,10,,,0,30,,231167,10,,,0,70,,231176,10,,,0,30,,231168,10,,,0,70,,231177,10,,,0,30,,231169,10,,,0,70,,231178,10,,,0,31,,231170,10,,,0,70,,231179,10,,,0,21,,231153,10,,,0,102,,231154,10,,,0,101,,231155,10,,,0,101,,231156,10,,,0,100,,231157,10,,,0,100,,231158,10,,,0
3003901,'101_merged_15727747',1538,,231180,20,,,0
3003901,'1_merged_15727750',524,,231213,20,,,0,24,,231202,20,,,0,7,,231214,20,,,0,63,,231212,20,,,0,10,,231215,20,,,0,20,,231211,20,,,0,10,,231216,20,,,0,59,,231210,20,,,0,11,,231217,20,,,0,20,,231209,20,,,0,10,,231218,20,,,0,63,,231203,20,,,0,17,,231219,20,,,0,68,,231220,20,,,0,30,,231221,20,,,0,66,,231222,20,,,0,31,,231223,20,,,0,72,,231224,20,,,0,27,,231225,20,,,0,76,,231226,20,,,0,25,,231181,20,,,0,70,,231182,20,,,0,30,,231183,20,,,0,78,,231184,20,,,0,33,,231185,20,,,0,67,,231186,20,,,0,29,,231187,20,,,0,71,,231188,20,,,0,30,,231189,20,,,0,73,,231190,20,,,0,9,,231208,20,,,0,17,,231191,20,,,0,15,,231207,20,,,0,53,,231192,20,,,0,11,,231206,20,,,0,29,,231193,20,,,0,11,,231205,20,,,0,50,,231194,20,,,0,26,,231195,20,,,0,8,,231204,20,,,0,59,,231196,20,,,0,34,,231197,20,,,0,97,,231198,20,,,0,100,,231199,20,,,0,98,,231200,20,,,0,98,,231201,20,,,0
3003901,'2_merged_15727752',630,,231241,20,,,0,70,,231230,20,,,0,30,,231242,20,,,0,70,,231227,20,,,0,31,,231243,20,,,0,70,,231228,20,,,0,33,,231244,20,,,0,69,,231231,20,,,0,32,,231245,20,,,0,70,,231232,20,,,0,30,,231246,20,,,0,70,,231233,20,,,0,30,,231247,20,,,0,70,,231234,20,,,0,30,,231248,20,,,0,70,,231235,20,,,0,30,,231249,20,,,0,70,,231236,20,,,0,30,,231250,20,,,0,70,,231237,20,,,0,30,,231251,20,,,0,70,,231238,20,,,0,30,,231252,20,,,0,68,,231239,20,,,0,30,,231255,20,,,0,69,,231240,20,,,0,30,,231253,20,,,0,99,,231254,20,,,0,100,,231256,20,,,0,100,,231257,20,,,0,100,,231258,20,,,0,100,,231229,20,,,0
3003901,'3_merged_15727751',629,,231260,20,,,0,100,,231261,20,,,0,101,,231262,20,,,0,101,,231263,20,,,0,101,,231264,20,,,0,101,,231265,20,,,0,70,,231278,20,,,0,30,,231266,20,,,0,70,,231279,20,,,0,30,,231267,20,,,0,70,,231280,20,,,0,30,,231268,20,,,0,70,,231281,20,,,0,30,,231269,20,,,0,70,,231282,20,,,0,33,,231270,20,,,0,67,,231283,20,,,0,30,,231271,20,,,0,69,,231284,20,,,0,30,,231272,20,,,0,101,,231273,20,,,0,97,,231274,20,,,0,100,,231275,20,,,0,99,,231276,20,,,0,100,,231277,20,,,0,100,,231259,20,,,0
3004000,'1_merged_15727750',543,,231290,10,,,0,10,,231306,10,,,0,58,,231289,10,,,0,10,,231307,10,,,0,18,,231288,10,,,0,11,,231308,10,,,0,60,,231287,10,,,0,10,,231309,10,,,0,20,,231326,10,,,0,17,,231310,10,,,0,66,,231311,10,,,0,32,,231312,10,,,0,67,,231313,10,,,0,31,,231314,10,,,0,72,,231315,10,,,0,27,,231316,10,,,0,76,,231317,10,,,0,24,,231318,10,,,0,70,,231319,10,,,0,28,,231320,10,,,0,77,,231321,10,,,0,74,,231322,10,,,0,25,,231323,10,,,0,26,,231324,10,,,0,71,,231325,10,,,0,30,,231304,10,,,0,73,,231292,10,,,0,12,,231331,10,,,0,18,,231293,10,,,0,55,,231330,10,,,0,15,,231294,10,,,0,11,,231329,10,,,0,71,,231295,10,,,0,11,,231328,10,,,0,10,,231296,10,,,0,27,,231297,10,,,0,48,,231327,10,,,0,21,,231298,10,,,0,75,,231299,10,,,0,59,,231300,10,,,0,100,,231301,10,,,0,141,,231302,10,,,0,58,,231303,10,,,0
3004000,'2_merged_15727752',700,,231343,10,,,0,30,,231351,10,,,0,70,,231363,10,,,0,30,,231352,10,,,0,28,,231332,10,,,0,69,,231353,10,,,0,29,,231333,10,,,0,69,,231354,10,,,0,30,,231334,10,,,0,70,,231355,10,,,0,30,,231335,10,,,0,70,,231356,10,,,0,29,,231336,10,,,0,69,,231357,10,,,0,31,,231337,10,,,0,70,,231358,10,,,0,30,,231338,10,,,0,70,,231359,10,,,0,30,,231339,10,,,0,70,,231360,10,,,0,29,,231340,10,,,0,70,,231361,10,,,0,30,,231341,10,,,0,70,,231362,10,,,0,32,,231344,10,,,0,101,,231345,10,,,0,100,,231346,10,,,0,102,,231347,10,,,0,100,,231348,10,,,0,100,,231349,10,,,0
3004000,'3_merged_15727751',658,,231364,10,,,0,99,,231365,10,,,0,99,,231366,10,,,0,98,,231367,10,,,0,99,,231368,10,,,0,70,,231383,10,,,0,29,,231369,10,,,0,70,,231384,10,,,0,30,,231370,10,,,0,70,,231385,10,,,0,30,,231371,10,,,0,70,,231386,10,,,0,30,,231372,10,,,0,70,,231387,10,,,0,34,,231373,10,,,0,67,,231388,10,,,0,30,,231374,10,,,0,70,,231389,10,,,0,30,,231375,10,,,0,104,,231376,10,,,0,99,,231377,10,,,0,100,,231378,10,,,0,101,,231379,10,,,0,101,,231380,10,,,0,100,,231381,10,,,0
3004001,'101_merged_15727747',755,,231390,26,,,0
3004001,'1_merged_15727750',529,,231403,26,,,0,21,,231418,26,,,0,9,,231404,26,,,0,60,,231417,26,,,0,10,,231405,26,,,0,18,,231416,26,,,0,9,,231406,26,,,0,57,,231415,26,,,0,15,,231420,26,,,0,31,,231421,26,,,0,60,,231407,26,,,0,20,,231422,26,,,0,81,,231423,26,,,0,30,,231424,26,,,0,70,,231425,26,,,0,31,,231426,26,,,0,65,,231427,26,,,0,34,,231428,26,,,0,70,,231429,26,,,0,30,,231430,26,,,0,74,,231413,26,,,0,25,,231414,26,,,0,74,,231431,26,,,0,32,,231432,26,,,0,71,,231419,26,,,0,27,,231433,26,,,0,71,,231434,26,,,0,30,,231435,26,,,0,60,,231391,26,,,0,7,,231412,26,,,0,21,,231392,26,,,0,8,,231411,26,,,0,63,,231393,26,,,0,7,,231410,26,,,0,30,,231394,26,,,0,8,,231409,26,,,0,52,,231395,26,,,0,24,,231396,26,,,0,10,,231408,26,,,0,56,,231397,26,,,0,55,,231398,26,,,0,104,,231399,26,,,0,143,,231400,26,,,0,57,,231401,26,,,0,100,,231402,26,,,0
3004001,'201_merged_15727755',755,,231436,26,,,0
3004001,'2_merged_15727752',716,,231444,26,,,0,30,,231462,26,,,0,71,,231445,26,,,0,30,,231463,26,,,0,69,,231446,26,,,0,31,,231466,26,,,0,71,,231447,26,,,0,30,,231437,26,,,0,72,,231448,26,,,0,28,,231438,26,,,0,72,,231449,26,,,0,30,,231439,26,,,0,70,,231450,26,,,0,30,,231440,26,,,0,70,,231451,26,,,0,30,,231464,26,,,0,70,,231452,26,,,0,30,,231465,26,,,0,70,,231453,26,,,0,30,,231441,26,,,0,69,,231454,26,,,0,30,,231442,26,,,0,70,,231455,26,,,0,30,,231443,26,,,0,70,,231456,26,,,0,86,,231457,26,,,0,95,,231458,26,,,0,100,,231459,26,,,0,101,,231460,26,,,0,102,,231461,26,,,0
3004001,'3_merged_15727751',718,,231468,26,,,0,100,,231469,26,,,0,100,,231470,26,,,0,100,,231471,26,,,0,32,,231485,26,,,0,70,,231472,26,,,0,30,,231486,26,,,0,70,,231473,26,,,0,30,,231487,26,,,0,70,,231474,26,,,0,30,,231488,26,,,0,69,,231475,26,,,0,30,,231489,26,,,0,69,,231476,26,,,0,30,,231490,26,,,0,71,,231477,26,,,0,30,,231491,26,,,0,70,,231478,26,,,0,30,,231492,26,,,0,70,,231479,26,,,0,30,,231493,26,,,0,60,,231481,26,,,0,99,,231467,26,,,0,99,,231480,26,,,0,98,,231482,26,,,0,100,,231483,26,,,0,100,,231484,26,,,0
3004100,'101_merged_15727747',1530,,231494,10,,,0,15,,231496,10,,,0,81,,231495,10,,,0
3004100,'1_merged_15727750',559,,231502,10,,,0,55,,231508,10,,,0,15,,231503,10,,,0,15,,231509,10,,,0,15,,231504,10,,,0,55,,231510,10,,,0,15,,231505,10,,,0,15,,231511,10,,,0,15,,231506,10,,,0,59,,231512,10,,,0,15,,231507,10,,,0,669,,231497,10,,,0,13,,231513,10,,,0,87,,231498,10,,,0,11,,231516,10,,,0,19,,231499,10,,,0,13,,231514,10,,,0,56,,231500,10,,,0,40,,231501,10,,,0,90,,231515,10,,,0
3004100,'201_merged_15727755',1530,,231519,10,,,0,15,,231517,10,,,0,81,,231518,10,,,0
