3454000,'1',529,,236774,1,,,0,30,,236775,1,,,0,70,,236776,1,,,0,30,,236777,1,,,0,71,,236778,1,,,0,70,,236779,1,,,0,30,,236780,1,,,0,80,,236781,1,,,0,40,,236782,1,,,0,81,,236783,1,,,0,80,,236784,1,,,0,39,,236785,1,,,0,81,,236786,1,,,0,80,,236787,1,,,0,41,,236788,1,,,0,80,,236789,1,,,0,82,,236790,1,,,0,28,,236791,1,,,0,70,,236792,1,,,0,40,,236793,1,,,0,70,,236794,1,,,0,30,,236795,1,,,0,80,,236796,1,,,0,90,,236797,1,,,0,80,,236798,1,,,0,40,,236799,1,,,0,80,,236800,1,,,0,80,,236801,1,,,0
3454000,'2',850,,236802,1,,,0,83,,236803,1,,,0,87,,236804,1,,,0,85,,236805,1,,,0,47,,236806,1,,,0,85,,236807,1,,,0,85,,236808,1,,,0,85,,236809,1,,,0,45,,236810,1,,,0,85,,236811,1,,,0,85,,236812,1,,,0,85,,236813,1,,,0,43,,236814,1,,,0,85,,236815,1,,,0,85,,236816,1,,,0,85,,236817,1,,,0,45,,236818,1,,,0,85,,236819,1,,,0,85,,236820,1,,,0
3454000,'3',850,,236821,1,,,0,85,,236822,1,,,0,85,,236823,1,,,0,85,,236824,1,,,0,46,,236825,1,,,0,86,,236826,1,,,0,85,,236827,1,,,0,85,,236828,1,,,0,45,,236829,1,,,0,85,,236830,1,,,0,85,,236831,1,,,0,84,,236832,1,,,0,45,,236833,1,,,0,84,,236834,1,,,0,85,,236835,1,,,0,85,,236836,1,,,0,45,,236837,1,,,0,85,,236838,1,,,0,85,,236839,1,,,0
3454001,'1',538,,236840,13,4,,0,70,,236841,13,4,,0,30,,236842,13,4,,0,70,,236843,13,4,,0,30,,236844,13,4,,0,70,,236845,13,4,,0,30,,236846,13,4,,0,71,,236847,13,4,,0,39,,236848,13,4,,0,80,,236849,13,4,,0,80,,236850,13,4,,0,40,,236851,13,4,,0,80,,236852,13,4,,0,80,,236853,13,4,,0,40,,236854,13,4,,0,80,,236855,13,4,,0,81,,236856,13,4,,0,40,,236857,13,4,,0,76,,236858,13,4,,0,30,,236859,13,4,,0,70,,236860,13,4,,0,29,,236861,13,4,,0,78,,236862,13,4,,0,87,,236863,13,4,,0,84,,236864,13,4,,0,40,,236865,13,4,,0,80,,236866,13,4,,0,80,,236867,13,4,,0
3454001,'2',823,,236868,13,4,,0,85,,236869,13,4,,0,45,,236870,13,4,,0,85,,236871,13,4,,0,85,,236872,13,4,,0,85,,236873,13,4,,0,46,,236874,13,4,,0,85,,236875,13,4,,0,85,,236876,13,4,,0,85,,236877,13,4,,0,45,,236878,13,4,,0,85,,236879,13,4,,0,85,,236880,13,4,,0,85,,236881,13,4,,0,45,,236882,13,4,,0,85,,236883,13,4,,0,85,,236884,13,4,,0,85,,236885,13,4,,0,45,,236886,13,4,,0
3454001,'3',824,,236887,13,4,,0,85,,236888,13,4,,0,45,,236889,13,4,,0,85,,236890,13,4,,0,85,,236891,13,4,,0,85,,236892,13,4,,0,46,,236893,13,4,,0,85,,236894,13,4,,0,85,,236895,13,4,,0,85,,236896,13,4,,0,45,,236897,13,4,,0,85,,236898,13,4,,0,85,,236899,13,4,,0,85,,236900,13,4,,0,45,,236901,13,4,,0,85,,236902,13,4,,0,85,,236903,13,4,,0,85,,236904,13,4,,0,45,,236905,13,4,,0
3454100,'1',538,,236906,1,,,0,70,,236907,1,,,0,30,,236908,1,,,0,70,,236909,1,,,0,30,,236910,1,,,0,70,,236911,1,,,0,30,,236912,1,,,0,71,,236913,1,,,0,39,,236914,1,,,0,80,,236915,1,,,0,80,,236916,1,,,0,40,,236917,1,,,0,80,,236918,1,,,0,80,,236919,1,,,0,40,,236920,1,,,0,80,,236921,1,,,0,81,,236922,1,,,0,40,,236923,1,,,0,76,,236924,1,,,0,30,,236925,1,,,0,70,,236926,1,,,0,29,,236927,1,,,0,78,,236928,1,,,0,87,,236929,1,,,0,84,,236930,1,,,0,40,,236931,1,,,0,80,,236932,1,,,0,80,,236933,1,,,0
3454100,'2',823,,236934,1,,,0,85,,236935,1,,,0,45,,236936,1,,,0,85,,236937,1,,,0,85,,236938,1,,,0,85,,236939,1,,,0,46,,236940,1,,,0,85,,236941,1,,,0,85,,236942,1,,,0,85,,236943,1,,,0,45,,236944,1,,,0,85,,236945,1,,,0,85,,236946,1,,,0,85,,236947,1,,,0,45,,236948,1,,,0,85,,236949,1,,,0,85,,236950,1,,,0,85,,236951,1,,,0,45,,236952,1,,,0
3454100,'3',824,,236953,1,,,0,85,,236954,1,,,0,45,,236955,1,,,0,85,,236956,1,,,0,85,,236957,1,,,0,85,,236958,1,,,0,46,,236959,1,,,0,85,,236960,1,,,0,85,,236961,1,,,0,85,,236962,1,,,0,45,,236963,1,,,0,85,,236964,1,,,0,85,,236965,1,,,0,85,,236966,1,,,0,45,,236967,1,,,0,85,,236968,1,,,0,85,,236969,1,,,0,85,,236970,1,,,0,45,,236971,1,,,0
3454101,'1',529,,236972,23,4,,0,30,,236973,23,4,,0,70,,236974,23,4,,0,30,,236975,23,4,,0,71,,236976,23,4,,0,70,,236977,23,4,,0,30,,236978,23,4,,0,80,,236979,23,4,,0,40,,236980,23,4,,0,81,,236981,23,4,,0,80,,236982,23,4,,0,39,,236983,23,4,,0,81,,236984,23,4,,0,80,,236985,23,4,,0,41,,236986,23,4,,0,80,,236987,23,4,,0,82,,236988,23,4,,0,28,,236989,23,4,,0,70,,236990,23,4,,0,40,,236991,23,4,,0,70,,236992,23,4,,0,30,,236993,23,4,,0,80,,236994,23,4,,0,90,,236995,23,4,,0,80,,236996,23,4,,0,40,,236997,23,4,,0,80,,236998,23,4,,0,80,,236999,23,4,,0
3454101,'2',850,,237000,23,4,,0,83,,237001,23,4,,0,87,,237002,23,4,,0,85,,237003,23,4,,0,47,,237004,23,4,,0,85,,237005,23,4,,0,85,,237006,23,4,,0,85,,237007,23,4,,0,45,,237008,23,4,,0,85,,237009,23,4,,0,85,,237010,23,4,,0,85,,237011,23,4,,0,43,,237012,23,4,,0,85,,237013,23,4,,0,85,,237014,23,4,,0,85,,237015,23,4,,0,45,,237016,23,4,,0,85,,237017,23,4,,0,85,,237018,23,4,,0
3454101,'3',850,,237019,23,4,,0,85,,237020,23,4,,0,85,,237021,23,4,,0,85,,237022,23,4,,0,46,,237023,23,4,,0,86,,237024,23,4,,0,85,,237025,23,4,,0,85,,237026,23,4,,0,45,,237027,23,4,,0,85,,237028,23,4,,0,85,,237029,23,4,,0,84,,237030,23,4,,0,45,,237031,23,4,,0,84,,237032,23,4,,0,85,,237033,23,4,,0,85,,237034,23,4,,0,45,,237035,23,4,,0,85,,237036,23,4,,0,85,,237037,23,4,,0
