672401,'1_merged_15727750',503,,216967,2,,,0,30,,216956,2,,,0,68,,216982,2,,,0,34,,216966,2,,,0,72,,216983,2,,,0,15,,216990,2,,,0,16,,216991,2,,,0,16,,216992,2,,,0,54,,216993,2,,,0,15,,216994,2,,,0,17,,216995,2,,,0,13,,216996,2,,,0,57,,216997,2,,,0,15,,216998,2,,,0,16,,216999,2,,,0,15,,216984,2,,,0,55,,217000,2,,,0,18,,216971,2,,,0,20,,216968,2,,,0,60,,216972,2,,,0,20,,216969,2,,,0,20,,216970,2,,,0,60,,216973,2,,,0,20,,216955,2,,,0,17,,216957,2,,,0,62,,216974,2,,,0,21,,216960,2,,,0,21,,216961,2,,,0,60,,216975,2,,,0,17,,216954,2,,,0,17,,216985,2,,,0,57,,216981,2,,,0,16,,216989,2,,,0,16,,216980,2,,,0,15,,217001,2,,,0,55,,217002,2,,,0,15,,217003,2,,,0,15,,217004,2,,,0,15,,217005,2,,,0,55,,217006,2,,,0,14,,217007,2,,,0,16,,217008,2,,,0,15,,217009,2,,,0,53,,217010,2,,,0,14,,217011,2,,,0,15,,217012,2,,,0,15,,217013,2,,,0,55,,217014,2,,,0,15,,217015,2,,,0,23,,216976,2,,,0,74,,216977,2,,,0,31,,216978,2,,,0,69,,216979,2,,,0,30,,216962,2,,,0,70,,216963,2,,,0,30,,216964,2,,,0,70,,216965,2,,,0,30,,216986,2,,,0,70,,216958,2,,,0,26,,216987,2,,,0,70,,216959,2,,,0,37,,216988,2,,,0
672401,'2_merged_15727752',456,,217052,2,,,0,78,,217054,2,,,0,72,,217055,2,,,0,31,,217056,2,,,0,70,,217057,2,,,0,30,,217058,2,,,0,69,,217059,2,,,0,21,,217060,2,,,0,20,,217061,2,,,0,60,,217016,2,,,0,19,,217017,2,,,0,16,,217018,2,,,0,14,,217019,2,,,0,55,,217020,2,,,0,14,,217021,2,,,0,15,,217022,2,,,0,15,,217023,2,,,0,54,,217024,2,,,0,15,,217025,2,,,0,15,,217026,2,,,0,15,,217027,2,,,0,55,,217028,2,,,0,15,,217029,2,,,0,15,,217030,2,,,0,15,,217031,2,,,0,56,,217032,2,,,0,15,,217033,2,,,0,15,,217034,2,,,0,15,,217035,2,,,0,54,,217036,2,,,0,15,,217037,2,,,0,13,,217038,2,,,0,15,,217039,2,,,0,54,,217040,2,,,0,15,,217041,2,,,0,15,,217042,2,,,0,15,,217043,2,,,0,55,,217044,2,,,0,15,,217045,2,,,0,14,,217046,2,,,0,15,,217047,2,,,0,55,,217048,2,,,0,15,,217049,2,,,0,15,,217050,2,,,0,17,,217051,2,,,0,59,,217062,2,,,0,20,,217063,2,,,0,20,,217064,2,,,0,61,,217065,2,,,0,20,,217078,2,,,0,20,,217066,2,,,0,60,,217067,2,,,0,21,,217068,2,,,0,68,,217069,2,,,0,30,,217070,2,,,0,74,,217071,2,,,0,31,,217072,2,,,0,70,,217073,2,,,0,30,,217074,2,,,0,80,,217075,2,,,0,30,,217076,2,,,0,76,,217077,2,,,0,29,,217053,2,,,0
672401,'3_merged_15727751',507,,217085,2,,,0,30,,217087,2,,,0,70,,217088,2,,,0,30,,217089,2,,,0,70,,217090,2,,,0,30,,217091,2,,,0,65,,217092,2,,,0,20,,217093,2,,,0,20,,217094,2,,,0,61,,217095,2,,,0,20,,217096,2,,,0,20,,217097,2,,,0,61,,217098,2,,,0,20,,217099,2,,,0,20,,217100,2,,,0,60,,217101,2,,,0,20,,217102,2,,,0,20,,217103,2,,,0,59,,217104,2,,,0,20,,217105,2,,,0,20,,217106,2,,,0,61,,217107,2,,,0,20,,217108,2,,,0,20,,217109,2,,,0,58,,217110,2,,,0,16,,217079,2,,,0,15,,217111,2,,,0,15,,217112,2,,,0,55,,217113,2,,,0,15,,217080,2,,,0,14,,217114,2,,,0,16,,217115,2,,,0,54,,217116,2,,,0,15,,217081,2,,,0,15,,217117,2,,,0,15,,217118,2,,,0,55,,217119,2,,,0,15,,217082,2,,,0,15,,217120,2,,,0,15,,217121,2,,,0,55,,217122,2,,,0,15,,217083,2,,,0,15,,217123,2,,,0,20,,217124,2,,,0,60,,217125,2,,,0,21,,217126,2,,,0,18,,217084,2,,,0,60,,217127,2,,,0,34,,217128,2,,,0,70,,217129,2,,,0,32,,217130,2,,,0,72,,217131,2,,,0,32,,217132,2,,,0,71,,217133,2,,,0,35,,217134,2,,,0,69,,217135,2,,,0,85,,217136,2,,,0,30,,217086,2,,,0
672701,'1_merged_15727750',602,,217659,15,,,0,26,,217660,15,,,0,17,,217652,19,,,0,62,,217680,19,,,0,22,,217681,19,,,0,21,,217682,19,,,0,61,,217683,19,,,0,27,,217684,19,,,0,67,,217685,19,,,0,29,,217686,19,,,0,68,,217687,15,,,0,28,,217688,15,,,0,28,,217689,15,,,0,71,,217690,15,,,0,23,,217691,15,,,0,68,,217692,15,,,0,29,,217693,15,,,0,61,,217694,15,,,0,93,,217695,21,,,0,12,,217696,15,,,0,31,,217697,15,,,0,66,,217653,21,,,0,24,,217661,21,,,0,8,,217662,15,,,0,64,,217663,19,,,0,14,,217664,19,,,0,22,,217665,21,,,0,69,,217667,19,,,0,13,,217666,19,,,0,23,,217668,19,,,0,66,,217669,19,,,0,8,,217670,19,,,0,29,,217671,15,,,0,59,,217672,15,,,0,21,,217673,15,,,0,23,,217674,15,,,0,60,,217675,15,,,0,27,,217676,15,,,0,67,,217677,15,,,0,33,,217678,15,,,0,74,,217679,15,,,0,85,,217654,15,,,0,27,,217655,15,,,0,80,,217658,15,,,0,50,,217656,21,,,0,97,,217657,15,,,0
672701,'2_merged_15727752',608,,217704,15,,,0,100,,217728,15,,,0,99,,217703,15,,,0,30,,217731,15,,,0,71,,217708,15,,,0,30,,217710,15,,,0,68,,217699,15,,,0,33,,217719,15,,,0,69,,217730,15,,,0,29,,217721,15,,,0,70,,217722,15,,,0,30,,217723,15,,,0,69,,217724,15,,,0,30,,217732,15,,,0,70,,217727,15,,,0,30,,217701,15,,,0,72,,217702,15,,,0,27,,217715,15,,,0,72,,217713,15,,,0,28,,217714,15,,,0,71,,217716,15,,,0,28,,217717,15,,,0,67,,217718,15,,,0,30,,217711,15,,,0,69,,217720,15,,,0,40,,217698,15,,,0,71,,217705,15,,,0,30,,217700,15,,,0,66,,217712,15,,,0,30,,217706,15,,,0,71,,217709,15,,,0,100,,217707,15,,,0,95,,217725,15,,,0,97,,217729,15,,,0,53,,217726,15,0,35 8,0
672701,'3_merged_15727751',642,,217738,15,,,0,99,,217744,15,,,0,102,,217741,15,,,0,102,,217757,15,,,0,71,,217762,15,,,0,20,,217753,15,,,0,68,,217750,15,,,0,32,,217736,15,,,0,23,,217746,15,,,0,69,,217745,15,,,0,72,,217748,15,,,0,28,,217747,15,,,0,30,,217733,15,,,0,70,,217749,15,,,0,72,,217751,15,,,0,29,,217740,15,,,0,72,,217739,15,,,0,31,,217752,15,,,0,71,,217755,15,,,0,32,,217743,15,,,0,80,,217735,15,,,0,31,,217734,15,,,0,70,,217764,15,,,0,29,,217754,15,,,0,71,,217756,15,,,0,27,,217737,15,,,0,71,,217758,15,,,0,30,,217759,15,,,0,70,,217760,15,,,0,90,,217761,15,,,0,97,,217742,15,,,0,58,,217765,15,,,0,96,,217763,15,0,35 8,0
682701,'101_merged_15727747',1603,,224709,2,0,133 134 89,0
682701,'1_merged_15727750',624,,224712,2,0,133 134 89,0,8,,224711,2,0,133 134 89,0,18,,224710,2,0,133 134 89,0,51,,224730,2,0,133 134 89,0,14,,224742,2,0,133 134 89,0,15,,224743,2,0,133 134 89,0,15,,224744,2,0,133 134 89,0,59,,224737,2,0,133 134 89,0,20,,224739,2,0,133 134 89,0,19,,224740,2,0,133 134 89,0,59,,224736,2,0,133 134 89,0,29,,224735,2,0,133 134 89,0,70,,224734,2,0,133 134 89,0,30,,224733,2,0,133 134 89,0,70,,224732,2,0,133 134 89,0,30,,224731,2,0,133 134 89,0,70,,224729,2,0,133 134 89,0,30,,224728,2,0,133 134 89,0,70,,224741,2,0,133 134 89,0,30,,224738,2,0,133 134 89,0,70,,224727,2,0,133 134 89,0,22,,224726,2,0,133 134 89,0,18,,224725,2,0,133 134 89,0,60,,224713,2,0,133 134 89,0,20,,224724,2,0,133 134 89,0,22,,224719,2,0,133 134 89,0,80,,224723,2,0,133 134 89,0,20,,224718,2,0,133 134 89,0,59,,224722,2,0,133 134 89,0,19,,224721,2,0,133 134 89,0,19,,224717,2,0,133 134 89,0,63,,224720,2,0,133 134 89,0,20,,224715,2,0,133 134 89,0,21,,224716,2,0,133 134 89,0,61,,224714,2,0,133 134 89,0
682701,'201_merged_15727755',1603,,224745,2,0,133 134 89,0
682701,'2_merged_15727752',856,,224747,2,0,133 134 89,0,70,,224748,2,0,133 134 89,0,30,,224749,2,0,133 134 89,0,70,,224750,2,0,133 134 89,0,30,,224751,2,0,133 134 89,0,70,,224752,2,0,133 134 89,0,30,,224753,2,0,133 134 89,0,70,,224754,2,0,133 134 89,0,30,,224755,2,0,133 134 89,0,70,,224756,2,0,133 134 89,0,30,,224757,2,0,133 134 89,0,70,,224758,2,0,133 134 89,0,30,,224759,2,0,133 134 89,0,70,,224760,2,0,133 134 89,0,30,,224761,2,0,133 134 89,0,70,,224762,2,0,133 134 89,0,30,,224763,2,0,133 134 89,0,70,,224764,2,0,133 134 89,0,30,,224765,2,0,133 134 89,0,70,,224766,2,0,133 134 89,0,27,,224746,2,0,133 134 89,0
683000,'1_merged_15727750',2526,,224906,13,,,0,32,,224907,13,,,0,68,,224908,13,,,0,30,,224909,13,,,0,70,,224910,13,,,0,32,,224911,13,,,0
683000,'2_merged_15727752',2526,,224918,13,,,0,75,,224917,13,,,0,30,,224916,13,,,0,70,,224913,13,,,0,32,,224915,13,,,0,74,,224914,13,,,0
683000,'3_merged_15727751',2526,,224925,13,,,0,30,,224924,13,,,0,70,,224919,13,,,0,30,,224923,13,,,0,70,,224922,13,,,0,80,,224921,13,,,0
683001,'1_merged_15727750',2652,,224926,45,,,0,71,,224927,45,,,0,30,,224928,45,,,0,70,,224929,45,,,0,30,,224930,45,,,0,69,,224931,45,,,0
683001,'2_merged_15727752',2703,,224937,45,,,0,34,,224933,45,,,0,70,,224932,45,,,0,30,,224936,45,,,0,72,,224935,45,,,0,34,,224934,45,,,0
683001,'3_merged_15727751',2658,,224939,45,,,0,70,,224938,45,,,0,30,,224943,45,,,0,70,,224942,45,,,0,30,,224941,45,,,0,80,,224940,45,,,0
