669201,'1_merged_15727750',515,,210472,12,,,0,88,,210473,27,,,0,30,,210474,27,,,0,70,,210475,27,,,0,20,,210476,27,,,0,25,,210477,27,,,0,60,,210478,27,,,0,20,,210479,27,,,0,20,,210480,27,,,0,60,,210481,27,,,0,20,,210482,27,,,0,20,,210483,27,,,0,60,,210484,27,,,0,20,,210485,27,,,0,20,,210486,27,,,0,60,,210487,27,,,0,20,,210488,27,,,0,20,,210489,27,,,0,60,,210490,27,,,0,20,,210491,27,,,0,20,,210492,27,,,0,60,,210493,27,,,0,20,,210494,27,,,0,20,,210495,27,,,0,60,,210496,27,,,0,20,,210497,27,,,0,20,,210498,27,,,0,60,,210499,27,,,0,21,,210500,27,,,0,20,,210501,27,,,0,60,,210502,27,,,0,20,,210503,27,,,0,20,,210504,27,,,0,60,,210505,27,,,0,20,,210506,27,,,0,20,,210507,27,,,0,60,,210508,27,,,0,19,,210509,27,,,0,25,,210510,27,,,0,68,,210511,27,,,0,30,,210512,27,,,0,69,,210513,27,,,0,30,,210514,27,,,0,67,,210515,27,,,0,35,,210516,27,0,46 47,0,77,,210517,27,0,46 47,0,29,,210518,27,0,46 47,0,77,,210519,27,0,46 47,0,69,,210520,27,0,46 47,0,44,,210521,27,0,46 47,0,72,,210522,27,0,46 47,0
669201,'2_merged_15727752',515,,210523,12,,,0,32,,210524,27,,,0,70,,210525,27,,,0,31,,210526,27,,,0,70,,210527,27,,,0,32,,210528,27,,,0,70,,210529,27,,,0,33,,210530,27,,,0,70,,210531,27,,,0,31,,210532,27,,,0,70,,210533,27,,,0,31,,210534,27,,,0,70,,210535,27,,,0,20,,210536,27,,,0,60,,210537,27,,,0,20,,210538,27,,,0,20,,210539,27,,,0,60,,210540,27,,,0,20,,210541,27,,,0,20,,210542,27,,,0,60,,210543,27,,,0,20,,210544,27,,,0,20,,210545,27,,,0,60,,210546,27,,,0,20,,210547,27,,,0,20,,210548,27,,,0,60,,210549,27,,,0,20,,210550,27,,,0,20,,210551,27,,,0,60,,210552,27,,,0,20,,210553,27,,,0,16,,210554,27,,,0,61,,210555,27,,,0,20,,210556,27,,,0,30,,210557,27,,,0,68,,210558,27,,,0,30,,210559,27,,,0,70,,210560,27,,,0,20,,210561,27,0,46 47,0,80,,210562,27,0,46 47,0,80,,210563,27,0,46 47,0,40,,210564,27,0,46 47,0,80,,210565,27,0,46 47,0,80,,210566,27,0,46 47,0,41,,210567,27,0,46 47,0,80,,210568,27,0,46 47,0
669201,'3_merged_15727751',627,,210569,12,,,0,23,,210570,27,,,0,70,,210571,27,,,0,30,,210572,27,,,0,71,,210573,27,,,0,30,,210574,27,,,0,70,,210575,27,,,0,31,,210576,27,,,0,70,,210577,27,,,0,30,,210578,27,,,0,70,,210579,27,,,0,20,,210580,27,,,0,60,,210581,27,,,0,20,,210582,27,,,0,20,,210583,27,,,0,60,,210584,27,,,0,20,,210585,27,,,0,20,,210586,27,,,0,60,,210587,27,,,0,20,,210588,27,,,0,20,,210589,27,,,0,60,,210590,27,,,0,20,,210591,27,,,0,20,,210592,27,,,0,60,,210593,27,,,0,20,,210594,27,,,0,20,,210595,27,,,0,60,,210596,27,,,0,20,,210597,27,,,0,20,,210598,27,,,0,60,,210599,27,,,0,20,,210600,27,,,0,28,,210601,27,,,0,72,,210602,27,,,0,30,,210603,27,,,0,68,,210604,27,,,0,30,,210605,27,,,0,68,,210606,27,0,46 47,0,40,,210607,27,0,46 47,0,80,,210608,27,0,46 47,0,78,,210609,27,0,46 47,0,42,,210610,27,0,46 47,0,82,,210611,27,0,46 47,0,80,,210612,27,0,46 47,0
683701,'1_merged_15727750',2504,,225128,7,,,0,103,,225129,29,,,0
683701,'2_merged_15727752',555,,225132,29,,,0,1951,,225130,7,,,0,106,,225131,29,,,0
683701,'3_merged_15727751',621,,225133,29,,,0,79,,225134,29,,,0,31,,225135,29,,,0,71,,225136,29,,,0,1531,,225138,7,,,0,71,,225139,7,,,0,40,,225140,29,,,0,73,,225141,29,,,0,108,,225143,29,,,0,29,,225144,29,,,0
3679900,'101_merged_15727747',1606,,237879,7,,,0
3679900,'1_merged_15727750',529,,237880,7,,,0,71,,237881,7,,,0,22,,237882,7,,,0,12,,237883,7,,,0,16,,237884,7,,,0,53,,237885,7,,,0,16,,237886,7,,,0,15,,237887,7,,,0,15,,237888,7,,,0,54,,237889,7,,,0,15,,237890,7,,,0,15,,237891,7,,,0,22,,237892,7,,,0,76,,237893,7,,,0,25,,237894,7,,,0,55,,237895,7,,,0,34,,237896,7,,,0,69,,237897,7,,,0,26,,237898,7,,,0,70,,237899,7,,,0,30,,237900,7,,,0,69,,237901,7,,,0,30,,237902,7,,,0,68,,237903,7,,,0,29,,237904,7,,,0,16,,237905,7,,,0,56,,237906,7,,,0,28,,237907,7,,,0,11,,237908,7,,,0,70,,237909,7,,,0,19,,237910,7,,,0,20,,237911,7,,,0,51,,237912,7,,,0,19,,237913,7,,,0,12,,237914,7,,,0,19,,237915,7,,,0,52,,237916,7,,,0,16,,237917,7,,,0,16,,237918,7,,,0,70,,237919,7,,,0,97,,237920,7,,,0,100,,237921,7,,,0,101,,237922,7,,,0,100,,237923,7,,,0,98,,237924,7,,,0,98,,237925,7,,,0,46,,237926,7,,,0
3679900,'201_merged_15727755',1606,,237927,7,,,0
3679900,'2_merged_15727752',602,,237937,7,,,0,33,,237938,7,,,0,70,,237960,7,,,0,30,,237928,7,,,0,69,,237929,7,,,0,31,,237930,7,,,0,71,,237931,7,,,0,29,,237932,7,,,0,69,,237933,7,,,0,31,,237934,7,,,0,71,,237935,7,,,0,30,,237936,7,,,0,69,,237961,7,,,0,32,,237939,7,,,0,69,,237959,7,,,0,29,,237940,7,,,0,71,,237941,7,,,0,31,,237958,7,,,0,68,,237942,7,,,0,31,,237957,7,,,0,71,,237943,7,,,0,27,,237944,7,,,0,72,,237945,7,,,0,29,,237946,7,,,0,72,,237947,7,,,0,29,,237948,7,,,0,69,,237949,7,,,0,99,,237950,7,,,0,101,,237951,7,,,0,102,,237952,7,,,0,98,,237953,7,,,0,101,,237954,7,,,0,97,,237955,7,,,0,48,,237956,7,,,0
3679900,'3_merged_15727751',705,,237962,7,,,0,102,,237963,7,,,0,101,,237964,7,,,0,30,,237965,7,,,0,67,,237966,7,,,0,30,,237967,7,,,0,69,,237968,7,,,0,31,,237969,7,,,0,73,,237970,7,,,0,27,,237971,7,,,0,74,,237972,7,,,0,28,,237973,7,,,0,70,,237974,7,,,0,29,,237975,7,,,0,74,,237976,7,,,0,27,,237977,7,,,0,68,,237978,7,,,0,35,,237979,7,,,0,66,,237980,7,,,0,31,,237981,7,,,0,70,,237982,7,,,0,30,,237983,7,,,0,70,,237984,7,,,0,100,,237985,7,,,0,99,,237986,7,,,0,100,,237987,7,,,0,101,,237988,7,,,0,101,,237989,7,,,0
