3181700,'1',514,,234338,19,,,0,30,,234311,19,,,0,70,,234312,19,,,0,30,,234313,19,,,0,62,,234314,19,,,0,32,,234315,19,,,0,70,,234316,19,,,0,31,,234317,19,,,0,70,,234318,19,,,0,30,,234319,19,,,0,70,,234320,19,,,0,30,,234321,19,,,0,70,,234322,19,,,0,32,,234323,19,,,0,70,,234324,19,,,0,30,,234325,19,,,0,70,,234326,19,,,0,29,,234327,19,,,0,70,,234328,19,,,0,32,,234329,19,,,0,71,,234330,19,,,0,31,,234331,19,,,0,68,,234332,19,,,0,30,,234333,19,,,0,69,,234334,19,,,0,27,,234335,19,,,0,70,,234336,19,,,0,30,,234337,19,,,0,70,,234339,19,,,0
3181700,'2',739,,234342,19,,,0,97,,234343,19,,,0,100,,234344,19,,,0,100,,234345,19,,,0,99,,234346,19,,,0,102,,234347,19,,,0,102,,234348,19,,,0,97,,234349,19,,,0,100,,234350,19,,,0,103,,234351,19,,,0,100,,234352,19,,,0,100,,234340,19,,,0,101,,234341,19,,,0,100,,234353,19,,,0
3181700,'3',837,,234354,19,,,0,101,,234355,19,,,0,100,,234356,19,,,0,100,,234357,19,,,0,100,,234358,19,,,0,100,,234359,19,,,0,101,,234360,19,,,0,99,,234361,19,,,0,101,,234362,19,,,0,100,,234363,19,,,0,100,,234364,19,,,0
3181800,'1',942,,234448,1,,,0,70,,234425,1,,,0,30,,234426,1,,,0,70,,234427,1,,,0,30,,234428,1,,,0,70,,234429,1,,,0,29,,234430,1,,,0,71,,234431,1,,,0,29,,234432,1,,,0,71,,234433,1,,,0,31,,234434,1,,,0,70,,234435,1,,,0,31,,234436,1,,,0,70,,234437,1,,,0,28,,234438,1,,,0,70,,234447,1,,,0,30,,234439,1,,,0,70,,234440,1,,,0,30,,234441,1,,,0,70,,234442,1,,,0,28,,234443,1,,,0,70,,234444,1,,,0,30,,234445,1,,,0,71,,234446,1,,,0
3181800,'1101',2141,,234418,1,,,0
3181800,'1201',2141,,234419,1,,,0,80,,234420,1,,,0,80,,234422,1,,,0,39,,234421,1,,,0,70,,234423,1,,,0,30,,234424,1,,,0
3181800,'2',810,,234465,1,,,0,30,,234449,1,,,0,70,,234466,1,,,0,30,,234450,1,,,0,70,,234467,1,,,0,30,,234451,1,,,0,70,,234468,1,,,0,30,,234452,1,,,0,70,,234469,1,,,0,30,,234453,1,,,0,70,,234470,1,,,0,30,,234454,1,,,0,68,,234471,1,,,0,32,,234455,1,,,0,68,,234472,1,,,0,32,,234456,1,,,0,67,,234473,1,,,0,32,,234457,1,,,0,72,,234474,1,,,0,30,,234458,1,,,0,70,,234475,1,,,0,30,,234459,1,,,0,69,,234476,1,,,0,30,,234460,1,,,0,70,,234477,1,,,0,30,,234461,1,,,0,70,,234478,1,,,0,30,,234462,1,,,0,70,,234479,1,,,0,30,,234463,1,,,0,70,,234480,1,,,0,30,,234464,1,,,0,70,,234481,1,,,0,30,,234482,1,,,0
3181800,'3',840,,234504,1,,,0,70,,234490,1,,,0,30,,234505,1,,,0,70,,234491,1,,,0,30,,234506,1,,,0,70,,234492,1,,,0,30,,234507,1,,,0,70,,234493,1,,,0,30,,234508,1,,,0,70,,234494,1,,,0,30,,234509,1,,,0,70,,234495,1,,,0,30,,234483,1,,,0,70,,234496,1,,,0,30,,234484,1,,,0,70,,234497,1,,,0,30,,234485,1,,,0,70,,234498,1,,,0,30,,234486,1,,,0,70,,234499,1,,,0,30,,234487,1,,,0,70,,234500,1,,,0,30,,234488,1,,,0,70,,234501,1,,,0,30,,234503,1,,,0,70,,234502,1,,,0,30,,234489,1,,,0
3181801,'1',942,,234520,12,4,,0,70,,234521,12,4,,0,30,,234522,12,4,,0,70,,234523,12,4,,0,30,,234524,12,4,,0,70,,234525,12,4,,0,29,,234526,12,4,,0,71,,234527,12,4,,0,29,,234528,12,4,,0,71,,234529,12,4,,0,31,,234530,12,4,,0,70,,234531,12,4,,0,31,,234532,12,4,,0,70,,234533,12,4,,0,28,,234534,12,4,,0,70,,234535,12,4,,0,30,,234536,12,4,,0,70,,234537,12,4,,0,30,,234538,12,4,,0,70,,234539,12,4,,0,28,,234515,12,4,,0,70,,234516,12,4,,0,30,,234517,12,4,,0,71,,234518,12,4,,0,30,,234519,12,4,,0
3181801,'1201',2221,,234510,12,4,,0,80,,234512,12,4,,0,39,,234511,12,4,,0,70,,234513,12,4,,0,30,,234514,12,4,,0
3181801,'2',810,,234569,12,4,,0,30,,234540,12,4,,0,70,,234570,12,4,,0,30,,234556,12,4,,0,70,,234542,12,4,,0,30,,234541,12,4,,0,70,,234543,12,4,,0,30,,234547,12,4,,0,70,,234544,12,4,,0,30,,234557,12,4,,0,70,,234545,12,4,,0,30,,234558,12,4,,0,68,,234546,12,4,,0,32,,234560,12,4,,0,68,,234559,12,4,,0,32,,234561,12,4,,0,67,,234548,12,4,,0,32,,234562,12,4,,0,72,,234549,12,4,,0,30,,234563,12,4,,0,70,,234550,12,4,,0,30,,234564,12,4,,0,69,,234551,12,4,,0,30,,234565,12,4,,0,70,,234552,12,4,,0,30,,234566,12,4,,0,70,,234553,12,4,,0,30,,234567,12,4,,0,70,,234554,12,4,,0,30,,234571,12,4,,0,70,,234555,12,4,,0,30,,234568,12,4,,0,70,,234572,12,4,,0,30,,234573,12,4,,0
3181801,'3',840,,234598,12,4,,0,70,,234584,12,4,,0,30,,234599,12,4,,0,70,,234585,12,4,,0,30,,234600,12,4,,0,70,,234586,12,4,,0,30,,234597,12,4,,0,70,,234587,12,4,,0,30,,234574,12,4,,0,70,,234588,12,4,,0,30,,234575,12,4,,0,70,,234589,12,4,,0,30,,234576,12,4,,0,70,,234590,12,4,,0,30,,234577,12,4,,0,70,,234591,12,4,,0,30,,234578,12,4,,0,70,,234592,12,4,,0,30,,234579,12,4,,0,70,,234593,12,4,,0,30,,234580,12,4,,0,70,,234594,12,4,,0,30,,234581,12,4,,0,70,,234595,12,4,,0,30,,234582,12,4,,0,70,,234596,12,4,,0,30,,234583,12,4,,0
