662400,'1',456,,192714,12,,,0,72,,192715,12,,,0,15,,192716,33,,,0,15,,192717,12,,,0,54,,192718,12,,,0,11,,192719,12,,,0,7,,192720,33,,,0,15,,192721,54,,,0,10,,192722,12,,,0,47,,192723,54,,,0,15,,192724,54,,,0,7,,192726,12,,,0,5,,192725,54,,,0,12,,192727,54,,,0,12,,192728,54,,,0,54,,192729,54,,,0,12,,192730,54,,,0,13,,192731,54,,,0,14,,192732,54,,,0,12,,192733,54,,,0,52,,192734,54,,,0,11,,192735,54,,,0,12,,192736,54,,,0,12,,192737,54,,,0,12,,192738,54,,,0,52,,192739,54,,,0,12,,192740,54,,,0,12,,192744,12,,,0,5,,192741,54,,,0,12,,192742,54,,,0,52,,192743,54,,,0,14,,192745,54,,,0,12,,192746,54,,,0,12,,192747,54,,,0,12,,192748,54,,,0,52,,192749,54,,,0,12,,192750,54,,,0,12,,192751,54,,,0,13,,192752,54,,,0,12,,192753,54,,,0,52,,192754,54,,,0,13,,192755,54,,,0,12,,192756,54,,,0,14,,192757,54,,,0,12,,192758,54,,,0,52,,192759,54,,,0,12,,192760,54,,,0,7,,192761,12,,,0,5,,192762,54,,,0,12,,192763,54,,,0,12,,192764,54,,,0,52,,192765,54,,,0,7,,192767,12,,,0,5,,192766,54,,,0,12,,192768,54,,,0,11,,192769,54,,,0,12,,192770,54,,,0,52,,192771,54,,,0,12,,192772,54,,,0,7,,192773,12,,,0,5,,192774,54,,,0,12,,192775,54,,,0,12,,192776,54,,,0,52,,192777,54,,,0,13,,192778,54,,,0,11,,192779,54,,,0,9,,192780,54,,,0,11,,192781,54,,,0,50,,192782,54,,,0,10,,192783,54,,,0,10,,192784,54,,,0,10,,192785,54,,,0,9,,192786,54,,,0,11,,192787,54,,,0,51,,192788,54,,,0,10,,192790,54,,,0,12,,192791,54,,,0,11,,192792,54,,,0,12,,192793,54,,,0,12,,192794,54,,,0,51,,192795,54,,,0,12,,192797,54,,,0,10,,192798,54,,,0,12,,192799,54,,,0,12,,192800,54,,,0,50,,192801,54,,,0,12,,192802,54,,,0,11,,192803,54,,,0,15,,192804,54,,,0,56,,192805,54,,,0,15,,192808,54,,,0,13,,192809,54,,,0,13,,192810,54,,,0,15,,192811,54,,,0,59,,192812,54,,,0,14,,192813,54,,,0,20,,192814,54,,,0,60,,192815,54,,,0,17,,192816,54,,,0
662400,'152201',2442,,192706,54,,,0,69,,192707,54,,,0,32,,192708,54,,,0,76,,192709,54,,,0
662400,'152301',2442,,192710,54,,,0,69,,192711,54,,,0,32,,192712,54,,,0,76,,192713,54,,,0
662400,'2',445,,192817,12,,,0,69,,192818,12,,,0,29,,192819,12,,,0,13,,192820,33,,,0,60,,192821,47,,,0,17,,192822,12,,,0,13,,192823,47,,,0,55,,192916,12,,,0,15,,192824,54,,,0,11,,192825,12,,,0,10,,192826,54,,,0,11,,192917,12,,,0,5,,192827,12,,,0,5,,192828,54,,,0,57,,192829,54,,,0,11,,192880,54,,,0,12,,192881,54,,,0,13,,192882,54,,,0,52,,192883,54,,,0,11,,192830,12,,,0,5,,192884,54,,,0,12,,192885,54,,,0,12,,192886,54,,,0,12,,192887,54,,,0,55,,192888,54,,,0,12,,192889,54,,,0,13,,192890,54,,,0,12,,192891,54,,,0,12,,192892,54,,,0,48,,192831,12,,,0,5,,192893,54,,,0,12,,192894,54,,,0,16,,192895,54,,,0,12,,192896,54,,,0,52,,192897,54,,,0,13,,192898,54,,,0,12,,192899,54,,,0,12,,192900,54,,,0,12,,192901,54,,,0,52,,192902,54,,,0,10,,192918,12,,,0,4,,192903,54,,,0,12,,192904,54,,,0,13,,192905,54,,,0,12,,192906,54,,,0,52,,192907,54,,,0,11,,192908,54,,,0,12,,192909,54,,,0,12,,192910,54,,,0,12,,192911,54,,,0,52,,192912,54,,,0,12,,192913,54,,,0,12,,192914,54,,,0,12,,192832,54,,,0,12,,192833,54,,,0,52,,192834,54,,,0,12,,192835,54,,,0,12,,192836,54,,,0,13,,192837,54,,,0,12,,192838,54,,,0,52,,192839,54,,,0,12,,192840,54,,,0,9,,192841,54,,,0,12,,192842,54,,,0,12,,192843,54,,,0,52,,192844,54,,,0,12,,192845,54,,,0,9,,192846,54,,,0,12,,192847,54,,,0,12,,192848,54,,,0,52,,192849,54,,,0,10,,192850,54,,,0,12,,192851,54,,,0,11,,192852,54,,,0,12,,192853,54,,,0,12,,192854,54,,,0,52,,192855,54,,,0,13,,192856,54,,,0,13,,192858,54,,,0,16,,192859,54,,,0,55,,192861,54,,,0,17,,192862,54,,,0,17,,192863,54,,,0,15,,192865,54,,,0,56,,192866,54,,,0,14,,192867,54,,,0,15,,192868,54,,,0,15,,192869,54,,,0,57,,192870,54,,,0,18,,192871,54,,,0,20,,192872,54,,,0,61,,192873,54,,,0,13,,192874,54,,,0,17,,192875,54,,,0,60,,192876,54,,,0,20,,192877,54,,,0,20,,192878,54,,,0,68,,192879,54,,,0
662400,'3',500,,192919,12,,,0,18,,192920,12,,,0,16,,192921,12,,,0,18,,192922,33,,,0,55,,192923,12,,,0,13,,192924,12,,,0,7,,192925,47,,,0,18,,192926,47,,,0,59,,192927,54,,,0,13,,192928,12,,,0,5,,192929,54,,,0,18,,192930,54,,,0,61,,192931,54,,,0,15,,192932,54,,,0,15,,192933,54,,,0,7,,192934,12,,,0,5,,192994,54,,,0,15,,192995,54,,,0,52,,192996,54,,,0,12,,192997,54,,,0,15,,192998,54,,,0,12,,192999,54,,,0,7,,192935,12,,,0,45,,193000,54,,,0,12,,193001,54,,,0,12,,193002,54,,,0,12,,193003,54,,,0,12,,193004,54,,,0,53,,193005,54,,,0,12,,193006,54,,,0,12,,193007,54,,,0,9,,192936,12,,,0,5,,193008,54,,,0,12,,193009,54,,,0,54,,193010,54,,,0,12,,193011,54,,,0,12,,193012,54,,,0,11,,193013,54,,,0,12,,193014,54,,,0,53,,193015,54,,,0,12,,193016,54,,,0,12,,193017,54,,,0,12,,193018,54,,,0,12,,193019,54,,,0,52,,193020,54,,,0,12,,193021,54,,,0,12,,193022,54,,,0,7,,192937,12,,,0,5,,193023,54,,,0,12,,193024,54,,,0,52,,193025,54,,,0,12,,192938,54,,,0,10,,192939,54,,,0,10,,192940,54,,,0,10,,192941,54,,,0,10,,192942,54,,,0,50,,192943,54,,,0,10,,192944,54,,,0,10,,192945,54,,,0,11,,192946,54,,,0,9,,192947,54,,,0,10,,192948,54,,,0,50,,192949,54,,,0,10,,192950,54,,,0,10,,192951,54,,,0,10,,192952,54,,,0,10,,192953,54,,,0,8,,192954,54,,,0,50,,192955,54,,,0,10,,192956,54,,,0,9,,192957,54,,,0,10,,192958,54,,,0,10,,192959,54,,,0,10,,192960,54,,,0,49,,192961,54,,,0,12,,192963,54,,,0,15,,192964,54,,,0,15,,192966,54,,,0,55,,192967,54,,,0,11,,192969,54,,,0,15,,192970,54,,,0,15,,192972,54,,,0,15,,192973,54,,,0,52,,192976,54,,,0,16,,192977,54,,,0,16,,192978,54,,,0,15,,192979,54,,,0,46,,192980,54,,,0,15,,192981,54,,,0,12,,192982,54,,,0,15,,192983,54,,,0,15,,192984,54,,,0,55,,192985,54,,,0,15,,192986,54,,,0,19,,192987,54,,,0,61,,192988,54,,,0,16,,192989,54,,,0,22,,192990,54,,,0,70,,192991,54,,,0,34,,192992,54,,,0,65,,192993,54,,,0
663600,'1',552,,196700,31,,,0,52,,196701,31,,,0,10,,196702,31,,,0,15,,196703,31,,,0,16,,196704,31,,,0,13,,196705,42,,,0,49,,196706,42,,,0,10,,196707,42,,,0,7,,196708,50,,,0,8,,196709,50,,,0,6,,196856,31,,,0,2,,196710,50,,,0,8,,196711,26,,,0,2,,196712,50,,,0,5,,196713,50,,,0,46,,196714,50,,,0,10,,196715,50,,,0,8,,196716,50,,,0,7,,196717,50,,,0,6,,196718,50,,,0,6,,196857,50,,,0,6,,196719,50,,,0,6,,196720,50,,,0,7,,196721,50,,,0,45,,196722,50,,,0,4,,196723,50,,,0,8,,196724,50,,,0,4,,196725,50,,,0,4,,196852,50,,,0,4,,196726,50,,,0,2,,196727,50,,,0,5,,196728,50,,,0,5,,196729,50,,,0,4,,196730,50,,,0,5,,196731,50,,,0,5,,196855,50,,,0,5,,196732,50,,,0,46,,196733,50,,,0,6,,196734,50,,,0,7,,196735,50,,,0,7,,196736,50,,,0,6,,196737,50,,,0,8,,196738,50,,,0,7,,196739,50,,,0,7,,196740,50,,,0,5,,196741,50,,,0,46,,196742,50,,,0,4,,196858,50,,,0,4,,196743,50,,,0,7,,196744,50,,,0,8,,196745,50,,,0,7,,196746,50,,,0,5,,196859,50,,,0,4,,196747,50,,,0,6,,196748,50,,,0,6,,196851,50,,,0,47,,196749,50,,,0,7,,196750,50,,,0,6,,196751,50,,,0,7,,196752,50,,,0,8,,196753,50,,,0,7,,196754,50,,,0,8,,196755,50,,,0,7,,196756,50,,,0,9,,196757,50,,,0,48,,196758,50,,,0,7,,196759,50,,,0,7,,196760,50,,,0,7,,196761,50,,,0,7,,196762,50,,,0,8,,196763,50,,,0,7,,196764,50,,,0,6,,196860,50,,,0,46,,196765,50,,,0,4,,196861,26,,,0,3,,196766,50,,,0,6,,196767,50,,,0,7,,196768,50,,,0,5,,196769,50,,,0,5,,196770,50,,,0,5,,196771,50,,,0,5,,196772,50,,,0,5,,196843,50,,,0,5,,196773,50,,,0,5,,196845,50,,,0,47,,196774,50,,,0,4,,196863,50,,,0,4,,196775,50,,,0,4,,196776,50,,,0,5,,196777,50,,,0,5,,196778,50,,,0,5,,196779,50,,,0,3,,196862,26,,,0,5,,196780,50,,,0,4,,196781,50,,,0,4,,196782,50,,,0,5,,196783,50,,,0,4,,196784,50,,,0,44,,196785,50,,,0,5,,196786,50,,,0,4,,196787,50,,,0,6,,196788,50,,,0,6,,196789,50,,,0,9,,196790,50,,,0,5,,196850,50,,,0,11,,196791,50,,,0,5,,196792,50,,,0,5,,196793,50,,,0,49,,196853,50,,,0,7,,196795,50,,,0,6,,196794,50,,,0,5,,196847,50,,,0,4,,196864,50,,,0,5,,196846,50,,,0,6,,196796,50,,,0,4,,196797,50,,,0,3,,196798,50,,,0,4,,196799,50,,,0,4,,196800,50,,,0,4,,196801,50,,,0,1,,196802,50,,,0,44,,196803,50,,,0,4,,196804,50,,,0,4,,196805,50,,,0,3,,196806,50,,,0,5,,196848,50,,,0,4,,196808,50,,,0,6,,196807,50,,,0,6,,196809,50,,,0,5,,196810,50,,,0,5,,196811,50,,,0,5,,196812,50,,,0,6,,196854,50,,,0,47,,196813,50,,,0,8,,196814,50,,,0,5,,196849,50,,,0,6,,196844,50,,,0,6,,196815,50,,,0,7,,196816,50,,,0,5,,196817,50,,,0,7,,196818,50,,,0,8,,196819,50,,,0,48,,196820,50,,,0,2,,196821,50,,,0,9,,196822,50,,,0,10,,196823,50,,,0,11,,196824,50,,,0,10,,196825,50,,,0,10,,196826,50,,,0,49,,196827,50,,,0,9,,196828,50,,,0,10,,196829,50,,,0,10,,196830,50,,,0,10,,196831,50,,,0,10,,196832,50,,,0,50,,196833,50,,,0,10,,196834,50,,,0,10,,196835,50,,,0,18,,196836,50,,,0,14,,196837,50,,,0,60,,196838,50,,,0,20,,196839,50,,,0,70,,196840,50,,,0,36,,196841,50,,,0,63,,196842,50,,,0
663600,'2',634,,196872,31,,,0,13,,196878,31,,,0,53,,196873,31,,,0,13,,196868,31,,,0,14,,196879,31,,,0,12,,196882,50,,,0,15,,196883,50,,,0,56,,196884,50,,,0,15,,196885,50,,,0,16,,196886,50,,,0,16,,196887,50,,,0,54,,196888,50,,,0,14,,196889,50,,,0,15,,196890,50,,,0,13,,196891,50,,,0,52,,196892,50,,,0,12,,196893,50,,,0,14,,196951,50,,,0,11,,196894,50,,,0,11,,196895,50,,,0,52,,196896,50,,,0,12,,196897,50,,,0,15,,196898,50,,,0,12,,196952,50,,,0,15,,196899,50,,,0,52,,196900,50,,,0,12,,196901,50,,,0,14,,196953,50,,,0,12,,196902,50,,,0,52,,196903,50,,,0,12,,196904,50,,,0,12,,196905,50,,,0,14,,196906,50,,,0,12,,196907,50,,,0,52,,196908,50,,,0,10,,196909,50,,,0,10,,196910,50,,,0,10,,196954,50,,,0,10,,196911,50,,,0,10,,196912,50,,,0,50,,196913,50,,,0,10,,196914,50,,,0,10,,196915,50,,,0,10,,196945,50,,,0,10,,196916,50,,,0,10,,196917,50,,,0,51,,196918,50,,,0,10,,196919,50,,,0,13,,196920,50,,,0,10,,196921,50,,,0,10,,196946,50,,,0,9,,196922,50,,,0,49,,196923,50,,,0,10,,196924,50,,,0,10,,196925,50,,,0,10,,196926,50,,,0,10,,196927,50,,,0,10,,196947,50,,,0,50,,196928,50,,,0,10,,196929,50,,,0,10,,196930,50,,,0,8,,196931,50,,,0,11,,196932,50,,,0,10,,196933,50,,,0,48,,196948,50,,,0,10,,196934,50,,,0,10,,196949,50,,,0,4,,196935,50,,,0,12,,196936,50,,,0,12,,196937,50,,,0,52,,196938,50,,,0,12,,196939,50,,,0,9,,196950,50,,,0,12,,196940,50,,,0,13,,196941,50,,,0,56,,196942,50,,,0,14,,196943,50,,,0,15,,196875,50,,,0,15,,196869,50,,,0,55,,196874,50,,,0,15,,196865,50,,,0,15,,196944,50,,,0,15,,196870,50,,,0,57,,196876,50,,,0,20,,196866,50,,,0,20,,196871,50,,,0,58,,196877,50,,,0,20,,196867,50,,,0,27,,196880,50,,,0,54,,196881,50,,,0
663600,'3',628,,196956,31,,,0,13,,196959,31,,,0,14,,196957,31,,,0,59,,196974,31,,,0,16,,196975,50,,,0,15,,196976,50,,,0,55,,196977,50,,,0,15,,196960,50,,,0,15,,196961,50,,,0,15,,196962,50,,,0,55,,196963,50,,,0,20,,196964,50,,,0,15,,196955,50,,,0,14,,196965,50,,,0,56,,196979,50,,,0,15,,196980,50,,,0,16,,196981,50,,,0,15,,196982,50,,,0,54,,196983,50,,,0,15,,196984,50,,,0,15,,196985,50,,,0,15,,196986,50,,,0,58,,196987,50,,,0,15,,196988,50,,,0,17,,196989,50,,,0,15,,196990,50,,,0,51,,196991,50,,,0,15,,196992,50,,,0,14,,196993,50,,,0,11,,196994,50,,,0,11,,196995,50,,,0,50,,196996,50,,,0,10,,196997,50,,,0,10,,196998,50,,,0,10,,196999,50,,,0,10,,197032,50,,,0,11,,197000,50,,,0,50,,197001,50,,,0,10,,197002,50,,,0,11,,197003,50,,,0,10,,197027,50,,,0,10,,197004,50,,,0,10,,197005,50,,,0,50,,197006,50,,,0,9,,197007,50,,,0,10,,197008,50,,,0,10,,197009,50,,,0,10,,197028,50,,,0,53,,197010,50,,,0,12,,197011,50,,,0,12,,197012,50,,,0,12,,197013,50,,,0,12,,197014,50,,,0,52,,197015,50,,,0,12,,197029,50,,,0,12,,197016,50,,,0,12,,197017,50,,,0,12,,197018,50,,,0,54,,197030,50,,,0,12,,197019,50,,,0,12,,197020,50,,,0,10,,197021,50,,,0,12,,197022,50,,,0,51,,197023,50,,,0,12,,197031,50,,,0,12,,197024,50,,,0,10,,197025,50,,,0,13,,196966,50,,,0,58,,196958,50,,,0,17,,196967,50,,,0,25,,196968,50,,,0,62,,197026,50,,,0,20,,196969,50,,,0,28,,196973,50,,,0,70,,196970,50,,,0,29,,196971,50,,,0,72,,196972,50,,,0,72,,196978,50,,,0
664801,'1',612,,201395,39,,,0,19,,201434,39,,,0,12,,201384,39,,,0,14,,201394,39,,,0,56,,201436,39,,,0,15,,201442,39,,,0,17,,201385,39,,,0,14,,201393,39,,,0,58,,201424,39,,,0,15,,201443,39,,,0,17,,201396,39,,,0,54,,201388,39,,,0,15,,201381,39,,,0,12,,201444,39,,,0,20,,201386,39,,,0,67,,201413,39,,,0,32,,201423,39,,,0,71,,201422,39,,,0,28,,201405,39,,,0,70,,201406,39,,,0,30,,201416,39,,,0,71,,201415,39,,,0,32,,201414,39,,,0,71,,201412,39,,,0,16,,201411,39,,,0,15,,201427,39,,,0,55,,201428,39,,,0,14,,201410,39,,,0,15,,201429,39,,,0,14,,201409,39,,,0,56,,201430,39,,,0,15,,201407,39,,,0,16,,201431,39,,,0,15,,201408,39,,,0,53,,201438,39,,,0,14,,201432,39,,,0,14,,201391,39,,,0,8,,201433,39,,,0,14,,201421,39,,,0,51,,201420,39,,,0,13,,201419,39,,,0,15,,201418,39,,,0,20,,201390,39,,,0,67,,201404,39,,,0,28,,201403,39,,,0,70,,201402,39,,,0,30,,201401,39,,,0,70,,201389,39,,,0,31,,201399,39,,,0,68,,201398,39,,,0,30,,201397,39,,,0,100,,201435,39,,,0
664801,'2',710,,201446,39,,,0,39,,201445,39,,,0,70,,201474,39,,,0,31,,201472,39,,,0,69,,201473,39,,,0,30,,201447,39,,,0,70,,201448,39,,,0,31,,201451,39,,,0,68,,201455,39,,,0,33,,201475,39,,,0,70,,201449,39,,,0,31,,201450,39,,,0,71,,201452,39,,,0,29,,201453,39,,,0,71,,201454,39,,,0,31,,201456,39,,,0,70,,201457,39,,,0,27,,201458,39,,,0,71,,201459,39,,,0,29,,201469,39,,,0,70,,201460,39,,,0,28,,201461,39,,,0,69,,201476,39,,,0,32,,201471,39,,,0,70,,201462,39,,,0,26,,201463,39,,,0,72,,201464,39,,,0,30,,201465,39,,,0,70,,201470,39,,,0,30,,201466,39,,,0,70,,201467,39,,,0,30,,201468,39,,,0,160,,201477,39,,,0
664801,'3',818,,201508,39,,,0,31,,201505,39,,,0,70,,201506,39,,,0,31,,201486,39,,,0,69,,201487,39,,,0,30,,201488,39,,,0,70,,201489,39,,,0,30,,201478,39,,,0,71,,201497,39,,,0,30,,201498,39,,,0,69,,201499,39,,,0,32,,201490,39,,,0,70,,201491,39,,,0,30,,201492,39,,,0,69,,201493,39,,,0,30,,201494,39,,,0,70,,201495,39,,,0,30,,201496,39,,,0,70,,201500,39,,,0,30,,201501,39,,,0,70,,201502,39,,,0,30,,201503,39,,,0,70,,201504,39,,,0,29,,201479,39,,,0,70,,201480,39,,,0,30,,201481,39,,,0,69,,201482,39,,,0,29,,201483,39,,,0,70,,201484,39,,,0,29,,201485,39,,,0,105,,201507,39,,,0
665101,'1',543,,202496,25,,,0,60,,202515,25,,,0,17,,202436,25,,,0,10,,202437,25,,,0,10,,202518,25,,,0,10,,202438,25,,,0,50,,202439,25,,,0,10,,202440,25,,,0,10,,202441,26,,,0,10,,202442,25,,,0,11,,202443,25,,,0,11,,202444,26,,,0,50,,202516,25,,,0,11,,202493,25,,,0,10,,202517,26,,,0,10,,202519,25,,,0,10,,202494,25,,,0,11,,202495,25,,,0,51,,202514,26,,,0,10,,202466,25,,,0,16,,202467,26,,,0,15,,202468,25,,,0,54,,202469,26,,,0,14,,202470,25,,,0,15,,202471,25,,,0,15,,202472,25,,,0,15,,202473,25,,,0,55,,202474,25,,,0,15,,202475,25,,,0,15,,202476,25,,,0,15,,202477,25,,,0,55,,202478,25,,,0,15,,202479,25,,,0,15,,202480,25,,,0,15,,202481,25,,,0,55,,202482,25,,,0,15,,202483,25,,,0,15,,202484,25,,,0,15,,202485,25,,,0,55,,202486,25,,,0,15,,202487,25,,,0,15,,202488,25,,,0,15,,202489,25,,,0,55,,202490,25,,,0,15,,202491,25,,,0,14,,202492,25,,,0,57,,202497,25,,,0,8,,202445,25,,,0,4,,202446,25,,,0,13,,202447,25,,,0,20,,202448,25,,,0,10,,202449,25,,,0,50,,202450,26,,,0,10,,202451,25,,,0,10,,202452,25,,,0,10,,202453,26,,,0,10,,202454,25,,,0,10,,202455,25,,,0,50,,202456,26,,,0,10,,202457,25,,,0,10,,202458,25,,,0,10,,202459,26,,,0,15,,202460,25,,,0,55,,202461,25,,,0,15,,202462,25,,,0,15,,202463,25,,,0,15,,202464,25,,,0,55,,202465,25,,,0,15,,202498,25,,,0,15,,202512,25,,,0,15,,202513,25,,,0,55,,202508,25,,,0,15,,202499,25,,,0,15,,202500,25,,,0,15,,202509,25,,,0,55,,202510,25,,,0,15,,202511,25,,,0,15,,202501,25,,,0,67,,202507,25,,,0,31,,202502,25,,,0,26,,202506,25,,,0,70,,202503,25,,,0,27,,202505,25,,,0,66,,202504,25,,,0
665101,'101',1556,,202435,7,,,0,45,,202434,7,,,0,15,,202432,25,,,0,19,,202433,26,,,0
665101,'2',608,,202522,25,,,0,20,,202523,25,,,0,20,,202524,25,,,0,60,,202525,25,,,0,20,,202526,25,,,0,15,,202527,25,,,0,16,,202528,25,,,0,55,,202529,25,,,0,15,,202530,25,,,0,15,,202531,25,,,0,15,,202532,25,,,0,56,,202533,25,,,0,16,,202534,25,,,0,15,,202535,25,,,0,56,,202536,25,,,0,15,,202537,25,,,0,16,,202538,25,,,0,15,,202539,25,,,0,56,,202540,25,,,0,15,,202541,25,,,0,16,,202542,25,,,0,15,,202543,25,,,0,55,,202544,25,,,0,15,,202545,25,,,0,18,,202546,25,,,0,15,,202547,25,,,0,56,,202548,25,,,0,15,,202549,25,,,0,16,,202550,25,,,0,15,,202551,25,,,0,55,,202552,25,,,0,15,,202553,25,,,0,15,,202554,25,,,0,16,,202555,25,,,0,55,,202556,25,,,0,15,,202557,25,,,0,14,,202558,25,,,0,15,,202559,25,,,0,55,,202560,25,,,0,14,,202561,25,,,0,15,,202562,25,,,0,16,,202563,25,,,0,55,,202564,25,,,0,14,,202565,25,,,0,15,,202566,25,,,0,14,,202567,25,,,0,55,,202568,25,,,0,14,,202569,25,,,0,15,,202570,25,,,0,15,,202571,25,,,0,52,,202572,25,,,0,15,,202573,25,,,0,13,,202574,25,,,0,15,,202575,25,,,0,55,,202576,25,,,0,15,,202577,25,,,0,14,,202578,25,,,0,15,,202579,25,,,0,54,,202580,25,,,0,15,,202581,25,,,0,15,,202582,25,,,0,15,,202583,25,,,0,55,,202584,25,,,0,15,,202585,25,,,0,19,,202586,25,,,0,20,,202587,25,,,0,68,,202588,25,,,0,30,,202589,25,,,0,68,,202590,25,,,0,30,,202591,25,,,0,69,,202592,25,,,0
665101,'201',1616,,202520,25,,,0,19,,202521,26,,,0
665101,'3',628,,202593,25,,,0,20,,202594,25,,,0,60,,202595,25,,,0,20,,202596,25,,,0,20,,202597,25,,,0,60,,202598,25,,,0,20,,202599,25,,,0,20,,202600,25,,,0,57,,202601,25,,,0,15,,202602,27,,,0,15,,202603,27,,,0,15,,202604,27,,,0,55,,202605,27,,,0,16,,202606,27,,,0,17,,202607,27,,,0,16,,202608,27,,,0,56,,202609,27,,,0,15,,202610,27,,,0,10,,202611,27,,,0,15,,202612,27,,,0,55,,202613,27,,,0,14,,202614,27,,,0,16,,202615,27,,,0,15,,202616,27,,,0,55,,202617,27,,,0,16,,202618,27,,,0,15,,202619,27,,,0,15,,202620,27,,,0,55,,202621,27,,,0,15,,202622,27,,,0,15,,202623,27,,,0,15,,202624,27,,,0,55,,202625,27,,,0,15,,202626,27,,,0,15,,202627,27,,,0,15,,202628,27,,,0,55,,202629,27,,,0,15,,202630,27,,,0,15,,202631,27,,,0,15,,202632,27,,,0,55,,202633,27,,,0,15,,202634,27,,,0,15,,202635,27,,,0,15,,202636,27,,,0,55,,202637,27,,,0,15,,202638,27,,,0,16,,202639,27,,,0,14,,202640,27,,,0,53,,202641,27,,,0,14,,202642,27,,,0,14,,202643,27,,,0,14,,202644,27,,,0,55,,202645,27,,,0,15,,202646,27,,,0,15,,202647,27,,,0,19,,202648,27,,,0,70,,202649,27,,,0,30,,202650,27,,,0,70,,202651,25,,,0,30,,202652,25,,,0,70,,202653,25,,,0,30,,202654,25,,,0,70,,202655,25,,,0,30,,202656,25,,,0,70,,202657,25,,,0
3930400,'1',625,,241303,15,,,0,21,,241304,15,,,0,60,,241305,15,,,0,20,,241306,15,,,0,15,,241307,15,,,0,15,,241308,15,,,0,58,,241309,15,,,0,7,,241310,15,,,0,8,,241311,15,,,0,15,,241312,15,,,0,14,,241349,15,,,0,55,,241313,15,,,0,15,,241314,15,,,0,30,,241315,15,,,0,70,,241316,15,,,0,30,,241317,15,,,0,72,,241318,15,,,0,70,,241319,15,,,0,30,,241320,15,,,0,70,,241321,15,,,0,30,,241322,15,,,0,71,,241323,15,,,0,29,,241324,15,,,0,70,,241325,15,,,0,31,,241326,15,,,0,17,,241327,15,,,0,55,,241345,15,,,0,15,,241328,15,,,0,15,,241329,15,,,0,15,,241330,15,,,0,56,,241346,15,,,0,15,,241331,15,,,0,17,,241332,15,,,0,14,,241333,15,,,0,53,,241347,15,,,0,13,,241334,15,,,0,14,,241335,15,,,0,13,,241336,15,,,0,15,,241348,15,,,0,55,,241337,15,,,0,15,,241338,15,,,0,30,,241339,15,,,0,69,,241340,15,,,0,28,,241341,15,,,0,70,,241342,15,,,0,30,,241343,15,,,0,70,,241344,15,,,0
3930400,'2',733,,241350,15,,,0,80,,241351,15,,,0,43,,241352,15,,,0,71,,241353,15,,,0,30,,241354,15,,,0,71,,241355,15,,,0,31,,241356,15,,,0,70,,241357,15,,,0,20,,241380,15,,,0,60,,241358,15,,,0,21,,241359,15,,,0,20,,241381,15,,,0,60,,241360,15,,,0,22,,241361,15,,,0,20,,241382,15,,,0,60,,241362,15,,,0,19,,241363,15,,,0,20,,241383,15,,,0,60,,241364,15,,,0,20,,241365,15,,,0,20,,241384,15,,,0,60,,241366,15,,,0,19,,241367,15,,,0,20,,241368,15,,,0,60,,241385,15,,,0,21,,241369,15,,,0,20,,241370,15,,,0,59,,241386,15,,,0,19,,241371,15,,,0,29,,241372,15,,,0,70,,241373,15,,,0,30,,241374,15,,,0,68,,241375,15,,,0,30,,241376,15,,,0,70,,241377,15,,,0,30,,241378,15,,,0,70,,241379,15,,,0
3930400,'3',816,,241387,15,,,0,40,,241388,15,,,0,70,,241389,15,,,0,30,,241390,15,,,0,70,,241391,15,,,0,30,,241392,15,,,0,72,,241393,15,,,0,31,,241394,15,,,0,72,,241395,15,,,0,18,,241396,15,,,0,60,,241416,15,,,0,20,,241397,15,,,0,20,,241398,15,,,0,60,,241417,15,,,0,21,,241399,15,,,0,20,,241400,15,,,0,60,,241418,15,,,0,20,,241401,15,,,0,20,,241402,15,,,0,60,,241419,15,,,0,22,,241403,15,,,0,20,,241404,15,,,0,59,,241420,15,,,0,20,,241405,15,,,0,20,,241406,15,,,0,58,,241421,15,,,0,19,,241407,15,,,0,20,,241408,15,,,0,60,,241422,15,,,0,17,,241409,15,,,0,30,,241410,15,,,0,70,,241411,15,,,0,30,,241412,15,,,0,70,,241413,15,,,0,30,,241414,15,,,0,68,,241415,15,,,0
