661401,'1',553,,187667,22,0,16 17,0,60,,187681,22,0,16 17,0,18,,187682,22,,,0,20,,187726,22,,,0,59,,187715,22,,,0,15,,187713,22,,,0,15,,187714,22,,,0,15,,187722,22,,,0,55,,187718,22,,,0,15,,187685,22,,,0,14,,187680,22,,,0,15,,187690,22,,,0,56,,187686,22,,,0,15,,187687,22,,,0,15,,187688,22,,,0,16,,187689,22,,,0,55,,187696,22,,,0,15,,187697,22,,,0,15,,187698,22,,,0,15,,187699,22,,,0,55,,187683,22,,,0,15,,187666,22,,,0,15,,187692,22,,,0,15,,187717,22,,,0,55,,187670,22,,,0,15,,187710,22,,,0,15,,187711,22,,,0,13,,187668,22,,,0,55,,187719,22,,,0,15,,187705,22,,,0,15,,187712,22,,,0,15,,187721,22,,,0,55,,187701,22,,,0,15,,187684,22,,,0,15,,187723,22,,,0,13,,187724,22,,,0,52,,187727,22,,,0,12,,187677,22,,,0,12,,187678,22,,,0,12,,187671,22,,,0,12,,187708,22,,,0,51,,187709,22,,,0,12,,187702,22,,,0,11,,187700,22,,,0,12,,187703,22,,,0,12,,187716,22,,,0,52,,187693,22,,,0,12,,187694,22,,,0,12,,187720,22,,,0,12,,187674,22,,,0,12,,187704,22,,,0,52,,187679,22,,,0,12,,187675,22,,,0,12,,187672,22,,,0,12,,187676,22,,,0,12,,187673,22,,,0,57,,187669,22,,,0,17,,187695,22,,,0,21,,187707,22,,,0,60,,187706,22,,,0,20,,187691,22,,,0,20,,187725,22,,,0
661401,'152201',2108,,187655,2,,,0,21,,187654,2,,,0,20,,187646,2,,,0,59,,187647,2,,,0,19,,187649,2,,,0,20,,187648,2,,,0,60,,187650,2,,,0,20,,187651,2,,,0,21,,187652,2,,,0,59,,187653,2,,,0
661401,'152301',2108,,187665,2,,,0,21,,187656,2,,,0,20,,187657,2,,,0,59,,187658,2,,,0,19,,187659,2,,,0,20,,187660,2,,,0,60,,187661,2,,,0,20,,187662,2,,,0,21,,187663,2,,,0,59,,187664,2,,,0
661401,'2',603,,187789,1,0,16 17,0,34,,187767,22,0,16 17,0,20,,187788,22,0,16 17,0,60,,187751,22,0,16 17,0,20,,187734,22,0,16 17,0,18,,187728,22,0,16 17,0,60,,187733,22,,,0,19,,187731,22,,,0,18,,187779,22,,,0,55,,187753,22,,,0,15,,187759,22,,,0,15,,187776,22,,,0,16,,187778,22,,,0,55,,187740,22,,,0,14,,187736,22,,,0,15,,187768,22,,,0,15,,187781,22,,,0,55,,187777,22,,,0,14,,187739,22,,,0,14,,187746,22,,,0,13,,187747,22,,,0,54,,187748,22,,,0,12,,187749,22,,,0,12,,187729,22,,,0,12,,187760,22,,,0,12,,187766,22,,,0,53,,187791,22,,,0,13,,187757,22,,,0,12,,187758,22,,,0,13,,187793,22,,,0,12,,187775,22,,,0,52,,187792,22,,,0,12,,187730,22,,,0,11,,187735,22,,,0,12,,187794,22,,,0,11,,187762,22,,,0,52,,187764,22,,,0,12,,187750,22,,,0,12,,187771,22,,,0,12,,187795,22,,,0,12,,187738,22,,,0,52,,187787,22,,,0,11,,187770,22,,,0,12,,187754,22,,,0,11,,187796,22,,,0,12,,187755,22,,,0,52,,187732,22,,,0,12,,187737,22,,,0,12,,187742,22,,,0,17,,187782,22,,,0,15,,187783,22,,,0,55,,187797,22,,,0,15,,187784,22,,,0,15,,187785,22,,,0,58,,187786,22,,,0,21,,187773,22,,,0,21,,187780,22,,,0,61,,187741,22,,,0,21,,187752,22,,,0,21,,187774,2,,,0,60,,187790,2,,,0,20,,187745,2,,,0,21,,187743,2,,,0,61,,187744,2,,,0,20,,187772,2,,,0,20,,187769,2,,,0,60,,187756,2,,,0,20,,187765,2,,,0,20,,187761,2,,,0,60,,187763,2,,,0
661401,'3',644,,187798,22,0,16 17,0,80,,187799,22,0,16 17,0,30,,187800,22,0,16 17,0,67,,187801,22,0,16 17,0,27,,187802,22,,,0,65,,187803,22,,,0,20,,187804,22,,,0,20,,187805,22,,,0,60,,187806,22,,,0,18,,187807,22,,,0,18,,187808,22,,,0,56,,187809,22,,,0,17,,187810,22,,,0,17,,187811,22,,,0,16,,187812,22,,,0,56,,187813,22,,,0,16,,187814,22,,,0,15,,187815,22,,,0,15,,187816,22,,,0,55,,187817,22,,,0,15,,187818,22,,,0,14,,187819,22,,,0,13,,187820,22,,,0,52,,187821,22,,,0,12,,187822,22,,,0,12,,187823,22,,,0,12,,187824,22,,,0,12,,187825,22,,,0,52,,187826,22,,,0,12,,187827,22,,,0,12,,187828,22,,,0,11,,187829,22,,,0,12,,187830,22,,,0,53,,187831,22,,,0,14,,187832,22,,,0,14,,187833,22,,,0,14,,187834,22,,,0,56,,187835,22,,,0,15,,187836,22,,,0,15,,187837,22,,,0,15,,187838,22,,,0,55,,187839,22,,,0,15,,187840,22,,,0,15,,187841,22,,,0,15,,187842,22,,,0,57,,187843,22,,,0,18,,187844,22,,,0,20,,187845,22,,,0,59,,187846,22,,,0,20,,187847,22,,,0,21,,187848,2,,,0,57,,187849,2,,,0,20,,187850,2,,,0,19,,187851,2,,,0,64,,187852,2,,,0,26,,187853,2,,,0,20,,187854,2,,,0,59,,187855,2,,,0,18,,187856,2,,,0,23,,187857,2,,,0,59,,187858,2,,,0
661501,'1',604,,188191,2,,,0,15,,188192,2,,,0,15,,188193,2,,,0,13,,188194,2,,,0,56,,188195,2,,,0,11,,188196,2,,,0,8,,188197,2,,,0,6,,188198,2,,,0,17,,188199,2,,,0,8,,188200,2,,,0,48,,188201,2,,,0,7,,188202,2,,,0,7,,188203,2,,,0,8,,188204,2,,,0,13,,188206,2,,,0,7,,188207,2,,,0,6,,188208,2,,,0,7,,188209,2,,,0,50,,188210,2,,,0,11,,188211,2,,,0,12,,188212,2,,,0,12,,188213,2,,,0,12,,188214,2,,,0,52,,188215,2,,,0,12,,188216,2,,,0,12,,188217,2,,,0,12,,188218,2,,,0,12,,188219,2,,,0,52,,188220,2,,,0,10,,188221,2,,,0,12,,188222,2,,,0,12,,188223,2,,,0,12,,188224,2,,,0,52,,188225,2,,,0,12,,188226,2,,,0,12,,188227,2,,,0,10,,188228,2,,,0,12,,188229,2,,,0,52,,188230,2,,,0,13,,188231,2,,,0,12,,188232,2,,,0,10,,188233,2,,,0,8,,188234,2,,,0,9,,188235,2,,,0,48,,188236,2,,,0,9,,188237,2,,,0,8,,188238,2,,,0,9,,188239,2,,,0,8,,188240,2,,,0,7,,188241,2,,,0,8,,188242,2,,,0,7,,188243,2,,,0,48,,188244,2,,,0,7,,188245,2,,,0,7,,188246,2,,,0,7,,188247,2,,,0,6,,188248,2,,,0,6,,188249,2,,,0,6,,188250,2,,,0,6,,188251,2,,,0,5,,188252,2,,,0,45,,188253,2,,,0,5,,188254,2,,,0,6,,188255,2,,,0,5,,188256,2,,,0,6,,188257,2,,,0,5,,188258,2,,,0,6,,188259,2,,,0,5,,188260,2,,,0,6,,188261,2,,,0,6,,188262,2,,,0,5,,188263,2,,,0,45,,188264,2,,,0,6,,188265,2,,,0,5,,188266,2,,,0,6,,188267,2,,,0,6,,188268,2,,,0,6,,188269,2,,,0,5,,188270,2,,,0,6,,188271,2,,,0,7,,188272,2,,,0,6,,188273,2,,,0,47,,188274,2,,,0,6,,188275,2,,,0,7,,188276,2,,,0,6,,188277,2,,,0,7,,188278,2,,,0,7,,188279,2,,,0,6,,188280,2,,,0,8,,188281,2,,,0,7,,188282,2,,,0,48,,188283,2,,,0,9,,188284,2,,,0,8,,188285,2,,,0,7,,188286,2,,,0,8,,188287,2,,,0,10,,188288,2,,,0,10,,188289,2,,,0,50,,188290,2,,,0,10,,188291,2,,,0,10,,188292,2,,,0,10,,188293,2,,,0,16,,188294,2,,,0,55,,188295,2,,,0,15,,188296,2,,,0,15,,188297,2,,,0,16,,188298,2,,,0,55,,188299,2,,,0,15,,188300,2,,,0,14,,188301,2,,,0,18,,188302,2,,,0,55,,188303,2,,,0,15,,188304,2,,,0,14,,188305,2,,,0,19,,188306,2,,,0,60,,188307,2,,,0,20,,188308,2,,,0,20,,188309,2,,,0,60,,188310,2,,,0
661501,'2',542,,188364,2,,,0,60,,188396,2,,,0,20,,188323,2,,,0,15,,188339,2,,,0,15,,188340,2,,,0,55,,188322,2,,,0,13,,188387,2,,,0,15,,188338,2,,,0,15,,188362,2,,,0,55,,188337,2,,,0,15,,188401,2,,,0,15,,188374,2,,,0,15,,188369,2,,,0,55,,188321,2,,,0,13,,188319,2,,,0,15,,188368,2,,,0,14,,188386,2,,,0,55,,188394,2,,,0,14,,188397,2,,,0,15,,188330,2,,,0,15,,188402,2,,,0,55,,188332,2,,,0,13,,188370,2,,,0,15,,188327,2,,,0,15,,188357,2,,,0,12,,188403,2,,,0,51,,188365,2,,,0,12,,188371,2,,,0,12,,188328,2,,,0,12,,188395,2,,,0,10,,188372,2,,,0,50,,188360,2,,,0,9,,188379,2,,,0,10,,188410,2,,,0,10,,188382,2,,,0,8,,188380,2,,,0,9,,188335,2,,,0,9,,188378,2,,,0,49,,188411,2,,,0,8,,188405,2,,,0,9,,188383,2,,,0,8,,188358,2,,,0,9,,188384,2,,,0,8,,188320,2,,,0,9,,188412,2,,,0,48,,188318,2,,,0,9,,188313,2,,,0,8,,188356,2,,,0,9,,188341,2,,,0,8,,188343,2,,,0,7,,188381,2,,,0,8,,188344,2,,,0,47,,188363,2,,,0,8,,188413,2,,,0,7,,188345,2,,,0,8,,188312,2,,,0,7,,188354,2,,,0,9,,188353,2,,,0,7,,188346,2,,,0,8,,188388,2,,,0,47,,188376,2,,,0,8,,188375,2,,,0,7,,188414,2,,,0,8,,188404,2,,,0,7,,188348,2,,,0,8,,188393,2,,,0,8,,188331,2,,,0,8,,188377,2,,,0,48,,188367,2,,,0,8,,188391,2,,,0,8,,188415,2,,,0,8,,188392,2,,,0,9,,188326,2,,,0,8,,188361,2,,,0,8,,188336,2,,,0,48,,188416,2,,,0,8,,188355,2,,,0,8,,188390,2,,,0,9,,188398,2,,,0,10,,188329,2,,,0,10,,188350,2,,,0,10,,188373,2,,,0,52,,188385,2,,,0,10,,188317,2,,,0,10,,188351,2,,,0,10,,188314,2,,,0,12,,188406,2,,,0,52,,188409,2,,,0,12,,188399,2,,,0,12,,188333,2,,,0,14,,188334,2,,,0,13,,188352,2,,,0,53,,188408,2,,,0,12,,188400,2,,,0,12,,188316,2,,,0,14,,188347,2,,,0,12,,188407,2,,,0,53,,188349,2,,,0,15,,188342,2,,,0,15,,188389,2,,,0,18,,188359,2,,,0,61,,188324,2,,,0,22,,188366,2,,,0,61,,188325,2,,,0,22,,188315,2,,,0
661501,'3',642,,188500,2,,,0,60,,188417,2,,,0,19,,188418,2,,,0,19,,188419,2,,,0,60,,188420,2,,,0,20,,188421,2,,,0,19,,188422,2,,,0,15,,188423,2,,,0,55,,188506,2,,,0,15,,188424,2,,,0,15,,188425,2,,,0,13,,188507,2,,,0,55,,188426,2,,,0,15,,188505,2,,,0,15,,188427,2,,,0,11,,188428,2,,,0,52,,188429,2,,,0,12,,188430,2,,,0,12,,188431,2,,,0,12,,188432,2,,,0,10,,188433,2,,,0,12,,188434,2,,,0,52,,188435,2,,,0,11,,188436,2,,,0,12,,188437,2,,,0,12,,188438,2,,,0,9,,188439,2,,,0,48,,188478,2,,,0,7,,188479,2,,,0,8,,188480,2,,,0,8,,188481,2,,,0,8,,188482,2,,,0,7,,188483,2,,,0,8,,188484,2,,,0,8,,188498,2,,,0,48,,188499,2,,,0,7,,188440,2,,,0,7,,188441,2,,,0,7,,188442,2,,,0,7,,188508,2,,,0,7,,188443,2,,,0,7,,188444,2,,,0,7,,188445,2,,,0,47,,188446,2,,,0,8,,188447,2,,,0,8,,188448,2,,,0,8,,188449,2,,,0,8,,188451,2,,,0,9,,188450,2,,,0,8,,188452,2,,,0,9,,188453,2,,,0,48,,188454,2,,,0,9,,188455,2,,,0,8,,188485,2,,,0,9,,188486,2,,,0,8,,188487,2,,,0,9,,188488,2,,,0,9,,188489,2,,,0,49,,188491,2,,,0,8,,188492,2,,,0,9,,188456,2,,,0,8,,188493,2,,,0,9,,188494,2,,,0,8,,188495,2,,,0,9,,188496,2,,,0,48,,188497,2,,,0,9,,188490,2,,,0,8,,188457,2,,,0,9,,188458,2,,,0,12,,188459,2,,,0,12,,188460,2,,,0,52,,188512,2,,,0,12,,188501,2,,,0,12,,188461,2,,,0,12,,188462,2,,,0,15,,188509,2,,,0,55,,188463,2,,,0,15,,188464,2,,,0,16,,188465,2,,,0,56,,188510,2,,,0,15,,188466,2,,,0,15,,188511,2,,,0,16,,188467,2,,,0,55,,188468,2,,,0,15,,188469,2,,,0,15,,188470,2,,,0,17,,188471,2,,,0,55,,188472,2,,,0,15,,188473,2,,,0,15,,188474,2,,,0,23,,188475,2,,,0,60,,188476,2,,,0,20,,188502,2,,,0,20,,188477,2,,,0,60,,188504,2,,,0
661701,'1',539,,189473,1,,,0,80,,189412,30,,,0,20,,189413,30,,,0,61,,189414,30,,,0,15,,189415,30,,,0,13,,189416,30,,,0,13,,189417,30,,,0,13,,189418,30,,,0,53,,189419,30,,,0,13,,189420,30,,,0,13,,189421,30,,,0,13,,189422,30,,,0,13,,189423,30,,,0,53,,189424,30,,,0,12,,189425,30,,,0,12,,189426,30,,,0,13,,189427,30,,,0,54,,189428,30,,,0,15,,189429,30,,,0,15,,189430,30,,,0,14,,189431,30,,,0,55,,189432,30,,,0,14,,189433,30,,,0,15,,189434,30,,,0,15,,189435,30,,,0,55,,189436,30,,,0,15,,189437,30,,,0,15,,189438,30,,,0,14,,189439,30,,,0,55,,189440,30,,,0,15,,189441,30,,,0,16,,189442,30,,,0,16,,189443,30,,,0,55,,189444,30,,,0,15,,189445,30,,,0,15,,189446,30,,,0,15,,189447,30,,,0,55,,189448,30,,,0,15,,189449,30,,,0,13,,189450,30,,,0,13,,189451,30,,,0,14,,189452,30,,,0,53,,189453,30,,,0,12,,189454,30,,,0,13,,189455,30,,,0,13,,189456,30,,,0,53,,189457,30,,,0,13,,189458,30,,,0,13,,189459,30,,,0,13,,189460,30,,,0,12,,189461,30,,,0,52,,189462,30,,,0,12,,189463,30,,,0,12,,189464,30,,,0,12,,189465,30,,,0,16,,189466,30,,,0,61,,189467,30,,,0,21,,189468,30,,,0,21,,189469,30,,,0,60,,189470,30,,,0,18,,189471,30,,,0,493,,189472,29,0,10,0
661701,'152201',2059,,189387,30,,,0,60,,189388,30,,,0,20,,189386,30,,,0,18,,189389,30,,,0,59,,189390,30,,,0,20,,189391,30,,,0,20,,189392,30,,,0,60,,189393,29,,,0,20,,189394,29,,,0,21,,189395,29,,,0,60,,189396,29,,,0,11,,189397,29,,,0,30,,189398,29,,,0
661701,'152301',2059,,189399,30,,,0,60,,189400,30,,,0,20,,189401,30,,,0,18,,189402,30,,,0,59,,189403,30,,,0,20,,189404,30,,,0,20,,189405,30,,,0,60,,189406,29,,,0,20,,189407,29,,,0,21,,189408,29,,,0,60,,189409,29,,,0,11,,189410,29,,,0,30,,189411,29,,,0
661701,'2',606,,189475,1,,,0,20,,189476,30,,,0,21,,189477,30,,,0,60,,189478,30,,,0,20,,189479,30,,,0,20,,189480,30,,,0,55,,189481,30,,,0,13,,189482,30,,,0,15,,189483,30,,,0,15,,189484,30,,,0,55,,189485,30,,,0,15,,189486,30,,,0,15,,189487,30,,,0,15,,189488,30,,,0,55,,189489,30,,,0,15,,189490,30,,,0,15,,189491,30,,,0,15,,189492,30,,,0,14,,189493,30,,,0,55,,189494,30,,,0,15,,189495,30,,,0,15,,189496,30,,,0,15,,189497,30,,,0,55,,189498,30,,,0,15,,189499,30,,,0,15,,189500,30,,,0,15,,189501,30,,,0,56,,189502,30,,,0,16,,189503,30,,,0,16,,189504,30,,,0,55,,189505,30,,,0,16,,189506,30,,,0,15,,189507,30,,,0,12,,189508,30,,,0,11,,189509,30,,,0,52,,189510,30,,,0,11,,189511,30,,,0,12,,189512,30,,,0,12,,189513,30,,,0,12,,189514,30,,,0,52,,189515,30,,,0,12,,189516,30,,,0,12,,189517,30,,,0,12,,189518,30,,,0,11,,189519,30,,,0,52,,189520,30,,,0,12,,189521,30,,,0,12,,189522,30,,,0,12,,189523,30,,,0,12,,189524,30,,,0,55,,189525,30,,,0,15,,189526,30,,,0,15,,189527,30,,,0,15,,189528,30,,,0,60,,189529,30,,,0,20,,189530,30,,,0,20,,189531,30,,,0,60,,189532,30,,,0,20,,189533,30,,,0,21,,189534,30,,,0,61,,189535,30,,,0,20,,189536,30,,,0,19,,189537,30,,,0,59,,189538,30,,,0,20,,189539,30,,,0,22,,189540,30,,,0,60,,189541,29,,,0,20,,189542,29,,,0,21,,189543,29,,,0,60,,189544,29,,,0,15,,189545,29,,,0,69,,189546,29,,,0,33,,189547,29,0,10,0
661701,'3',635,,189549,30,,,0,74,,189550,30,,,0,30,,189551,30,,,0,73,,189552,30,,,0,30,,189553,30,,,0,62,,189554,30,,,0,20,,189555,30,,,0,20,,189556,30,,,0,60,,189557,30,,,0,20,,189558,30,,,0,20,,189559,30,,,0,56,,189560,30,,,0,15,,189561,30,,,0,15,,189562,30,,,0,15,,189563,30,,,0,55,,189564,30,,,0,15,,189565,30,,,0,15,,189566,30,,,0,15,,189567,30,,,0,55,,189568,30,,,0,15,,189569,30,,,0,15,,189570,30,,,0,15,,189571,30,,,0,55,,189572,30,,,0,15,,189573,30,,,0,15,,189574,30,,,0,15,,189575,30,,,0,55,,189576,30,,,0,15,,189577,30,,,0,15,,189578,30,,,0,14,,189579,30,,,0,15,,189580,30,,,0,55,,189581,30,,,0,15,,189582,30,,,0,15,,189583,30,,,0,15,,189584,30,,,0,55,,189585,30,,,0,15,,189586,30,,,0,15,,189587,30,,,0,56,,189588,30,,,0,15,,189589,30,,,0,18,,189590,30,,,0,20,,189591,30,,,0,60,,189592,30,,,0,21,,189593,30,,,0,20,,189594,30,,,0,60,,189595,30,,,0,20,,189596,30,,,0,20,,189597,30,,,0,60,,189598,30,,,0,20,,189599,30,,,0,21,,189600,30,,,0,60,,189601,30,,,0,20,,189602,30,,,0,19,,189603,30,,,0,60,,189604,29,,,0,19,,189605,29,,,0,20,,189606,29,,,0,62,,189607,29,,,0,16,,189608,29,,,0,70,,189609,29,,,0,46,,189610,29,0,10,0
662401,'1',539,,193026,39,,,0,14,,193027,2,,,0,55,,193028,2,,,0,6,,193029,39,,,0,15,,193030,39,,,0,15,,193031,39,,,0,12,,193032,2,,,0,3,,193033,39,,,0,52,,193034,39,,,0,12,,193035,39,,,0,12,,193036,39,,,0,13,,193037,39,,,0,9,,193038,2,,,0,45,,193039,39,,,0,12,,193040,39,,,0,12,,193041,39,,,0,14,,193042,39,,,0,12,,193043,39,,,0,52,,193044,39,,,0,12,,193045,39,,,0,12,,193046,39,,,0,12,,193047,39,,,0,11,,193048,39,,,0,52,,193049,39,,,0,11,,193050,39,,,0,12,,193051,39,,,0,12,,193052,39,,,0,12,,193053,39,,,0,52,,193054,39,,,0,12,,193055,39,,,0,12,,193056,39,,,0,12,,193057,39,,,0,12,,193058,39,,,0,52,,193059,39,,,0,12,,193060,39,,,0,12,,193061,39,,,0,12,,193062,39,,,0,12,,193063,39,,,0,52,,193064,39,,,0,12,,193065,39,,,0,12,,193066,39,,,0,12,,193067,39,,,0,13,,193068,39,,,0,52,,193069,39,,,0,12,,193070,39,,,0,12,,193071,39,,,0,12,,193072,39,,,0,12,,193073,39,,,0,52,,193074,39,,,0,10,,193075,39,,,0,11,,193076,39,,,0,10,,193077,39,,,0,10,,193078,39,,,0,10,,193079,39,,,0,50,,193080,39,,,0,10,,193081,39,,,0,10,,193082,39,,,0,10,,193083,39,,,0,11,,193084,39,,,0,10,,193085,39,,,0,50,,193086,39,,,0,10,,193087,39,,,0,10,,193088,39,,,0,10,,193089,39,,,0,10,,193090,39,,,0,10,,193091,39,,,0,50,,193092,39,,,0,12,,193093,39,,,0,12,,193094,39,,,0,12,,193095,39,,,0,10,,193096,39,,,0,52,,193097,39,,,0,12,,193098,39,,,0,12,,193099,39,,,0,12,,193100,39,,,0,12,,193101,39,,,0,52,,193102,39,,,0,11,,193103,39,,,0,12,,193104,39,,,0,12,,193105,39,,,0,13,,193106,39,,,0,51,,193107,39,,,0,13,,193108,39,,,0,15,,193109,39,,,0,15,,193110,39,,,0,59,,193111,39,,,0,17,,193112,39,,,0,20,,193113,39,,,0,60,,193114,39,,,0,21,,193115,39,,,0,20,,193116,39,,,0,63,,193117,39,,,0,33,,193118,39,,,0,76,,193120,39,,,0,23,,193121,39,4,,0
662401,'2',529,,193125,39,0,10,0,27,,193127,2,,,0,2,,193126,39,0,10,0,65,,193128,39,,,0,20,,193129,39,,,0,60,,193130,39,,,0,9,,193133,2,,,0,6,,193131,39,,,0,15,,193192,39,,,0,15,,193132,39,,,0,55,,193193,39,,,0,12,,193194,39,,,0,12,,193195,39,,,0,12,,193196,39,,,0,6,,193220,2,,,0,6,,193197,39,,,0,52,,193198,39,,,0,12,,193199,39,,,0,12,,193200,39,,,0,12,,193201,39,,,0,13,,193202,39,,,0,52,,193203,39,,,0,13,,193204,39,,,0,12,,193205,39,,,0,12,,193206,39,,,0,12,,193207,39,,,0,52,,193208,39,,,0,10,,193134,2,,,0,3,,193209,39,,,0,12,,193210,39,,,0,12,,193211,39,,,0,12,,193212,39,,,0,52,,193213,39,,,0,12,,193214,39,,,0,12,,193215,39,,,0,12,,193216,39,,,0,12,,193217,39,,,0,52,,193218,39,,,0,12,,193219,39,,,0,12,,193135,39,,,0,12,,193136,39,,,0,12,,193137,39,,,0,51,,193138,39,,,0,12,,193139,39,,,0,11,,193140,39,,,0,12,,193141,39,,,0,11,,193142,39,,,0,52,,193143,39,,,0,13,,193144,39,,,0,12,,193145,39,,,0,12,,193146,39,,,0,12,,193147,39,,,0,52,,193148,39,,,0,12,,193149,39,,,0,12,,193150,39,,,0,12,,193151,39,,,0,12,,193152,39,,,0,51,,193153,39,,,0,12,,193154,39,,,0,12,,193155,39,,,0,12,,193156,39,,,0,12,,193157,39,,,0,52,,193158,39,,,0,11,,193159,39,,,0,12,,193160,39,,,0,12,,193161,39,,,0,11,,193162,39,,,0,52,,193163,39,,,0,12,,193164,39,,,0,12,,193165,39,,,0,12,,193166,39,,,0,13,,193167,39,,,0,55,,193168,39,,,0,15,,193169,39,,,0,15,,193170,39,,,0,11,,193171,39,,,0,56,,193172,39,,,0,14,,193173,39,,,0,15,,193174,39,,,0,15,,193175,39,,,0,57,,193176,39,,,0,20,,193177,39,,,0,20,,193178,39,,,0,61,,193179,39,,,0,17,,193180,39,,,0,19,,193181,39,,,0,16,,193182,39,,,0,58,,193183,39,,,0,20,,193184,39,,,0,69,,193185,39,,,0,37,,193187,39,4,,0
662401,'3',540,,193221,39,0,10,0,16,,193223,2,,,0,2,,193222,39,0,10,0,58,,193224,39,,,0,18,,193225,39,,,0,15,,193226,39,,,0,55,,193227,39,,,0,15,,193228,39,,,0,15,,193229,39,,,0,15,,193230,39,,,0,10,,193238,2,,,0,45,,193231,39,,,0,15,,193232,39,,,0,15,,193233,39,,,0,8,,193240,2,,,0,7,,193234,39,,,0,55,,193235,39,,,0,15,,193236,39,,,0,12,,193296,39,,,0,12,,193297,39,,,0,12,,193298,39,,,0,47,,193237,2,,,0,5,,193299,39,,,0,13,,193300,39,,,0,12,,193301,39,,,0,12,,193302,39,,,0,12,,193303,39,,,0,52,,193304,39,,,0,12,,193305,39,,,0,12,,193306,39,,,0,12,,193307,39,,,0,12,,193308,39,,,0,52,,193309,39,,,0,12,,193310,39,,,0,12,,193311,39,,,0,14,,193312,39,,,0,12,,193313,39,,,0,52,,193314,39,,,0,13,,193315,39,,,0,6,,193324,2,,,0,6,,193316,39,,,0,12,,193317,39,,,0,12,,193318,39,,,0,52,,193319,39,,,0,11,,193320,39,,,0,7,,193239,2,,,0,5,,193321,39,,,0,12,,193322,39,,,0,12,,193323,39,,,0,51,,193241,39,,,0,10,,193242,39,,,0,10,,193243,39,,,0,10,,193244,39,,,0,10,,193245,39,,,0,10,,193246,39,,,0,50,,193247,39,,,0,10,,193248,39,,,0,10,,193249,39,,,0,10,,193250,39,,,0,10,,193251,39,,,0,10,,193252,39,,,0,50,,193253,39,,,0,10,,193254,39,,,0,10,,193255,39,,,0,10,,193256,39,,,0,10,,193257,39,,,0,10,,193258,39,,,0,50,,193259,39,,,0,10,,193260,39,,,0,9,,193261,39,,,0,10,,193262,39,,,0,8,,193263,39,,,0,10,,193264,39,,,0,50,,193265,39,,,0,9,,193266,39,,,0,10,,193267,39,,,0,10,,193268,39,,,0,10,,193269,39,,,0,10,,193270,39,,,0,54,,193272,39,,,0,15,,193273,39,,,0,15,,193274,39,,,0,14,,193275,39,,,0,55,,193276,39,,,0,15,,193277,39,,,0,15,,193278,39,,,0,15,,193279,39,,,0,55,,193280,39,,,0,18,,193281,39,,,0,19,,193283,39,,,0,61,,193284,39,,,0,20,,193285,39,,,0,20,,193286,39,,,0,61,,193287,39,,,0,34,,193289,39,,,0,65,,193290,39,,,0,32,,193292,39,4,,0
662601,'1',533,,194290,41,,,0,22,,194278,41,,,0,60,,194237,41,,,0,20,,194289,41,,,0,17,,194276,41,,,0,50,,194231,41,,,0,9,,194230,37,,,0,9,,194229,41,,,0,9,,194281,37,,,0,9,,194292,41,,,0,7,,194303,41,,,0,9,,194242,41,,,0,49,,194293,43,,,0,7,,194296,37,,,0,6,,194270,41,,,0,7,,194305,41,,,0,6,,194251,37,,,0,6,,194307,41,,,0,6,,194269,41,,,0,6,,194253,41,,,0,9,,194306,41,,,0,49,,194252,41,,,0,9,,194300,41,,,0,11,,194227,41,,,0,11,,194267,41,,,0,15,,194266,41,,,0,55,,194287,41,,,0,15,,194232,41,,,0,15,,194288,41,,,0,15,,194275,41,,,0,55,,194286,41,,,0,15,,194273,41,,,0,15,,194272,41,,,0,15,,194271,41,,,0,55,,194285,41,,,0,15,,194263,41,,,0,15,,194255,41,,,0,15,,194235,41,,,0,55,,194284,41,,,0,15,,194264,41,,,0,15,,194217,41,,,0,15,,194304,41,,,0,55,,194283,41,,,0,15,,194220,41,,,0,15,,194259,41,,,0,15,,194258,41,,,0,54,,194247,41,,,0,14,,194246,41,,,0,11,,194297,41,,,0,10,,194298,41,,,0,11,,194282,41,,,0,51,,194245,41,,,0,11,,194244,41,,,0,11,,194240,41,,,0,11,,194226,41,,,0,11,,194301,37,,,0,11,,194268,41,,,0,51,,194274,43,,,0,11,,194234,37,,,0,11,,194218,41,,,0,10,,194222,41,,,0,10,,194243,41,,,0,51,,194221,41,,,0,12,,194224,41,,,0,13,,194265,41,,,0,15,,194233,41,,,0,15,,194260,41,,,0,55,,194262,41,,,0,15,,194261,41,,,0,15,,194254,41,,,0,15,,194299,41,,,0,55,,194219,41,,,0,16,,194295,41,,,0,15,,194294,41,,,0,15,,194277,41,,,0,55,,194225,41,,,0,15,,194236,41,,,0,15,,194302,41,,,0,15,,194248,41,,,0,56,,194223,41,,,0,14,,194249,41,,,0,15,,194250,41,,,0,15,,194239,41,,,0,55,,194291,41,,,0,15,,194228,41,,,0,15,,194279,41,,,0,64,,194256,41,,,0,30,,194238,41,,,0,71,,194280,41,,,0,29,,194257,41,,,0,70,,194241,41,,,0
662601,'2',613,,194332,41,,,0,21,,194373,41,,,0,20,,194334,41,,,0,60,,194338,41,,,0,15,,194364,41,,,0,15,,194353,41,,,0,15,,194382,41,,,0,55,,194361,41,,,0,15,,194350,41,,,0,15,,194363,41,,,0,15,,194349,41,,,0,55,,194312,41,,,0,14,,194341,41,,,0,15,,194345,41,,,0,15,,194371,41,,,0,55,,194318,41,,,0,15,,194342,41,,,0,15,,194311,41,,,0,15,,194346,41,,,0,55,,194331,41,,,0,15,,194370,41,,,0,15,,194348,41,,,0,15,,194357,41,,,0,55,,194375,41,,,0,15,,194358,41,,,0,15,,194317,41,,,0,14,,194330,41,,,0,55,,194310,41,,,0,15,,194359,41,,,0,15,,194327,41,,,0,15,,194354,41,,,0,55,,194337,41,,,0,15,,194372,41,,,0,15,,194333,41,,,0,15,,194360,41,,,0,56,,194315,41,,,0,15,,194321,41,,,0,15,,194343,41,,,0,15,,194351,41,,,0,55,,194340,41,,,0,15,,194347,41,,,0,15,,194368,41,,,0,15,,194314,41,,,0,55,,194328,41,,,0,15,,194308,41,,,0,15,,194367,41,,,0,15,,194374,41,,,0,55,,194362,41,,,0,15,,194376,41,,,0,15,,194319,41,,,0,15,,194377,41,,,0,55,,194378,41,,,0,15,,194355,41,,,0,15,,194379,41,,,0,16,,194380,41,,,0,55,,194381,41,,,0,15,,194356,41,,,0,15,,194324,41,,,0,15,,194366,41,,,0,55,,194336,41,,,0,15,,194339,41,,,0,15,,194320,41,,,0,56,,194365,41,,,0,16,,194329,41,,,0,16,,194316,41,,,0,16,,194344,41,,,0,55,,194309,41,,,0,15,,194313,41,,,0,15,,194369,41,,,0,18,,194322,41,,,0,65,,194323,41,,,0,26,,194325,41,,,0,70,,194326,41,,,0,30,,194335,41,,,0,72,,194352,41,,,0
662601,'3',634,,194435,30,,,0,20,,194437,30,,,0,59,,194416,41,,,0,20,,194430,41,,,0,20,,194431,41,,,0,60,,194406,41,,,0,20,,194409,41,,,0,18,,194417,41,,,0,55,,194434,41,,,0,15,,194405,41,,,0,15,,194385,41,,,0,15,,194438,41,,,0,55,,194388,41,,,0,15,,194394,41,,,0,15,,194397,41,,,0,15,,194436,41,,,0,55,,194393,41,,,0,15,,194404,41,,,0,15,,194407,41,,,0,15,,194439,41,,,0,55,,194423,41,,,0,15,,194403,41,,,0,15,,194386,41,,,0,15,,194389,41,,,0,55,,194450,41,,,0,15,,194402,41,,,0,15,,194392,41,,,0,15,,194453,41,,,0,55,,194428,41,,,0,15,,194401,41,,,0,15,,194390,41,,,0,15,,194419,41,,,0,55,,194384,41,,,0,15,,194398,41,,,0,15,,194412,41,,,0,15,,194451,41,,,0,55,,194449,41,,,0,15,,194400,41,,,0,15,,194408,41,,,0,15,,194429,41,,,0,55,,194420,41,,,0,15,,194399,41,,,0,15,,194387,41,,,0,15,,194427,41,,,0,55,,194395,41,,,0,15,,194433,41,,,0,15,,194414,41,,,0,15,,194396,41,,,0,55,,194443,41,,,0,15,,194415,41,,,0,15,,194418,41,,,0,15,,194444,41,,,0,55,,194432,41,,,0,15,,194410,41,,,0,15,,194421,41,,,0,15,,194391,41,,,0,55,,194447,41,,,0,15,,194446,41,,,0,15,,194442,41,,,0,15,,194425,41,,,0,55,,194411,41,,,0,15,,194422,41,,,0,15,,194441,41,,,0,14,,194440,41,,,0,55,,194445,41,,,0,15,,194413,41,,,0,15,,194426,41,,,0,65,,194424,41,,,0,24,,194383,41,,,0,32,,194452,41,,,0,77,,194448,41,,,0
667201,'1',602,,206576,33,,,0,31,,206577,33,,,0,21,,206578,33,,,0,52,,206579,33,,,0,17,,206558,33,,,0,10,,206572,33,,,0,13,,206573,33,,,0,10,,206574,33,,,0,53,,206575,33,,,0,13,,206599,33,,,0,14,,206580,33,,,0,18,,206581,33,,,0,52,,206582,33,,,0,16,,206583,33,,,0,11,,206584,33,,,0,11,,206585,33,,,0,13,,206586,33,,,0,60,,206587,33,,,0,25,,206588,33,,,0,70,,206589,33,,,0,30,,206590,33,,,0,71,,206591,33,,,0,29,,206592,33,,,0,68,,206598,33,,,0,26,,206593,33,,,0,78,,206594,33,,,0,28,,206595,33,,,0,68,,206596,33,,,0,33,,206597,33,,,0,71,,206559,33,,,0,9,,206560,33,,,0,31,,206561,33,,,0,52,,206562,33,,,0,27,,206600,33,,,0,7,,206563,33,,,0,61,,206564,33,,,0,21,,206565,33,,,0,6,,206566,33,,,0,16,,206567,33,,,0,14,,206568,33,,,0,58,,206569,33,,,0,34,,206571,33,,,0
667201,'101',1633,,206557,33,,,0
667201,'2',639,,206602,10,,,0,70,,206603,33,,,0,30,,206604,33,,,0,70,,206605,33,,,0,32,,206606,33,,,0,70,,206607,33,,,0,29,,206608,33,,,0,70,,206609,33,,,0,30,,206610,33,,,0,70,,206611,33,,,0,30,,206612,33,,,0,67,,206613,33,,,0,36,,206614,33,,,0,72,,206615,33,,,0,29,,206616,33,,,0,69,,206617,33,,,0,21,,206618,33,,,0,13,,206619,33,,,0,63,,206620,33,,,0,16,,206621,33,,,0,27,,206622,33,,,0,64,,206623,33,,,0,22,,206624,33,,,0,14,,206625,33,,,0,64,,206626,33,,,0,20,,206627,33,,,0,64,,206628,33,,,0,23,,206629,33,,,0,18,,206630,33,,,0,16,,206631,33,,,0,59,,206632,33,,,0,19,,206633,33,,,0,19,,206634,33,,,0
667201,'201',1633,,206601,33,,,0
667201,'3',707,,206635,10,,,0,30,,206636,33,,,0,70,,206637,33,,,0,31,,206638,33,,,0,70,,206639,33,,,0,30,,206640,33,,,0,72,,206641,33,,,0,30,,206642,33,,,0,69,,206643,33,,,0,31,,206644,33,,,0,68,,206645,33,,,0,32,,206646,33,,,0,71,,206647,33,,,0,30,,206648,33,,,0,70,,206649,33,,,0,31,,206650,33,,,0,69,,206651,33,,,0,32,,206652,33,,,0,70,,206653,33,,,0,30,,206654,33,,,0,69,,206655,33,,,0,31,,206660,33,,,0,69,,206656,33,,,0,30,,206657,33,,,0,69,,206658,33,,,0,29,,206659,33,,,0
667301,'1',710,,206812,38,,,0,10,,206813,38,,,0,10,,206814,38,,,0,14,,206815,38,,,0,14,,206816,38,,,0,62,,206817,38,,,0,20,,206818,38,,,0,60,,206779,38,,,0,26,,206821,38,,,0,76,,206823,38,,,0,10,,206781,38,,,0,26,,206800,38,,,0,63,,206801,38,,,0,28,,206802,38,,,0,30,,206803,38,,,0,72,,206804,38,,,0,69,,206805,38,,,0,25,,206806,38,,,0,33,,206807,38,,,0,72,,206808,38,,,0,29,,206809,38,,,0,66,,206824,38,,,0,80,,206791,38,,,0,25,,206792,38,,,0,28,,206793,38,,,0,72,,206794,38,,,0,77,,206795,38,,,0,5,,206796,38,,,0,27,,206797,38,,,0
667301,'2',947,,206829,38,,,0,74,,206830,38,,,0,37,,206831,38,,,0,62,,206832,38,,,0,31,,206833,38,,,0,69,,206834,38,,,0,81,,206835,38,,,0,24,,206836,38,,,0,29,,206837,38,,,0,73,,206838,38,,,0,31,,206839,38,,,0,72,,206840,38,,,0,72,,206841,38,,,0,34,,206842,38,,,0,71,,206843,38,,,0,35,,206844,38,,,0,66,,206845,38,,,0
667301,'3',953,,206861,38,,,0,75,,206862,38,,,0,72,,206863,38,,,0,31,,206864,38,,,0,24,,206865,38,,,0,75,,206866,38,,,0,28,,206867,38,,,0,70,,206868,38,,,0,72,,206869,38,,,0,32,,206870,38,,,0,70,,206871,38,,,0,30,,206872,38,,,0,71,,206873,38,,,0,31,,206874,38,,,0,71,,206875,38,,,0,29,,206876,38,,,0
667501,'1',734,,207196,23,,,0,24,,207191,23,,,0,70,,207208,23,,,0,25,,207209,23,,,0,68,,207193,23,,,0
683401,'1',2558,,225032,82,,,0,68,,225031,82,,,0,32,,225030,82,,,0
683401,'2',2518,,225036,82,,,0,41,,225035,82,,,0,71,,225034,82,,,0,71,,225033,82,,,0
683401,'3',2559,,225037,82,,,0,70,,225038,82,,,0,30,,225039,82,,,0
1671701,'1',2015,,227462,45,,,0,29,,227463,45,,,0,66,,227464,45,,,0,30,,227465,45,,,0,70,,227466,45,,,0,30,,227467,45,,,0,70,,227468,44,,,0,25,,227469,44,,,0,74,,227470,44,,,0,28,,227471,44,,,0,117,,227474,21,,,0
1671701,'2',2012,,227476,45,,,0,24,,227477,45,,,0,68,,227478,45,,,0,30,,227489,45,,,0,71,,227479,45,,,0,32,,227480,45,,,0,70,,227481,44,,,0,27,,227488,44,,,0,70,,227482,44,,,0,29,,227483,44,,,0,170,,227485,21,,,0
1671701,'3',2010,,227490,45,,,0,30,,227491,45,,,0,70,,227492,45,,,0,29,,227503,45,,,0,70,,227493,45,,,0,29,,227494,45,,,0,68,,227495,44,,,0,30,,227502,44,,,0,70,,227496,44,,,0,28,,227497,44,,,0,112,,227501,21,,,0,67,,227499,44,,,0
