663000,'1_merged_15727750',521,,195496,7,4,,0,14,,195497,7,4,,0,10,,195498,32,4,,0,13,,195499,7,4,,0,49,,195500,7,4,,0,10,,195501,32,4,,0,9,,195502,32,4,,0,12,,195503,32,4,,0,16,,195504,32,4,,0,56,,195505,32,4,,0,20,,195506,32,4,,0,15,,195507,32,4,,0,56,,195508,32,4,,0,14,,195509,32,4,,0,17,,195510,32,4,,0,18,,195511,32,4,,0,55,,195512,32,4,,0,13,,195513,32,4,,0,16,,195514,32,4,,0,12,,195515,32,4,,0,56,,195516,32,4,,0,12,,195517,32,4,,0,15,,195518,32,4,,0,12,,195519,32,4,,0,14,,195520,32,4,,0,56,,195521,32,4,,0,14,,195522,32,4,,0,17,,195523,32,4,,0,13,,195524,32,4,,0,58,,195525,32,4,,0,16,,195526,32,4,,0,14,,195527,32,4,,0,16,,195528,32,4,,0,54,,195529,32,4,,0,15,,195530,32,4,,0,15,,195531,32,4,,0,14,,195532,32,4,,0,56,,195533,32,4,,0,16,,195534,32,4,,0,16,,195535,32,4,,0,56,,195536,32,4,,0,14,,195537,32,4,,0,15,,195538,32,4,,0,15,,195539,32,4,,0,56,,195540,32,4,,0,17,,195541,32,4,,0,16,,195542,32,4,,0,14,,195543,32,4,,0,55,,195544,32,4,,0,16,,195545,32,4,,0,16,,195546,32,4,,0,15,,195547,32,4,,0,57,,195548,32,4,,0,13,,195549,32,4,,0,14,,195550,32,4,,0,13,,195551,32,4,,0,55,,195552,32,4,,0,16,,195553,32,4,,0,15,,195554,32,4,,0,14,,195555,32,4,,0,67,,195556,32,4,,0,8,,195557,32,4,,0,23,,195558,32,4,,0,68,,195559,32,4,,0,31,,195560,32,4,,0,65,,195561,32,4,,0,32,,195562,32,4,,0,66,,195563,32,4,,0,30,,195564,32,4,,0,72,,195565,32,4,,0,29,,195566,32,4,,0
663000,'2_merged_15727752',613,,195568,7,4,,0,31,,195569,32,4,,0,71,,195570,32,4,,0,30,,195571,32,4,,0,69,,195572,32,4,,0,28,,195573,32,4,,0,71,,195574,32,4,,0,25,,195575,32,4,,0,18,,195576,32,4,,0,59,,195577,32,4,,0,17,,195578,32,4,,0,22,,195579,32,4,,0,61,,195580,32,4,,0,18,,195581,32,4,,0,22,,195582,32,4,,0,66,,195583,32,4,,0,24,,195584,32,4,,0,59,,195585,32,4,,0,21,,195586,32,4,,0,22,,195587,32,4,,0,60,,195588,32,4,,0,20,,195589,32,4,,0,19,,195590,32,4,,0,59,,195591,32,4,,0,21,,195592,32,4,,0,20,,195593,32,4,,0,58,,195594,32,4,,0,19,,195595,32,4,,0,19,,195596,32,4,,0,60,,195597,32,4,,0,20,,195598,32,4,,0,20,,195599,32,4,,0,58,,195600,32,4,,0,19,,195601,32,4,,0,20,,195602,32,4,,0,63,,195603,32,4,,0,17,,195604,32,4,,0,22,,195605,32,4,,0,71,,195606,32,4,,0,28,,195607,32,4,,0,71,,195608,32,4,,0,28,,195609,32,4,,0,71,,195610,32,4,,0,30,,195611,32,4,,0,70,,195612,32,4,,0,30,,195613,32,4,,0,75,,195614,32,4,,0,26,,195615,32,4,,0
663000,'3_merged_15727751',609,,195617,7,4,,0,29,,195618,7,4,,0,3,,195619,7,4,,0,70,,195620,7,4,,0,14,,195621,32,4,,0,22,,195622,32,4,,0,68,,195623,32,4,,0,27,,195624,32,4,,0,71,,195625,32,4,,0,30,,195626,32,4,,0,72,,195627,32,4,,0,24,,195628,7,4,,0,5,,195629,32,4,,0,63,,195630,32,4,,0,27,,195631,32,4,,0,21,,195632,32,4,,0,58,,195633,32,4,,0,21,,195634,32,4,,0,21,,195635,32,4,,0,57,,195636,32,4,,0,22,,195637,32,4,,0,23,,195638,32,4,,0,53,,195639,32,4,,0,24,,195640,32,4,,0,23,,195641,32,4,,0,57,,195642,32,4,,0,20,,195643,32,4,,0,23,,195644,32,4,,0,55,,195645,32,4,,0,24,,195646,32,4,,0,20,,195647,32,4,,0,58,,195648,32,4,,0,23,,195649,32,4,,0,20,,195650,32,4,,0,58,,195651,32,4,,0,37,,195652,32,4,,0,64,,195653,32,4,,0,24,,195654,32,4,,0,69,,195655,32,4,,0,34,,195656,32,4,,0,70,,195657,32,4,,0,32,,195658,32,4,,0,72,,195659,32,4,,0,24,,195660,32,4,,0,74,,195661,32,4,,0,29,,195662,32,4,,0,84,,195663,32,4,,0,74,,195664,32,4,,0
665100,'101_merged_15727747',1645,,202205,27,4,,0
665100,'1_merged_15727750',632,,202229,27,4,,0,71,,202206,27,4,,0,35,,202209,27,4,,0,72,,202212,27,4,,0,31,,202215,27,4,,0,69,,202218,27,4,,0,703,,202260,27,4,,0,99,,202265,27,4,,0,30,,202268,27,4,,0,69,,202271,27,4,,0,124,,202223,27,4,,0,69,,202225,27,4,,0
665100,'201_merged_15727755',1645,,202290,27,4,,0
667401,'1_merged_15727750',536,,206995,19,4,,0,71,,206996,19,4,,0,33,,206997,19,4,,0,70,,206998,19,4,,0,26,,206999,19,4,,0,73,,207000,19,4,,0,29,,207001,19,4,,0,70,,206990,19,4,,0,29,,207002,19,4,,0,70,,207003,19,4,,0,30,,207004,19,4,,0,70,,207005,19,4,,0,29,,207006,19,4,,0,71,,207007,19,4,,0,29,,207008,19,4,,0,72,,207009,19,4,,0,29,,207010,19,4,,0,70,,207011,19,4,,0,33,,207012,19,4,,0,65,,207013,19,4,,0,31,,207014,19,4,,0,80,,207015,19,4,,0,29,,207016,19,4,,0,62,,207017,19,4,,0,35,,207018,19,4,,0,67,,207019,19,4,,0,19,,207020,19,4,,0,12,,207021,19,4,,0,70,,207022,19,4,,0,29,,207023,19,4,,0,71,,207024,19,4,,0,30,,207025,19,4,,0,68,,207026,19,4,,0,31,,206991,19,4,,0,71,,206992,19,4,,0,104,,206993,19,4,,0,98,,206994,19,4,,0
667401,'2_merged_15727752',613,,207027,19,4,,0,98,,207028,19,4,,0,95,,207029,19,4,,0,35,,207030,19,4,,0,64,,207031,19,4,,0,34,,207032,19,4,,0,70,,207033,19,4,,0,30,,207034,19,4,,0,70,,207035,19,4,,0,32,,207036,19,4,,0,70,,207037,19,4,,0,30,,207038,19,4,,0,69,,207039,19,4,,0,31,,207040,19,4,,0,70,,207041,19,4,,0,30,,207042,19,4,,0,71,,207043,19,4,,0,28,,207044,19,4,,0,72,,207045,19,4,,0,30,,207046,19,4,,0,67,,207047,19,4,,0,33,,207048,19,4,,0,68,,207049,19,4,,0,30,,207050,19,4,,0,70,,207051,19,4,,0,30,,207052,19,4,,0,70,,207053,19,4,,0,30,,207054,19,4,,0,71,,207055,19,4,,0,28,,207056,19,4,,0,67,,207057,19,4,,0,100,,207058,19,4,,0,101,,207059,19,4,,0
667401,'3_merged_15727751',808,,207060,19,4,,0,104,,207061,19,4,,0,21,,207062,19,4,,0,69,,207063,19,4,,0,39,,207064,19,4,,0,68,,207065,19,4,,0,30,,207066,19,4,,0,70,,207067,19,4,,0,31,,207068,19,4,,0,69,,207069,19,4,,0,30,,207070,19,4,,0,70,,207071,19,4,,0,30,,207072,19,4,,0,69,,207073,19,4,,0,31,,207074,19,4,,0,69,,207075,19,4,,0,30,,207076,19,4,,0,73,,207077,19,4,,0,35,,207078,19,4,,0,70,,207079,19,4,,0,29,,207080,19,4,,0,70,,207081,19,4,,0,31,,207082,19,4,,0,69,,207083,19,4,,0,25,,207084,19,4,,0,74,,207085,19,4,,0,23,,207086,19,4,,0,70,,207087,19,4,,0,32,,207088,19,4,,0,70,,207089,19,4,,0,29,,207090,19,4,,0
667501,'1_merged_15727750',609,,207194,14,4,,0,32,,207195,14,4,,0,80,,207206,14,4,,0,198,,207207,14,4,,0,30,,207192,14,4,,0,69,,207210,14,4,,0,31,,207211,14,4,,0,69,,207212,14,4,,0,31,,207213,14,4,,0,69,,207214,14,4,,0,30,,207215,14,4,,0,72,,207216,14,4,,0,28,,207217,14,4,,0,70,,207218,14,4,,0,30,,207219,14,4,,0,70,,207220,14,4,,0,28,,207197,14,4,,0,77,,207198,14,4,,0,31,,207199,14,4,,0,78,,207200,14,4,,0,16,,207201,14,4,,0,60,,207202,14,4,,0,6,,207203,14,4,,0,36,,207204,14,4,,0,68,,207205,14,4,,0,30,,207221,14,4,,0,69,,207222,14,4,,0,37,,207223,14,4,,0,69,,207224,14,4,,0,24,,207225,14,4,,0,72,,207226,14,4,,0,28,,207227,14,4,,0,69,,207228,14,4,,0
667501,'2_merged_15727752',617,,207229,14,4,,0,100,,207230,14,4,,0,100,,207231,14,4,,0,30,,207232,14,4,,0,70,,207233,14,4,,0,30,,207234,14,4,,0,70,,207235,14,4,,0,30,,207236,14,4,,0,70,,207237,14,4,,0,30,,207238,14,4,,0,70,,207239,14,4,,0,30,,207240,14,4,,0,70,,207241,14,4,,0,30,,207242,14,4,,0,70,,207243,14,4,,0,30,,207244,14,4,,0,70,,207245,14,4,,0,30,,207246,14,4,,0,70,,207247,14,4,,0,30,,207248,14,4,,0,70,,207249,14,4,,0,30,,207250,14,4,,0,70,,207251,14,4,,0,30,,207252,14,4,,0,70,,207253,14,4,,0,30,,207254,14,4,,0,69,,207255,14,4,,0,29,,207256,14,4,,0,64,,207257,14,4,,0,36,,207258,14,4,,0,74,,207259,14,4,,0,27,,207260,14,4,,0,70,,207261,14,4,,0
667501,'3_merged_15727751',817,,207262,14,4,,0,100,,207263,14,4,,0,30,,207264,14,4,,0,70,,207265,14,4,,0,30,,207266,14,4,,0,70,,207267,14,4,,0,30,,207268,14,4,,0,70,,207269,14,4,,0,30,,207270,14,4,,0,70,,207271,14,4,,0,30,,207272,14,4,,0,70,,207273,14,4,,0,30,,207274,14,4,,0,70,,207275,14,4,,0,30,,207276,14,4,,0,70,,207277,14,4,,0,30,,207278,14,4,,0,70,,207279,14,4,,0,30,,207280,14,4,,0,70,,207281,14,4,,0,30,,207282,14,4,,0,70,,207283,14,4,,0,30,,207284,14,4,,0,69,,207285,14,4,,0,30,,207286,14,4,,0,70,,207287,14,4,,0,29,,207288,14,4,,0,71,,207289,14,4,,0,33,,207290,14,4,,0,71,,207291,14,4,,0
678001,'1_merged_15727750',642,,221260,20,4,,0,15,,221261,20,4,,0,50,,221262,19,4,,0,15,,221263,19,4,,0,15,,221264,19,4,,0,15,,221265,19,4,,0,55,,221266,19,4,,0,11,,221267,19,4,,0,20,,221268,19,4,,0,15,,221269,19,4,,0,55,,221270,19,4,,0,15,,221271,19,4,,0,13,,221272,20,4,,0,70,,221273,20,4,,0,30,,221274,20,4,,0,67,,221275,20,4,,0,33,,221276,20,4,,0,70,,221277,20,4,,0,30,,221278,20,4,,0,70,,221279,20,4,,0,32,,221280,20,4,,0,68,,221281,20,4,,0,30,,221282,20,4,,0,71,,221283,20,4,,0,15,,221284,20,4,,0,15,,221285,20,4,,0,15,,221286,20,4,,0,55,,221287,20,4,,0,15,,221288,20,4,,0,15,,221289,20,4,,0,15,,221290,20,4,,0,54,,221291,20,4,,0,15,,221292,20,4,,0,15,,221293,20,4,,0,16,,221294,20,4,,0,55,,221295,20,4,,0,15,,221296,20,4,,0,15,,221297,20,4,,0,15,,221298,20,4,,0,54,,221299,20,4,,0,30,,221300,20,4,,0,67,,221301,20,4,,0,115,,221302,20,4,,0,100,,221303,20,4,,0,98,,221304,20,4,,0
678001,'2_merged_15727752',732,,221305,20,4,,0,69,,221306,20,4,,0,30,,221307,20,4,,0,74,,221308,20,4,,0,30,,221309,20,4,,0,70,,221310,20,4,,0,30,,221311,20,4,,0,70,,221312,20,4,,0,30,,221313,20,4,,0,68,,221314,20,4,,0,30,,221315,20,4,,0,73,,221316,20,4,,0,30,,221317,20,4,,0,69,,221318,20,4,,0,30,,221319,20,4,,0,70,,221320,20,4,,0,30,,221321,20,4,,0,70,,221322,20,4,,0,27,,221323,20,4,,0,69,,221324,20,4,,0,31,,221325,20,4,,0,70,,221326,20,4,,0,30,,221327,20,4,,0,70,,221328,20,4,,0,30,,221329,20,4,,0,70,,221330,20,4,,0,112,,221331,20,4,,0,94,,221332,20,4,,0,104,,221333,20,4,,0
678001,'3_merged_15727751',905,,221334,20,4,,0,27,,221335,20,4,,0,70,,221336,20,4,,0,30,,221337,20,4,,0,71,,221338,20,4,,0,29,,221339,20,4,,0,70,,221340,20,4,,0,31,,221341,20,4,,0,70,,221342,20,4,,0,30,,221343,20,4,,0,70,,221344,20,4,,0,30,,221345,20,4,,0,71,,221346,20,4,,0,30,,221347,20,4,,0,69,,221348,20,4,,0,30,,221349,20,4,,0,26,,221350,20,4,,0,74,,221351,20,4,,0,70,,221352,20,4,,0,30,,221353,20,4,,0,70,,221354,20,4,,0,30,,221355,20,4,,0,77,,221356,20,4,,0,105,,221357,20,4,,0,99,,221358,20,4,,0,100,,221359,20,4,,0
