672100,'1_merged_15727750',1619,,216115,38,,,0,35,,216119,38,,,0,75,,216114,38,,,0,73,,216120,38,,,0,20,,216118,38,,,0,17,,216121,38,,,0,15,,216123,38,,,0,60,,216117,38,,,0,17,,216124,38,,,0,21,,216122,38,,,0,56,,216116,38,,,0
681601,'1_merged_15727750',747,,222977,17,,,0,100,,222976,17,,,0,100,,222975,17,,,0,100,,222974,17,,,0,100,,222973,17,,,0,100,,222972,17,,,0,100,,222971,17,,,0,100,,222985,17,,,0,100,,222984,17,,,0,100,,222983,17,,,0,100,,222982,17,,,0,100,,222981,17,,,0,100,,222980,17,,,0,100,,222979,17,,,0,100,,222978,17,,,0
681601,'2_merged_15727752',947,,222986,17,,,0,100,,222987,17,,,0,100,,222988,17,,,0,100,,222989,17,,,0,100,,222990,17,,,0,100,,222991,17,,,0,100,,222992,17,,,0,100,,222993,17,,,0,100,,222994,17,,,0,100,,222995,17,,,0,100,,222996,17,,,0,100,,222997,17,,,0,100,,222998,17,,,0
681601,'3_merged_15727751',946,,223007,17,,,0,100,,223006,17,,,0,100,,223005,17,,,0,100,,223004,17,,,0,100,,223008,17,,,0,100,,223003,17,,,0,100,,223002,17,,,0,100,,223001,17,,,0,100,,223000,17,,,0,100,,222999,17,,,0
1169200,'1_merged_15727750',540,,226626,45,,,0,19,,226627,45,,,0,57,,226644,45,,,0,22,,226628,45,,,0,19,,226625,45,,,0,54,,226661,45,,,0,17,,226645,45,,,0,18,,226624,45,,,0,60,,226662,45,,,0,16,,226623,45,,,0,15,,226646,45,,,0,15,,226665,45,,,0,54,,226622,45,,,0,15,,226621,45,,,0,18,,226647,45,,,0,20,,226620,45,,,0,60,,226648,45,,,0,20,,226619,45,,,0,20,,226618,45,,,0,60,,226649,45,,,0,20,,226612,45,,,0,20,,226638,45,,,0,60,,226650,45,,,0,21,,226630,45,,,0,60,,226629,45,,,0,20,,226651,45,,,0,21,,226617,45,,,0,61,,226616,45,,,0,20,,226652,45,,,0,22,,226615,45,,,0,63,,226614,45,,,0,20,,226613,45,,,0,21,,226653,45,,,0,62,,226611,45,,,0,20,,226643,45,,,0,20,,226654,45,,,0,60,,226642,45,,,0,14,,226655,45,,,0,15,,226641,45,,,0,13,,226658,45,,,0,54,,226640,45,,,0,13,,226656,45,,,0,14,,226639,45,,,0,12,,226659,45,,,0,13,,226637,45,,,0,60,,226657,45,,,0,19,,226636,45,,,0,18,,226635,45,,,0,60,,226660,45,,,0,23,,226634,45,,,0,70,,226633,45,,,0,30,,226632,45,,,0,69,,226631,45,,,0,97,,226663,45,,,0,97,,226664,45,,,0
1169200,'2_merged_15727752',616,,226704,45,,,0,26,,226678,45,,,0,62,,226710,45,,,0,23,,226677,45,,,0,22,,226679,45,,,0,62,,226680,45,,,0,23,,226693,45,,,0,22,,226681,45,,,0,60,,226682,45,,,0,20,,226694,45,,,0,20,,226683,45,,,0,60,,226684,45,,,0,23,,226695,45,,,0,20,,226685,45,,,0,60,,226686,45,,,0,21,,226696,45,,,0,61,,226687,45,,,0,20,,226675,45,,,0,20,,226697,45,,,0,61,,226688,45,,,0,20,,226698,45,,,0,22,,226689,45,,,0,61,,226690,45,,,0,21,,226699,45,,,0,21,,226691,45,,,0,60,,226692,45,,,0,20,,226700,45,,,0,20,,226667,45,,,0,60,,226676,45,,,0,20,,226701,45,,,0,20,,226668,45,,,0,59,,226669,45,,,0,20,,226705,45,,,0,19,,226702,45,,,0,60,,226670,45,,,0,20,,226671,45,,,0,17,,226672,45,,,0,59,,226703,45,,,0,22,,226673,45,,,0,30,,226674,45,,,0,70,,226666,45,,,0,99,,226706,45,,,0,96,,226707,45,,,0,99,,226708,45,,,0,99,,226709,45,,,0
1169200,'3_merged_15727751',632,,226749,45,,,0,70,,226737,45,,,0,30,,226722,45,,,0,70,,226721,45,,,0,30,,226723,45,,,0,71,,226724,45,,,0,32,,226725,45,,,0,71,,226726,45,,,0,28,,226727,45,,,0,67,,226733,45,,,0,31,,226728,45,,,0,70,,226729,45,,,0,32,,226730,45,,,0,70,,226731,45,,,0,30,,226732,45,,,0,69,,226734,45,,,0,28,,226739,45,,,0,20,,226735,45,,,0,60,,226736,45,,,0,20,,226740,45,,,0,20,,226711,45,,,0,60,,226712,45,,,0,20,,226741,45,,,0,19,,226713,45,,,0,60,,226714,45,,,0,20,,226742,45,,,0,20,,226715,45,,,0,60,,226716,45,,,0,20,,226743,45,,,0,20,,226717,45,,,0,59,,226718,45,,,0,22,,226744,45,,,0,23,,226719,45,,,0,65,,226720,45,,,0,25,,226738,45,,,0,99,,226745,45,,,0,99,,226746,45,,,0,100,,226747,45,,,0,96,,226748,45,,,0
1870501,'1_merged_15727750',530,,228808,7,,,0,11,,228766,7,,,0,15,,228768,7,,,0,55,,228803,7,,,0,17,,228793,7,,,0,20,,228767,7,,,0,60,,228794,7,,,0,20,,228769,7,,,0,20,,228770,7,,,0,62,,228795,7,,,0,20,,228771,7,,,0,20,,228772,7,,,0,60,,228796,7,,,0,20,,228773,7,,,0,20,,228774,7,,,0,60,,228804,7,,,0,20,,228775,7,,,0,23,,228776,7,,,0,70,,228789,7,,,0,30,,228777,7,,,0,70,,228765,7,,,0,30,,228778,7,,,0,70,,228779,7,,,0,30,,228780,7,,,0,57,,228801,7,,,0,17,,228781,7,,,0,20,,228782,7,,,0,56,,228797,7,,,0,17,,228783,7,,,0,17,,228802,7,,,0,17,,228784,7,,,0,57,,228798,7,,,0,21,,228785,7,,,0,21,,228786,7,,,0,60,,228799,7,,,0,22,,228788,7,,,0,21,,228787,7,,,0,61,,228800,7,,,0,21,,228790,7,,,0,21,,228791,7,,,0,63,,228792,7,,,0,30,,228762,7,,,0,70,,228763,7,,,0,30,,228764,7,,,0,95,,228805,7,,,0,100,,228806,7,,,0,100,,228807,7,,,0
1870501,'2_merged_15727752',549,,228809,7,,,0,67,,228813,7,,,0,27,,228814,7,,,0,71,,228815,7,,,0,31,,228816,7,,,0,70,,228817,7,,,0,28,,228818,7,,,0,70,,228819,7,,,0,30,,228820,7,,,0,70,,228821,7,,,0,30,,228822,7,,,0,70,,228823,7,,,0,30,,228824,7,,,0,70,,228825,7,,,0,30,,228826,7,,,0,70,,228827,7,,,0,30,,228828,7,,,0,70,,228829,7,,,0,30,,228830,7,,,0,70,,228831,7,,,0,30,,228832,7,,,0,70,,228833,7,,,0,30,,228834,7,,,0,70,,228835,7,,,0,30,,228836,7,,,0,70,,228837,7,,,0,30,,228838,7,,,0,70,,228839,7,,,0,34,,228840,7,,,0,73,,228841,7,,,0,34,,228842,7,,,0,98,,228810,7,,,0,100,,228811,7,,,0,100,,228812,7,,,0
1870501,'3_merged_15727751',552,,228869,7,,,0,70,,228870,7,,,0,30,,228871,7,,,0,70,,228872,7,,,0,30,,228843,7,,,0,70,,228844,7,,,0,30,,228845,7,,,0,70,,228846,7,,,0,30,,228847,7,,,0,70,,228848,7,,,0,30,,228849,7,,,0,70,,228850,7,,,0,30,,228851,7,,,0,70,,228852,7,,,0,30,,228853,7,,,0,73,,228854,7,,,0,32,,228855,7,,,0,70,,228856,7,,,0,30,,228857,7,,,0,70,,228858,7,,,0,30,,228859,7,,,0,70,,228860,7,,,0,30,,228861,7,,,0,70,,228862,7,,,0,30,,228863,7,,,0,70,,228864,7,,,0,30,,228865,7,,,0,69,,228866,7,,,0,30,,228867,7,,,0,70,,228873,7,,,0,30,,228868,7,,,0,96,,228874,7,,,0,100,,228875,7,,,0,100,,228876,7,,,0
3182000,'1803_merged_15727760',1801,,234803,18,,,0,100,,234804,18,,,0,55,,234805,18,,,0,100,,234806,18,,,0
3182000,'1_merged_15727750',702,,234838,18,,,0,29,,234837,18,,,0,72,,234836,18,,,0,28,,234835,18,,,0,70,,234834,18,,,0,30,,234833,18,,,0,70,,234832,18,,,0,30,,234831,18,,,0,70,,234830,18,,,0,30,,234829,18,,,0,70,,234828,18,,,0,30,,234827,18,,,0,70,,234826,18,,,0,30,,234825,18,,,0,70,,234824,18,,,0,20,,234839,18,,,0,20,,234823,18,,,0,60,,234822,18,,,0,30,,234821,18,,,0,70,,234820,18,,,0,30,,234819,18,,,0,70,,234818,18,,,0,30,,234817,18,,,0,70,,234816,18,,,0,30,,234815,18,,,0,70,,234814,18,,,0,30,,234813,18,,,0,70,,234812,18,,,0,30,,234811,18,,,0,70,,234810,18,,,0,30,,234809,18,,,0,70,,234808,18,,,0,40,,234807,18,,,0
3182000,'2_merged_15727752',801,,234840,18,,,0,30,,234841,18,,,0,70,,234842,18,,,0,30,,234843,18,,,0,70,,234844,18,,,0,30,,234845,18,,,0,70,,234846,18,,,0,30,,234847,18,,,0,70,,234848,18,,,0,30,,234849,18,,,0,70,,234850,18,,,0,30,,234851,18,,,0,70,,234852,18,,,0,30,,234853,18,,,0,70,,234854,18,,,0,30,,234855,18,,,0,70,,234856,18,,,0,30,,234857,18,,,0,70,,234858,18,,,0,30,,234859,18,,,0,70,,234860,18,,,0,30,,234861,18,,,0,70,,234862,18,,,0,30,,234863,18,,,0,70,,234864,18,,,0,30,,234865,18,,,0,70,,234866,18,,,0,30,,234867,18,,,0
3182000,'32603_merged_15727742',1801,,234868,18,,,0,100,,234869,18,,,0,55,,234870,18,,,0,100,,234871,18,,,0
3182000,'3_merged_15727751',901,,234872,18,,,0,30,,234873,18,,,0,70,,234874,18,,,0,30,,234875,18,,,0,70,,234876,18,,,0,30,,234877,18,,,0,70,,234878,18,,,0,30,,234879,18,,,0,70,,234880,18,,,0,30,,234881,18,,,0,70,,234882,18,,,0,30,,234883,18,,,0,70,,234884,18,,,0,30,,234885,18,,,0,70,,234886,18,,,0,30,,234887,18,,,0,70,,234888,18,,,0,30,,234889,18,,,0,100,,234890,18,,,0,95,,234891,18,,,0,100,,234892,18,,,0,100,,234893,18,,,0
