672600,'1',519,,217357,5,,,0,30,,217358,5,,,0,70,,217359,5,,,0,30,,217360,5,,,0,71,,217361,5,,,0,30,,217362,5,,,0,70,,217363,5,,,0,30,,217364,5,,,0,70,,217365,5,,,0,30,,217366,5,,,0,85,,217367,5,,,0,70,,217368,5,,,0,30,,217369,5,,,0,70,,217370,5,,,0,30,,217371,5,,,0,70,,217372,5,,,0,31,,217373,5,,,0,70,,217374,5,,,0,35,,217375,5,,,0,74,,217376,5,,,0,24,,217377,15,,,0,65,,217378,15,,,0,32,,217379,15,,,0,71,,217380,15,,,0,39,,217381,15,,,0,65,,217382,15,,,0,33,,217383,15,,,0,65,,217384,15,,,0,30,,217385,15,,,0,70,,217386,15,,,0,27,,217387,15,,,0,71,,217388,15,,,0,30,,217354,15,,,0,67,,217355,15,,,0,55,,217356,15,,,0
672600,'2',652,,217410,5,,,0,90,,217407,5,,,0,96,,217395,5,,,0,68,,217417,5,,,0,30,,217396,5,,,0,70,,217412,5,,,0,30,,217397,5,,,0,69,,217414,5,,,0,32,,217406,5,,,0,68,,217415,5,,,0,30,,217398,5,,,0,70,,217416,5,,,0,34,,217399,5,,,0,65,,217411,5,,,0,32,,217400,5,,,0,70,,217418,5,,,0,28,,217401,15,,,0,70,,217389,15,,,0,30,,217402,15,,,0,68,,217413,15,,,0,32,,217403,15,,,0,72,,217390,15,,,0,29,,217404,15,,,0,72,,217409,15,,,0,28,,217405,15,,,0,70,,217391,15,,,0,98,,217392,15,,,0,100,,217393,15,,,0,100,,217408,15,,,0
672600,'3',746,,217425,5,,,0,104,,217426,5,,,0,77,,217428,5,,,0,73,,217438,5,,,0,34,,217431,5,,,0,77,,217440,5,,,0,35,,217432,5,,,0,71,,217439,5,,,0,25,,217433,5,,,0,70,,217441,5,,,0,30,,217434,5,,,0,70,,217442,5,,,0,30,,217435,5,,,0,70,,217443,5,,,0,30,,217436,15,,,0,71,,217444,15,,,0,28,,217437,15,,,0,69,,217427,15,,,0,30,,217429,15,,,0,71,,217419,15,,,0,29,,217430,15,,,0,70,,217420,15,,,0,104,,217421,15,,,0,104,,217422,15,,,0,100,,217423,15,,,0,101,,217424,15,,,0
3454301,'1',442,,237748,4,,,0,17,,237749,4,,,0,57,,237683,4,,,0,13,,237684,4,,,0,15,,237685,4,,,0,56,,237758,4,,,0,14,,237686,4,,,0,12,,237687,4,,,0,12,,237688,4,,,0,10,,237757,4,,,0,10,,237689,4,,,0,50,,237690,4,,,0,11,,237691,4,,,0,10,,237692,4,,,0,9,,237756,4,,,0,10,,237693,4,,,0,9,,237760,4,,,0,48,,237694,4,,,0,16,,237695,4,,,0,12,,237696,4,,,0,13,,237755,4,,,0,12,,237697,4,,,0,52,,237698,4,,,0,13,,237699,4,,,0,14,,237700,4,,,0,15,,237754,4,,,0,55,,237701,4,,,0,15,,237702,4,,,0,17,,237703,4,,,0,15,,237753,4,,,0,57,,237704,4,,,0,15,,237705,4,,,0,11,,237706,4,,,0,17,,237752,4,,,0,55,,237707,4,,,0,15,,237708,4,,,0,15,,237709,4,,,0,15,,237751,4,,,0,55,,237745,4,,,0,15,,237746,4,,,0,15,,237747,4,,,0,15,,237750,4,,,0,58,,237710,4,,,0,16,,237711,4,,,0,17,,237712,4,,,0,69,,237713,4,,,0,16,,237714,4,,,0,23,,237715,4,,,0,52,,237716,4,,,0,12,,237717,4,,,0,12,,237718,4,,,0,12,,237719,4,,,0,12,,237720,4,,,0,51,,237721,4,,,0,12,,237722,4,,,0,12,,237723,4,,,0,14,,237724,4,,,0,13,,237725,4,,,0,53,,237726,4,,,0,14,,237727,4,,,0,12,,237728,4,,,0,11,,237729,4,,,0,9,,237730,4,,,0,56,,237731,8,,,0,14,,237732,8,,,0,15,,237733,8,,,0,16,,237734,8,,,0,58,,237735,8,,,0,14,,237736,8,,,0,27,,237737,8,,,0,71,,237738,8,,,0,28,,237739,8,,,0,70,,237740,8,,,0,30,,237741,8,,,0,69,,237742,8,,,0,28,,237743,8,,,0,70,,237744,8,,,0
3454301,'1901',1454,,237682,4,,,0
3454301,'2',522,,237809,8,,,0,35,,237808,8,,,0,70,,237807,8,,,0,30,,237806,8,,,0,69,,237805,8,,,0,29,,237804,8,,,0,66,,237803,8,,,0,19,,237802,8,,,0,60,,237801,8,,,0,19,,237800,8,,,0,20,,237799,8,,,0,20,,237798,8,,,0,60,,237797,8,,,0,19,,237796,8,,,0,20,,237795,8,,,0,62,,237794,8,,,0,20,,237793,8,,,0,60,,237792,8,,,0,20,,237791,8,,,0,20,,237790,8,,,0,60,,237789,8,,,0,18,,237788,8,,,0,20,,237787,8,,,0,20,,237786,8,,,0,60,,237785,8,,,0,20,,237784,8,,,0,19,,237763,8,,,0,60,,237762,8,,,0,22,,237783,8,,,0,64,,237782,8,,,0,14,,237781,8,,,0,23,,237780,8,,,0,62,,237779,8,,,0,21,,237778,8,,,0,22,,237777,8,,,0,60,,237776,8,,,0,22,,237775,8,,,0,29,,237774,8,,,0,70,,237773,8,,,0,33,,237772,8,,,0,71,,237771,8,,,0,70,,237770,8,,,0,30,,237769,8,,,0,72,,237768,8,,,0,30,,237767,8,,,0,98,,237766,8,,,0,100,,237765,8,,,0,96,,237764,4,,,0
3454301,'2001',1454,,237761,4,,,0
3454301,'3',527,,237818,8,,,0,75,,237819,8,,,0,34,,237850,8,,,0,70,,237851,8,,,0,32,,237852,8,,,0,69,,237820,8,,,0,30,,237821,8,,,0,73,,237822,8,,,0,31,,237823,8,,,0,70,,237824,8,,,0,32,,237815,8,,,0,64,,237825,8,,,0,20,,237826,8,,,0,18,,237816,8,,,0,60,,237827,8,,,0,20,,237828,8,,,0,19,,237817,8,,,0,60,,237829,8,,,0,19,,237830,8,,,0,20,,237814,8,,,0,60,,237831,8,,,0,20,,237832,8,,,0,20,,237811,8,,,0,60,,237833,8,,,0,20,,237834,8,,,0,22,,237812,8,,,0,60,,237835,8,,,0,20,,237836,8,,,0,20,,237813,8,,,0,60,,237837,8,,,0,30,,237838,8,,,0,70,,237849,8,,,0,36,,237839,8,,,0,74,,237840,8,,,0,40,,237841,8,,,0,70,,237844,8,,,0,79,,237843,8,,,0,40,,237842,8,,,0,70,,237845,8,,,0,32,,237846,8,,,0,80,,237810,8,,,0,97,,237847,8,,,0,102,,237848,4,,,0
3454301,'62101',1541,,237853,4,,,0
3454301,'62201',1541,,237854,4,,,0
