673700,'101_merged_15727747',808,,218608,25,,,0,737,,218610,25,,,0,96,,218609,25,,,0
673700,'1_merged_15727750',515,,218653,25,,,0,34,,218611,25,,,0,61,,218650,25,,,0,20,,218662,25,,,0,18,,218663,25,,,0,59,,218664,25,,,0,12,,218651,25,,,0,11,,218652,25,,,0,10,,218660,25,,,0,12,,218661,25,,,0,79,,218629,25,,,0,24,,218612,25,,,0,60,,218636,25,,,0,21,,218637,25,,,0,70,,218638,25,,,0,30,,218639,25,,,0,69,,218640,25,,,0,28,,218641,25,,,0,68,,218642,25,,,0,30,,218643,25,,,0,28,,218644,25,,,0,68,,218645,25,,,0,20,,218646,25,,,0,60,,218647,25,,,0,18,,218648,25,,,0,15,,218649,25,,,0,9,,218613,25,,,0,7,,218665,25,,,0,49,,218631,25,,,0,9,,218632,25,,,0,15,,218633,25,,,0,21,,218634,25,,,0,50,,218635,25,,,0,10,,218626,25,,,0,10,,218627,25,,,0,10,,218628,25,,,0,25,,218614,25,,,0,56,,218630,25,,,0,17,,218615,25,,,0,15,,218654,25,,,0,59,,218655,25,,,0,15,,218656,25,,,0,18,,218657,25,,,0,15,,218658,25,,,0,55,,218616,25,,,0,28,,218617,25,,,0,70,,218618,25,,,0,31,,218619,25,,,0,68,,218659,25,,,0,32,,218620,25,,,0,69,,218621,25,,,0,30,,218622,25,,,0,68,,218623,25,,,0,42,,218624,25,,,0,96,,218625,25,,,0
673700,'201_merged_15727755',808,,218666,25,,,0,737,,218668,25,,,0,96,,218667,25,,,0
673700,'2_merged_15727752',621,,218669,25,,,0,28,,218670,25,,,0,64,,218671,25,,,0,24,,218672,25,,,0,64,,218673,25,,,0,21,,218674,25,,,0,19,,218675,25,,,0,60,,218676,25,,,0,20,,218677,25,,,0,19,,218678,25,,,0,60,,218679,25,,,0,20,,218680,25,,,0,20,,218681,25,,,0,19,,218682,25,,,0,60,,218683,25,,,0,19,,218684,25,,,0,62,,218685,25,,,0,22,,218686,25,,,0,22,,218687,25,,,0,62,,218688,25,,,0,19,,218689,25,,,0,20,,218690,25,,,0,60,,218691,25,,,0,20,,218692,25,,,0,20,,218693,25,,,0,60,,218694,25,,,0,19,,218695,25,,,0,20,,218696,25,,,0,60,,218697,25,,,0,20,,218698,25,,,0,15,,218699,25,,,0,15,,218700,25,,,0,55,,218717,25,,,0,17,,218701,25,,,0,15,,218702,25,,,0,15,,218703,25,,,0,56,,218718,25,,,0,16,,218704,25,,,0,16,,218705,25,,,0,62,,218706,25,,,0,22,,218707,25,,,0,18,,218708,25,,,0,58,,218709,25,,,0,18,,218710,25,,,0,28,,218711,25,,,0,70,,218712,25,,,0,31,,218713,25,,,0,70,,218714,25,,,0,30,,218719,25,,,0,76,,218715,25,,,0,112,,218716,25,,,0
673700,'3_merged_15727751',605,,218725,25,,,0,33,,218724,25,,,0,73,,218723,25,,,0,32,,218722,25,,,0,72,,218746,25,,,0,32,,218726,25,,,0,70,,218720,25,,,0,29,,218727,25,,,0,70,,218744,25,,,0,29,,218730,25,,,0,70,,218737,25,,,0,29,,218736,25,,,0,70,,218728,25,,,0,29,,218735,25,,,0,70,,218739,25,,,0,30,,218734,25,,,0,60,,218745,25,,,0,20,,218760,25,,,0,20,,218733,25,,,0,70,,218743,25,,,0,31,,218732,25,,,0,69,,218742,25,,,0,30,,218731,25,,,0,60,,218741,25,,,0,20,,218752,25,,,0,20,,218729,25,,,0,60,,218753,25,,,0,20,,218740,25,,,0,21,,218754,25,,,0,61,,218757,25,,,0,20,,218748,25,,,0,21,,218755,25,,,0,60,,218758,25,,,0,20,,218747,25,,,0,20,,218756,25,,,0,60,,218759,25,,,0,20,,218749,25,,,0,22,,218750,25,,,0,68,,218738,25,,,0,30,,218751,25,,,0,75,,218721,25,,,0
1169301,'1_merged_15727750',535,,226915,4,,,0,23,,226914,4,,,0,72,,226913,4,,,0,28,,226912,4,,,0,68,,226911,4,,,0,29,,226910,4,,,0,69,,226925,4,,,0,31,,226909,4,,,0,71,,226923,4,,,0,32,,226926,4,,,0,70,,226927,4,,,0,30,,226928,4,,,0,70,,226929,4,,,0,30,,226930,4,,,0,70,,226931,4,,,0,30,,226932,4,,,0,70,,226933,4,,,0,28,,226934,4,,,0,71,,226935,4,,,0,32,,226922,4,,,0,72,,226921,4,,,0,70,,226924,4,,,0,33,,226920,4,,,0,72,,226919,4,,,0,32,,226918,4,,,0,64,,226917,4,,,0,39,,226916,4,,,0,69,,226936,4,,,0,31,,226937,4,,,0,70,,226938,4,,,0,28,,226939,4,,,0,70,,226940,4,,,0
1294000,'101_merged_15727747',1635,,227138,20,,,0
1294000,'1_merged_15727750',449,,227139,20,0,62 103 8,0,70,,227140,20,,,0,34,,227141,20,,,0,68,,227142,20,,,0,37,,227143,20,,,0,72,,227144,20,,,0,72,,227145,20,,,0,33,,227146,20,0,62 103 8,0,71,,227147,20,0,62 103 8,0,31,,227148,20,0,62 103 8,0,70,,227149,20,0,62 103 8,0,30,,227150,20,0,62 103 8,0,70,,227151,20,0,62 103 8,0,31,,227152,20,0,62 103 8,0,70,,227153,20,0,62 103 8,0,31,,227154,20,0,62 103 8,0,71,,227155,20,0,62 103 8,0,30,,227156,20,0,62 103 8,0,68,,227157,20,0,62 103 8,0,28,,227158,20,0,62 103 8,0,71,,227159,20,0,62 103 8,0,31,,227173,20,0,62 103 8,0,70,,227174,20,,,0,93,,227160,20,,,0,26,,227161,20,,,0,27,,227162,20,,,0,64,,227163,20,,,0,29,,227164,20,,,0,68,,227165,20,0,62 103 8,0,30,,227166,20,0,62 103 8,0,70,,227167,20,0,62 103 8,0,28,,227168,20,0,62 103 8,0,73,,227169,20,0,62 103 8,0,34,,227170,20,0,62 103 8,0,100,,227171,20,0,62 103 8,0,100,,227172,20,0,62 103 8,0
1294000,'201_merged_15727755',1635,,227175,20,,,0
1294000,'2_merged_15727752',621,,227205,20,0,62 103 8,0,31,,227193,20,0,62 103 8,0,70,,227194,20,0,62 103 8,0,32,,227195,20,0,62 103 8,0,73,,227196,20,0,62 103 8,0,31,,227197,20,0,62 103 8,0,71,,227198,20,0,62 103 8,0,71,,227199,20,0,62 103 8,0,31,,227200,20,0,62 103 8,0,70,,227201,20,0,62 103 8,0,30,,227202,20,0,62 103 8,0,70,,227203,20,0,62 103 8,0,31,,227204,20,0,62 103 8,0,70,,227182,20,0,62 103 8,0,30,,227183,20,0,62 103 8,0,70,,227184,20,0,62 103 8,0,30,,227185,20,0,62 103 8,0,70,,227186,20,0,62 103 8,0,30,,227187,20,0,62 103 8,0,70,,227188,20,0,62 103 8,0,30,,227189,20,0,62 103 8,0,70,,227190,20,0,62 103 8,0,29,,227180,20,0,62 103 8,0,70,,227181,20,0,62 103 8,0,30,,227191,20,0,62 103 8,0,69,,227176,20,0,62 103 8,0,30,,227177,20,0,62 103 8,0,70,,227178,20,0,62 103 8,0,27,,227179,20,0,62 103 8,0,30,,227192,20,0,62 103 8,0,98,,227206,20,0,62 103 8,0,100,,227207,20,0,62 103 8,0,147,,227208,20,0,62 103 8,0
1294000,'3_merged_15727751',628,,227212,20,0,62 103 8,0,74,,227213,20,0,62 103 8,0,31,,227238,20,0,62 103 8,0,71,,227214,20,0,62 103 8,0,31,,227215,20,0,62 103 8,0,71,,227216,20,0,62 103 8,0,30,,227217,20,0,62 103 8,0,71,,227218,20,0,62 103 8,0,30,,227219,20,0,62 103 8,0,70,,227209,20,0,62 103 8,0,30,,227220,20,0,62 103 8,0,70,,227221,20,0,62 103 8,0,31,,227222,20,0,62 103 8,0,70,,227223,20,0,62 103 8,0,30,,227224,20,0,62 103 8,0,70,,227225,20,0,62 103 8,0,30,,227210,20,0,62 103 8,0,70,,227226,20,0,62 103 8,0,29,,227227,20,0,62 103 8,0,70,,227228,20,0,62 103 8,0,30,,227229,20,0,62 103 8,0,70,,227230,20,0,62 103 8,0,31,,227231,20,0,62 103 8,0,71,,227232,20,0,62 103 8,0,31,,227233,20,0,62 103 8,0,70,,227234,20,0,62 103 8,0,31,,227235,20,0,62 103 8,0,71,,227236,20,0,62 103 8,0,30,,227237,20,0,62 103 8,0,71,,227211,20,0,62 103 8,0,101,,227239,20,0,62 103 8,0,98,,227240,20,0,62 103 8,0,103,,227241,20,0,62 103 8,0
