666701,'1',457,,206036,23,,,0,58,,206076,23,,,0,22,,206009,23,,,0,20,,206010,23,,,0,62,,206011,23,,,0,16,,206012,23,,,0,12,,206013,23,,,0,8,,206014,23,,,0,49,,206015,23,,,0,15,,206080,23,,,0,15,,206081,23,,,0,17,,206016,23,,,0,52,,206017,23,,,0,19,,206018,23,,,0,33,,206019,23,,,0,55,,206020,23,,,0,14,,206021,23,,,0,14,,206079,23,,,0,17,,206037,23,,,0,53,,206038,23,,,0,15,,206075,23,,,0,15,,206022,23,,,0,15,,206023,23,,,0,55,,206024,23,,,0,17,,206025,23,,,0,14,,206026,23,,,0,15,,206027,23,,,0,54,,206028,23,,,0,15,,206078,23,,,0,15,,206039,23,,,0,15,,206040,23,,,0,57,,206074,23,,,0,15,,206029,23,,,0,17,,206030,23,,,0,14,,206031,23,,,0,55,,206032,23,,,0,17,,206033,23,,,0,16,,206034,23,,,0,56,,206035,23,,,0,15,,206077,23,,,0,16,,206041,23,,,0,13,,206042,23,,,0,56,,206073,23,,,0,14,,206043,23,,,0,14,,206044,23,,,0,16,,206045,23,,,0,15,,206046,23,,,0,54,,206047,23,,,0,14,,206048,23,,,0,11,,206049,23,,,0,19,,206050,23,,,0,54,,206072,23,,,0,14,,206057,23,,,0,15,,206069,23,,,0,15,,206070,23,,,0,55,,206051,23,,,0,14,,206052,23,,,0,15,,206053,23,,,0,13,,206054,23,,,0,55,,206055,23,,,0,15,,206056,23,,,0,17,,206071,23,,,0,17,,206058,23,,,0,59,,206068,23,,,0,19,,206059,23,,,0,25,,206060,23,,,0,71,,206061,23,,,0,72,,206062,23,,,0,32,,206063,23,,,0,70,,206064,23,,,0,26,,206065,23,,,0,70,,206066,23,,,0,30,,206067,23,,,0
666701,'101',839,,206008,23,,,0
666701,'2',607,,206091,23,,,0,29,,206092,23,,,0,20,,206109,23,,,0,61,,206110,23,,,0,19,,206106,23,,,0,15,,206111,23,,,0,56,,206112,23,,,0,16,,206113,23,,,0,16,,206114,23,,,0,11,,206115,23,,,0,8,,206083,23,,,0,52,,206116,23,,,0,17,,206117,23,,,0,14,,206118,23,,,0,13,,206119,23,,,0,56,,206120,23,,,0,16,,206121,23,,,0,16,,206122,23,,,0,17,,206123,23,,,0,56,,206124,23,,,0,12,,206126,23,,,0,15,,206127,23,,,0,16,,206128,23,,,0,55,,206125,23,,,0,17,,206129,23,,,0,14,,206105,23,,,0,13,,206130,23,,,0,56,,206131,23,,,0,14,,206132,23,,,0,15,,206134,23,,,0,15,,206135,23,,,0,55,,206136,23,,,0,18,,206137,23,,,0,15,,206138,23,,,0,57,,206139,23,,,0,15,,206140,23,,,0,15,,206141,23,,,0,15,,206142,23,,,0,53,,206143,23,,,0,15,,206144,23,,,0,15,,206145,23,,,0,15,,206146,23,,,0,14,,206147,23,,,0,55,,206148,23,,,0,15,,206149,23,,,0,15,,206084,23,,,0,15,,206085,23,,,0,61,,206086,23,,,0,14,,206087,23,,,0,11,,206108,23,,,0,14,,206088,23,,,0,55,,206089,23,,,0,15,,206107,23,,,0,14,,206090,23,,,0,16,,206094,23,,,0,60,,206093,23,,,0,19,,206095,23,,,0,21,,206096,23,,,0,72,,206133,23,,,0,73,,206097,23,,,0,32,,206098,23,,,0,75,,206099,23,,,0,26,,206100,23,,,0,69,,206101,23,,,0,33,,206102,23,,,0,70,,206103,23,,,0,23,,206104,23,,,0
666701,'201',839,,206082,23,,,0
666701,'3',717,,206165,23,,,0,20,,206166,23,,,0,17,,206151,23,,,0,56,,206167,23,,,0,16,,206168,23,,,0,14,,206164,23,,,0,13,,206150,23,,,0,53,,206169,23,,,0,12,,206170,23,,,0,12,,206171,23,,,0,9,,206172,23,,,0,12,,206173,23,,,0,59,,206174,23,,,0,16,,206175,23,,,0,15,,206176,23,,,0,14,,206177,23,,,0,57,,206178,23,,,0,16,,206179,23,,,0,15,,206180,23,,,0,15,,206159,23,,,0,55,,206160,23,,,0,17,,206161,23,,,0,16,,206181,23,,,0,54,,206182,23,,,0,15,,206183,23,,,0,14,,206184,23,,,0,15,,206185,23,,,0,15,,206186,23,,,0,54,,206187,23,,,0,17,,206188,23,,,0,13,,206189,23,,,0,58,,206190,23,,,0,16,,206158,23,,,0,14,,206191,23,,,0,12,,206192,23,,,0,15,,206193,23,,,0,57,,206194,23,,,0,14,,206195,23,,,0,16,,206196,23,,,0,59,,206197,23,,,0,14,,206198,23,,,0,11,,206199,23,,,0,15,,206200,23,,,0,12,,206201,23,,,0,56,,206202,23,,,0,16,,206203,23,,,0,15,,206163,23,,,0,16,,206204,23,,,0,52,,206205,23,,,0,15,,206162,23,,,0,15,,206206,23,,,0,14,,206207,23,,,0,60,,206208,23,,,0,21,,206209,23,,,0,66,,206210,23,,,0,33,,206211,23,,,0,67,,206152,23,,,0,35,,206153,23,,,0,71,,206154,23,,,0,25,,206155,23,,,0,70,,206156,23,,,0,28,,206157,23,,,0
684101,'1',342,,225278,16,,,0,69,,225277,16,,,0,12,,225276,16,,,0,2006,,225280,16,,,0,30,,225274,16,,,0,75,,225273,16,,,0,70,,225272,16,,,0,30,,225275,16,,,0,75,,225279,16,,,0
684101,'2',337,,225281,16,,,0,72,,225286,16,,,0,30,,225287,16,,,0,68,,225288,16,,,0,28,,225285,16,,,0,1890,,225290,16,,,0,75,,225282,16,,,0,37,,225289,16,,,0,21,,225283,16,,,0,69,,225284,16,,,0,78,,225291,16,,,0
684101,'3',342,,225300,16,,,0,69,,225302,16,,,0,28,,225299,16,,,0,70,,225298,16,,,0,13,,225305,16,,,0,15,,225295,16,,,0,13,,225306,16,,,0,55,,225297,16,,,0,1795,,225303,16,,,0,31,,225304,16,,,0,70,,225292,16,,,0,27,,225293,16,,,0,30,,225294,16,,,0,78,,225296,16,,,0,70,,225301,16,,,0
3004601,'1',503,,232239,34,,,0,23,,232240,34,,,0,20,,232241,34,,,0,60,,232242,34,,,0,15,,232243,34,,,0,14,,232225,34,,,0,16,,232244,34,,,0,54,,232245,34,,,0,16,,232246,34,,,0,13,,232247,34,,,0,20,,232226,34,,,0,51,,232276,34,,,0,14,,232255,34,,,0,13,,232256,34,,,0,24,,232257,34,,,0,58,,232258,34,,,0,28,,232259,34,,,0,69,,232260,34,,,0,30,,232261,34,,,0,70,,232262,34,,,0,31,,232263,34,,,0,69,,232264,34,,,0,33,,232265,34,,,0,71,,232266,34,,,0,30,,232267,34,,,0,70,,232268,34,,,0,33,,232269,34,,,0,71,,232270,34,,,0,20,,232223,34,,,0,20,,232274,34,,,0,79,,232275,34,,,0,71,,232248,34,,,0,13,,232249,34,,,0,13,,232250,34,,,0,15,,232251,34,,,0,53,,232252,34,,,0,15,,232253,34,,,0,23,,232254,34,,,0,61,,232224,34,,,0,24,,232272,34,,,0,15,,232273,34,,,0,68,,232227,34,,,0,28,,232228,34,,,0,71,,232271,34,,,0,28,,232229,34,,,0,70,,232230,34,,,0,30,,232238,34,,,0,70,,232231,34,,,0,29,,232232,34,,,0,70,,232237,34,,,0,30,,232233,34,,,0,70,,232234,34,,,0,30,,232236,34,,,0,70,,232235,34,,,0
3004601,'101',1617,,232222,34,,,0,37,,232221,34,,,0
3004601,'2',543,,232316,34,,,0,71,,232291,34,,,0,30,,232317,34,,,0,70,,232318,34,,,0,30,,232319,34,,,0,72,,232279,34,,,0,30,,232280,34,,,0,72,,232281,34,,,0,31,,232282,34,,,0,70,,232283,34,,,0,31,,232284,34,,,0,74,,232285,34,,,0,30,,232286,34,,,0,70,,232287,34,,,0,30,,232288,34,,,0,70,,232289,34,,,0,30,,232290,34,,,0,70,,232292,34,,,0,30,,232293,34,,,0,70,,232294,34,,,0,31,,232295,34,,,0,70,,232296,34,,,0,29,,232297,34,,,0,70,,232298,34,,,0,29,,232299,34,,,0,70,,232300,34,,,0,30,,232301,34,,,0,67,,232302,34,,,0,30,,232303,34,,,0,68,,232304,34,,,0,29,,232305,34,,,0,72,,232306,34,,,0,29,,232307,34,,,0,69,,232308,34,,,0,31,,232309,34,,,0,69,,232310,34,,,0,30,,232311,34,,,0,70,,232312,34,,,0,29,,232313,34,,,0,70,,232314,34,,,0,28,,232315,34,,,0
3004601,'201',1617,,232278,34,,,0,37,,232277,34,,,0
3004601,'3',543,,232321,34,,,0,70,,232322,34,,,0,30,,232323,34,,,0,71,,232324,34,,,0,30,,232325,34,,,0,70,,232326,34,,,0,32,,232327,34,,,0,70,,232328,34,,,0,31,,232329,34,,,0,70,,232330,34,,,0,30,,232331,34,,,0,72,,232332,34,,,0,30,,232333,34,,,0,71,,232320,34,,,0,30,,232334,34,,,0,70,,232335,34,,,0,30,,232336,34,,,0,70,,232337,34,,,0,30,,232338,34,,,0,70,,232339,34,,,0,32,,232340,34,,,0,71,,232341,34,,,0,33,,232342,34,,,0,67,,232343,34,,,0,31,,232344,34,,,0,67,,232345,34,,,0,30,,232346,34,,,0,68,,232347,34,,,0,29,,232348,34,,,0,70,,232349,34,,,0,29,,232350,34,,,0,70,,232351,34,,,0,27,,232352,34,,,0,70,,232353,34,,,0,30,,232354,34,,,0,70,,232355,34,,,0,30,,232356,34,,,0,70,,232357,34,,,0,30,,232358,34,,,0,70,,232359,34,,,0
