661400,'152201_merged_15727756',2122,,187414,31,4,,0,20,,187415,31,4,,0,60,,187419,31,4,,0,18,,187416,31,4,,0,20,,187420,31,4,,0,60,,187421,31,4,,0,21,,187417,31,4,,0,20,,187413,31,4,,0,18,,187418,31,4,,0,68,,187412,31,4,,0
661400,'152301_merged_15727764',2122,,187422,31,4,,0,20,,187423,31,4,,0,60,,187424,31,4,,0,18,,187425,31,4,,0,20,,187426,31,4,,0,60,,187427,31,4,,0,21,,187428,31,4,,0,20,,187429,31,4,,0,18,,187430,31,4,,0,68,,187431,31,4,,0
661400,'1_merged_15727750',2024,,187449,31,4,,0,20,,187463,31,4,,0,58,,187434,31,4,,0
661400,'2_merged_15727752',2019,,187549,33,4,,0,20,,187563,33,4,,0,20,,187545,33,4,,0,59,,187550,31,4,,0,21,,187558,31,4,,0,61,,187518,31,4,,0,20,,187543,31,4,,0,20,,187522,31,4,,0,60,,187551,31,4,,0,20,,187521,31,4,,0,20,,187564,31,4,,0,19,,187541,31,4,,0,68,,187537,31,4,,0
661400,'3_merged_15727751',2019,,187633,33,4,,0,19,,187634,33,4,,0,16,,187635,31,4,,0,60,,187636,31,4,,0,20,,187637,31,4,,0,24,,187638,31,4,,0,66,,187639,31,4,,0,20,,187640,31,4,,0,59,,187641,31,4,,0,18,,187642,31,4,,0,23,,187643,31,4,,0,59,,187644,31,4,,0,24,,187645,31,4,,0
661401,'152201_merged_15727756',2107,,187655,1,,,0,21,,187654,1,,,0,20,,187646,1,,,0,59,,187647,1,,,0,19,,187649,1,,,0,20,,187648,1,,,0,60,,187650,1,,,0,20,,187651,1,,,0,21,,187652,1,,,0,59,,187653,1,,,0
661401,'152301_merged_15727764',2107,,187665,1,,,0,21,,187656,1,,,0,20,,187657,1,,,0,59,,187658,1,,,0,19,,187659,1,,,0,20,,187660,1,,,0,60,,187661,1,,,0,20,,187662,1,,,0,21,,187663,1,,,0,59,,187664,1,,,0
661401,'2_merged_15727752',2044,,187774,1,,,0,60,,187790,1,,,0,20,,187745,1,,,0,21,,187743,1,,,0,61,,187744,1,,,0,20,,187772,1,,,0,20,,187769,1,,,0,60,,187756,1,,,0,20,,187765,1,,,0,20,,187761,1,,,0,60,,187763,1,,,0
661401,'3_merged_15727751',2043,,187848,1,,,0,57,,187849,1,,,0,20,,187850,1,,,0,19,,187851,1,,,0,64,,187852,1,,,0,26,,187853,1,,,0,20,,187854,1,,,0,59,,187855,1,,,0,18,,187856,1,,,0,23,,187857,1,,,0,59,,187858,1,,,0
662401,'1_merged_15727750',553,,193027,1,,,0,55,,193028,1,,,0,48,,193032,1,,,0,101,,193038,1,,,0
662401,'2_merged_15727752',556,,193127,1,,,0,156,,193133,1,,,0,133,,193220,1,,,0,270,,193134,1,,,0
662401,'3_merged_15727751',556,,193223,1,,,0,203,,193238,1,,,0,83,,193240,1,,,0,160,,193237,1,,,0,327,,193324,1,,,0,100,,193239,1,,,0
663700,'152201_merged_15727756',2110,,197362,16,,,0,17,,197363,16,,,0,18,,197364,16,,,0,62,,197365,16,,,0,22,,197366,16,,,0,20,,197367,16,,,0,63,,197368,16,,,0,22,,197369,16,,,0,19,,197370,16,,,0,70,,197371,16,,,0,30,,197372,16,,,0,66,,197373,16,,,0,82,,197374,16,,,0
663700,'152301_merged_15727764',2110,,197375,16,,,0,17,,197376,16,,,0,18,,197377,16,,,0,62,,197378,16,,,0,22,,197379,16,,,0,20,,197380,16,,,0,63,,197381,16,,,0,22,,197382,16,,,0,19,,197387,16,,,0,70,,197383,16,,,0,30,,197384,16,,,0,66,,197385,16,,,0,82,,197386,16,,,0
663700,'1_merged_15727750',523,,197405,16,,,0,20,,197407,16,,,0,60,,197408,16,,,0,20,,197409,16,,,0,20,,197392,16,,,0,60,,197393,16,,,0,20,,197404,16,,,0,18,,197418,16,,,0,59,,197419,16,,,0,16,,197420,16,,,0,22,,197421,16,,,0,16,,197422,16,,,0,56,,197423,16,,,0,16,,197424,16,,,0,16,,197425,16,,,0,58,,197426,16,,,0,17,,197427,16,,,0,17,,197428,16,,,0,17,,197429,16,,,0,57,,197430,16,,,0,17,,197431,16,,,0,18,,197432,16,,,0,57,,197433,16,,,0,17,,197434,16,,,0,17,,197435,16,,,0,17,,197436,16,,,0,57,,197437,16,,,0,17,,197438,16,,,0,17,,197439,16,,,0,17,,197440,16,,,0,56,,197441,16,,,0,15,,197442,16,,,0,15,,197443,16,,,0,55,,197444,16,,,0,15,,197388,16,,,0,14,,197389,16,,,0,15,,197390,16,,,0,15,,197391,16,,,0,55,,197395,16,,,0,15,,197396,16,,,0,14,,197397,16,,,0,15,,197406,16,,,0,55,,197398,16,,,0,15,,197399,16,,,0,15,,197400,16,,,0,16,,197401,16,,,0,53,,197402,16,,,0,15,,197403,16,,,0,15,,197394,16,,,0,15,,197410,16,,,0,54,,197411,16,,,0,15,,197412,16,,,0,16,,197413,16,,,0,58,,197414,16,,,0,18,,197415,16,,,0,17,,197416,16,,,0,18,,197417,16,,,0
663700,'2_merged_15727752',525,,197445,19,,,0,20,,197446,19,,,0,60,,197447,19,,,0,20,,197448,19,,,0,20,,197449,19,,,0,60,,197450,19,,,0,20,,197451,19,,,0,20,,197452,19,,,0,61,,197453,19,,,0,21,,197454,19,,,0,20,,197455,19,,,0,60,,197456,19,,,0,21,,197457,19,,,0,17,,197458,19,,,0,57,,197459,19,,,0,17,,197460,19,,,0,18,,197461,19,,,0,17,,197462,19,,,0,57,,197463,19,,,0,16,,197464,19,,,0,15,,197465,19,,,0,17,,197466,19,,,0,55,,197467,19,,,0,15,,197468,19,,,0,15,,197469,19,,,0,15,,197470,19,,,0,55,,197471,19,,,0,16,,197472,19,,,0,15,,197473,19,,,0,56,,197474,19,,,0,15,,197475,19,,,0,12,,197476,19,,,0,12,,197477,19,,,0,12,,197478,19,,,0,52,,197479,19,,,0,12,,197480,19,,,0,12,,197481,19,,,0,12,,197482,19,,,0,12,,197483,19,,,0,52,,197484,19,,,0,12,,197485,19,,,0,12,,197486,19,,,0,12,,197487,19,,,0,12,,197488,19,,,0,52,,197489,19,,,0,12,,197490,19,,,0,12,,197491,19,,,0,12,,197492,19,,,0,10,,197493,19,,,0,52,,197494,19,,,0,12,,197495,19,,,0,12,,197496,19,,,0,12,,197497,19,,,0,12,,197498,19,,,0,51,,197499,19,,,0,13,,197500,19,,,0,15,,197501,19,,,0,15,,197502,19,,,0,13,,197503,19,,,0,55,,197504,19,,,0,15,,197505,19,,,0,16,,197506,19,,,0,59,,197507,16,,,0,20,,197508,16,,,0,20,,197509,16,,,0,60,,197510,16,,,0,21,,197511,16,,,0,20,,197512,16,,,0,60,,197513,16,,,0,23,,197514,16,,,0,31,,197515,16,,,0,71,,197516,16,,,0,30,,197517,16,,,0,69,,197518,16,,,0,19,,197519,16,,,0
663700,'3_merged_15727751',522,,197520,19,,,0,30,,197521,19,,,0,70,,197522,19,,,0,36,,197523,19,,,0,67,,197524,19,,,0,20,,197525,19,,,0,60,,197526,19,,,0,20,,197527,19,,,0,20,,197528,19,,,0,60,,197529,19,,,0,24,,197530,19,,,0,19,,197531,19,,,0,59,,197532,19,,,0,20,,197533,19,,,0,17,,197534,19,,,0,59,,197535,19,,,0,17,,197536,19,,,0,18,,197537,19,,,0,17,,197538,19,,,0,58,,197539,19,,,0,17,,197540,19,,,0,17,,197541,19,,,0,57,,197542,19,,,0,17,,197543,19,,,0,18,,197544,19,,,0,16,,197545,19,,,0,55,,197546,19,,,0,15,,197547,19,,,0,15,,197548,19,,,0,15,,197549,19,,,0,55,,197550,19,,,0,15,,197551,19,,,0,15,,197552,19,,,0,15,,197553,19,,,0,55,,197554,19,,,0,15,,197555,19,,,0,15,,197556,19,,,0,16,,197557,19,,,0,57,,197558,19,,,0,15,,197559,19,,,0,14,,197560,19,,,0,15,,197561,19,,,0,55,,197562,19,,,0,15,,197563,19,,,0,15,,197564,19,,,0,60,,197565,19,,,0,20,,197566,19,,,0,19,,197567,19,,,0,60,,197568,19,,,0,20,,197569,19,,,0,18,,197570,19,,,0,62,,197571,19,,,0,19,,197572,16,,,0,20,,197573,16,,,0,60,,197574,16,,,0,24,,197575,16,,,0,22,,197576,16,,,0,54,,197577,16,,,0,21,,197578,16,,,0,26,,197579,16,,,0,70,,197580,16,,,0,31,,197581,16,,,0,68,,197582,16,,,0,30,,197583,16,,,0
