674900,'1',541,,220499,22,0,62 63 129,0,11,,220500,22,0,62 63 129,0,59,,220501,22,0,62 63 129,0,17,,220502,22,0,62 63 129,0,15,,220503,22,0,62 63 129,0,16,,220504,22,0,62 63 129,0,56,,220505,22,0,62 63 129,0,33,,220506,22,0,62 63 129,0,53,,220507,22,0,58 59,0,15,,220508,22,0,58 59,0,14,,220445,22,0,62 63 129,0,14,,220490,22,0,58 59,0,63,,220491,22,0,62 63 129,0,11,,220492,22,0,58 59,0,13,,220493,22,0,62 63 129,0,8,,220494,22,0,60 61 8,0,9,,220495,22,0,58 59,0,9,,220496,22,0,62 63 129,0,55,,220497,22,0,58 59,0,15,,220498,22,0,62 63 129,0,15,,220446,22,0,58 59,0,15,,220471,22,0,62 63 129,0,55,,220472,22,0,58 59,0,17,,220473,22,0,62 63 129,0,15,,220474,22,0,58 59,0,15,,220475,22,0,62 63 129,0,55,,220476,22,0,58 59,0,15,,220477,22,0,62 63 129,0,12,,220478,22,0,58 59,0,17,,220479,22,0,62 63 129,0,56,,220480,22,0,58 59,0,15,,220481,22,0,62 63 129,0,17,,220482,22,0,58 59,0,13,,220483,22,0,62 63 129,0,58,,220484,22,0,60 61 8,0,37,,220485,22,0,62 63 129,0,58,,220486,22,0,62 63 129,0,15,,220487,22,0,62 63 129,0,15,,220488,22,0,62 63 129,0,17,,220489,22,0,62 63 129,0,54,,220437,22,0,62 63 129,0,14,,220443,22,0,62 63 129,0,23,,220465,22,0,62 63 129,0,7,,220447,22,0,62 63 129,0,63,,220436,22,0,62 63 129,0,7,,220466,22,0,62 63 129,0,22,,220467,22,0,62 63 129,0,3,,220468,22,0,62 63 129,0,55,,220469,22,0,62 63 129,0,21,,220470,22,0,62 63 129,0,9,,220444,22,0,62 63 129,0,17,,220438,22,0,62 63 129,0,50,,220448,22,0,62 63 129,0,15,,220449,22,0,62 63 129,0,14,,220460,22,0,62 63 129,0,16,,220461,22,0,62 63 129,0,52,,220462,22,0,62 63 129,0,13,,220463,22,0,60 61 8,0,17,,220464,22,0,62 63 129,0,15,,220442,22,0,62 63 129,0,54,,220439,22,0,62 63 129,0,16,,220452,22,0,60 61 8,0,14,,220453,22,0,62 63 129,0,70,,220454,22,0,62 63 129,0,30,,220455,22,0,62 63 129,0,70,,220440,22,0,62 63 129,0,29,,220457,22,0,62 63 129,0,30,,220451,22,0,62 63 129,0,66,,220456,22,0,62 63 129,0,30,,220441,22,0,62 63 129,0,70,,220459,22,0,58 59,0,29,,220450,22,0,58 59,0,70,,220458,22,0,58 59,0
674900,'101',728,,220434,22,0,62 63 64,0,23,,220435,3,0,62 63 129,0
674900,'2',627,,220512,22,0,62 63 129,0,31,,220513,22,0,62 63 129,0,66,,220514,22,0,62 63 129,0,15,,220515,22,0,62 63 129,0,15,,220516,22,0,58 59,0,55,,220517,22,0,62 63 129,0,10,,220518,22,0,58 59,0,15,,220519,22,0,62 63 129,0,15,,220520,22,0,58 59,0,56,,220521,22,0,62 63 129,0,17,,220522,22,0,58 59,0,14,,220523,22,0,62 63 129,0,15,,220524,22,0,58 59,0,57,,220525,22,0,62 63 129,0,15,,220526,22,0,58 59,0,15,,220527,22,0,62 63 129,0,15,,220528,22,0,58 59,0,55,,220529,22,0,62 63 129,0,15,,220530,22,0,58 59,0,17,,220531,22,0,62 63 129,0,16,,220532,22,0,58 59,0,54,,220533,22,0,62 63 129,0,17,,220534,22,0,58 59,0,15,,220535,22,0,62 63 129,0,12,,220536,22,0,58 59,0,55,,220537,22,0,62 63 129,0,15,,220538,22,0,58 59,0,18,,220539,22,0,62 63 129,0,15,,220540,22,0,58 59,0,55,,220541,22,0,62 63 129,0,15,,220542,22,0,58 59,0,15,,220543,22,0,62 63 129,0,15,,220544,22,0,58 59,0,57,,220545,22,0,62 63 129,0,14,,220546,22,0,58 59,0,16,,220547,22,0,62 63 129,0,15,,220548,22,0,58 59,0,55,,220549,22,0,62 63 129,0,11,,220550,22,0,58 59,0,16,,220551,22,0,62 63 129,0,15,,220552,22,0,58 59,0,54,,220553,22,0,62 63 129,0,15,,220554,22,0,58 59,0,14,,220555,22,0,62 63 129,0,15,,220556,22,0,58 59,0,55,,220557,22,0,62 63 129,0,15,,220558,22,0,58 59,0,14,,220559,22,0,62 63 129,0,15,,220560,22,0,62 63 129,0,55,,220561,22,0,62 63 129,0,20,,220562,22,0,62 63 129,0,20,,220563,22,0,62 63 129,0,58,,220564,22,0,62 63 129,0,21,,220565,22,0,62 63 129,0,20,,220566,22,0,62 63 129,0,59,,220567,22,0,62 63 129,0,26,,220568,22,0,62 63 129,0,70,,220569,22,0,62 63 129,0,28,,220570,22,0,62 63 129,0,70,,220571,22,0,62 63 129,0,28,,220572,22,0,62 63 129,0,30,,220573,22,0,62 63 129,0,69,,220574,22,0,62 63 129,0,30,,220575,22,0,62 63 129,0,68,,220576,22,0,58 59,0,75,,220510,22,0,58 59,0,25,,220511,22,0,58 59,0
674900,'201',727,,220509,22,0,62 63 129,0
674900,'3',632,,220606,22,0,62 63 129,0,72,,220605,22,0,62 63 129,0,23,,220611,22,0,62 63 129,0,30,,220610,22,0,62 63 129,0,55,,220622,22,0,58 59,0,16,,220621,22,0,62 63 129,0,15,,220620,22,0,58 59,0,14,,220619,22,0,62 63 129,0,58,,220618,22,0,58 59,0,16,,220617,22,0,62 63 129,0,15,,220641,22,0,58 59,0,56,,220640,22,0,62 63 129,0,15,,220616,22,0,58 59,0,16,,220615,22,0,62 63 129,0,15,,220614,22,0,58 59,0,55,,220613,22,0,62 63 129,0,10,,220612,22,0,58 59,0,14,,220609,22,0,62 63 129,0,16,,220608,22,0,58 59,0,15,,220607,22,0,62 63 129,0,53,,220633,22,0,58 59,0,17,,220581,22,0,62 63 129,0,15,,220580,22,0,58 59,0,15,,220579,22,0,62 63 129,0,54,,220578,22,0,58 59,0,18,,220577,22,0,62 63 129,0,15,,220639,22,0,58 59,0,9,,220638,22,0,62 63 129,0,61,,220637,22,0,58 59,0,15,,220636,22,0,62 63 129,0,15,,220635,22,0,58 59,0,55,,220634,22,0,62 63 129,0,15,,220632,22,0,58 59,0,16,,220631,22,0,62 63 129,0,14,,220630,22,0,58 59,0,56,,220629,22,0,62 63 129,0,5,,220628,22,0,58 59,0,23,,220627,22,0,62 63 129,0,15,,220626,22,0,58 59,0,15,,220625,22,0,62 63 129,0,53,,220624,22,0,58 59,0,15,,220623,22,0,62 63 129,0,15,,220594,22,0,58 59,0,15,,220604,22,0,62 63 129,0,55,,220603,22,0,58 59,0,20,,220602,22,0,62 63 129,0,15,,220601,22,0,58 59,0,55,,220600,22,0,62 63 129,0,15,,220599,22,0,58 59,0,15,,220598,22,0,62 63 129,0,15,,220597,22,0,58 59,0,53,,220596,22,0,62 63 129,0,15,,220595,22,0,58 59,0,15,,220593,22,0,62 63 129,0,15,,220592,22,0,58 59,0,11,,220591,22,0,62 63 129,0,60,,220590,22,0,62 63 129,0,19,,220589,22,0,62 63 129,0,71,,220588,22,0,62 63 129,0,31,,220587,22,0,62 63 129,0,70,,220586,22,0,62 63 129,0,29,,220585,22,0,62 63 129,0,69,,220584,22,0,62 63 129,0,30,,220583,22,0,62 63 129,0,102,,220582,22,0,58 59,0
674900,'701',1439,,220642,22,0,62 63 121 122 123,0
674900,'801',1434,,220643,22,0,62 63 129,0
722400,'1',552,,225486,28,,,0,61,,225484,28,,,0,23,,225461,28,,,0,10,,225459,28,,,0,63,,225487,28,,,0,7,,225491,28,,,0,23,,225485,28,,,0,61,,225482,28,,,0,11,,225488,28,,,0,26,,225481,28,,,0,18,,225480,28,,,0,63,,225492,28,,,0,17,,225477,28,,,0,77,,225476,28,,,0,21,,225474,28,,,0,70,,225473,28,,,0,30,,225472,28,,,0,71,,225471,28,,,0,31,,225470,28,,,0,70,,225469,28,,,0,31,,225475,28,,,0,72,,225468,28,,,0,33,,225483,28,,,0,70,,225479,28,,,0,31,,225489,28,,,0,62,,225478,28,,,0,20,,225467,28,,,0,26,,225490,28,,,0,56,,225466,28,,,0,20,,225458,28,,,0,15,,225456,28,,,0,14,,225493,28,,,0,54,,225465,28,,,0,21,,225464,28,,,0,71,,225463,28,,,0,20,,225462,28,,,0,18,,225457,28,,,0,65,,225460,28,,,0,33,,225497,28,,,0
1294000,'1',533,,227140,25,,,0,75,,227141,25,,,0,28,,227142,25,,,0,77,,227143,25,,,0,33,,227144,25,,,0,72,,227145,25,,,0,812,,227174,25,,,0,93,,227160,25,,,0,26,,227161,25,,,0,62,,227162,25,,,0,22,,227163,25,,,0,68,,227164,25,,,0
1294000,'101',1657,,227138,25,,,0
1294000,'201',1657,,227175,25,,,0
