670201,'1_merged_15727750',541,,211734,2,,,0,70,,211719,2,,,0,24,,211712,2,,,0,24,,211744,2,,,0,60,,211713,2,,,0,20,,211741,2,,,0,20,,211723,2,,,0,60,,211743,2,,,0,20,,211740,2,,,0,20,,211742,2,,,0,60,,211711,2,,,0,23,,211737,2,,,0,73,,211709,2,,,0,30,,211710,2,,,0,70,,211718,2,,,0,30,,211735,2,,,0,70,,211726,2,,,0,30,,211731,2,,,0,70,,211729,2,,,0,30,,211728,2,,,0,70,,211724,2,,,0,30,,211725,2,,,0,71,,211721,2,,,0,30,,211739,2,,,0,70,,211738,2,,,0,30,,211722,2,,,0,70,,211732,2,,,0,30,,211715,2,,,0,70,,211716,2,,,0,30,,211736,2,,,0,69,,211720,2,,,0,36,,211714,2,,,0,102,,211717,2,,,0,102,,211733,2,,,0
670201,'2_merged_15727752',631,,211745,2,,,0,69,,211746,2,,,0,30,,211747,2,,,0,70,,211748,2,,,0,30,,211749,2,,,0,70,,211750,2,,,0,30,,211751,2,,,0,70,,211752,2,,,0,30,,211753,2,,,0,70,,211754,2,,,0,30,,211755,2,,,0,70,,211756,2,,,0,30,,211757,2,,,0,70,,211758,2,,,0,30,,211759,2,,,0,70,,211760,2,,,0,30,,211761,2,,,0,70,,211762,2,,,0,30,,211763,2,,,0,70,,211764,2,,,0,30,,211765,2,,,0,70,,211766,2,,,0,31,,211767,2,,,0,70,,211768,2,,,0,30,,211769,2,,,0,70,,211770,2,,,0,30,,211771,2,,,0,70,,211772,2,,,0,30,,211773,2,,,0,70,,211774,2,,,0,40,,211775,2,,,0,82,,211776,2,,,0
670201,'3_merged_15727751',833,,211778,2,,,0,100,,211780,2,,,0,100,,211782,2,,,0,100,,211791,2,,,0,73,,211792,2,,,0,30,,211790,2,,,0,70,,211793,2,,,0,30,,211779,2,,,0,70,,211794,2,,,0,30,,211786,2,,,0,70,,211795,2,,,0,30,,211788,2,,,0,70,,211796,2,,,0,30,,211781,2,,,0,70,,211797,2,,,0,30,,211783,2,,,0,70,,211798,2,,,0,30,,211777,2,,,0,70,,211799,2,,,0,30,,211784,2,,,0,100,,211785,2,,,0,100,,211789,2,,,0,100,,211787,2,,,0
670501,'1_merged_15727750',435,,213070,2,0,76 77 89,0,24,,213063,2,0,76 77 89,0,50,,213047,2,0,76 77 57,0,10,,213071,2,0,76 77 89,0,10,,213153,2,0,76 77 57,0,10,,213050,2,0,76 77 57,0,8,,213069,2,0,76 77 89,0,10,,213072,2,0,76 77 89,0,50,,213049,2,0,76 77 57,0,9,,213154,2,0,76 77 57,0,9,,213157,2,0,76 77 57,0,9,,213100,8,0,76 77 89,0,7,,213052,8,0,76 77 57,0,9,,213061,8,0,76 77 57,0,8,,213073,8,0,76 77 57,0,49,,213156,8,0,76 77 57,0,10,,213074,8,0,76 77 57,0,10,,213106,8,0,76 77 57,0,9,,213107,8,0,76 77 57,0,10,,213075,8,0,76 77 57,0,9,,213109,8,0,76 77 57,0,50,,213076,8,0,76 77 57,0,10,,213108,8,0,76 77 57,0,10,,213077,8,0,76 77 57,0,10,,213078,8,0,76 77 57,0,10,,213110,8,0,76 77 57,0,10,,213116,8,0,76 77 57,0,50,,213079,8,0,76 77 57,0,10,,213117,2,0,76 77 57,0,10,,213118,2,0,76 77 57,0,10,,213119,2,0,76 77 57,0,10,,213120,2,0,76 77 57,0,10,,213121,2,0,76 77 57,0,50,,213122,2,0,76 77 57,0,10,,213123,2,0,76 77 57,0,10,,213124,2,0,76 77 57,0,10,,213125,2,0,76 77 57,0,10,,213126,2,0,76 77 57,0,10,,213127,2,0,76 77 57,0,50,,213128,2,0,76 77 57,0,10,,213129,2,0,76 77 57,0,10,,213130,2,0,76 77 57,0,10,,213131,2,0,76 77 57,0,10,,213132,2,0,76 77 57,0,10,,213133,2,0,76 77 57,0,50,,213134,2,0,76 77 57,0,10,,213135,2,0,76 77 57,0,10,,213136,2,0,76 77 57,0,8,,213137,2,0,76 77 57,0,10,,213138,2,0,76 77 57,0,10,,213139,2,0,76 77 57,0,50,,213140,2,0,76 77 57,0,10,,213141,2,0,76 77 57,0,10,,213142,2,0,76 77 57,0,9,,213143,2,0,76 77 57,0,10,,213144,2,0,76 77 57,0,10,,213145,2,0,76 77 57,0,50,,213146,2,0,76 77 57,0,10,,213147,2,0,76 77 57,0,10,,213148,2,0,76 77 57,0,9,,213149,2,0,76 77 57,0,10,,213101,2,0,76 77 57,0,10,,213080,2,0,76 77 57,0,50,,213111,2,0,76 77 57,0,10,,213081,2,0,76 77 57,0,10,,213082,8,0,76 77 57,0,9,,213083,8,0,76 77 57,0,10,,213102,8,0,76 77 57,0,10,,213084,8,0,76 77 57,0,50,,213112,8,0,76 77 57,0,10,,213085,8,0,76 77 57,0,9,,213086,8,0,76 77 57,0,7,,213158,8,0,76 77 57,0,10,,213103,8,0,76 77 57,0,7,,213087,8,0,76 77 57,0,7,,213159,8,0,76 77 57,0,7,,213088,8,0,76 77 57,0,46,,213113,8,0,76 77 57,0,9,,213089,8,0,76 77 57,0,6,,213160,8,0,76 77 57,0,7,,213090,8,0,76 77 57,0,9,,213161,8,0,76 77 57,0,6,,213091,8,0,76 77 57,0,6,,213104,8,0,76 77 57,0,7,,213162,8,0,76 77 57,0,49,,213092,8,0,76 77 57,0,9,,213093,8,0,76 77 57,0,8,,213163,8,0,76 77 57,0,10,,213094,8,0,76 77 57,0,10,,213095,8,0,76 77 57,0,9,,213096,8,0,76 77 57,0,7,,213164,8,0,76 77 57,0,50,,213054,8,0,76 77 57,0,9,,213150,2,0,76 77 57,0,9,,213098,2,0,76 77 57,0,13,,213059,2,0,76 77 57,0,12,,213055,2,0,76 77 57,0,11,,213060,2,0,76 77 57,0,52,,213099,2,0,76 77 89,0,12,,213056,2,0,76 77 57,0,13,,213062,2,0,76 77 89,0,13,,213151,2,0,76 77 57,0,53,,213057,2,0,76 77 89,0,11,,213105,2,0,76 77 57,0,12,,213051,2,0,76 77 89,0,14,,213152,2,0,76 77 57,0,15,,213058,2,0,76 77 57,0,55,,213048,2,0,76 77 89,0,15,,213155,2,0,76 77 89,0,17,,213046,2,0,76 77 57,0,15,,213114,2,0,76 77 57,0,59,,213097,2,0,76 77 89,0,20,,213115,2,0,76 77 89,0,21,,213053,2,0,76 77 57,0,60,,213064,2,0,76 77 57,0,20,,213065,2,0,76 77 89,0,73,,213066,2,0,76 77 57,0,49,,213067,2,0,76 77 57,0,77,,213068,2,0,78 12,0
670501,'2_merged_15727752',540,,213205,2,0,76 77 57,0,70,,213166,2,0,76 77 89,0,10,,213214,2,0,76 77 89,0,10,,213203,2,0,76 77 57,0,10,,213180,2,0,76 77 57,0,11,,213219,2,0,76 77 57,0,51,,213202,2,0,76 77 89,0,11,,213226,2,0,76 77 57,0,11,,213178,2,0,76 77 57,0,11,,213220,2,0,76 77 57,0,10,,213201,2,0,76 77 89,0,11,,213182,2,0,76 77 57,0,52,,213204,2,0,76 77 57,0,12,,213181,2,0,76 77 57,0,12,,213221,2,0,76 77 57,0,11,,213206,2,0,76 77 57,0,12,,213186,2,0,76 77 57,0,52,,213208,2,0,76 77 57,0,12,,213169,2,0,76 77 57,0,12,,213222,2,0,76 77 57,0,12,,213175,2,0,76 77 57,0,12,,213165,2,0,76 77 57,0,52,,213199,2,0,76 77 57,0,11,,213187,2,0,76 77 57,0,12,,213223,2,0,76 77 57,0,11,,213209,2,0,76 77 57,0,12,,213174,2,0,76 77 57,0,52,,213232,2,0,76 77 57,0,9,,213233,2,0,76 77 57,0,10,,213234,2,0,76 77 57,0,10,,213235,2,0,76 77 57,0,10,,213236,2,0,76 77 57,0,10,,213237,2,0,76 77 57,0,50,,213238,2,0,76 77 57,0,9,,213239,2,0,76 77 57,0,9,,213240,2,0,76 77 57,0,9,,213241,2,0,76 77 57,0,9,,213242,2,0,76 77 57,0,10,,213243,2,0,76 77 57,0,50,,213244,2,0,76 77 57,0,10,,213245,2,0,76 77 57,0,10,,213246,2,0,76 77 57,0,10,,213247,2,0,76 77 57,0,9,,213248,2,0,76 77 57,0,10,,213249,2,0,76 77 57,0,10,,213250,2,0,76 77 57,0,50,,213251,2,0,76 77 57,0,10,,213252,2,0,76 77 57,0,10,,213253,2,0,76 77 57,0,9,,213254,2,0,76 77 57,0,10,,213255,2,0,76 77 57,0,10,,213256,2,0,76 77 57,0,49,,213257,2,0,76 77 57,0,10,,213258,2,0,76 77 57,0,10,,213259,2,0,76 77 57,0,10,,213260,2,0,76 77 57,0,10,,213261,2,0,76 77 57,0,11,,213262,2,0,76 77 57,0,51,,213263,2,0,76 77 57,0,10,,213264,2,0,76 77 57,0,10,,213265,2,0,76 77 57,0,10,,213266,2,0,76 77 57,0,10,,213267,2,0,76 77 57,0,10,,213268,2,0,76 77 57,0,51,,213193,2,0,76 77 57,0,10,,213183,2,0,76 77 57,0,10,,213269,2,0,76 77 57,0,11,,213227,2,0,76 77 57,0,10,,213210,2,0,76 77 57,0,51,,213197,2,0,76 77 57,0,10,,213270,2,0,76 77 57,0,10,,213177,2,0,76 77 57,0,10,,213211,2,0,76 77 57,0,10,,213185,2,0,76 77 57,0,10,,213228,2,0,76 77 89,0,50,,213212,2,0,76 77 57,0,10,,213200,2,0,76 77 57,0,10,,213271,2,0,76 77 57,0,10,,213176,2,0,76 77 57,0,11,,213229,2,0,76 77 57,0,10,,213189,2,0,76 77 89,0,51,,213196,2,0,76 77 57,0,13,,213188,2,0,76 77 57,0,13,,213170,2,0,76 77 57,0,13,,213230,2,0,76 77 89,0,12,,213168,2,0,76 77 57,0,52,,213213,2,0,76 77 57,0,12,,213191,2,0,76 77 57,0,13,,213207,2,0,76 77 57,0,14,,213190,2,0,76 77 57,0,13,,213231,2,0,76 77 57,0,53,,213272,2,0,76 77 57,0,13,,213173,2,0,76 77 57,0,13,,213192,2,0,76 77 89,0,16,,213194,2,0,76 77 57,0,60,,213216,2,0,76 77 57,0,22,,213195,2,0,76 77 57,0,23,,213198,2,0,76 77 57,0,63,,213218,2,0,76 77 57,0,23,,213184,2,0,76 77 89,0,71,,213224,2,0,78 12,0,36,,213172,2,0,76 77 57,0,70,,213171,2,0,78 12,0
670501,'3_merged_15727751',504,,213311,2,0,76 77 57,0,21,,213289,2,0,76 77 57,0,15,,213312,2,0,76 77 57,0,15,,213351,2,0,76 77 57,0,55,,213281,2,0,76 77 57,0,14,,213287,2,0,76 77 57,0,15,,213313,2,0,76 77 57,0,15,,213291,2,0,76 77 57,0,55,,213279,2,0,76 77 57,0,12,,213286,2,0,76 77 57,0,11,,213280,9,0,76 77 57,0,11,,213285,2,0,76 77 89,0,13,,213284,2,0,76 77 57,0,53,,213359,2,0,76 77 57,0,12,,213283,2,0,76 77 57,0,13,,213277,2,0,76 77 89,0,15,,213276,2,0,76 77 57,0,55,,213290,2,0,76 77 57,0,15,,213301,2,0,76 77 57,0,15,,213300,2,0,76 77 57,0,14,,213299,2,0,76 77 57,0,55,,213298,2,0,76 77 57,0,15,,213310,2,0,76 77 57,0,16,,213309,2,0,76 77 57,0,15,,213308,2,0,76 77 57,0,55,,213307,2,0,76 77 57,0,14,,213306,2,0,76 77 57,0,15,,213305,2,0,76 77 57,0,15,,213304,2,0,76 77 57,0,52,,213303,2,0,76 77 57,0,11,,213352,2,0,76 77 57,0,12,,213302,2,0,76 77 57,0,12,,213294,2,0,76 77 57,0,13,,213293,2,0,76 77 57,0,53,,213346,2,0,76 77 57,0,12,,213292,2,0,76 77 57,0,12,,213314,2,0,76 77 57,0,11,,213315,2,0,76 77 57,0,12,,213316,2,0,76 77 57,0,52,,213347,2,0,76 77 57,0,12,,213317,2,0,76 77 57,0,12,,213318,2,0,76 77 57,0,12,,213319,2,0,76 77 57,0,10,,213320,2,0,76 77 57,0,10,,213348,2,0,76 77 57,0,50,,213321,2,0,76 77 57,0,10,,213322,2,0,76 77 57,0,10,,213360,2,0,76 77 57,0,10,,213323,2,0,76 77 57,0,10,,213324,2,0,76 77 57,0,10,,213349,2,0,76 77 57,0,50,,213361,2,0,76 77 57,0,10,,213325,2,0,76 77 57,0,10,,213326,2,0,76 77 57,0,10,,213327,2,0,76 77 57,0,12,,213328,2,0,76 77 57,0,52,,213353,2,0,76 77 57,0,12,,213329,2,0,76 77 57,0,12,,213330,2,0,76 77 57,0,13,,213331,2,0,76 77 57,0,12,,213332,2,0,76 77 57,0,52,,213354,2,0,76 77 57,0,12,,213333,2,0,76 77 57,0,12,,213334,2,0,76 77 57,0,12,,213335,2,0,76 77 57,0,12,,213355,2,0,76 77 57,0,51,,213336,2,0,76 77 89,0,12,,213337,2,0,76 77 57,0,11,,213338,2,0,76 77 57,0,10,,213339,2,0,76 77 57,0,10,,213362,2,0,76 77 57,0,10,,213340,2,0,76 77 89,0,51,,213341,2,0,76 77 57,0,11,,213342,2,0,76 77 57,0,11,,213357,2,0,76 77 57,0,13,,213343,2,0,76 77 57,0,15,,213344,2,0,76 77 57,0,55,,213345,2,0,76 77 57,0,15,,213297,2,0,76 77 89,0,17,,213282,2,0,76 77 57,0,15,,213296,2,0,76 77 57,0,55,,213350,2,0,76 77 89,0,16,,213295,2,0,76 77 57,0,17,,213356,2,0,76 77 57,0,56,,213275,2,0,76 77 57,0,21,,213358,2,0,76 77 89,0,25,,213274,2,0,76 77 57,0,64,,213273,2,0,76 77 57,0,41,,213278,2,0,76 77 57,0,75,,213288,2,0,78 12,0
670900,'1_merged_15727750',559,,214537,2,,,0,55,,214522,2,,,0,15,,214545,2,,,0,15,,214543,2,,,0,14,,214538,2,,,0,61,,214531,2,,,0,18,,214539,2,,,0,70,,214544,2,,,0,30,,214540,2,,,0,101,,214541,2,,,0,100,,214542,2,,,0,100,,214523,2,,,0,101,,214524,2,,,0,100,,214530,2,,,0,100,,214533,2,,,0,64,,214536,2,,,0,28,,214528,2,,,0,70,,214527,2,,,0,30,,214534,2,,,0,70,,214546,2,,,0,30,,214529,2,,,0,70,,214535,2,,,0,30,,214532,2,,,0,101,,214525,2,,,0,108,,214526,2,,,0
670900,'2_merged_15727752',801,,214551,2,,,0,58,,214548,2,,,0,100,,214555,2,,,0,100,,214556,2,,,0,100,,214559,2,,,0,100,,214557,2,,,0,100,,214550,2,,,0,100,,214549,2,,,0,100,,214554,2,,,0,100,,214553,2,,,0,100,,214552,2,,,0,100,,214547,2,,,0,143,,214558,2,,,0
670900,'3_merged_15727751',1031,,214570,2,,,0,100,,214569,2,,,0,100,,214565,2,,,0,100,,214563,2,,,0,100,,214566,2,,,0,100,,214564,2,,,0,100,,214568,2,,,0,100,,214567,2,,,0,100,,214562,2,,,0,101,,214561,2,,,0,101,,214560,2,,,0
673800,'101_merged_15727747',1657,,218914,2,,,0
673800,'1_merged_15727750',518,,218995,2,,,0,12,,218997,2,,,0,11,,218994,2,,,0,11,,218996,2,,,0,51,,218968,2,,,0,11,,218923,2,,,0,12,,218967,2,,,0,12,,218958,2,,,0,12,,218939,2,,,0,52,,218999,2,,,0,12,,218964,2,,,0,12,,218922,2,,,0,12,,218931,2,,,0,12,,218924,2,,,0,54,,218917,2,,,0,15,,218963,2,,,0,15,,218985,2,,,0,15,,218984,2,,,0,55,,218986,2,,,0,15,,218962,2,,,0,15,,218942,2,,,0,15,,218972,2,,,0,55,,218966,2,,,0,15,,218971,2,,,0,15,,218946,2,,,0,15,,218970,2,,,0,55,,218941,2,,,0,15,,218969,2,,,0,15,,218989,2,,,0,15,,218976,2,,,0,55,,218950,2,,,0,15,,218930,2,,,0,15,,218949,2,,,0,15,,218929,2,,,0,55,,218947,2,,,0,15,,218928,2,,,0,16,,218927,2,,,0,15,,218948,2,,,0,55,,218961,2,,,0,15,,218956,2,,,0,15,,218921,2,,,0,15,,218952,2,,,0,55,,218959,2,,,0,16,,218936,2,,,0,12,,218940,2,,,0,12,,218944,2,,,0,12,,218934,2,,,0,52,,218960,2,,,0,12,,218935,2,,,0,12,,219000,2,,,0,12,,218951,2,,,0,64,,218957,2,,,0,12,,218955,2,,,0,12,,218965,2,,,0,12,,218975,2,,,0,12,,219001,2,,,0,51,,218937,2,,,0,12,,218945,2,,,0,12,,218998,2,,,0,10,,218983,2,,,0,10,,218926,2,,,0,50,,218954,2,,,0,10,,218915,2,,,0,10,,218978,2,,,0,10,,218953,2,,,0,15,,218982,2,,,0,55,,218943,2,,,0,15,,218980,2,,,0,15,,218987,2,,,0,15,,218977,2,,,0,55,,218938,2,,,0,15,,218933,2,,,0,15,,218932,2,,,0,15,,218916,2,,,0,55,,218988,2,,,0,18,,218993,2,,,0,20,,218974,2,,,0,60,,218981,2,,,0,20,,218920,2,,,0,20,,218973,2,,,0,60,,218979,2,,,0,20,,218919,2,,,0,20,,218990,2,,,0,60,,218991,2,,,0,26,,218918,2,,,0,23,,218992,2,,,0,66,,218925,2,,,0
673800,'201_merged_15727755',1657,,219002,2,,,0
673800,'2_merged_15727752',559,,219020,2,,,0,55,,219021,2,,,0,15,,219022,2,,,0,15,,219023,2,,,0,15,,219024,2,,,0,55,,219025,2,,,0,15,,219042,2,,,0,15,,219026,2,,,0,15,,219041,2,,,0,55,,219027,2,,,0,15,,219028,2,,,0,16,,219065,2,,,0,14,,219030,2,,,0,55,,219076,2,,,0,15,,219031,2,,,0,15,,219066,2,,,0,15,,219032,2,,,0,55,,219075,2,,,0,15,,219033,2,,,0,15,,219011,2,,,0,15,,219034,2,,,0,55,,219074,2,,,0,15,,219035,2,,,0,15,,219012,2,,,0,15,,219045,2,,,0,55,,219073,2,,,0,15,,219046,2,,,0,15,,219053,2,,,0,15,,219047,2,,,0,55,,219072,2,,,0,15,,219048,2,,,0,15,,219014,2,,,0,15,,219049,2,,,0,55,,219071,2,,,0,15,,219050,2,,,0,15,,219067,2,,,0,15,,219051,2,,,0,55,,219070,2,,,0,15,,219052,2,,,0,15,,219043,2,,,0,15,,219054,2,,,0,55,,219069,2,,,0,15,,219055,2,,,0,15,,219044,2,,,0,15,,219056,2,,,0,55,,219039,2,,,0,15,,219057,2,,,0,15,,219038,2,,,0,15,,219058,2,,,0,55,,219068,2,,,0,13,,219059,2,,,0,12,,219081,2,,,0,12,,219013,2,,,0,52,,219063,2,,,0,12,,219064,2,,,0,12,,219060,2,,,0,12,,219082,2,,,0,12,,219040,2,,,0,52,,219061,2,,,0,12,,219018,2,,,0,12,,219062,2,,,0,14,,219037,2,,,0,15,,219009,2,,,0,55,,219016,2,,,0,15,,219006,2,,,0,15,,219015,2,,,0,15,,219008,2,,,0,55,,219019,2,,,0,15,,219005,2,,,0,15,,219017,2,,,0,15,,219007,2,,,0,55,,219029,2,,,0,15,,219004,2,,,0,20,,219010,2,,,0,60,,219003,2,,,0,20,,219036,2,,,0,30,,219080,2,,,0,70,,219079,2,,,0,32,,219078,2,,,0,73,,219077,2,,,0
673800,'3_merged_15727751',553,,219090,2,,,0,54,,219091,2,,,0,14,,219092,2,,,0,15,,219093,2,,,0,15,,219094,2,,,0,55,,219095,2,,,0,15,,219096,2,,,0,16,,219097,2,,,0,16,,219124,2,,,0,56,,219098,2,,,0,16,,219141,2,,,0,16,,219099,2,,,0,16,,219086,2,,,0,56,,219100,2,,,0,15,,219142,2,,,0,15,,219101,2,,,0,15,,219083,2,,,0,55,,219102,2,,,0,15,,219144,2,,,0,15,,219122,2,,,0,15,,219088,2,,,0,55,,219103,2,,,0,15,,219087,2,,,0,15,,219104,2,,,0,15,,219143,2,,,0,55,,219105,2,,,0,15,,219085,2,,,0,14,,219106,2,,,0,15,,219138,2,,,0,55,,219107,2,,,0,15,,219126,2,,,0,15,,219116,2,,,0,15,,219125,2,,,0,55,,219117,2,,,0,15,,219127,2,,,0,13,,219118,2,,,0,15,,219123,2,,,0,58,,219084,2,,,0,15,,219128,2,,,0,15,,219135,2,,,0,14,,219139,2,,,0,55,,219119,2,,,0,16,,219089,2,,,0,15,,219120,2,,,0,15,,219140,2,,,0,55,,219145,2,,,0,15,,219146,2,,,0,15,,219147,2,,,0,15,,219148,2,,,0,55,,219149,2,,,0,15,,219150,2,,,0,15,,219151,2,,,0,15,,219152,2,,,0,55,,219153,2,,,0,15,,219154,2,,,0,15,,219155,2,,,0,15,,219129,2,,,0,55,,219121,2,,,0,15,,219131,2,,,0,16,,219137,2,,,0,14,,219130,2,,,0,53,,219115,2,,,0,14,,219132,2,,,0,16,,219114,2,,,0,14,,219134,2,,,0,56,,219113,2,,,0,14,,219133,2,,,0,16,,219112,2,,,0,15,,219136,2,,,0,55,,219111,2,,,0,15,,219110,2,,,0,15,,219109,2,,,0,60,,219108,2,,,0
