666601,'1',512,,205735,10,,,0,34,,205732,10,,,0,70,,205731,10,,,0,33,,205736,10,,,0,62,,205730,10,,,0,22,,205703,10,,,0,71,,205729,10,,,0,30,,205728,10,,,0,25,,205709,10,,,0,72,,205727,10,,,0,70,,205726,10,,,0,31,,205725,10,,,0,70,,205724,10,,,0,30,,205715,10,,,0,68,,205714,10,,,0,31,,205713,10,,,0,72,,205723,10,,,0,30,,205712,10,,,0,71,,205722,10,,,0,30,,205721,10,,,0,16,,205720,10,,,0,59,,205719,10,,,0,21,,205734,10,,,0,23,,205741,10,,,0,61,,205711,10,,,0,25,,205718,12,,,0,14,,205742,12,,,0,54,,205717,12,,,0,15,,205737,12,,,0,15,,205733,12,,,0,16,,205701,12,,,0,62,,205702,12,,,0,16,,205716,12,,,0,73,,205710,12,,,0,22,,205738,10,,,0,30,,205743,10,,,0,72,,205739,10,,,0,29,,205740,10,,,0,68,,205744,10,,,0,75,,205704,10,,,0,33,,205705,10,,,0,86,,205706,10,,,0,85,,205707,10,,,0,45,,205708,10,,,0
666601,'101',1520,,205700,3,,,0
666601,'2',700,,205777,10,,,0,30,,205745,10,,,0,70,,205746,10,,,0,30,,205747,10,,,0,70,,205748,10,,,0,30,,205749,10,,,0,70,,205750,10,,,0,32,,205751,10,,,0,70,,205752,10,,,0,30,,205753,10,,,0,70,,205754,10,,,0,32,,205755,10,,,0,69,,205756,10,,,0,30,,205757,10,,,0,70,,205758,10,,,0,30,,205759,10,,,0,70,,205760,10,,,0,30,,205761,10,,,0,70,,205762,10,,,0,29,,205763,10,,,0,70,,205764,10,,,0,30,,205765,10,,,0,70,,205766,10,,,0,29,,205767,10,,,0,70,,205768,10,,,0,31,,205769,10,,,0,68,,205770,10,,,0,30,,205771,10,,,0,71,,205778,10,,,0,29,,205772,10,,,0,100,,205773,10,,,0,100,,205774,10,,,0,100,,205775,10,,,0,95,,205776,10,,,0
666601,'3',702,,205780,10,,,0,108,,205781,10,,,0,100,,205782,10,,,0,31,,205804,10,,,0,69,,205783,10,,,0,31,,205805,10,,,0,70,,205784,10,,,0,30,,205797,10,,,0,71,,205796,10,,,0,30,,205798,10,,,0,70,,205785,10,,,0,30,,205799,10,,,0,70,,205786,10,,,0,30,,205800,10,,,0,70,,205787,10,,,0,30,,205801,10,,,0,70,,205788,10,,,0,30,,205802,10,,,0,70,,205789,10,,,0,29,,205803,10,,,0,71,,205790,10,,,0,29,,205806,10,,,0,71,,205791,10,,,0,29,,205807,10,,,0,70,,205792,10,,,0,31,,205808,10,,,0,69,,205793,10,,,0,99,,205779,10,,,0,100,,205794,10,,,0,94,,205795,10,,,0
2263801,'1',433,,229303,9,,,0,70,,229304,9,,,0,22,,229305,9,,,0,14,,229306,9,,,0,14,,229307,9,,,0,54,,229308,9,,,0,11,,229309,9,,,0,14,,229310,9,,,0,15,,229311,9,,,0,55,,229312,9,,,0,8,,229313,9,,,0,19,,229314,9,,,0,13,,229315,9,,,0,16,,229316,9,,,0,52,,229317,9,,,0,24,,229318,9,,,0,71,,229319,9,,,0,31,,229320,9,,,0,68,,229321,9,,,0,30,,229322,9,,,0,70,,229323,9,,,0,30,,229324,9,,,0,70,,229325,9,,,0,30,,229326,9,,,0,70,,229327,9,,,0,28,,229328,9,,,0,71,,229329,9,,,0,20,,229341,9,,,0,21,,229330,9,,,0,60,,229331,9,,,0,22,,229332,9,,,0,79,,229333,9,,,0,15,,229334,9,,,0,17,,229335,9,,,0,13,,229336,9,,,0,56,,229337,9,,,0,13,,229338,9,,,0,15,,229285,9,,,0,18,,229294,9,,,0,61,,229292,9,,,0,22,,229293,9,,,0,69,,229340,9,,,0,20,,229287,9,,,0,16,,229339,9,,,0,67,,229302,9,,,0,22,,229286,9,,,0,28,,229295,9,,,0,73,,229296,9,,,0,28,,229297,9,,,0,70,,229288,9,,,0,30,,229300,9,,,0,61,,229301,9,,,0,29,,229289,9,,,0,70,,229299,9,,,0,29,,229290,9,,,0,70,,229298,9,,,0,30,,229291,9,,,0
2263801,'101',1441,,229284,9,,,0,90,,229283,9,,,0,22,,229282,9,,,0
2263801,'2',538,,229343,9,,,0,70,,229344,9,,,0,30,,229345,9,,,0,70,,229346,9,,,0,30,,229347,9,,,0,71,,229348,9,,,0,30,,229349,9,,,0,70,,229350,9,,,0,30,,229351,9,,,0,70,,229352,9,,,0,30,,229353,9,,,0,70,,229354,9,,,0,30,,229355,9,,,0,71,,229356,9,,,0,30,,229357,9,,,0,70,,229358,9,,,0,30,,229359,9,,,0,70,,229360,9,,,0,30,,229361,9,,,0,70,,229362,9,,,0,29,,229363,9,,,0,70,,229364,9,,,0,30,,229365,9,,,0,70,,229366,9,,,0,30,,229367,9,,,0,70,,229368,9,,,0,30,,229369,9,,,0,70,,229370,9,,,0,30,,229371,9,,,0,65,,229372,9,,,0,30,,229373,9,,,0,69,,229374,9,,,0,30,,229375,9,,,0,70,,229376,9,,,0,30,,229377,9,,,0,70,,229378,9,,,0,30,,229379,9,,,0,69,,229380,9,,,0,30,,229381,9,,,0,78,,229382,9,,,0
2263801,'201',1553,,229342,9,,,0
2263801,'3',648,,229388,9,,,0,70,,229389,9,,,0,30,,229387,9,,,0,70,,229393,9,,,0,30,,229394,9,,,0,70,,229395,9,,,0,31,,229399,9,,,0,70,,229400,9,,,0,30,,229401,9,,,0,70,,229402,9,,,0,30,,229383,9,,,0,70,,229384,9,,,0,30,,229385,9,,,0,70,,229403,9,,,0,30,,229404,9,,,0,70,,229405,9,,,0,30,,229406,9,,,0,70,,229407,9,,,0,30,,229408,9,,,0,70,,229409,9,,,0,30,,229410,9,,,0,70,,229411,9,,,0,30,,229390,9,,,0,69,,229413,9,,,0,30,,229414,9,,,0,70,,229415,9,,,0,30,,229416,9,,,0,70,,229417,9,,,0,30,,229418,9,,,0,70,,229419,9,,,0,35,,229386,9,,,0,70,,229391,9,,,0,30,,229392,9,,,0,69,,229396,9,,,0,30,,229397,9,,,0,70,,229398,9,,,0,30,,229412,9,,,0
3003601,'1',541,,230558,9,0,131 89,0,15,,230559,9,0,131 89,0,55,,230560,9,0,131 89,0,15,,230561,9,0,131 89,0,15,,230562,9,0,131 89,0,15,,230563,9,0,131 89,0,53,,230564,9,0,131 89,0,15,,230565,9,0,131 89,0,15,,230566,9,0,131 89,0,16,,230567,9,0,131 89,0,55,,230568,9,0,131 89,0,17,,230569,9,0,131 89,0,18,,230570,9,0,131 89,0,13,,230571,9,0,131 89,0,58,,230572,9,0,131 89,0,13,,230573,9,0,131 89,0,28,,230574,9,0,131 89,0,68,,230575,9,0,131 89,0,30,,230576,9,0,131 89,0,70,,230577,9,0,131 89,0,30,,230578,9,0,131 89,0,69,,230579,9,0,131 89,0,30,,230580,9,0,131 89,0,70,,230552,9,0,131 89,0,31,,230553,9,0,131 89,0,75,,230554,9,0,131 89,0,26,,230543,9,0,131 89,0,55,,230539,9,0,131 89,0,20,,230538,9,0,131 89,0,15,,230540,9,0,131 89,0,55,,230541,9,0,131 89,0,16,,230542,9,0,131 89,0,17,,230544,9,0,131 89,0,14,,230545,9,0,131 89,0,57,,230546,9,0,131 89,0,13,,230547,9,0,131 89,0,17,,230548,9,0,131 89,0,9,,230549,8,0,131 89,0,3,,230550,9,0,131 89,0,67,,230551,8,0,131 89,0,1,,230581,9,0,131 89,0,10,,230528,9,0,131 89,0,16,,230529,9,0,131 89,0,63,,230530,9,0,131 89,0,28,,230531,9,0,131 89,0,27,,230532,9,0,131 89,0,67,,230533,9,0,131 89,0,30,,230534,9,0,131 89,0,70,,230535,9,0,131 89,0,30,,230536,9,0,131 89,0,70,,230537,9,0,131 89,0,30,,230555,9,0,131 89,0,69,,230556,9,0,131 89,0,30,,230557,9,0,131 89,0
3003601,'101',1519,,230527,3,0,131 89,0
3003601,'2',624,,230589,9,0,131 89,0,30,,230590,9,0,131 89,0,70,,230591,9,0,131 89,0,30,,230592,9,0,131 89,0,70,,230582,9,0,131 89,0,30,,230588,9,0,131 89,0,70,,230593,9,0,131 89,0,30,,230594,9,0,131 89,0,70,,230595,9,0,131 89,0,30,,230596,9,0,131 89,0,70,,230597,9,0,131 89,0,30,,230598,9,0,131 89,0,70,,230599,9,0,131 89,0,30,,230600,9,0,131 89,0,70,,230601,9,0,131 89,0,30,,230602,9,0,131 89,0,70,,230603,9,0,131 89,0,31,,230604,9,0,131 89,0,70,,230605,9,0,131 89,0,30,,230606,9,0,131 89,0,69,,230607,9,0,131 89,0,30,,230608,9,0,131 89,0,71,,230609,9,0,131 89,0,30,,230610,9,0,131 89,0,70,,230611,9,0,131 89,0,30,,230612,9,0,131 89,0,70,,230613,9,0,131 89,0,30,,230614,9,0,131 89,0,70,,230615,9,0,131 89,0,30,,230616,9,0,131 89,0,70,,230617,9,0,131 89,0,30,,230584,9,0,131 89,0,70,,230585,9,0,131 89,0,30,,230586,9,0,131 89,0,69,,230583,9,0,131 89,0,30,,230587,9,0,131 89,0
3003601,'3',724,,230627,9,0,131 89,0,30,,230628,9,0,131 89,0,70,,230629,9,0,131 89,0,30,,230630,9,0,131 89,0,70,,230631,9,0,131 89,0,31,,230632,9,0,131 89,0,70,,230633,9,0,131 89,0,30,,230634,9,0,131 89,0,70,,230635,9,0,131 89,0,30,,230636,9,0,131 89,0,70,,230637,9,0,131 89,0,30,,230638,9,0,131 89,0,70,,230639,9,0,131 89,0,30,,230640,9,0,131 89,0,70,,230641,9,0,131 89,0,30,,230642,9,0,131 89,0,70,,230643,9,0,131 89,0,30,,230644,9,0,131 89,0,69,,230645,9,0,131 89,0,31,,230646,9,0,131 89,0,70,,230647,9,0,131 89,0,30,,230648,9,0,131 89,0,70,,230649,9,0,131 89,0,30,,230650,9,0,131 89,0,70,,230651,9,0,131 89,0,30,,230618,9,0,131 89,0,70,,230621,9,0,131 89,0,29,,230622,9,0,131 89,0,70,,230619,9,0,131 89,0,30,,230620,9,0,131 89,0,70,,230623,9,0,131 89,0,30,,230624,9,0,131 89,0,70,,230625,9,0,131 89,0,30,,230626,9,0,131 89,0
