667201,'1',542,,206576,24,,,0,72,,206577,24,,,0,19,,206578,24,,,0,12,,206579,24,,,0,56,,206558,24,,,0,10,,206572,24,,,0,11,,206573,24,,,0,9,,206574,24,,,0,13,,206575,24,,,0,12,,206599,24,,,0,53,,206580,24,,,0,18,,206581,24,,,0,12,,206582,24,,,0,16,,206583,24,,,0,51,,206584,24,,,0,11,,206585,24,,,0,14,,206586,24,,,0,20,,206587,24,,,0,65,,206588,24,,,0,30,,206589,24,,,0,70,,206590,24,,,0,30,,206591,24,,,0,69,,206592,24,,,0,28,,206598,24,,,0,66,,206593,24,,,0,38,,206594,24,,,0,68,,206595,24,,,0,28,,206596,24,,,0,73,,206597,24,,,0,30,,206559,24,,,0,9,,206560,24,,,0,70,,206561,24,,,0,12,,206562,24,,,0,67,,206600,24,,,0,7,,206563,24,,,0,21,,206564,24,,,0,21,,206565,24,,,0,48,,206566,24,,,0,16,,206567,24,,,0,19,,206568,24,,,0,18,,206569,24,,,0,60,,206570,24,4,,0,12,,206571,24,,,0
667201,'101',1533,,206556,14,4,,0,71,,206557,24,,,0
667201,'2',617,,206602,1,,,0,30,,206603,24,,,0,70,,206604,24,,,0,30,,206605,24,,,0,70,,206606,24,,,0,30,,206607,24,,,0,69,,206608,24,,,0,30,,206609,24,,,0,70,,206610,24,,,0,30,,206611,24,,,0,67,,206612,24,,,0,27,,206613,24,,,0,76,,206614,24,,,0,30,,206615,24,,,0,71,,206616,24,,,0,27,,206617,24,,,0,62,,206618,24,,,0,13,,206619,24,,,0,24,,206620,24,,,0,16,,206621,24,,,0,65,,206622,24,,,0,24,,206623,24,,,0,62,,206624,24,,,0,14,,206625,24,,,0,24,,206626,24,,,0,57,,206627,24,,,0,24,,206628,24,,,0,23,,206629,24,,,0,61,,206630,24,,,0,16,,206631,24,,,0,21,,206632,24,,,0,59,,206633,24,,,0,19,,206634,24,,,0
667201,'201',1604,,206601,24,,,0
667201,'3',647,,206635,1,,,0,70,2,206636,24,,,0,30,2,206637,24,,,0,70,2,206638,24,,,0,30,2,206639,24,,,0,70,2,206640,24,,,0,30,2,206641,24,,,0,70,2,206642,24,,,0,29,2,206643,24,,,0,71,2,206644,24,,,0,28,2,206645,24,,,0,71,2,206646,24,,,0,30,2,206647,24,,,0,70,2,206648,24,,,0,30,2,206649,24,,,0,71,2,206650,24,,,0,29,2,206651,24,,,0,71,2,206652,24,,,0,30,2,206653,24,,,0,70,2,206654,24,,,0,29,2,206655,24,,,0,71,2,206660,24,,,0,30,2,206656,24,,,0,70,2,206657,24,,,0,30,2,206658,24,,,0,70,2,206659,24,,,0
667301,'1',648,,206812,29,,,0,10,,206813,29,,,0,49,,206814,29,,,0,14,,206815,29,,,0,12,,206816,29,,,0,20,,206817,29,,,0,59,,206818,29,,,0,20,,206779,29,,,0,27,,206821,29,,,0,76,,206823,29,,,0,10,,206781,29,,,0,67,,206800,29,,,0,23,,206801,29,,,0,67,,206802,29,,,0,30,,206803,29,,,0,72,,206804,29,,,0,30,,206805,29,,,0,66,41,206806,29,,,0,32,,206807,29,,,0,71,,206808,29,,,0,29,,206809,29,,,0,26,,206824,29,,,0,80,,206791,29,,,0,65,,206792,29,,,0,26,,206793,29,,,0,72,,206794,29,,,0,37,,206795,29,,,0,7,,206796,29,,,0,68,,206797,29,,,0
667301,'2',927,,206829,29,,,0,32,,206830,29,,,0,74,,206831,29,,,0,22,,206832,29,,,0,69,,206833,29,,,0,30,,206834,29,,,0,80,,206835,29,,,0,24,,206836,29,,,0,69,,206837,29,,,0,73,41,206838,29,,,0,31,,206839,29,,,0,72,,206840,29,,,0,32,,206841,29,,,0,73,,206842,29,,,0,32,,206843,29,,,0,73,,206844,29,,,0,28,,206845,29,,,0
667301,'3',931,2,206861,29,,,0,75,2,206862,29,,,0,30,2,206863,29,,,0,71,,206864,29,,,0,24,,206865,29,,,0,75,2,206866,29,,,0,27,2,206867,29,,,0,71,2,206868,29,,,0,31,2,206869,29,,,0,72,2,206870,29,,,0,29,2,206871,29,,,0,71,2,206872,29,,,0,32,2,206873,29,,,0,71,2,206874,29,,,0,30,2,206875,29,,,0,69,2,206876,29,,,0
667501,'1',708,,207196,14,,,0,25,2,207191,14,,,0,69,2,207208,14,,,0,24,2,207209,14,,,0,28,2,207193,14,,,0
1671701,'1',1952,,227462,24,,,0,69,,227463,24,,,0,26,,227464,24,,,0,70,,227465,24,,,0,30,,227466,24,,,0,70,,227467,24,,,0,30,,227468,24,,,0,66,,227469,24,,,0,34,,227470,24,,,0,70,,227471,24,,,0,29,,227472,24,4,,0,11,,227473,24,4,,0,78,,227474,1,,,0,20,,227475,24,4,,0
1671701,'2',1950,,227476,24,,,0,63,,227477,24,,,0,29,,227478,24,,,0,70,,227489,24,,,0,31,,227479,24,,,0,70,,227480,24,,,0,30,,227481,24,,,0,70,,227488,24,,,0,30,,227482,24,,,0,69,,227483,24,,,0,20,,227484,24,4,,0,27,,227487,24,4,,0,83,,227485,1,,,0,16,,227486,24,4,,0
1671701,'3',1947,2,227490,24,,,0,70,2,227491,24,,,0,30,2,227492,24,,,0,70,2,227503,24,,,0,30,2,227493,24,,,0,69,2,227494,24,,,0,28,2,227495,24,,,0,70,2,227502,24,,,0,30,2,227496,24,,,0,69,2,227497,24,,,0,28,,227498,24,4,,0,60,,227500,24,4,,0,26,,227501,1,,,0,27,,227499,24,,,0
