3003901,'1',526,,231213,21,,,0,24,,231202,21,,,0,7,,231214,21,,,0,63,,231212,21,,,0,10,,231215,21,,,0,20,,231211,21,,,0,50,,231216,21,,,0,19,,231210,21,,,0,11,,231217,21,,,0,20,,231209,21,,,0,50,,231218,21,,,0,23,,231203,21,,,0,17,,231219,21,,,0,68,,231220,21,,,0,30,,231221,21,,,0,66,,231222,21,,,0,31,,231223,21,,,0,72,,231224,21,,,0,27,,231225,21,,,0,76,,231226,21,,,0,25,,231181,21,,,0,70,,231182,21,,,0,30,,231183,21,,,0,78,,231184,21,,,0,33,,231185,21,,,0,67,,231186,21,,,0,29,,231187,21,,,0,71,,231188,21,,,0,30,,231189,21,,,0,73,,231190,21,,,0,9,,231208,21,,,0,17,,231191,21,,,0,15,,231207,21,,,0,53,,231192,21,,,0,11,,231206,21,,,0,29,,231193,21,,,0,51,,231205,21,,,0,10,,231194,21,,,0,26,,231195,21,,,0,8,,231204,21,,,0,59,,231196,21,,,0,34,,231197,21,,,0,97,,231198,21,,,0,100,,231199,21,,,0,98,,231200,21,,,0,98,,231201,21,,,0
3003901,'101',1540,,231180,21,,,0
3003901,'2',632,,231241,21,,,0,70,,231230,21,,,0,30,,231242,21,,,0,70,,231227,21,,,0,31,,231243,21,,,0,70,,231228,21,,,0,33,,231244,21,,,0,69,,231231,21,,,0,32,,231245,21,,,0,70,,231232,21,,,0,30,,231246,21,,,0,70,,231233,21,,,0,30,,231247,21,,,0,70,,231234,21,,,0,30,,231248,21,,,0,70,,231235,21,,,0,30,,231249,21,,,0,70,,231236,21,,,0,30,,231250,21,,,0,70,,231237,21,,,0,30,,231251,21,,,0,70,,231238,21,,,0,30,,231252,21,,,0,68,,231239,21,,,0,30,,231255,21,,,0,69,,231240,21,,,0,30,,231253,21,,,0,99,,231254,21,,,0,100,,231256,21,,,0,100,,231257,21,,,0,100,,231258,21,,,0,100,,231229,21,,,0
3003901,'3',631,,231260,21,,,0,100,,231261,21,,,0,101,,231262,21,,,0,101,,231263,21,,,0,101,,231264,21,,,0,101,,231265,21,,,0,70,,231278,21,,,0,30,,231266,21,,,0,70,,231279,21,,,0,30,,231267,21,,,0,70,,231280,21,,,0,30,,231268,21,,,0,70,,231281,21,,,0,30,,231269,21,,,0,70,,231282,21,,,0,33,,231270,21,,,0,67,,231283,21,,,0,30,,231271,21,,,0,69,,231284,21,,,0,30,,231272,21,,,0,101,,231273,21,,,0,97,,231274,21,,,0,100,,231275,21,,,0,99,,231276,21,,,0,100,,231277,21,,,0,100,,231259,21,,,0
3004001,'1',531,,231403,27,,,0,21,,231418,27,,,0,49,,231404,27,,,0,20,,231417,27,,,0,10,,231405,27,,,0,18,,231416,27,,,0,9,,231406,27,,,0,57,,231415,27,,,0,15,,231420,27,,,0,71,,231421,27,,,0,20,,231407,27,,,0,20,,231422,27,,,0,81,,231423,27,,,0,30,,231424,27,,,0,70,,231425,27,,,0,31,,231426,27,,,0,65,,231427,27,,,0,34,,231428,27,,,0,70,,231429,27,,,0,30,,231430,27,,,0,74,,231413,27,,,0,25,,231414,27,,,0,74,,231431,27,,,0,32,,231432,27,,,0,71,,231419,27,,,0,27,,231433,27,,,0,71,,231434,27,,,0,30,,231435,27,,,0,60,,231391,27,,,0,7,,231412,27,,,0,21,,231392,27,,,0,8,,231411,27,,,0,63,,231393,27,,,0,7,,231410,27,,,0,30,,231394,27,,,0,48,,231409,27,,,0,12,,231395,27,,,0,24,,231396,27,,,0,10,,231408,27,,,0,56,,231397,27,,,0,55,,231398,27,,,0,144,,231399,27,,,0,103,,231400,27,,,0,96,,231401,27,,,0,100,,231402,27,,,0
3004001,'101',757,,231390,27,,,0
3004001,'2',718,,231444,27,,,0,30,,231462,27,,,0,71,,231445,27,,,0,30,,231463,27,,,0,69,,231446,27,,,0,31,,231466,27,,,0,71,,231447,27,,,0,30,,231437,27,,,0,72,,231448,27,,,0,28,,231438,27,,,0,72,,231449,27,,,0,30,,231439,27,,,0,70,,231450,27,,,0,30,,231440,27,,,0,70,,231451,27,,,0,30,,231464,27,,,0,70,,231452,27,,,0,30,,231465,27,,,0,70,,231453,27,,,0,30,,231441,27,,,0,69,,231454,27,,,0,30,,231442,27,,,0,70,,231455,27,,,0,30,,231443,27,,,0,70,,231456,27,,,0,86,,231457,27,,,0,95,,231458,27,,,0,100,,231459,27,,,0,101,,231460,27,,,0,102,,231461,27,,,0
3004001,'201',757,,231436,27,,,0
3004001,'3',720,,231468,27,,,0,100,,231469,27,,,0,100,,231470,27,,,0,100,,231471,27,,,0,32,,231485,27,,,0,70,,231472,27,,,0,30,,231486,27,,,0,70,,231473,27,,,0,30,,231487,27,,,0,70,,231474,27,,,0,30,,231488,27,,,0,69,,231475,27,,,0,30,,231489,27,,,0,69,,231476,27,,,0,30,,231490,27,,,0,71,,231477,27,,,0,30,,231491,27,,,0,70,,231478,27,,,0,30,,231492,27,,,0,70,,231479,27,,,0,30,,231493,27,,,0,60,,231481,27,,,0,99,,231467,27,,,0,99,,231480,27,,,0,98,,231482,27,,,0,100,,231483,27,,,0,100,,231484,27,,,0
3004101,'1',624,,231520,8,,,0,16,,231532,8,,,0,15,,231521,8,,,0,55,,231533,8,,,0,15,,231531,8,,,0,15,,231534,8,,,0,15,,231522,8,,,0,55,,231535,8,,,0,15,,231523,8,,,0,14,,231536,8,,,0,15,,231524,8,,,0,670,,231525,8,,,0,13,,231537,8,,,0,16,,231526,8,,,0,55,,231538,8,,,0,23,5,231527,8,,,0,11,5,231539,8,,,0,8,,231542,8,,,0,9,5,231528,8,,,0,53,5,231540,8,,,0,16,5,231529,8,,,0,80,5,231530,8,,,0,50,5,231541,8,,,0
