667700,'101_merged_15727747',1611,,207553,14,,,0
667700,'1101_merged_15727765',2518,,207554,14,,,0
667700,'1201_merged_15727743',2518,,207555,14,,,0
667700,'1_merged_15727750',616,,207556,14,,,0,29,,207557,14,,,0,72,,207558,14,,,0,29,,207559,14,,,0,72,,207560,14,,,0,28,,207561,14,,,0,80,,207562,14,,,0,24,,207563,14,,,0,87,,207564,14,,,0,74,,207565,14,,,0,26,,207566,14,,,0,71,,207567,14,,,0,30,,207568,14,,,0,71,,207569,14,,,0,31,,207570,14,,,0,69,,207571,14,,,0,13,,207572,14,,,0,31,,207573,14,,,0,66,,207574,14,,,0,20,,207575,14,,,0,14,,207576,14,,,0,69,,207577,14,,,0,19,,207578,14,,,0,12,,207579,14,,,0,59,,207580,14,,,0,13,,207581,14,,,0,19,,207582,14,,,0,60,,207583,14,,,0,12,,207584,14,,,0,16,,207585,14,,,0,12,,207586,14,,,0,56,,207587,14,,,0,10,,207588,14,,,0,11,,207602,14,,,0,15,,207597,14,,,0,17,,207598,14,,,0,56,,207599,14,,,0,15,,207600,14,,,0,15,,207601,14,,,0,12,,207589,14,,,0,68,,207590,14,,,0,29,,207591,14,,,0,68,,207592,14,,,0,30,,207593,14,,,0,70,,207594,14,,,0,30,,207595,14,,,0,69,,207596,14,,,0
667700,'201_merged_15727755',1611,,207603,14,,,0
667700,'2_merged_15727752',650,,207641,14,,,0,66,,207623,14,,,0,31,,207648,14,,,0,70,,207624,14,,,0,30,,207647,14,,,0,71,,207625,14,,,0,31,,207646,14,,,0,70,,207626,14,,,0,31,,207645,14,,,0,70,,207630,14,,,0,29,,207643,14,,,0,71,,207604,14,,,0,31,,207605,14,,,0,70,,207606,14,,,0,33,,207607,14,,,0,56,,207608,14,,,0,20,,207609,14,,,0,22,,207610,14,,,0,59,,207611,14,,,0,19,,207612,14,,,0,21,,207613,14,,,0,60,,207614,14,,,0,20,,207615,14,,,0,21,,207616,14,,,0,60,,207617,14,,,0,25,,207618,14,,,0,16,,207619,14,,,0,60,,207620,14,,,0,22,,207621,14,,,0,21,,207622,14,,,0,64,,207649,14,,,0,16,,207627,14,,,0,14,,207628,14,,,0,55,,207629,14,,,0,16,,207644,14,,,0,30,,207631,14,,,0,71,,207642,14,,,0,28,,207632,14,,,0,69,,207640,14,,,0,30,,207633,14,,,0,69,,207639,14,,,0,30,,207634,14,,,0,69,,207635,14,,,0,32,,207636,14,,,0,65,,207637,14,,,0,36,,207638,14,,,0
667700,'3_merged_15727751',819,,207650,14,,,0,30,,207651,14,,,0,70,,207652,14,,,0,29,,207653,14,,,0,70,,207654,14,,,0,30,,207655,14,,,0,69,,207656,14,,,0,32,,207657,14,,,0,69,,207658,14,,,0,31,,207659,14,,,0,70,,207660,14,,,0,31,,207661,14,,,0,72,,207662,14,,,0,31,,207687,14,,,0,53,,207663,14,,,0,28,,207664,14,,,0,15,,207665,14,,,0,57,,207686,14,,,0,30,,207666,14,,,0,17,,207667,14,,,0,56,,207685,14,,,0,29,,207668,14,,,0,13,,207669,14,,,0,59,,207684,14,,,0,28,,207670,14,,,0,14,,207671,14,,,0,60,,207683,14,,,0,23,,207672,14,,,0,15,,207681,14,,,0,59,,207682,14,,,0,25,,207673,14,,,0,17,,207674,14,,,0,66,,207675,14,,,0,30,,207680,14,,,0,72,,207676,14,,,0,30,,207679,14,,,0,70,,207677,14,,,0,34,,207678,14,,,0
683700,'1101_merged_15727765',2657,,225096,41,,,0
683700,'1201_merged_15727743',2657,,225097,41,,,0
683700,'1_merged_15727750',2537,,225098,41,,,0,20,,225099,41,,,0,60,,225100,41,,,0,29,,225101,41,,,0,74,,225102,41,,,0,19,,225103,41,,,0,68,,225104,41,,,0
683700,'2_merged_15727752',524,,225113,15,,,0,2019,,225107,41,,,0,63,,225112,41,,,0,14,,225106,41,,,0,19,,225111,41,,,0,20,,225108,41,,,0,70,,225110,41,,,0,12,,225109,41,,,0,74,,225105,41,,,0
683700,'3_merged_15727751',554,,225114,15,,,0,74,,225115,15,,,0,31,,225116,15,,,0,69,,225117,35,,,0,1687,,225120,41,,,0,31,,225121,41,,,0,70,,225122,41,,,0,37,,225123,41,,,0,71,,225124,41,,,0,24,,225125,41,,,0,88,,225126,41,,,0,65,,225127,41,,,0
