671200,'1',512,,214695,6,,,0,21,,214696,6,,,0,21,,214723,6,,,0,50,,214697,6,,,0,10,,214711,6,,,0,9,,214761,6,,,0,11,,214721,6,,,0,10,,214712,6,,,0,6,,214722,6,,,0,52,,214713,6,,,0,19,,214714,6,,,0,8,,214748,6,,,0,8,,214715,6,,,0,9,,214673,6,,,0,7,,214754,6,,,0,48,,214716,6,,,0,11,,214681,6,,,0,11,,214719,6,,,0,11,,214739,6,,,0,12,,214720,6,,,0,12,,214682,6,,,0,52,,214698,6,,,0,13,,214683,6,,,0,13,,214699,6,,,0,14,,214670,6,,,0,55,,214700,6,,,0,15,,214684,6,,,0,15,,214701,6,,,0,15,,214672,6,,,0,55,,214702,6,,,0,15,,214685,6,,,0,15,,214703,6,,,0,15,,214740,6,,,0,55,,214704,6,,,0,15,,214686,6,,,0,15,,214705,6,,,0,15,,214710,6,,,0,55,,214706,6,,,0,15,,214687,6,,,0,15,,214717,6,,,0,14,,214718,6,,,0,54,,214688,6,,,0,11,,214707,6,,,0,10,,214765,6,,,0,10,,214741,6,,,0,10,,214777,6,,,0,10,,214677,6,,,0,51,,214694,6,,,0,22,,214737,6,,,0,11,,214747,6,,,0,14,,214689,6,,,0,7,,214724,6,,,0,48,,214766,6,,,0,7,,214725,6,,,0,7,,214755,6,,,0,7,,214773,6,0,83,0,7,,214674,6,,,0,7,,214726,6,,,0,7,,214690,6,0,83,0,6,,214774,6,,,0,46,,214727,6,,,0,6,,214738,6,0,83,0,6,,214775,6,,,0,7,,214728,6,,,0,7,,214675,6,0,83,0,6,,214729,6,,,0,6,,214691,6,,,0,6,,214743,6,0,83,0,6,,214776,6,,,0,6,,214742,6,,,0,46,,214693,6,0,83,0,5,,214745,6,,,0,6,,214744,6,,,0,8,,214708,6,,,0,6,,214767,6,,,0,7,,214749,6,,,0,8,,214756,6,,,0,8,,214671,6,,,0,49,,214709,6,,,0,10,,214692,6,,,0,10,,214750,6,,,0,10,,214676,6,,,0,10,,214768,6,,,0,10,,214757,6,,,0,50,,214746,6,,,0,9,,214678,6,,,0,9,,214762,6,,,0,10,,214763,6,,,0,11,,214769,6,,,0,10,,214758,6,,,0,10,,214679,6,,,0,50,,214680,6,,,0,10,,214751,6,,,0,10,,214764,6,,,0,10,,214770,6,,,0,10,,214759,6,,,0,51,,214669,6,,,0,11,,214730,6,,,0,12,,214731,6,,,0,12,,214760,6,,,0,12,,214771,6,,,0,12,,214752,6,,,0,52,,214732,6,,,0,15,,214753,6,,,0,15,,214772,6,,,0,15,,214733,6,,,0,55,,214734,6,,,0,32,,214735,6,,,0,73,,214736,6,,,0
671200,'101',655,,214665,6,,,0,56,,214667,6,,,0,806,,214668,6,,,0,28,,214666,6,,,0
671200,'2',619,,214807,6,,,0,25,,214806,6,,,0,60,,214856,6,,,0,15,,214805,6,,,0,15,,214863,6,,,0,15,,214829,6,,,0,55,,214804,6,,,0,15,,214793,6,,,0,15,,214864,6,,,0,15,,214825,6,,,0,55,,214803,6,,,0,15,,214837,6,,,0,15,,214838,6,,,0,15,,214839,6,,,0,55,,214840,6,,,0,15,,214841,6,,,0,16,,214842,6,,,0,15,,214843,6,,,0,55,,214844,6,,,0,15,,214845,6,,,0,15,,214846,6,,,0,15,,214847,6,,,0,54,,214848,6,,,0,14,,214849,6,,,0,14,,214850,6,,,0,15,,214851,6,,,0,55,,214852,6,,,0,15,,214853,6,,,0,15,,214854,6,,,0,16,,214855,6,,,0,55,,214802,6,,,0,15,,214790,6,,,0,15,,214831,6,,,0,15,,214817,6,,,0,55,,214789,6,,,0,15,,214788,6,,,0,15,,214787,6,,,0,15,,214786,6,,,0,55,,214818,6,,,0,15,,214797,6,,,0,15,,214826,6,,,0,13,,214836,6,,,0,13,,214798,6,,,0,50,,214799,6,,,0,10,,214800,6,,,0,10,,214827,6,,,0,9,,214801,6,,,0,10,,214794,6,,,0,10,,214860,6,,,0,50,,214819,6,,,0,10,,214792,6,,,0,10,,214828,6,,,0,10,,214795,6,,,0,10,,214796,6,,,0,10,,214861,6,,,0,50,,214820,6,,,0,10,,214791,6,,,0,9,,214830,6,,,0,11,,214785,6,,,0,11,,214784,6,,,0,10,,214862,6,,,0,50,,214783,6,,,0,10,,214832,6,,,0,10,,214821,6,,,0,10,,214857,6,,,0,11,,214782,6,,,0,52,,214816,6,,,0,12,,214833,6,,,0,12,,214822,6,,,0,13,,214858,6,,,0,13,,214815,6,,,0,52,,214814,6,,,0,13,,214834,6,,,0,15,,214823,6,,,0,16,,214813,6,,,0,56,,214812,6,,,0,15,,214859,6,,,0,15,,214824,6,,,0,20,,214811,6,,,0,60,,214810,6,,,0,20,,214835,6,,,0,20,,214809,6,,,0,70,,214808,6,,,0
671200,'201',655,,214781,6,,,0,56,,214779,6,,,0,806,,214778,6,,,0,28,,214780,6,,,0
671200,'3',804,,214867,6,,,0,15,,214931,6,,,0,16,,214866,6,,,0,16,,214932,6,,,0,55,,214865,6,,,0,15,,214873,6,,,0,15,,214874,6,,,0,15,,214875,6,,,0,56,,214876,6,,,0,15,,214877,6,,,0,14,,214878,6,,,0,14,,214879,6,,,0,54,,214880,6,,,0,14,,214881,6,,,0,15,,214882,6,,,0,15,,214883,6,,,0,55,,214884,6,,,0,15,,214885,6,,,0,15,,214886,6,,,0,15,,214887,6,,,0,55,,214888,6,,,0,15,,214889,6,,,0,15,,214890,6,,,0,15,,214891,6,,,0,55,,214892,6,,,0,15,,214893,6,,,0,15,,214894,6,,,0,16,,214895,6,,,0,55,,214896,6,,,0,15,,214897,6,,,0,15,,214898,6,,,0,15,,214899,6,,,0,55,,214900,6,,,0,15,,214872,6,,,0,12,,214901,6,,,0,11,,214902,6,,,0,14,,214903,6,,,0,51,,214904,6,,,0,11,,214905,6,,,0,11,,214906,6,,,0,11,,214907,6,,,0,12,,214908,6,,,0,52,,214909,6,,,0,12,,214910,6,,,0,12,,214911,6,,,0,13,,214912,6,,,0,13,,214913,6,,,0,53,,214914,6,,,0,12,,214915,6,,,0,12,,214916,6,,,0,12,,214917,6,,,0,12,,214870,6,,,0,53,,214918,6,,,0,15,,214919,6,,,0,15,,214920,6,,,0,15,,214921,6,,,0,54,,214922,6,,,0,15,,214923,6,,,0,15,,214924,6,,,0,16,,214925,6,,,0,54,,214926,6,,,0,15,,214927,6,,,0,15,,214928,6,,,0,15,,214929,6,,,0,55,,214869,6,,,0,15,,214930,6,,,0,15,,214871,6,,,0,15,,214868,6,,,0
681801,'1',543,,223397,6,,,0,70,,223366,6,,,0,29,,223367,6,,,0,60,,223368,6,,,0,21,,223369,6,,,0,20,,223370,6,,,0,60,,223371,6,,,0,30,,223372,6,,,0,20,,223373,6,,,0,70,,223374,6,,,0,30,,223375,6,,,0,71,,223376,6,,,0,30,,223377,6,,,0,70,,223378,6,,,0,30,,223379,6,,,0,70,,223380,6,,,0,30,,223381,6,,,0,70,,223382,6,,,0,30,,223383,6,,,0,70,,223384,6,,,0,35,,223385,6,,,0,71,,223386,6,,,0,78,,223387,6,,,0,31,,223388,6,,,0,19,,223389,6,,,0,70,,223390,6,,,0,30,,223391,6,,,0,69,,223392,6,,,0,89,,223393,6,,,0,30,,223394,6,,,0,95,,223395,6,,,0,101,,223399,6,,,0,110,,223396,6,,,0,98,,223398,6,,,0
681801,'2',646,,223426,6,,,0,100,,223427,6,,,0,100,,223411,6,,,0,70,,223415,6,,,0,30,,223406,6,,,0,70,,223416,6,,,0,30,,223407,6,,,0,70,,223417,6,,,0,30,,223405,6,,,0,70,,223418,6,,,0,31,,223404,6,,,0,69,,223419,6,,,0,31,,223403,6,,,0,70,,223420,6,,,0,30,,223402,6,,,0,70,,223421,6,,,0,30,,223401,6,,,0,70,,223422,6,,,0,30,,223400,6,,,0,70,,223423,6,,,0,28,,223414,6,,,0,72,,223424,6,,,0,26,,223413,6,,,0,74,,223425,6,,,0,26,,223412,6,,,0,100,,223410,6,,,0,101,,223409,6,,,0,100,,223408,6,,,0,100,,223428,6,,,0
681801,'3',746,,223447,6,,,0,100,,223448,6,,,0,100,,223436,6,,,0,100,,223435,6,,,0,100,,223437,6,,,0,70,,223442,6,,,0,31,,223434,6,,,0,70,,223443,6,,,0,30,,223433,6,,,0,70,,223444,6,,,0,31,,223432,6,,,0,70,,223445,6,,,0,29,,223431,6,,,0,70,,223446,6,,,0,29,,223430,6,,,0,100,,223429,6,,,0,100,,223441,6,,,0,100,,223440,6,,,0,99,,223439,6,,,0,98,,223438,6,,,0,100,,223449,6,,,0,100,,223450,6,,,0
681900,'1',536,,223455,15,,,0,15,,223456,15,,,0,55,,223457,15,,,0,15,,223458,15,,,0,15,,223459,15,,,0,15,,223460,15,,,0,56,,223461,15,,,0,15,,223462,15,,,0,15,,223463,15,,,0,15,,223464,15,,,0,54,,223465,15,,,0,8,,223466,15,,,0,20,,223467,15,,,0,20,,223468,15,,,0,58,,223469,15,,,0,20,,223470,15,,,0,20,,223471,15,,,0,60,,223472,15,,,0,20,,223473,15,,,0,20,,223474,15,,,0,60,,223475,15,,,0,25,,223476,15,,,0,15,,223477,15,,,0,64,,223478,15,,,0,17,,223479,15,,,0,20,,223480,15,,,0,60,,223481,15,,,0,20,,223482,15,,,0,20,,223483,15,,,0,60,,223484,15,,,0,17,,223524,15,0,81 82,0,15,,223485,15,,,0,55,,223486,15,,,0,15,,223487,15,,,0,7,,223525,15,,,0,8,,223488,15,,,0,7,,223489,15,0,81 82,0,8,,223527,15,,,0,8,,223490,15,0,81 82,0,47,,223491,15,,,0,8,,223526,15,0,81 82,0,8,,223492,15,,,0,6,,223511,15,0,81 82,0,8,,223493,15,,,0,8,,223512,15,0,81 82,0,7,,223494,15,,,0,8,,223513,15,0,81 82,0,6,,223495,15,,,0,49,,223514,15,0,81 82,0,6,,223496,15,,,0,8,,223515,15,0,81 82,0,7,,223497,15,,,0,8,,223516,15,0,81 82,0,7,,223498,15,,,0,8,,223517,15,0,81 82,0,7,,223499,15,,,0,48,,223518,15,0,81 82,0,6,,223500,15,,,0,7,,223519,15,0,81 82,0,8,,223501,15,,,0,8,,223520,15,0,81 82,0,8,,223502,15,,,0,4,,223521,15,0,81 82,0,11,,223503,15,,,0,53,,223504,15,,,0,15,,223505,15,,,0,15,,223506,15,,,0,15,,223507,15,,,0,55,,223508,15,,,0,20,,223509,15,,,0,20,,223510,15,,,0,60,,223522,15,,,0,33,,223453,15,,,0,102,,223454,15,,,0,112,,223523,15,,,0
681900,'101',747,,223451,15,0,100 82,0,695,,223452,15,0,100 82,0
681900,'2',641,,223581,15,,,0,100,,223582,15,,,0,100,,223528,15,,,0,60,,223529,15,,,0,20,,223530,15,,,0,20,,223531,15,,,0,60,,223532,15,,,0,20,,223533,15,,,0,21,,223534,15,,,0,60,,223535,15,,,0,20,,223536,15,,,0,20,,223537,15,,,0,61,,223538,15,,,0,15,,223539,15,,,0,15,,223540,15,,,0,15,,223541,15,,,0,55,,223542,15,,,0,15,,223543,15,,,0,15,,223544,15,,,0,15,,223545,15,,,0,55,,223546,15,,,0,15,,223547,15,,,0,15,,223548,15,,,0,15,,223549,15,,,0,55,,223550,15,,,0,16,,223551,15,,,0,15,,223552,15,,,0,15,,223553,15,,,0,55,,223554,15,,,0,15,,223555,15,,,0,15,,223556,15,,,0,15,,223557,15,,,0,55,,223558,15,,,0,15,,223559,15,,,0,15,,223560,15,,,0,15,,223561,15,,,0,55,,223562,15,,,0,15,,223563,15,,,0,15,,223564,15,,,0,15,,223565,15,,,0,55,,223566,15,,,0,15,,223567,15,,,0,15,,223568,15,,,0,13,,223569,15,,,0,55,,223570,15,,,0,15,,223571,15,,,0,15,,223572,15,,,0,16,,223573,15,,,0,55,,223574,15,,,0,19,,223575,15,,,0,20,,223576,15,,,0,72,,223577,15,,,0,27,,223578,15,,,0,70,,223579,15,,,0,30,,223580,15,,,0
681900,'3',741,,223627,15,,,0,100,,223615,15,,,0,60,,223625,15,,,0,20,,223583,15,,,0,20,,223584,15,,,0,59,,223585,15,,,0,20,,223616,15,,,0,20,,223586,15,,,0,60,,223587,15,,,0,19,,223617,15,,,0,21,,223588,15,,,0,60,,223589,15,,,0,20,,223618,15,,,0,22,,223590,15,,,0,59,,223591,15,,,0,20,,223619,15,,,0,21,,223592,15,,,0,60,,223593,15,,,0,21,,223620,15,,,0,20,,223594,15,,,0,60,,223595,15,,,0,20,,223621,15,,,0,19,,223608,15,,,0,60,,223596,15,,,0,20,,223609,15,,,0,21,,223597,15,,,0,15,,223626,15,,,0,55,,223598,15,,,0,15,,223610,15,,,0,15,,223622,15,,,0,15,,223599,15,,,0,55,,223600,15,,,0,15,,223611,15,,,0,15,,223623,15,,,0,15,,223601,15,,,0,55,,223602,15,,,0,15,,223612,15,,,0,15,,223624,15,,,0,15,,223603,15,,,0,55,,223604,15,,,0,20,,223613,15,,,0,19,,223605,15,,,0,60,,223606,15,,,0,20,,223614,15,,,0,20,,223607,15,,,0,100,,223628,15,,,0
