673800,'101_merged_15727747',1802,,218914,25,,,0
673800,'1_merged_15727750',600,,218995,25,,,0,12,,218997,25,,,0,11,,218994,25,,,0,13,,218996,25,,,0,12,,218968,25,,,0,11,,218923,25,,,0,52,,218967,25,,,0,12,,218958,25,,,0,14,,218939,25,,,0,15,,218999,25,,,0,52,,218964,25,,,0,13,,218922,25,,,0,13,,218931,25,,,0,12,,218924,25,,,0,14,,218917,25,,,0,54,,218963,25,,,0,14,,218985,25,,,0,15,,218984,25,,,0,15,,218986,25,,,0,55,,218962,25,,,0,15,,218942,25,,,0,15,,218972,25,,,0,17,,218966,25,,,0,55,,218971,25,,,0,15,,218946,25,,,0,15,,218970,25,,,0,15,,218941,25,,,0,55,,218969,25,,,0,16,,218989,25,,,0,15,,218976,25,,,0,16,,218950,25,,,0,55,,218930,25,,,0,16,,218949,25,,,0,15,,218929,25,,,0,57,,218947,25,,,0,15,,218928,25,,,0,17,,218927,25,,,0,16,,218948,25,,,0,56,,218961,25,,,0,15,,218956,25,,,0,17,,218921,25,,,0,15,,218952,25,,,0,58,,218959,25,,,0,16,,218936,25,,,0,12,,218940,25,,,0,12,,218944,25,,,0,53,,218934,25,,,0,12,,218960,25,,,0,12,,218935,25,,,0,11,,219000,25,,,0,12,,218951,25,,,0,61,,218957,25,,,0,11,,218955,25,,,0,10,,218965,25,,,0,12,,218975,25,,,0,10,,219001,25,,,0,48,,218937,25,,,0,12,,218945,25,,,0,8,,218998,25,,,0,10,,218983,25,,,0,10,,218926,25,,,0,9,,218954,25,,,0,50,,218915,25,,,0,10,,218978,25,,,0,8,,218953,25,,,0,15,,218982,25,,,0,14,,218943,25,,,0,55,,218980,25,,,0,15,,218987,25,,,0,15,,218977,25,,,0,13,,218938,25,,,0,55,,218933,25,,,0,15,,218932,25,,,0,15,,218916,25,,,0,13,,218988,25,,,0,58,,218993,25,,,0,20,,218974,25,,,0,20,,218981,25,,,0,59,,218920,25,,,0,20,,218973,25,,,0,20,,218979,25,,,0,18,,218919,25,,,0,60,,218990,25,,,0,20,,218991,25,,,0,65,,218918,25,,,0,23,,218992,25,,,0,26,,218925,25,,,0
673800,'201_merged_15727755',1802,,219002,25,,,0
673800,'2_merged_15727752',642,,219020,25,,,0,15,,219021,25,,,0,55,,219022,25,,,0,15,,219023,25,,,0,15,,219024,25,,,0,15,,219025,25,,,0,57,,219042,25,,,0,15,,219026,25,,,0,15,,219041,25,,,0,15,,219027,25,,,0,55,,219028,25,,,0,17,,219065,25,,,0,14,,219030,25,,,0,55,,219076,25,,,0,15,,219031,25,,,0,17,,219066,25,,,0,15,,219032,25,,,0,57,,219075,25,,,0,15,,219033,25,,,0,15,,219011,25,,,0,15,,219034,25,,,0,55,,219074,25,,,0,15,,219035,25,,,0,17,,219012,25,,,0,15,,219045,25,,,0,57,,219073,25,,,0,15,,219046,25,,,0,15,,219053,25,,,0,15,,219047,25,,,0,56,,219072,25,,,0,15,,219048,25,,,0,14,,219014,25,,,0,15,,219049,25,,,0,55,,219071,25,,,0,15,,219050,25,,,0,15,,219067,25,,,0,15,,219051,25,,,0,54,,219070,25,,,0,15,,219052,25,,,0,16,,219043,25,,,0,15,,219054,25,,,0,55,,219069,25,,,0,15,,219055,25,,,0,14,,219044,25,,,0,15,,219056,25,,,0,53,,219039,25,,,0,15,,219057,25,,,0,14,,219038,25,,,0,15,,219058,25,,,0,54,,219068,25,,,0,13,,219059,25,,,0,11,,219081,25,,,0,12,,219013,25,,,0,12,,219063,25,,,0,52,,219064,25,,,0,12,,219060,25,,,0,11,,219082,25,,,0,12,,219040,25,,,0,11,,219061,25,,,0,52,,219018,25,,,0,12,,219062,25,,,0,13,,219037,25,,,0,15,,219009,25,,,0,13,,219016,25,,,0,55,,219006,25,,,0,15,,219015,25,,,0,15,,219008,25,,,0,13,,219019,25,,,0,55,,219005,25,,,0,15,,219017,25,,,0,15,,219007,25,,,0,14,,219029,25,,,0,55,,219004,25,,,0,20,,219010,25,,,0,19,,219003,25,,,0,60,,219036,25,,,0,30,,219080,25,,,0,68,,219079,25,,,0,32,,219078,25,,,0,73,,219077,25,,,0
673800,'3_merged_15727751',634,,219090,25,,,0,14,,219091,25,,,0,54,,219092,25,,,0,15,,219093,25,,,0,15,,219094,25,,,0,15,,219095,25,,,0,55,,219096,25,,,0,16,,219097,25,,,0,16,,219124,25,,,0,17,,219098,25,,,0,56,,219141,25,,,0,16,,219099,25,,,0,16,,219086,25,,,0,16,,219100,25,,,0,55,,219142,25,,,0,16,,219101,25,,,0,15,,219083,25,,,0,16,,219102,25,,,0,55,,219144,25,,,0,16,,219122,25,,,0,15,,219088,25,,,0,16,,219103,25,,,0,55,,219087,25,,,0,15,,219104,25,,,0,15,,219143,25,,,0,57,,219105,25,,,0,15,,219085,25,,,0,16,,219106,25,,,0,15,,219138,25,,,0,55,,219107,25,,,0,15,,219126,25,,,0,15,,219116,25,,,0,15,,219125,25,,,0,55,,219117,25,,,0,15,,219127,25,,,0,12,,219118,25,,,0,15,,219123,25,,,0,57,,219084,25,,,0,15,,219128,25,,,0,15,,219135,25,,,0,14,,219139,25,,,0,55,,219119,25,,,0,16,,219089,25,,,0,15,,219120,25,,,0,15,,219140,25,,,0,54,,219145,25,,,0,15,,219146,25,,,0,14,,219147,25,,,0,15,,219148,25,,,0,15,,219149,25,,,0,55,,219150,25,,,0,15,,219151,25,,,0,15,,219152,25,,,0,15,,219153,25,,,0,55,,219154,25,,,0,13,,219155,25,,,0,15,,219129,25,,,0,15,,219121,25,,,0,55,,219131,25,,,0,16,,219137,25,,,0,14,,219130,25,,,0,10,,219115,25,,,0,54,,219132,25,,,0,16,,219114,25,,,0,14,,219134,25,,,0,16,,219113,25,,,0,54,,219133,25,,,0,16,,219112,25,,,0,15,,219136,25,,,0,13,,219111,25,,,0,55,,219110,25,,,0,15,,219109,25,,,0,20,,219108,25,,,0
2338400,'101_merged_15727747',809,,229585,12,0,93 110,0,9,,229586,12,0,93 110,0,800,,229584,12,,,0
2338400,'1_merged_15727750',448,,229587,12,,,0,54,,229624,12,,,0,13,,229625,12,,,0,13,,229626,12,,,0,13,,229588,12,,,0,8,,229608,12,,,0,8,,229589,12,,,0,48,,229627,12,,,0,9,,229590,12,,,0,11,,229609,12,,,0,8,,229591,12,,,0,10,,229610,12,,,0,8,,229682,12,0,93 57,0,8,,229592,12,,,0,50,,229611,12,,,0,13,,229593,12,,,0,18,,229594,12,,,0,11,,229612,12,0,93 57,0,54,,229595,12,,,0,21,,229596,12,,,0,15,,229597,12,,,0,15,,229613,12,0,93 57,0,55,,229598,12,,,0,13,,229614,12,0,93 57,0,14,,229615,12,0,93 57,0,16,,229599,12,,,0,53,,229616,12,0,93 57,0,15,,229600,12,,,0,15,,229617,12,0,93 57,0,15,,229601,12,,,0,55,,229618,12,0,93 57,0,15,,229602,12,,,0,14,,229619,12,0,93 57,0,14,,229603,12,,,0,55,,229620,12,0,93 57,0,15,,229604,12,,,0,15,,229621,12,0,93 57,0,15,,229605,12,,,0,51,,229622,12,0,93 57,0,13,,229606,12,,,0,12,,229623,12,0,93 57,0,13,,229607,12,,,0,11,,229628,12,0,93 57,0,53,,229629,12,,,0,11,,229630,12,0,93 57,0,13,,229632,12,,,0,14,,229633,12,0,93 57,0,18,,229634,12,,,0,58,,229676,12,,,0,14,,229635,12,0,93 57,0,10,,229636,12,,,0,13,,229637,12,,,0,54,,229638,12,,,0,20,,229674,12,,,0,10,,229639,12,,,0,10,,229640,12,,,0,11,,229641,12,,,0,50,,229642,12,,,0,10,,229643,12,,,0,10,,229644,12,,,0,10,,229645,12,,,0,10,,229646,12,,,0,9,,229647,12,,,0,50,,229648,12,,,0,8,,229649,12,,,0,9,,229650,12,,,0,14,,229651,12,,,0,9,,229652,12,,,0,6,,229653,12,,,0,49,,229654,12,,,0,9,,229678,12,0,93 57,0,8,,229655,12,,,0,8,,229656,12,,,0,10,,229657,12,,,0,7,,229658,12,0,93 57,0,11,,229675,12,,,0,50,,229659,12,,,0,8,,229679,12,0,93 57,0,11,,229660,12,,,0,9,,229661,12,0,93 57,0,10,,229662,12,,,0,12,,229663,12,0,93 57,0,52,,229664,12,,,0,12,,229680,12,0,93 57,0,12,,229665,12,,,0,11,,229666,12,0,93 57,0,12,,229667,12,,,0,54,,229668,12,0,93 57,0,10,,229681,12,,,0,12,,229669,12,0,93 57,0,11,,229670,12,,,0,11,,229671,12,0,93 57,0,54,,229672,12,,,0,27,,229673,12,,,0
2338400,'201_merged_15727755',809,,229683,12,0,93 57,0,9,,229684,12,0,93 57,0,800,,229685,12,,,0
2338400,'2_merged_15727752',640,,229689,12,,,0,14,,229690,12,0,93 57,0,56,,229691,12,,,0,14,,229692,12,0,93 57,0,16,,229693,12,,,0,14,,229694,12,0,93 57,0,55,,229695,12,,,0,11,,229696,12,0,93 57,0,13,,229697,12,,,0,13,,229698,12,0,93 57,0,12,,229771,12,,,0,52,,229772,12,0,93 57,0,13,,229699,12,,,0,12,,229700,12,0,93 57,0,14,,229701,12,,,0,51,,229702,12,0,93 57,0,13,,229703,12,,,0,13,,229704,12,0,93 57,0,13,,229705,12,,,0,14,,229706,12,0,93 57,0,52,,229707,12,,,0,12,,229708,12,0,93 57,0,14,,229709,12,,,0,12,,229710,12,0,93 57,0,12,,229711,12,,,0,52,,229712,12,0,93 57,0,12,,229713,12,,,0,12,,229714,12,0,93 57,0,12,,229715,12,,,0,13,,229716,12,0,93 57,0,52,,229717,12,,,0,12,,229718,12,0,93 57,0,11,,229719,12,,,0,10,,229720,12,0,93 57,0,10,,229753,12,,,0,51,,229762,12,0,93 57,0,11,,229754,12,,,0,9,,229763,12,0,93 57,0,11,,229755,12,,,0,9,,229764,12,0,93 57,0,11,,229756,12,,,0,49,,229765,12,0,93 57,0,11,,229757,12,,,0,9,,229766,12,0,93 57,0,11,,229758,12,,,0,9,,229767,12,0,93 57,0,11,,229759,12,,,0,49,,229768,12,0,93 57,0,11,,229760,12,,,0,9,,229769,12,0,93 57,0,9,,229761,12,,,0,10,,229770,12,0,93 57,0,10,,229736,12,,,0,50,,229745,12,0,93 57,0,10,,229737,12,,,0,10,,229746,12,0,93 57,0,8,,229738,12,,,0,9,,229747,12,0,93 57,0,9,,229739,12,,,0,10,,229748,12,0,93 57,0,50,,229740,12,,,0,10,,229749,12,0,93 57,0,8,,229741,12,,,0,10,,229750,12,0,93 57,0,10,,229742,12,,,0,9,,229751,12,0,93 57,0,50,,229743,12,,,0,10,,229752,12,0,93 57,0,9,,229744,12,,,0,14,,229721,12,0,93 57,0,15,,229722,12,,,0,54,,229723,12,0,93 57,0,16,,229724,12,,,0,15,,229725,12,0,93 57,0,16,,229726,12,,,0,56,,229727,12,0,93 57,0,15,,229728,12,,,0,16,,229729,12,0,93 57,0,15,,229730,12,,,0,56,,229731,12,0,93 57,0,20,,229732,12,,,0,19,,229733,12,0,93 57,0,61,,229734,12,,,0,19,,229735,12,0,93 57,0
2338400,'3_merged_15727751',636,,229821,12,0,93 57,0,15,,229785,12,,,0,55,,229820,12,0,93 57,0,15,,229784,12,,,0,15,,229819,12,0,93 57,0,15,,229825,12,,,0,55,,229818,12,0,93 57,0,15,,229783,12,,,0,15,,229817,12,0,93 57,0,16,,229782,12,,,0,55,,229816,12,,,0,15,,229839,12,,,0,15,,229815,12,0,93 57,0,16,,229781,12,,,0,53,,229814,12,0,93 57,0,18,,229838,12,,,0,15,,229813,12,0,93 57,0,16,,229830,12,,,0,55,,229812,12,0,93 57,0,15,,229837,12,,,0,15,,229811,12,0,93 57,0,16,,229780,12,,,0,54,,229810,12,0,93 57,0,17,,229836,12,,,0,14,,229809,12,0,93 57,0,17,,229779,12,,,0,54,,229808,12,0,93 57,0,17,,229835,12,,,0,15,,229807,12,0,93 57,0,15,,229778,12,,,0,55,,229806,12,0,93 57,0,15,,229834,12,,,0,15,,229805,12,0,93 57,0,57,,229777,12,,,0,16,,229804,12,0,93 57,0,15,,229776,12,,,0,14,,229803,12,0,93 57,0,55,,229775,12,,,0,15,,229802,12,0,93 57,0,15,,229774,12,,,0,13,,229801,12,0,93 57,0,56,,229773,12,,,0,14,,229800,12,0,93 57,0,17,,229841,12,,,0,13,,229799,12,0,93 57,0,56,,229832,12,,,0,14,,229798,12,0,93 57,0,16,,229840,12,,,0,14,,229797,12,0,93 57,0,15,,229827,12,,,0,55,,229796,12,0,93 57,0,14,,229833,12,,,0,15,,229795,12,0,93 57,0,15,,229822,12,,,0,55,,229794,12,0,93 57,0,15,,229831,12,,,0,14,,229793,12,0,93 57,0,15,,229826,12,,,0,54,,229792,12,0,93 57,0,16,,229824,12,,,0,13,,229791,12,0,93 57,0,14,,229829,12,,,0,55,,229790,12,0,93 57,0,20,,229828,12,,,0,20,,229789,12,0,93 57,0,60,,229788,12,0,93 57,0,23,,229823,12,,,0
