673701,'101_merged_15727747',732,,218762,35,,,0,10,,218763,35,,,0,110,,218764,36,,,0,690,,218761,36,,,0
673701,'1_merged_15727750',555,,218802,35,,,0,50,,218803,35,,,0,10,,218766,35,,,0,13,,218800,35,,,0,12,,218801,35,,,0,10,,218765,35,,,0,50,,218804,35,,,0,10,,218767,35,,,0,10,,218821,35,,,0,32,,218805,35,,,0,53,,218822,35,,,0,9,,218823,35,,,0,9,,218806,35,,,0,12,,218807,35,,,0,9,,218808,35,,,0,12,,218783,35,,,0,49,,218825,35,,,0,15,,218784,35,,,0,15,,218785,35,,,0,15,,218824,35,,,0,53,,218786,35,,,0,24,,218787,35,,,0,29,,218788,35,,,0,70,,218789,35,,,0,30,,218790,35,,,0,70,,218791,35,,,0,21,,218792,35,,,0,61,,218793,35,,,0,18,,218794,35,,,0,18,,218795,35,,,0,60,,218796,35,,,0,16,,218797,35,,,0,17,,218798,35,,,0,15,,218799,35,,,0,58,,218780,35,,,0,15,,218781,35,,,0,20,,218782,35,,,0,12,,218769,35,,,0,52,,218811,35,,,0,15,,218812,35,,,0,15,,218813,35,,,0,17,,218768,35,,,0,55,,218814,35,,,0,15,,218815,35,,,0,15,,218816,35,,,0,14,,218817,35,,,0,53,,218818,35,,,0,11,,218826,35,,,0,11,,218819,35,,,0,15,,218770,35,,,0,57,,218810,35,,,0,16,,218771,35,,,0,23,,218772,35,,,0,68,,218809,35,,,0,29,,218773,35,,,0,71,,218774,35,,,0,29,,218775,35,,,0,71,,218776,35,,,0,27,,218820,35,,,0,69,,218777,35,,,0,100,,218778,35,,,0,115,,218779,35,,,0
673701,'201_merged_15727755',732,,218827,35,,,0,10,,218828,35,,,0
673701,'2_merged_15727752',647,,218829,35,,,0,60,,218830,35,,,0,21,,218831,35,,,0,20,,218832,35,,,0,62,,218833,35,,,0,22,,218834,35,,,0,20,,218835,35,,,0,60,,218836,35,,,0,22,,218837,35,,,0,20,,218838,35,,,0,61,,218839,35,,,0,23,,218840,35,,,0,20,,218841,35,,,0,61,,218842,35,,,0,21,,218843,35,,,0,60,,218844,35,,,0,20,,218845,35,,,0,22,,218846,35,,,0,60,,218847,35,,,0,23,,218848,35,,,0,20,,218849,35,,,0,60,,218850,35,,,0,20,,218851,35,,,0,20,,218852,35,,,0,60,,218853,35,,,0,18,,218854,35,,,0,19,,218855,35,,,0,15,,218856,35,,,0,54,,218875,35,,,0,15,,218857,35,,,0,15,,218858,35,,,0,15,,218859,35,,,0,55,,218876,35,,,0,15,,218860,35,,,0,15,,218874,35,,,0,70,,218861,35,,,0,29,,218862,35,,,0,70,,218863,35,,,0,28,,218864,35,,,0,67,,218865,35,,,0,29,,218866,35,,,0,70,,218867,35,,,0,29,,218868,35,,,0,69,,218869,35,,,0,31,,218870,35,,,0,67,,218871,35,,,0,58,,218872,35,,,0,163,,218873,35,,,0
673701,'3_merged_15727751',630,,218889,35,,,0,70,,218888,35,,,0,31,,218887,35,,,0,73,,218886,35,,,0,31,,218882,35,,,0,70,,218884,35,,,0,33,,218881,35,,,0,70,,218885,35,,,0,31,,218900,35,,,0,72,,218891,35,,,0,31,,218894,35,,,0,71,,218890,35,,,0,30,,218902,35,,,0,62,,218880,35,,,0,20,,218913,35,,,0,20,,218892,35,,,0,71,,218879,35,,,0,30,,218883,35,,,0,70,,218878,35,,,0,30,,218904,35,,,0,59,,218877,35,,,0,20,,218910,35,,,0,20,,218899,35,,,0,60,,218908,35,,,0,19,,218907,35,,,0,19,,218909,35,,,0,69,,218896,35,,,0,29,,218906,35,,,0,18,,218897,35,,,0,60,,218911,35,,,0,18,,218903,35,,,0,70,,218912,35,,,0,30,,218898,35,,,0,71,,218895,35,,,0,105,,218905,35,,,0,104,,218901,35,,,0,110,,218893,35,,,0
681600,'1_merged_15727750',724,,222947,32,,,0,100,,222946,32,,,0,100,,222945,32,,,0,100,,222944,32,,,0,100,,222943,32,,,0,100,,222942,32,,,0,100,,222941,32,,,0,100,,222940,32,,,0,100,,222938,32,,,0,100,,222937,32,,,0,100,,222936,32,,,0,100,,222935,32,,,0,100,,222934,32,,,0,100,,222933,32,,,0,100,,222939,32,,,0
681600,'2_merged_15727752',924,,222948,32,,,0,100,,222949,32,,,0,100,,222950,32,,,0,100,,222951,32,,,0,100,,222952,32,,,0,100,,222953,32,,,0,100,,222954,32,,,0,100,,222955,32,,,0,100,,222956,32,,,0,100,,222957,32,,,0,100,,222958,32,,,0,100,,222959,32,,,0,100,,222960,32,,,0
681600,'3_merged_15727751',924,,222963,32,,,0,100,,222962,32,,,0,100,,222961,32,,,0,100,,222970,32,,,0,100,,222969,32,,,0,100,,222968,32,,,0,100,,222967,32,,,0,100,,222966,32,,,0,100,,222965,32,,,0,100,,222964,32,,,0
828600,'1_merged_15727750',622,,225884,29,,,0,30,,225891,29,,,0,72,,225885,29,,,0,32,,225886,29,,,0,70,,225887,29,,,0,30,,225888,29,,,0,70,,225890,29,,,0,100,,225889,29,,,0,100,,225893,29,,,0,100,,225894,29,,,0,100,,225895,29,,,0,101,,225896,29,,,0,101,,225897,29,,,0,30,,225898,29,,,0,70,,225892,29,,,0,30,,225899,29,,,0,70,,225879,29,,,0,28,,225880,29,,,0,70,,225881,29,,,0,98,,225882,29,,,0,100,,225883,29,,,0
828600,'2_merged_15727752',927,,225900,29,,,0,100,,225901,29,,,0,101,,225902,29,,,0,100,,225903,29,,,0,101,,225904,29,,,0,100,,225905,29,,,0,100,,225906,29,,,0,99,,225907,29,,,0,100,,225908,29,,,0,100,,225909,29,,,0,100,,225910,29,,,0,100,,225911,29,,,0
828600,'3_merged_15727751',928,,225912,29,,,0,102,,225913,29,,,0,100,,225914,29,,,0,100,,225915,29,,,0,99,,225916,29,,,0,100,,225917,29,,,0,99,,225918,29,,,0,100,,225919,29,,,0,100,,225920,29,,,0,100,,225921,29,,,0,100,,225922,29,,,0,100,,225923,29,,,0
