661401,'152201_merged_15727756',2112,,187655,5,,,0,21,,187654,5,,,0,19,,187646,5,,,0,59,,187647,5,,,0,19,,187649,5,,,0,20,,187648,5,,,0,60,,187650,5,,,0,20,,187651,5,,,0,21,,187652,5,,,0,64,,187653,5,,,0
661401,'152301_merged_15727764',2112,,187665,5,,,0,21,,187656,5,,,0,19,,187657,5,,,0,59,,187658,5,,,0,19,,187659,5,,,0,20,,187660,5,,,0,60,,187661,5,,,0,20,,187662,5,,,0,21,,187663,5,,,0,64,,187664,5,,,0
661401,'1_merged_15727750',556,,187667,25,0,16 17,0,60,,187681,25,0,16 17,0,18,,187682,25,,,0,20,,187726,25,,,0,59,,187715,25,,,0,15,,187713,25,,,0,15,,187714,25,,,0,15,,187722,25,,,0,55,,187718,25,,,0,15,,187685,25,,,0,15,,187680,25,,,0,15,,187690,25,,,0,56,,187686,25,,,0,15,,187687,25,,,0,15,,187688,25,,,0,15,,187689,25,,,0,55,,187696,25,,,0,15,,187697,25,,,0,15,,187698,25,,,0,15,,187699,25,,,0,55,,187683,25,,,0,15,,187666,25,,,0,15,,187692,25,,,0,15,,187717,25,,,0,55,,187670,25,,,0,15,,187710,25,,,0,15,,187711,25,,,0,14,,187668,25,,,0,55,,187719,25,,,0,15,,187705,25,,,0,15,,187712,25,,,0,15,,187721,25,,,0,55,,187701,25,,,0,15,,187684,25,,,0,15,,187723,25,,,0,13,,187724,25,,,0,52,,187727,25,,,0,12,,187677,25,,,0,12,,187678,25,,,0,12,,187671,25,,,0,12,,187708,25,,,0,51,,187709,25,,,0,12,,187702,25,,,0,11,,187700,25,,,0,12,,187703,25,,,0,12,,187716,25,,,0,52,,187693,25,,,0,12,,187694,25,,,0,12,,187720,25,,,0,12,,187674,25,,,0,12,,187704,25,,,0,52,,187679,25,,,0,12,,187675,25,,,0,12,,187672,25,,,0,12,,187676,25,,,0,12,,187673,25,,,0,57,,187669,25,,,0,17,,187695,25,,,0,21,,187707,25,,,0,60,,187706,25,,,0,20,,187691,25,,,0,20,,187725,25,,,0
661401,'2_merged_15727752',2109,,187790,5,,,0,20,,187745,5,,,0,20,,187743,5,,,0,61,,187744,5,,,0,20,,187772,5,,,0,20,,187769,5,,,0,60,,187756,5,,,0,20,,187765,5,,,0,20,,187761,5,,,0,62,,187763,5,,,0
661401,'3_merged_15727751',2124,,187850,5,,,0,19,,187851,5,,,0,64,,187852,5,,,0,26,,187853,5,,,0,20,,187854,5,,,0,59,,187855,5,,,0,18,,187856,5,,,0,22,,187857,5,,,0,64,,187858,5,,,0
661701,'152201_merged_15727756',2102,,189387,33,,,0,20,,189388,33,,,0,20,,189386,33,,,0,77,,189390,33,,,0,20,,189391,33,,,0,20,,189392,33,,,0,60,,189393,32,,,0,20,,189394,32,,,0,61,,189395,32,,,0,20,,189396,32,,,0,15,,189397,32,,,0,70,,189398,32,,,0
661701,'152301_merged_15727764',2102,,189399,33,,,0,20,,189400,33,,,0,20,,189401,33,,,0,58,,189402,33,,,0,19,,189403,33,,,0,20,,189404,33,,,0,20,,189405,33,,,0,60,,189406,32,,,0,20,,189407,32,,,0,61,,189408,32,,,0,20,,189409,32,,,0,15,,189410,32,,,0,70,,189411,32,,,0
661701,'1_merged_15727750',542,,189473,5,,,0,80,,189412,33,,,0,20,,189413,33,,,0,61,,189414,33,,,0,15,,189415,33,,,0,13,,189416,33,,,0,13,,189417,33,,,0,13,,189418,33,,,0,53,,189419,33,,,0,13,,189420,33,,,0,13,,189421,33,,,0,13,,189422,33,,,0,53,,189423,33,,,0,13,,189424,33,,,0,12,,189425,34,,,0,12,,189426,33,,,0,13,,189427,33,,,0,54,,189428,33,,,0,15,,189429,33,,,0,15,,189430,33,,,0,15,,189431,33,,,0,55,,189432,33,,,0,14,,189433,33,,,0,15,,189434,33,,,0,15,,189435,33,,,0,55,,189436,33,,,0,15,,189437,33,,,0,15,,189438,33,,,0,14,,189439,33,,,0,55,,189440,33,,,0,15,,189441,33,,,0,16,,189442,33,,,0,16,,189443,33,,,0,55,,189444,33,,,0,15,,189445,33,,,0,15,,189446,33,,,0,15,,189447,33,,,0,55,,189448,33,,,0,15,,189449,33,,,0,13,,189450,33,,,0,13,,189451,33,,,0,54,,189452,33,,,0,13,,189453,33,,,0,12,,189454,34,,,0,13,,189455,33,,,0,13,,189456,34,,,0,53,,189457,33,,,0,13,,189458,33,,,0,13,,189459,34,,,0,13,,189460,33,,,0,12,,189461,34,,,0,52,,189462,33,,,0,12,,189463,34,,,0,12,,189464,33,,,0,12,,189465,34,,,0,56,,189466,33,,,0,21,,189467,33,,,0,21,,189468,33,,,0,61,,189469,33,,,0,20,,189470,33,,,0,18,,189471,33,,,0
661701,'2_merged_15727752',2059,,189534,33,,,0,61,,189535,33,,,0,20,,189536,33,,,0,19,,189537,33,,,0,59,,189538,33,,,0,20,,189539,33,,,0,21,,189540,33,,,0,60,,189541,32,,,0,20,,189542,32,,,0,61,,189543,32,,,0,20,,189544,32,,,0,20,,189545,32,,,0,69,,189546,32,,,0
661701,'3_merged_15727751',2057,,189597,33,,,0,60,,189598,33,,,0,20,,189599,33,,,0,21,,189600,33,,,0,60,,189601,33,,,0,20,,189602,33,,,0,19,,189603,33,,,0,60,,189604,32,,,0,19,,189605,32,,,0,20,,189606,32,,,0,62,,189607,32,,,0,20,,189608,32,,,0,70,,189609,32,,,0
662001,'152201_merged_15727756',2102,,191039,4,,,0,16,,191046,4,,,0,15,,191047,4,,,0,15,,191048,4,,,0,55,,191049,4,,,0,20,,191051,4,,,0,20,,191050,4,,,0,60,,191044,4,,,0,20,,191052,4,,,0,20,,191040,4,,,0,69,,191045,4,,,0,30,,191042,4,,,0,70,,191041,4,0,18 17,0,30,,191043,4,0,18 17,0
662001,'152301_merged_15727764',2102,,191053,4,,,0,16,,191054,4,,,0,15,,191055,4,,,0,15,,191056,4,,,0,55,,191057,4,,,0,20,,191058,4,,,0,20,,191059,4,,,0,60,,191060,4,,,0,20,,191061,4,,,0,20,,191062,4,,,0,69,,191063,4,,,0,30,,191064,4,,,0,70,,191065,4,0,18 17,0,30,,191066,4,0,18 17,0
662001,'1_merged_15727750',441,,191092,4,,,0,60,,191093,4,,,0,20,,191094,4,,,0,20,,191095,4,,,0,17,,191128,4,,,0,53,,191111,4,,,0,15,,191084,4,,,0,12,,191085,4,,,0,12,,191086,4,,,0,52,,191087,4,,,0,12,,191088,4,,,0,12,,191089,4,,,0,12,,191096,4,,,0,12,,191097,4,,,0,50,,191098,4,,,0,10,,191099,4,,,0,10,,191100,4,,,0,10,,191101,4,,,0,10,,191102,4,,,0,10,,191103,4,,,0,50,,191104,4,,,0,10,,191105,4,,,0,12,,191122,4,,,0,14,,191126,4,,,0,15,,191125,4,,,0,55,,191127,4,,,0,15,,191106,4,,,0,15,,191107,4,,,0,15,,191110,4,,,0,56,,191108,4,,,0,15,,191109,4,,,0,15,,191112,4,,,0,15,,191113,4,,,0,55,,191114,4,,,0,15,,191115,4,,,0,15,,191116,4,,,0,15,,191117,4,,,0,55,,191118,4,,,0,15,,191119,4,,,0,15,,191123,4,,,0,15,,191121,4,,,0,55,,191083,4,,,0,15,,191124,4,,,0,15,,191129,4,,,0,15,,191090,4,,,0,54,,191070,4,,,0,14,,191120,4,,,0,15,,191135,4,,,0,15,,191136,4,,,0,52,,191137,4,,,0,12,,191067,4,,,0,13,,191068,4,,,0,13,,191069,4,,,0,12,,191071,4,,,0,53,,191072,4,,,0,12,,191073,4,,,0,12,,191074,4,,,0,12,,191075,4,,,0,13,,191076,4,,,0,52,,191134,4,,,0,13,,191077,4,,,0,14,,191078,4,,,0,14,,191079,4,,,0,55,,191080,4,,,0,15,,191091,4,,,0,15,,191130,4,,,0,16,,191081,4,,,0,55,,191082,4,,,0,15,,191131,4,,,0,15,,191132,4,,,0,14,,191133,4,,,0
662001,'2_merged_15727752',2105,,191200,4,,,0,16,,191201,4,,,0,20,,191202,4,,,0,60,,191203,4,,,0,20,,191204,4,,,0,20,,191205,4,,,0,60,,191206,4,,,0,22,,191207,4,,,0,20,,191208,4,,,0,69,,191209,4,,,0,30,,191210,4,,,0,70,,191211,4,0,18 17,0,30,,191212,4,0,18 17,0
662001,'3_merged_15727751',2112,,191272,4,,,0,20,,191273,4,,,0,20,,191274,4,,,0,60,,191275,4,,,0,20,,191276,4,,,0,20,,191277,4,,,0,60,,191278,4,,,0,20,,191279,4,,,0,20,,191280,4,,,0,60,,191281,4,,,0,30,,191282,4,,,0,70,,191283,4,0,18 17,0,30,,191284,4,0,18 17,0
662201,'101_merged_15727747',1635,,191981,42,,,0
662201,'152201_merged_15727756',2110,,191982,42,,,0,16,,191983,42,,,0,17,,191984,42,,,0,60,,191985,42,,,0,20,,191986,42,,,0,20,,191987,42,,,0,59,,191988,42,,,0,22,,191989,42,,,0,19,,191990,42,,,0,66,,191991,42,,,0,31,,191992,42,,,0,70,,191993,42,,,0,30,,191994,42,,,0
662201,'152301_merged_15727764',2110,,191995,42,,,0,16,,191996,42,,,0,17,,191997,42,,,0,60,,191998,42,,,0,20,,191999,42,,,0,20,,192000,42,,,0,59,,192001,42,,,0,22,,192002,42,,,0,19,,192003,42,,,0,66,,192004,42,,,0,31,,192005,42,,,0,70,,192006,42,,,0,30,,192007,42,,,0
662201,'1_merged_15727750',541,,192009,47,,,0,17,,192010,47,,,0,59,,192011,47,,,0,20,,192012,47,,,0,13,,192013,42,,,0,52,,192014,47,,,0,12,,192015,42,,,0,12,,192016,42,,,0,14,,192017,42,,,0,12,,192018,42,,,0,51,,192019,47,,,0,12,,192020,42,,,0,14,,192021,42,,,0,12,,192022,42,,,0,13,,192023,42,,,0,50,,192024,42,,,0,10,,192025,42,,,0,10,,192026,42,,,0,10,,192027,42,,,0,11,,192028,42,,,0,10,,192085,42,,,0,50,,192029,42,,,0,12,,192030,42,,,0,12,,192031,42,,,0,12,,192032,42,,,0,12,,192087,42,,,0,52,,192033,42,,,0,12,,192034,42,,,0,12,,192035,42,,,0,12,,192036,42,,,0,12,,192088,42,,,0,52,,192037,42,,,0,12,,192038,42,,,0,12,,192039,42,,,0,13,,192040,42,,,0,12,,192089,42,,,0,52,,192041,42,,,0,12,,192042,42,,,0,12,,192043,42,,,0,14,,192044,42,,,0,12,,192090,42,,,0,52,,192045,42,,,0,11,,192046,42,,,0,12,,192047,42,,,0,12,,192048,42,,,0,12,,192049,42,,,0,52,,192050,42,,,0,13,,192051,42,,,0,12,,192052,42,,,0,13,,192053,42,,,0,11,,192054,42,,,0,48,,192055,42,,,0,8,,192056,42,,,0,8,,192057,42,,,0,7,,192058,42,,,0,15,,192059,42,,,0,8,,192060,42,,,0,7,,192061,42,,,0,48,,192062,42,,,0,7,,192063,42,,,0,8,,192064,42,,,0,6,,192065,42,,,0,8,,192086,42,,,0,7,,192066,42,,,0,8,,192067,42,,,0,7,,192068,42,,,0,48,,192069,42,,,0,8,,192070,42,,,0,8,,192071,42,,,0,8,,192072,42,,,0,9,,192073,42,,,0,9,,192074,42,,,0,10,,192075,42,,,0,50,,192076,42,,,0,12,,192077,42,,,0,12,,192078,42,,,0,13,,192079,42,,,0,15,,192080,42,,,0,55,,192081,42,,,0,15,,192082,42,,,0,15,,192083,42,,,0,15,,192084,42,,,0
662201,'201_merged_15727755',1635,,192091,42,,,0
662201,'2_merged_15727752',2114,,192109,42,,,0,15,,192169,42,,,0,17,,192100,42,,,0,59,,192096,42,,,0,20,,192154,42,,,0,20,,192164,42,,,0,59,,192168,42,,,0,25,,192152,42,,,0,22,,192165,42,,,0,68,,192095,42,,,0,25,,192158,42,,,0,70,,192162,42,,,0,30,,192167,42,,,0
662201,'3_merged_15727751',2103,,192240,42,,,0,20,,192241,42,,,0,19,,192242,42,,,0,60,,192243,42,,,0,20,,192244,42,,,0,19,,192245,42,,,0,60,,192246,42,,,0,20,,192247,42,,,0,19,,192248,42,,,0,69,,192249,42,,,0,32,,192250,42,,,0,70,,192251,42,,,0,30,,192252,47,,,0
663701,'152201_merged_15727756',2056,,197586,8,0,127 128 89,0,62,,197587,8,0,127 128 89,0,23,,197588,8,0,127 128 89,0,18,,197589,8,0,127 128 89,0,67,,197590,8,0,127 128 89,0,20,,197591,8,0,127 128 89,0,60,,197592,8,0,127 128 89,0,23,,197585,8,0,127 128 89,0,22,,197593,8,0,127 128 89,0,59,,197594,8,0,127 128 89,0,30,,197584,8,0,127 128 89,0,70,,197595,8,0,127 128 89,0,25,,197596,8,0,127 128 89,0
663701,'152301_merged_15727764',2056,,197597,8,0,127 128 89,0,62,,197598,8,0,127 128 89,0,23,,197599,8,0,127 128 89,0,18,,197600,8,0,127 128 89,0,67,,197601,8,0,127 128 89,0,20,,197603,8,0,127 128 89,0,60,,197604,8,0,127 128 89,0,23,,197602,8,0,127 128 89,0,22,,197605,8,0,127 128 89,0,59,,197606,8,0,127 128 89,0,30,,197607,8,0,127 128 89,0,70,,197608,8,0,127 128 89,0,25,,197609,8,0,127 128 89,0
663701,'1_merged_15727750',501,,197667,8,0,127 128 89,0,20,,197610,8,0,127 128 89,0,22,,197611,8,0,127 128 89,0,58,,197612,8,0,127 128 89,0,21,,197613,8,0,127 128 89,0,19,,197614,8,0,127 128 89,0,60,,197657,8,0,127 128 89,0,16,,197615,8,0,127 128 89,0,16,,197616,8,0,127 128 89,0,17,,197617,8,0,127 128 89,0,56,,197618,8,0,127 128 89,0,18,,197619,8,0,127 128 89,0,17,,197620,8,0,127 128 89,0,18,,197621,8,0,127 128 89,0,57,,197622,8,0,127 128 89,0,16,,197623,8,0,127 128 89,0,16,,197624,8,0,127 128 89,0,56,,197625,8,0,127 128 89,0,17,,197626,8,0,127 128 89,0,17,,197627,8,0,127 128 89,0,17,,197628,8,0,127 128 89,0,56,,197629,8,0,127 128 89,0,18,,197630,8,0,127 128 89,0,17,,197631,8,0,127 128 89,0,57,,197632,8,0,127 128 89,0,17,,197633,8,0,127 128 89,0,16,,197634,8,0,127 128 89,0,15,,197635,8,0,127 128 89,0,54,,197636,8,0,127 128 89,0,14,,197637,8,0,127 128 89,0,15,,197638,8,0,127 128 89,0,15,,197639,8,0,127 128 89,0,55,,197640,8,0,127 128 89,0,15,,197641,8,0,127 128 89,0,16,,197642,8,0,127 128 89,0,15,,197643,8,0,127 128 89,0,55,,197644,8,0,127 128 89,0,15,,197645,8,0,127 128 89,0,15,,197646,8,0,127 128 89,0,16,,197647,8,0,127 128 89,0,55,,197648,8,0,127 128 89,0,15,,197649,8,0,127 128 89,0,15,,197650,8,0,127 128 89,0,15,,197651,8,0,127 128 89,0,54,,197652,8,0,127 128 89,0,15,,197653,8,0,127 128 89,0,15,,197654,8,0,127 128 89,0,15,,197655,8,0,127 128 89,0,56,,197656,8,0,127 128 89,0,14,,197658,8,0,127 128 89,0,15,,197659,8,0,127 128 89,0,17,,197660,8,0,127 128 89,0,58,,197661,8,0,127 128 89,0,18,,197662,8,0,127 128 89,0,17,,197663,8,0,127 128 89,0,56,,197664,8,0,127 128 89,0,18,,197665,8,0,127 128 89,0,18,,197666,8,0,127 128 89,0
663701,'2_merged_15727752',2106,,197730,8,0,127 128 89,0,19,,197731,8,0,127 128 89,0,20,,197732,8,0,127 128 89,0,60,,197733,8,0,127 128 89,0,21,,197734,8,0,127 128 89,0,21,,197735,8,0,127 128 89,0,70,,197736,8,0,127 128 89,0,31,,197737,8,0,127 128 89,0,69,,197738,8,0,127 128 89,0,31,,197739,8,0,127 128 89,0,70,,197740,8,0,127 128 89,0,28,,197741,8,0,127 128 89,0
663701,'3_merged_15727751',2122,,197797,8,0,127 128 89,0,22,,197798,8,0,127 128 89,0,57,,197799,8,0,127 128 89,0,20,,197800,8,0,127 128 89,0,23,,197801,8,0,127 128 89,0,70,,197802,8,0,127 128 89,0,32,,197803,8,0,127 128 89,0,70,,197804,8,0,127 128 89,0,30,,197805,8,0,127 128 89,0,71,,197806,8,0,127 128 89,0,26,,197807,8,0,127 128 89,0
683001,'1_merged_15727750',2612,,224926,3,,,0,31,,224927,3,,,0,70,,224928,3,,,0,30,,224929,3,,,0,70,,224930,3,,,0,29,,224931,3,,,0
683001,'2_merged_15727752',2613,,224937,3,,,0,34,,224933,3,,,0,70,,224932,3,,,0,30,,224936,3,,,0,72,,224935,3,,,0,34,,224934,3,,,0
683001,'3_merged_15727751',2612,,224939,3,,,0,30,,224938,3,,,0,70,,224943,3,,,0,30,,224942,3,,,0,70,,224941,3,,,0,40,,224940,3,,,0
683301,'1_merged_15727750',2612,,224972,3,,,0,14,,224975,3,,,0,19,,224973,3,,,0,72,,224974,3,,,0
683301,'2_merged_15727752',2615,,224978,3,,,0,14,,224979,3,,,0,20,,224977,3,,,0,61,,224976,3,,,0
683301,'3_merged_15727751',2613,,224982,3,,,0,30,,224981,3,,,0,70,,224980,3,,,0
684100,'1_merged_15727750',452,,225231,3,,,0,70,,225232,3,,,0,9,,225239,3,,,0,2006,,225240,3,,,0,70,,225234,3,,,0,20,,225236,3,,,0,20,,225233,3,,,0,62,,225235,3,,,0,30,,225237,3,,,0,75,,225238,3,,,0
684100,'2_merged_15727752',449,,225243,3,,,0,71,,225250,3,,,0,31,,225251,3,,,0,73,,225252,3,,,0,31,,225248,3,,,0,1881,,225254,3,,,0,74,,225245,3,,,0,17,,225249,3,,,0,20,,225253,3,,,0,60,,225246,3,,,0,30,,225247,3,,,0,80,,225255,3,,,0
684100,'3_merged_15727751',447,,225266,3,,,0,72,,225267,3,,,0,30,,225268,3,,,0,70,,225269,3,,,0,16,,225270,3,,,0,14,,225262,3,,,0,56,,225271,3,,,0,13,,225263,3,,,0,1789,,225256,3,,,0,30,,225257,3,,,0,72,,225260,3,,,0,30,,225259,3,,,0,70,,225258,3,,,0,35,,225261,3,,,0,75,,225265,3,,,0
1671801,'152201_merged_15727756',2103,,227800,5,,,0,15,,227801,5,,,0,16,,227802,5,,,0,15,,227803,5,,,0,55,,227804,5,,,0,15,,227805,5,,,0,20,,227806,5,,,0,61,,227807,5,,,0,19,,227808,5,,,0,20,,227809,5,,,0,70,,227810,5,,,0,15,,227812,5,,,0,15,,227811,5,,,0,15,,227813,5,,,0,55,,227814,5,,,0,30,,227799,5,,,0,5,,227798,5,,,0
1671801,'152301_merged_15727764',2103,,227823,5,,,0,15,,227824,5,,,0,16,,227825,5,,,0,15,,227826,5,,,0,55,,227827,5,,,0,15,,227828,5,,,0,20,,227829,5,,,0,61,,227830,5,,,0,19,,227831,5,,,0,20,,227820,5,,,0,70,,227815,5,,,0,15,,227822,5,,,0,15,,227816,5,,,0,15,,227821,5,,,0,55,,227817,5,,,0,30,,227818,5,,,0,5,,227819,5,,,0
1671801,'1_merged_15727750',332,,227898,5,,,0,70,,227899,5,,,0,38,,227900,5,,,0,67,,227832,5,,,0,30,,227833,5,,,0,20,,227875,26,,,0,54,,227876,26,,,0,13,,227877,26,,,0,13,,227901,26,,,0,14,,227878,26,,,0,53,,227879,26,,,0,14,,227880,26,,,0,15,,227881,26,,,0,15,,227897,26,,,0,56,,227882,26,,,0,15,,227883,26,,,0,16,,227884,26,,,0,15,,227885,26,,,0,55,,227886,26,,,0,14,,227887,26,,,0,14,,227888,26,,,0,14,,227889,26,,,0,56,,227890,26,,,0,14,,227891,26,,,0,15,,227892,26,,,0,15,,227893,26,,,0,55,,227868,26,,,0,15,,227869,26,,,0,15,,227870,26,,,0,15,,227871,26,,,0,55,,227872,26,,,0,15,,227873,26,,,0,15,,227874,26,,,0,15,,227835,26,,,0,56,,227836,26,,,0,15,,227837,26,,,0,16,,227838,26,,,0,15,,227839,26,,,0,55,,227840,26,,,0,15,,227841,26,,,0,15,,227842,26,,,0,15,,227843,26,,,0,55,,227844,26,,,0,15,,227845,26,,,0,13,,227846,26,,,0,12,,227847,26,,,0,12,,227848,26,,,0,51,,227849,26,,,0,10,,227850,26,,,0,11,,227851,26,,,0,10,,227852,26,,,0,11,,227853,26,,,0,52,,227854,26,,,0,12,,227855,26,,,0,12,,227856,26,,,0,12,,227857,26,,,0,12,,227858,26,,,0,51,,227859,26,,,0,12,,227860,26,,,0,14,,227861,26,,,0,15,,227862,26,,,0,14,,227863,26,,,0,55,,227864,26,,,0,15,,227865,26,,,0,8,,227867,5,,,0,15,,227834,5,,,0,55,,227866,5,,,0,15,,227894,5,,,0,15,,227895,5,,,0,14,,227896,5,,,0
1671801,'2_merged_15727752',2105,,227985,5,,,0,14,,227986,5,,,0,15,,227987,5,,,0,15,,227988,5,,,0,55,,227989,5,,,0,20,,227990,5,,,0,20,,227991,5,,,0,60,,227902,5,,,0,20,,227903,5,,,0,21,,227904,5,,,0,64,,227905,5,,,0,30,,227906,5,,,0,70,,227907,5,,,0,29,,227910,5,,,0,11,,227911,5,,,0
1671801,'3_merged_15727751',2105,,228048,5,,,0,16,,228037,5,,,0,15,,228038,5,,,0,15,,228039,5,,,0,55,,228047,5,,,0,17,,228040,5,,,0,20,,228041,5,,,0,60,,228006,5,,,0,19,,228007,5,,,0,21,,228008,5,,,0,64,,228042,5,,,0,30,,228043,5,,,0,70,,228044,5,,,0,30,,228045,5,,,0,8,,228050,5,,,0
