2263801,'101_merged_15727747',1510,,229284,28,,,0,90,,229283,28,,,0,21,,229282,28,,,0
2263801,'1_merged_15727750',450,,229303,28,,,0,70,,229304,28,,,0,22,,229305,28,,,0,15,,229306,28,,,0,54,,229307,28,,,0,14,,229308,28,,,0,11,,229309,28,,,0,14,,229310,28,,,0,56,,229311,28,,,0,17,,229312,28,,,0,9,,229313,28,,,0,20,,229314,28,,,0,55,,229315,28,,,0,17,,229316,28,,,0,12,,229317,28,,,0,65,,229318,28,,,0,28,,229319,28,,,0,71,,229320,28,,,0,27,,229321,28,,,0,30,,229322,28,,,0,70,,229323,28,,,0,30,,229324,28,,,0,70,,229325,28,,,0,31,,229326,28,,,0,70,,229327,28,,,0,28,,229328,28,,,0,72,,229329,28,,,0,23,,229341,28,,,0,62,,229330,28,,,0,20,,229331,28,,,0,22,,229332,28,,,0,79,,229333,28,,,0,15,,229334,28,,,0,57,,229335,28,,,0,11,,229336,28,,,0,15,,229337,28,,,0,13,,229338,28,,,0,55,,229285,28,,,0,16,,229294,28,,,0,20,,229292,28,,,0,19,,229293,28,,,0,68,,229340,28,,,0,20,,229287,28,,,0,16,,229339,28,,,0,67,,229302,28,,,0,22,,229286,28,,,0,67,,229295,28,,,0,32,,229296,28,,,0,68,,229297,28,,,0,28,,229288,28,,,0,70,,229300,28,,,0,20,,229301,28,,,0,69,,229289,28,,,0,29,,229299,28,,,0,69,,229290,28,,,0,30,,229298,28,,,0,70,,229291,28,,,0
2263801,'201_merged_15727755',1621,,229342,28,,,0
2263801,'2_merged_15727752',554,,229343,28,,,0,70,,229344,28,,,0,30,,229345,28,,,0,71,,229346,28,,,0,30,,229347,28,,,0,73,,229348,28,,,0,31,,229349,28,,,0,70,,229350,28,,,0,72,,229351,28,,,0,31,,229352,28,,,0,70,,229353,28,,,0,30,,229354,28,,,0,71,,229355,28,,,0,31,,229356,28,,,0,71,,229357,28,,,0,30,,229358,28,,,0,70,,229359,28,,,0,30,,229360,28,,,0,69,,229361,28,,,0,30,,229362,28,,,0,69,,229363,28,,,0,30,,229364,28,,,0,70,,229365,28,,,0,30,,229366,28,,,0,69,,229367,28,,,0,29,,229368,28,,,0,69,,229369,28,,,0,29,,229370,28,,,0,30,,229371,28,,,0,65,,229372,28,,,0,29,,229373,28,,,0,68,,229374,28,,,0,30,,229375,28,,,0,68,,229376,28,,,0,30,,229377,28,,,0,68,,229378,28,,,0,30,,229379,28,,,0,69,,229380,28,,,0,30,,229381,28,,,0,76,,229382,28,,,0
2263801,'3_merged_15727751',703,,229388,28,,,0,30,,229389,28,,,0,71,,229387,28,,,0,30,,229393,28,,,0,71,,229394,28,,,0,31,,229395,28,,,0,72,,229399,28,,,0,30,,229400,28,,,0,71,,229401,28,,,0,30,,229402,28,,,0,70,,229383,28,,,0,30,,229384,28,,,0,70,,229385,28,,,0,32,,229403,28,,,0,71,,229404,28,,,0,30,,229405,28,,,0,70,,229406,28,,,0,30,,229407,28,,,0,69,,229408,28,,,0,30,,229409,28,,,0,69,,229410,28,,,0,30,,229411,28,,,0,69,,229390,28,,,0,28,,229413,28,,,0,70,,229414,28,,,0,28,,229415,28,,,0,70,,229416,28,,,0,30,,229417,28,,,0,70,,229418,28,,,0,28,,229419,28,,,0,75,,229386,28,,,0,29,,229391,28,,,0,70,,229392,28,,,0,29,,229396,28,,,0,70,,229397,28,,,0,30,,229398,28,,,0,70,,229412,28,,,0
3004901,'1_merged_15727750',557,,232940,11,,,0,55,,232941,11,,,0,15,,232942,11,,,0,16,,232943,11,,,0,14,,232944,11,,,0,57,,232945,11,,,0,11,,232946,11,,,0,20,,232947,11,,,0,5,,232985,11,,,0,62,,232948,11,,,0,16,,232986,11,,,0,10,,232949,11,,,0,15,,232950,11,,,0,49,,232951,11,,,0,23,,232952,11,,,0,32,,232953,11,,,0,64,,232954,11,,,0,30,,232955,11,,,0,72,,232956,11,,,0,30,,232957,11,,,0,70,,232939,11,,,0,33,,232958,11,,,0,71,,232959,11,,,0,30,,232960,11,,,0,71,,232961,11,,,0,30,,232962,11,,,0,66,,232963,11,,,0,10,,232987,11,,,0,14,,232964,11,,,0,52,,232965,11,,,0,10,,232967,11,,,0,18,,232989,11,,,0,9,,232968,11,,,0,10,,232966,11,,,0,54,,232969,11,,,0,13,,232970,11,,,0,17,,232971,11,,,0,12,,232972,11,,,0,14,,232973,11,,,0,59,,232974,11,,,0,18,,232975,11,,,0,14,,232976,11,,,0,57,,232988,11,,,0,18,,232977,11,,,0,34,,232978,11,,,0,70,,232979,11,,,0,30,,232980,11,,,0,69,,232981,11,,,0,32,,232982,11,,,0,66,,232983,11,,,0,32,,232984,11,,,0,70,,232938,11,,,0
3004901,'2_merged_15727752',557,,232990,11,,,0,69,,232996,11,,,0,30,,232997,11,,,0,70,,232998,11,,,0,31,,232999,11,,,0,72,,233001,11,,,0,30,,233002,11,,,0,70,,233003,11,,,0,72,,233004,11,,,0,25,,233005,11,,,0,76,,233006,11,,,0,28,,233007,11,,,0,71,,233008,11,,,0,30,,233009,11,,,0,69,,233010,11,,,0,31,,233011,11,,,0,70,,233012,11,,,0,30,,233013,11,,,0,69,,233014,11,,,0,30,,233015,11,,,0,29,,233016,11,,,0,73,,233017,11,,,0,20,,233026,11,,,0,60,,233018,11,,,0,20,,233019,11,,,0,20,,233027,11,,,0,60,,233020,11,,,0,19,,233021,11,,,0,18,,233028,11,,,0,59,,233022,11,,,0,21,,233025,11,,,0,19,,233029,11,,,0,58,,233023,11,,,0,19,,233024,11,,,0,30,,233000,11,,,0,69,,232991,11,,,0,30,,232992,11,,,0,69,,232993,11,,,0,30,,232994,11,,,0,68,,232995,11,,,0
3004901,'3_merged_15727751',656,,233059,11,,,0,70,,233060,11,,,0,30,,233061,11,,,0,71,,233062,11,,,0,30,,233063,11,,,0,72,,233031,11,,,0,30,,233032,11,,,0,70,,233033,11,,,0,30,,233034,11,,,0,71,,233035,11,,,0,72,,233036,11,,,0,25,,233037,11,,,0,30,,233038,11,,,0,70,,233039,11,,,0,30,,233040,11,,,0,70,,233041,11,,,0,31,,233042,11,,,0,71,,233043,11,,,0,30,,233030,11,,,0,70,,233044,11,,,0,30,,233045,11,,,0,70,,233046,11,,,0,30,,233047,11,,,0,71,,233048,11,,,0,23,,233049,11,,,0,75,,233050,11,,,0,30,,233051,11,,,0,67,,233052,11,,,0,30,,233053,11,,,0,67,,233054,11,,,0,30,,233055,11,,,0,65,,233056,11,,,0,32,,233057,11,,,0,72,,233058,11,,,0
3058401,'1_merged_15727750',551,,234115,11,,,0,68,,234116,11,,,0,30,,234104,11,,,0,67,,234136,11,,,0,17,,234137,11,,,0,18,,234117,11,,,0,60,,234118,11,,,0,18,,234138,11,,,0,21,,234119,11,,,0,74,,234120,11,,,0,24,,234121,11,,,0,66,,234122,11,,,0,30,,234123,11,,,0,67,,234124,11,,,0,35,,234125,11,,,0,68,,234126,11,,,0,24,,234127,11,,,0,75,,234128,11,,,0,33,,234129,11,,,0,70,,234130,11,,,0,37,,234131,11,,,0,67,,234132,11,,,0,35,,234133,11,,,0,72,,234134,11,,,0,78,,234135,11,,,0,26,,234105,11,,,0,74,,234114,11,,,0,37,,234106,11,,,0,61,,234113,11,,,0,23,,234107,11,,,0,33,,234112,11,,,0,66,,234108,11,,,0,31,,234111,11,,,0,69,,234109,11,,,0,33,,234110,11,,,0,97,,234139,11,,,0
3058401,'2_merged_15727752',616,,234140,11,,,0,28,,234141,11,,,0,75,,234142,11,,,0,31,,234143,11,,,0,70,,234144,11,,,0,30,,234145,11,,,0,71,,234146,11,,,0,33,,234147,11,,,0,72,,234148,11,,,0,30,,234149,11,,,0,72,,234150,11,,,0,30,,234151,11,,,0,70,,234152,11,,,0,72,,234153,11,,,0,31,,234154,11,,,0,70,,234155,11,,,0,31,,234156,11,,,0,71,,234157,11,,,0,30,,234158,11,,,0,68,,234159,11,,,0,30,,234160,11,,,0,28,,234161,11,,,0,70,,234162,11,,,0,71,,234163,11,,,0,27,,234164,11,,,0,29,,234165,11,,,0,70,,234166,11,,,0,29,,234167,11,,,0,70,,234168,11,,,0,30,,234171,11,,,0,73,,234169,11,,,0,30,,234170,11,,,0,142,,234172,11,,,0,100,,234173,11,,,0
3058401,'3_merged_15727751',756,,234174,11,,,0,72,,234175,11,,,0,30,,234176,11,,,0,70,,234177,11,,,0,31,,234178,11,,,0,71,,234179,11,,,0,71,,234180,11,,,0,33,,234181,11,,,0,71,,234185,11,,,0,32,,234186,11,,,0,70,,234187,11,,,0,30,,234188,11,,,0,70,,234189,11,,,0,30,,234190,11,,,0,69,,234191,11,,,0,30,,234192,11,,,0,69,,234193,11,,,0,30,,234194,11,,,0,70,,234195,11,,,0,31,,234196,11,,,0,71,,234197,11,,,0,28,,234198,11,,,0,69,,234199,11,,,0,29,,234200,11,,,0,68,,234201,11,,,0,28,,234182,11,,,0,71,,234183,11,,,0,31,,234184,11,,,0,28,,234202,11,,,0,141,,234203,11,,,0,100,,234204,11,,,0
