661400,'1',552,,187493,14,,,0,63,,187442,14,,,0,15,,187494,14,,,0,15,,187440,14,,,0,55,,187465,14,,,0,13,,187466,14,,,0,14,,187467,19,,,0,15,,187468,19,,,0,14,,187475,19,,,0,55,,187481,19,,,0,15,,187495,19,,,0,15,,187469,19,,,0,16,,187435,19,,,0,55,,187436,19,,,0,15,,187477,19,,,0,15,,187478,19,,,0,15,,187479,19,,,0,55,,187480,19,,,0,13,,187496,19,,,0,15,,187497,19,,,0,15,,187492,19,,,0,55,,187472,19,,,0,15,,187437,19,,,0,15,,187464,19,,,0,14,,187439,19,,,0,54,,187473,19,,,0,14,,187476,19,,,0,14,,187432,19,,,0,14,,187433,19,,,0,54,,187459,19,,,0,12,,187502,19,,,0,12,,187457,19,,,0,12,,187460,19,,,0,12,,187461,19,,,0,52,,187470,19,,,0,12,,187490,19,,,0,11,,187491,19,,,0,12,,187471,19,,,0,12,,187443,19,,,0,52,,187444,19,,,0,12,,187445,19,,,0,12,,187487,19,,,0,12,,187446,19,,,0,12,,187447,19,,,0,50,,187448,19,,,0,10,,187450,19,,,0,10,,187485,19,,,0,10,,187499,19,,,0,10,,187474,19,,,0,10,,187498,19,,,0,50,,187484,19,,,0,10,,187486,19,,,0,10,,187453,19,,,0,9,,187500,19,,,0,8,,187488,19,,,0,9,,187501,19,,,0,8,,187489,19,,,0,49,,187452,19,,,0,12,,187462,19,,,0,13,,187451,19,,,0,12,,187438,19,,,0,15,,187483,19,,,0,60,,187441,19,,,0,21,,187482,19,,,0,22,,187449,19,0,10,0,60,,187463,19,0,10,0,20,,187434,19,0,10,0
661400,'152201',2059,,187414,19,0,10,0,60,,187415,19,0,10,0,20,,187419,19,0,10,0,20,,187416,19,0,10,0,60,,187420,19,0,10,0,20,,187421,19,0,10,0,61,,187417,19,0,10,0,20,,187413,19,0,10,0,18,,187418,19,0,10,0,69,,187412,19,0,10,0
661400,'152301',2059,,187422,19,0,10,0,60,,187423,19,0,10,0,20,,187424,19,0,10,0,20,,187425,19,0,10,0,60,,187426,19,0,10,0,20,,187427,19,0,10,0,61,,187428,19,0,10,0,20,,187429,19,0,10,0,18,,187430,19,0,10,0,69,,187431,19,0,10,0
661400,'2',543,,187536,14,,,0,74,,187528,14,,,0,15,,187519,14,,,0,20,,187523,14,,,0,60,,187568,14,,,0,20,,187540,14,,,0,20,,187539,14,,,0,60,,187510,14,,,0,18,,187552,14,,,0,15,,187553,14,,,0,14,,187554,14,,,0,55,,187555,19,,,0,14,,187556,19,,,0,14,,187527,19,,,0,13,,187544,19,,,0,54,,187542,19,,,0,13,,187507,19,,,0,13,,187508,19,,,0,13,,187509,19,,,0,52,,187577,19,,,0,12,,187530,19,,,0,12,,187512,19,,,0,12,,187511,19,,,0,12,,187560,19,,,0,52,,187529,19,,,0,11,,187531,19,,,0,12,,187570,19,,,0,11,,187532,19,,,0,11,,187533,19,,,0,10,,187578,19,,,0,51,,187561,19,,,0,11,,187566,19,,,0,11,,187520,19,,,0,11,,187571,19,,,0,12,,187506,19,,,0,52,,187515,19,,,0,12,,187516,19,,,0,12,,187517,19,,,0,12,,187572,19,,,0,12,,187557,19,,,0,52,,187573,19,,,0,12,,187567,19,,,0,12,,187526,19,,,0,12,,187546,19,,,0,12,,187559,19,,,0,52,,187574,19,,,0,12,,187548,19,,,0,13,,187562,19,,,0,13,,187534,19,,,0,12,,187565,19,,,0,52,,187538,19,,,0,12,,187575,19,,,0,12,,187569,19,,,0,12,,187503,19,,,0,12,,187504,19,,,0,53,,187505,19,,,0,12,,187576,19,,,0,12,,187579,19,,,0,13,,187513,19,,,0,13,,187514,19,,,0,56,,187547,19,,,0,21,,187535,19,,,0,22,,187549,19,0,10,0,60,,187563,19,0,10,0,20,,187545,19,0,10,0,20,,187550,19,0,10,0,61,,187558,19,0,10,0,21,,187518,19,0,10,0,21,,187543,19,0,10,0,60,,187522,19,0,10,0,20,,187551,19,0,10,0,21,,187521,19,0,10,0,60,,187564,19,0,10,0,19,,187541,19,0,10,0,71,,187537,19,0,10,0
661400,'3',717,,187583,14,,,0,29,,187584,14,,,0,70,,187585,14,,,0,29,,187587,14,,,0,66,,187588,14,,,0,19,,187589,14,,,0,17,,187590,14,,,0,54,,187591,19,,,0,16,,187592,19,,,0,15,,187593,19,,,0,15,,187594,19,,,0,54,,187595,19,,,0,16,,187596,19,,,0,15,,187597,19,,,0,14,,187598,19,,,0,55,,187599,19,,,0,15,,187600,19,,,0,14,,187601,19,,,0,12,,187602,19,,,0,12,,187603,19,,,0,52,,187604,19,,,0,12,,187605,19,,,0,12,,187606,19,,,0,12,,187607,19,,,0,12,,187608,19,,,0,52,,187609,19,,,0,12,,187610,19,,,0,12,,187611,19,,,0,12,,187612,19,,,0,13,,187613,19,,,0,53,,187614,19,,,0,13,,187615,19,,,0,12,,187616,19,,,0,12,,187617,19,,,0,12,,187618,19,,,0,53,,187619,19,,,0,14,,187620,19,,,0,15,,187621,19,,,0,15,,187622,19,,,0,55,,187623,19,,,0,15,,187624,19,,,0,15,,187625,19,,,0,15,,187626,19,,,0,55,,187627,19,,,0,15,,187628,19,,,0,15,,187629,19,,,0,20,,187630,19,,,0,59,,187631,19,,,0,19,,187632,19,,,0,19,,187633,19,0,10,0,59,,187634,19,0,10,0,19,,187635,19,0,10,0,20,,187636,19,0,10,0,60,,187637,19,0,10,0,24,,187638,19,0,10,0,66,,187639,19,0,10,0,20,,187640,19,0,10,0,19,,187641,19,0,10,0,59,,187642,19,0,10,0,23,,187643,19,0,10,0,19,,187644,19,0,10,0,65,,187645,19,0,10,0
661700,'1',535,,189191,24,,,0,68,,189192,24,,,0,18,,189193,24,,,0,15,,189194,24,,,0,12,,189195,24,,,0,52,,189196,24,,,0,12,,189197,24,,,0,12,,189198,24,,,0,11,,189199,24,,,0,10,,189200,24,,,0,10,,189201,24,,,0,50,,189202,24,,,0,12,,189203,24,,,0,12,,189204,24,,,0,12,,189205,24,,,0,12,,189206,24,,,0,55,,189207,24,,,0,15,,189208,24,,,0,14,,189209,24,,,0,14,,189210,24,,,0,55,,189211,24,,,0,15,,189212,24,,,0,15,,189213,24,,,0,15,,189214,24,,,0,55,,189215,24,,,0,15,,189216,24,,,0,14,,189217,24,,,0,15,,189218,24,,,0,56,,189219,24,,,0,15,,189220,24,,,0,15,,189221,24,,,0,15,,189222,24,,,0,55,,189223,24,,,0,15,,189224,24,,,0,15,,189225,24,,,0,15,,189226,24,,,0,55,,189227,24,,,0,15,,189228,24,,,0,12,,189229,24,,,0,12,,189230,24,,,0,12,,189231,24,,,0,52,,189232,24,,,0,12,,189233,24,,,0,12,,189234,24,,,0,12,,189235,24,,,0,12,,189236,24,,,0,52,,189237,24,,,0,12,,189238,24,,,0,13,,189239,24,,,0,12,,189240,24,,,0,13,,189241,24,,,0,55,,189242,24,,,0,15,,189243,24,,,0,20,,189244,24,,,0,60,,189245,24,,,0,19,,189246,24,,,0,20,,189247,24,,,0,61,,189248,24,,,0,21,,189249,24,,,0,21,,189250,24,,,0,62,,189251,24,,,0,20,,189252,24,,,0
661700,'152201',2053,,189167,24,,,0,60,,189168,24,,,0,20,,189169,24,,,0,20,,189170,24,,,0,60,,189171,24,,,0,20,,189172,24,,,0,20,,189173,24,,,0,62,,189174,24,,,0,20,,189175,24,,,0,19,,189176,24,,,0,63,,189177,24,,,0,37,,189178,24,,,0
661700,'152301',2053,,189179,24,,,0,60,,189180,24,,,0,20,,189181,24,,,0,20,,189182,24,,,0,60,,189183,24,,,0,20,,189184,24,,,0,20,,189185,24,,,0,62,,189186,24,,,0,20,,189187,24,,,0,19,,189188,24,,,0,63,,189189,24,,,0,37,,189190,24,,,0
661700,'2',607,,189255,24,,,0,20,,189256,24,,,0,20,,189257,24,,,0,60,,189258,24,,,0,20,,189259,24,,,0,20,,189260,24,,,0,60,,189261,24,,,0,15,,189262,24,,,0,15,,189263,24,,,0,15,,189264,24,,,0,54,,189265,24,,,0,15,,189266,24,,,0,14,,189267,24,,,0,15,,189268,24,,,0,55,,189269,24,,,0,15,,189270,24,,,0,15,,189271,24,,,0,15,,189272,24,,,0,55,,189273,24,,,0,15,,189274,24,,,0,14,,189275,24,,,0,15,,189276,24,,,0,55,,189277,24,,,0,15,,189278,24,,,0,16,,189279,24,,,0,16,,189280,24,,,0,56,,189281,24,,,0,16,,189282,24,,,0,15,,189283,24,,,0,15,,189284,24,,,0,55,,189285,24,,,0,16,,189286,24,,,0,15,,189287,24,,,0,15,,189288,24,,,0,52,,189289,24,,,0,12,,189290,24,,,0,12,,189291,24,,,0,13,,189292,24,,,0,13,,189293,24,,,0,53,,189294,24,,,0,13,,189295,24,,,0,12,,189296,24,,,0,12,,189297,24,,,0,13,,189298,24,,,0,52,,189299,24,,,0,12,,189300,24,,,0,12,,189301,24,,,0,12,,189302,24,,,0,53,,189303,24,,,0,15,,189304,24,,,0,15,,189305,24,,,0,15,,189306,24,,,0,55,,189307,24,,,0,15,,189308,24,,,0,15,,189309,24,,,0,15,,189310,24,,,0,60,,189311,24,,,0,20,,189312,24,,,0,22,,189313,24,,,0,60,,189314,24,,,0,21,,189315,24,,,0,20,,189316,24,,,0,61,,189317,24,,,0,20,,189318,24,,,0,21,,189319,24,,,0,61,,189320,24,,,0,20,,189321,24,,,0,16,,189322,24,,,0,75,,189323,24,,,0,32,,189324,24,,,0
661700,'3',601,,189325,24,,,0,30,,189326,24,,,0,70,,189327,24,,,0,29,,189328,24,,,0,72,,189329,24,,,0,33,,189330,24,,,0,66,,189331,24,,,0,20,,189332,24,,,0,22,,189333,24,,,0,61,,189334,24,,,0,22,,189335,24,,,0,20,,189336,24,,,0,54,,189337,24,,,0,15,,189338,24,,,0,15,,189339,24,,,0,14,,189340,24,,,0,15,,189341,24,,,0,55,,189342,24,,,0,14,,189343,24,,,0,15,,189344,24,,,0,15,,189345,24,,,0,54,,189346,24,,,0,14,,189347,24,,,0,15,,189348,24,,,0,15,,189349,24,,,0,55,,189350,24,,,0,15,,189351,24,,,0,15,,189352,24,,,0,15,,189353,24,,,0,55,,189354,24,,,0,15,,189355,24,,,0,15,,189356,24,,,0,15,,189357,24,,,0,55,,189358,24,,,0,15,,189359,24,,,0,15,,189360,24,,,0,15,,189361,24,,,0,55,,189362,24,,,0,14,,189363,24,,,0,16,,189364,24,,,0,15,,189365,24,,,0,60,,189366,24,,,0,20,,189367,24,,,0,20,,189368,24,,,0,60,,189369,24,,,0,20,,189370,24,,,0,18,,189371,24,,,0,60,,189372,24,,,0,20,,189373,24,,,0,21,,189374,24,,,0,60,,189375,24,,,0,20,,189376,24,,,0,21,,189377,24,,,0,60,,189378,24,,,0,20,,189379,24,,,0,20,,189380,24,,,0,60,,189381,24,,,0,20,,189382,24,,,0,17,,189383,24,,,0,73,,189384,24,,,0,28,,189385,24,,,0
663500,'1',716,,196638,8,0,10,0,27,,196590,8,0,10,0,60,,196591,8,0,10,0,14,,196632,8,0,10,0,11,,196592,8,0,10,0,12,,196635,8,0,10,0,5,,196610,8,0,10,0,7,,196611,8,0,10,0,48,,196612,8,0,10,0,9,,196613,8,0,10,0,9,,196634,8,0,10,0,8,,196614,8,0,10,0,8,,196615,8,0,10,0,9,,196616,8,0,10,0,7,,196637,8,0,10,0,8,,196617,8,0,10,0,49,,196618,8,0,10,0,10,,196633,8,0,10,0,11,,196619,8,0,10,0,9,,196620,8,0,10,0,11,,196636,8,0,10,0,56,,196631,8,0,10,0,21,,196621,8,0,10,0,28,,196622,8,0,10,0,67,,196623,8,0,10,0,32,,196624,8,0,10,0,71,,196625,8,0,10,0,28,,196626,8,0,10,0,72,,196627,8,0,10,0,27,,196628,8,0,10,0,69,,196595,8,0,10,0,8,,196640,8,,,0,8,,196639,8,0,10,0,12,,196596,8,0,10,0,12,,196597,8,0,10,0,51,,196598,8,0,10,0,11,,196599,8,0,10,0,3,,196641,8,,,0,18,,196600,8,0,10,0,11,,196601,8,0,10,0,55,,196602,8,0,10,0,12,,196603,8,0,10,0,8,,196642,8,,,0,2,,196604,8,0,10,0,16,,196605,8,0,10,0,13,,196606,8,0,10,0,51,,196607,8,0,10,0,10,,196608,8,0,10,0,11,,196609,8,0,10,0,12,,196629,8,0,10,0,12,,196593,8,0,10,0,57,,196630,8,0,10,0,22,,196594,8,0,10,0
663800,'1',612,,197856,8,,,0,19,,197857,8,,,0,19,,197858,8,,,0,55,,197859,8,,,0,15,,197860,8,,,0,15,,197834,8,,,0,13,,197829,8,,,0,52,,197846,8,,,0,12,,197809,8,,,0,12,,197830,8,,,0,13,,197847,8,,,0,14,,197835,8,,,0,54,,197865,8,,,0,15,,197864,8,,,0,15,,197836,8,,,0,15,,197866,8,,,0,54,,197813,8,,,0,15,,197837,8,,,0,14,,197843,8,,,0,15,,197814,8,,,0,55,,197868,8,,,0,15,,197815,8,,,0,15,,197831,8,,,0,15,,197816,8,,,0,54,,197869,8,,,0,15,,197838,8,,,0,15,,197832,8,,,0,15,,197817,8,,,0,55,,197870,8,,,0,15,,197839,8,,,0,15,,197867,8,,,0,15,,197818,8,,,0,54,,197872,8,,,0,15,,197840,8,,,0,15,,197873,8,,,0,15,,197819,8,,,0,55,,197874,8,,,0,12,,197820,8,,,0,12,,197821,8,,,0,11,,197861,8,,,0,13,,197822,8,,,0,52,,197841,8,,,0,12,,197810,8,,,0,13,,197845,8,,,0,13,,197823,8,,,0,13,,197871,8,,,0,52,,197833,8,,,0,12,,197824,8,,,0,13,,197842,8,,,0,12,,197825,8,,,0,12,,197828,8,,,0,52,,197826,8,,,0,14,,197808,8,,,0,13,,197844,8,,,0,15,,197827,8,,,0,54,,197862,8,,,0,14,,197863,8,,,0,16,,197848,8,,,0,15,,197849,8,,,0,59,,197850,8,,,0,20,,197851,8,,,0,20,,197852,8,,,0,60,,197853,8,,,0,20,,197854,8,,,0,20,,197855,8,,,0,69,,197811,8,,,0,37,,197812,8,,,0
663800,'2',719,,197895,8,,,0,31,,197890,8,,,0,68,,197889,8,,,0,29,,197898,8,,,0,70,,197888,8,,,0,25,,197887,8,,,0,60,,197897,8,,,0,20,,197900,8,,,0,19,,197879,8,,,0,60,,197878,8,,,0,17,,197877,8,,,0,15,,197876,8,,,0,15,,197915,8,,,0,55,,197875,8,,,0,15,,197896,8,,,0,12,,197886,8,,,0,12,,197916,8,,,0,12,,197922,8,,,0,52,,197885,8,,,0,12,,197923,8,,,0,12,,197884,8,,,0,12,,197924,8,,,0,12,,197917,8,,,0,51,,197883,8,,,0,10,,197925,8,,,0,10,,197927,8,,,0,11,,197882,8,,,0,11,,197926,8,,,0,11,,197918,8,,,0,51,,197881,8,,,0,10,,197913,8,,,0,10,,197893,8,,,0,10,,197880,8,,,0,12,,197919,8,,,0,52,,197912,8,,,0,12,,197911,8,,,0,13,,197892,8,,,0,13,,197910,8,,,0,12,,197909,8,,,0,52,,197908,8,,,0,12,,197920,8,,,0,12,,197901,8,,,0,12,,197907,8,,,0,14,,197906,8,,,0,55,,197891,8,,,0,15,,197899,8,,,0,18,,197921,8,,,0,62,,197914,8,,,0,21,,197905,8,,,0,21,,197904,8,,,0,70,,197903,8,,,0,30,,197902,8,,,0,70,,197894,8,,,0
663800,'3',815,,197928,8,,,0,30,,197929,8,,,0,70,,197931,8,,,0,30,,197930,8,,,0,60,,197932,8,,,0,20,,197933,8,,,0,20,,197934,8,,,0,60,,197935,8,,,0,19,,197936,8,,,0,20,,197937,8,,,0,61,,197938,8,,,0,20,,197939,8,,,0,20,,197940,8,,,0,60,,197941,8,,,0,19,,197942,8,,,0,20,,197943,8,,,0,60,,197944,8,,,0,20,,197945,8,,,0,20,,197946,8,,,0,60,,197947,8,,,0,20,,197948,8,,,0,20,,197949,8,,,0,60,,197950,8,,,0,20,,197951,8,,,0,20,,197952,8,,,0,60,,197953,8,,,0,20,,197954,8,,,0,21,,197955,8,,,0,60,,197956,8,,,0,19,,197957,8,,,0,21,,197958,8,,,0,70,,197959,8,,,0,30,,197960,8,,,0,70,,197961,8,,,0,30,,197962,8,,,0,70,,197963,8,,,0
1671800,'1',314,,227606,27,0,10,0,30,,227607,27,0,10,0,78,,227608,27,0,10,0,32,,227575,27,,,0,78,,227577,27,,,0,4,,227571,23,,,0,13,,227572,27,,,0,53,,227578,23,,,0,13,,227579,27,,,0,14,,227580,27,,,0,15,,227581,27,,,0,14,,227582,27,,,0,53,,227569,27,,,0,14,,227570,27,,,0,14,,227586,27,,,0,14,,227587,27,,,0,53,,227588,27,,,0,13,,227589,27,,,0,13,,227590,27,,,0,13,,227591,27,,,0,13,,227592,27,,,0,54,,227593,27,,,0,13,,227594,27,,,0,14,,227595,27,,,0,15,,227596,27,,,0,55,,227597,27,,,0,15,,227598,27,,,0,15,,227599,27,,,0,15,,227600,27,,,0,55,,227601,27,,,0,15,,227602,27,,,0,16,,227603,27,,,0,16,,227604,27,,,0,55,,227605,27,,,0,15,,227583,27,,,0,15,,227584,27,,,0,15,,227585,27,,,0,55,,227562,27,,,0,15,,227563,27,,,0,15,,227564,27,,,0,16,,227534,27,,,0,55,,227535,27,,,0,14,,227536,27,,,0,8,,227537,27,,,0,8,,227574,27,,,0,14,,227538,27,,,0,55,,227539,27,,,0,15,,227540,27,,,0,13,,227541,27,,,0,12,,227542,27,,,0,50,,227612,27,,,0,10,,227543,27,,,0,10,,227544,27,,,0,10,,227545,27,,,0,10,,227546,27,,,0,10,,227547,27,,,0,50,,227548,27,,,0,9,,227549,27,,,0,9,,227550,27,,,0,9,,227611,27,,,0,9,,227551,27,,,0,9,,227552,27,,,0,10,,227553,27,,,0,50,,227554,27,,,0,12,,227555,27,,,0,13,,227556,27,,,0,12,,227557,27,,,0,12,,227558,27,,,0,52,,227559,27,0,10,0,15,,227560,27,0,10,0,15,,227561,27,0,10,0,15,,227565,27,0,10,0,55,,227566,27,0,10,0,15,,227568,27,0,10,0,17,,227567,27,0,10,0
1671800,'152201',2055,,227505,27,0,10,0,56,,227506,27,0,10,0,15,,227507,27,0,10,0,15,,227508,27,0,10,0,16,,227509,27,0,10,0,60,,227510,27,0,10,0,21,,227511,27,0,10,0,20,,227512,27,0,10,0,60,,227513,27,0,10,0,30,,227514,27,0,10,0,56,,227504,27,0,10,0,15,,227515,27,0,10,0,15,,227518,27,0,10,0,15,,227516,27,0,10,0,70,,227517,27,0,10,0
1671800,'152301',2055,,227521,27,0,10,0,56,,227522,27,0,10,0,15,,227523,27,0,10,0,15,,227524,27,0,10,0,16,,227525,27,0,10,0,60,,227526,27,0,10,0,21,,227527,27,0,10,0,20,,227528,27,0,10,0,60,,227529,27,0,10,0,30,,227530,27,0,10,0,56,,227519,27,0,10,0,15,,227531,27,0,10,0,15,,227520,27,0,10,0,15,,227532,27,0,10,0,70,,227533,27,0,10,0
1671800,'2',315,,227710,27,0,10,0,30,,227711,27,0,10,0,78,,227706,27,0,10,0,30,,227641,27,,,0,81,,227672,27,,,0,21,,227673,27,,,0,55,,227650,27,,,0,16,,227651,27,,,0,19,,227652,27,,,0,60,,227653,27,,,0,15,,227654,27,,,0,14,,227655,27,,,0,14,,227656,27,,,0,53,,227658,27,,,0,12,,227659,27,,,0,14,,227660,27,,,0,15,,227661,27,,,0,15,,227662,27,,,0,55,,227663,27,,,0,14,,227664,27,,,0,15,,227665,27,,,0,15,,227666,27,,,0,55,,227667,27,,,0,15,,227668,27,,,0,15,,227669,27,,,0,13,,227670,27,,,0,52,,227671,27,,,0,12,,227657,27,,,0,12,,227642,27,,,0,12,,227674,27,,,0,13,,227675,27,,,0,52,,227676,27,,,0,13,,227677,27,,,0,11,,227643,27,,,0,10,,227678,27,,,0,11,,227679,27,,,0,50,,227680,27,,,0,10,,227681,27,,,0,10,,227682,27,,,0,9,,227644,27,,,0,10,,227683,27,,,0,10,,227684,27,,,0,50,,227685,27,,,0,10,,227686,27,,,0,11,,227687,27,,,0,11,,227645,27,,,0,11,,227688,27,,,0,10,,227689,27,,,0,50,,227690,27,,,0,10,,227691,27,,,0,10,,227692,27,,,0,10,,227646,27,,,0,10,,227693,27,,,0,10,,227694,27,,,0,50,,227696,27,,,0,10,,227697,27,,,0,10,,227698,27,,,0,10,,227647,27,,,0,9,,227699,27,,,0,10,,227700,27,,,0,50,,227695,27,,,0,9,,227701,27,,,0,10,,227702,27,,,0,10,,227648,27,,,0,10,,227703,27,,,0,11,,227704,27,,,0,52,,227705,27,,,0,12,,227613,27,,,0,12,,227614,27,,,0,12,,227615,27,,,0,13,,227616,27,,,0,53,,227617,27,0,10,0,15,,227618,27,0,10,0,15,,227619,27,0,10,0,15,,227620,27,0,10,0,56,,227621,27,0,10,0,15,,227622,27,0,10,0,14,,227623,27,0,10,0,14,,227624,27,0,10,0,56,,227625,27,0,10,0,15,,227626,27,0,10,0,15,,227627,27,0,10,0,20,,227636,27,0,10,0,60,,227628,27,0,10,0,20,,227629,27,0,10,0,20,,227630,27,0,10,0,61,,227631,27,0,10,0,24,,227632,27,0,10,0,71,,227633,27,0,10,0,30,,227634,27,0,10,0,71,,227635,27,0,10,0
1671800,'3',314,,227796,27,0,10,0,30,,227797,27,0,10,0,76,,227794,27,0,10,0,30,,227795,27,0,10,0,78,,227790,27,,,0,22,,227731,27,,,0,60,,227737,27,,,0,21,,227738,27,,,0,25,,227791,27,,,0,60,,227739,27,,,0,14,,227741,27,,,0,15,,227714,27,,,0,14,,227740,27,,,0,52,,227742,27,,,0,13,,227743,27,,,0,14,,227744,27,,,0,15,,227745,27,,,0,55,,227746,27,,,0,16,,227747,27,,,0,16,,227748,27,,,0,16,,227749,27,,,0,56,,227750,27,,,0,16,,227751,27,,,0,16,,227752,27,,,0,13,,227753,27,,,0,54,,227754,27,,,0,13,,227755,27,,,0,14,,227775,27,,,0,13,,227756,27,,,0,53,,227757,27,,,0,13,,227758,27,,,0,12,,227715,27,,,0,11,,227759,27,,,0,12,,227760,27,,,0,52,,227761,27,,,0,12,,227762,27,,,0,12,,227716,27,,,0,13,,227763,27,,,0,12,,227764,27,,,0,53,,227765,27,,,0,12,,227766,27,,,0,12,,227727,27,,,0,13,,227767,27,,,0,12,,227768,27,,,0,53,,227769,27,,,0,12,,227770,27,,,0,12,,227728,27,,,0,12,,227771,27,,,0,11,,227772,27,,,0,52,,227773,27,,,0,12,,227736,27,,,0,11,,227729,27,,,0,11,,227774,27,,,0,12,,227732,27,,,0,52,,227733,27,,,0,12,,227734,27,,,0,12,,227730,27,,,0,12,,227717,27,,,0,14,,227718,27,,,0,54,,227719,27,,,0,14,,227720,27,,,0,15,,227721,27,,,0,15,,227722,27,,,0,56,,227723,27,0,10,0,15,,227724,27,0,10,0,16,,227725,27,0,10,0,15,,227726,27,0,10,0,55,,227735,27,0,10,0,15,,227793,27,0,10,0,15,,227777,27,0,10,0,17,,227778,27,0,10,0,55,,227779,27,0,10,0,15,,227780,27,0,10,0,15,,227792,27,0,10,0,59,,227781,27,0,10,0,20,,227782,27,0,10,0,20,,227783,27,0,10,0,61,,227784,27,0,10,0,21,,227785,27,0,10,0,24,,227786,27,0,10,0,70,,227787,27,0,10,0,30,,227788,27,0,10,0,70,,227789,27,0,10,0
