666701,'1',447,,206036,10,,,0,58,,206076,10,,,0,22,,206009,10,,,0,20,,206010,10,,,0,61,,206011,10,,,0,15,,206012,10,,,0,12,,206013,10,,,0,8,,206014,10,,,0,9,,206015,10,,,0,54,,206080,10,,,0,14,,206081,10,,,0,17,,206016,10,,,0,11,,206017,10,,,0,60,,206018,10,,,0,33,,206019,10,,,0,15,,206020,10,,,0,55,,206021,10,,,0,14,,206079,10,,,0,17,,206037,10,,,0,13,,206038,10,,,0,55,,206075,10,,,0,15,,206022,10,,,0,15,,206023,10,,,0,15,,206024,10,,,0,55,,206025,10,,,0,14,,206026,10,,,0,15,,206027,10,,,0,15,,206028,10,,,0,55,,206078,10,,,0,15,,206039,10,,,0,15,,206040,10,,,0,17,,206074,10,,,0,55,,206029,10,,,0,17,,206030,10,,,0,14,,206031,10,,,0,15,,206032,10,,,0,56,,206033,10,,,0,16,,206034,10,,,0,14,,206035,10,,,0,15,,206077,10,,,0,56,,206041,10,,,0,13,,206042,10,,,0,16,,206073,10,,,0,14,,206043,10,,,0,54,,206044,10,,,0,16,,206045,10,,,0,15,,206046,10,,,0,14,,206047,10,,,0,55,,206048,10,,,0,11,,206049,10,,,0,19,,206050,10,,,0,15,,206072,10,,,0,55,,206057,10,,,0,15,,206069,10,,,0,14,,206070,10,,,0,15,,206051,10,,,0,55,,206052,10,,,0,15,,206053,10,,,0,15,,206054,10,,,0,15,,206055,10,,,0,55,,206056,10,,,0,17,,206071,10,,,0,17,,206058,10,,,0,59,,206068,10,,,0,19,,206059,10,,,0,26,,206060,10,,,0,72,,206061,10,,,0,32,,206062,10,,,0,72,,206063,10,,,0,30,,206064,10,,,0,68,,206065,10,,,0,30,,206066,10,,,0,70,,206067,10,,,0
666701,'101',825,,206008,10,,,0
666701,'2',557,,206091,10,,,0,69,,206092,10,,,0,20,,206109,10,,,0,61,,206110,10,,,0,19,,206106,10,,,0,15,,206111,10,,,0,16,,206112,10,,,0,55,,206113,10,,,0,15,,206114,10,,,0,11,,206115,10,,,0,8,,206083,10,,,0,12,,206116,10,,,0,56,,206117,10,,,0,14,,206118,10,,,0,13,,206119,10,,,0,16,,206120,10,,,0,57,,206121,10,,,0,16,,206122,10,,,0,16,,206123,10,,,0,56,,206124,10,,,0,10,,206126,10,,,0,15,,206127,10,,,0,16,,206128,10,,,0,15,,206125,10,,,0,57,,206129,10,,,0,14,,206105,10,,,0,13,,206130,10,,,0,16,,206131,10,,,0,54,,206132,10,,,0,15,,206134,10,,,0,16,,206135,10,,,0,15,,206136,10,,,0,57,,206137,10,,,0,15,,206138,10,,,0,17,,206139,10,,,0,55,,206140,10,,,0,16,,206141,10,,,0,15,,206142,10,,,0,12,,206143,10,,,0,55,,206144,10,,,0,15,,206145,10,,,0,15,,206146,10,,,0,14,,206147,10,,,0,15,,206148,10,,,0,55,,206149,10,,,0,15,,206084,10,,,0,15,,206085,10,,,0,64,,206086,10,,,0,14,,206087,10,,,0,11,,206108,10,,,0,14,,206088,10,,,0,55,,206089,10,,,0,15,,206107,10,,,0,14,,206090,10,,,0,17,,206094,10,,,0,60,,206093,10,,,0,19,,206095,10,,,0,21,,206096,10,,,0,72,,206133,10,,,0,33,,206097,10,,,0,72,,206098,10,,,0,75,,206099,10,,,0,27,,206100,10,,,0,29,,206101,10,,,0,73,,206102,10,,,0,30,,206103,10,,,0,65,,206104,10,,,0
666701,'201',825,,206082,10,,,0
666701,'3',707,,206165,10,,,0,20,,206166,10,,,0,17,,206151,10,,,0,56,,206167,10,,,0,15,,206168,10,,,0,14,,206164,10,,,0,13,,206150,10,,,0,13,,206169,10,,,0,52,,206170,10,,,0,12,,206171,10,,,0,9,,206172,10,,,0,11,,206173,10,,,0,19,,206174,10,,,0,55,,206175,10,,,0,15,,206176,10,,,0,14,,206177,10,,,0,17,,206178,10,,,0,55,,206179,10,,,0,15,,206180,10,,,0,15,,206159,10,,,0,15,,206160,10,,,0,56,,206161,10,,,0,16,,206181,10,,,0,14,,206182,10,,,0,55,,206183,10,,,0,14,,206184,10,,,0,15,,206185,10,,,0,15,,206186,10,,,0,14,,206187,10,,,0,57,,206188,10,,,0,13,,206189,10,,,0,18,,206190,10,,,0,56,,206158,10,,,0,15,,206191,10,,,0,14,,206192,10,,,0,15,,206193,10,,,0,55,,206194,10,,,0,14,,206195,10,,,0,16,,206196,10,,,0,18,,206197,10,,,0,54,,206198,10,,,0,11,,206199,10,,,0,16,,206200,10,,,0,14,,206201,10,,,0,56,,206202,10,,,0,16,,206203,10,,,0,15,,206163,10,,,0,16,,206204,10,,,0,12,,206205,10,,,0,55,,206162,10,,,0,15,,206206,10,,,0,15,,206207,10,,,0,60,,206208,10,,,0,21,,206209,10,,,0,26,,206210,10,,,0,73,,206211,10,,,0,28,,206152,10,,,0,75,,206153,10,,,0,31,,206154,10,,,0,66,,206155,10,,,0,30,,206156,10,,,0,68,,206157,10,,,0
684101,'1',334,,225278,3,,,0,69,,225277,3,,,0,12,,225276,3,,,0,2007,,225280,3,,,0,30,,225274,3,,,0,75,,225273,3,,,0,30,,225272,3,,,0,70,,225275,3,,,0,75,,225279,3,,,0
684101,'2',329,,225281,3,,,0,72,,225286,3,,,0,30,,225287,3,,,0,28,,225288,3,,,0,68,,225285,3,,,0,1890,,225290,3,,,0,35,,225282,3,,,0,77,,225289,3,,,0,21,,225283,3,,,0,69,,225284,3,,,0,38,,225291,3,,,0
684101,'3',335,,225300,3,,,0,68,,225302,3,,,0,28,,225299,3,,,0,70,,225298,3,,,0,13,,225305,3,,,0,15,,225295,3,,,0,13,,225306,3,,,0,15,,225297,3,,,0,1795,,225303,3,,,0,71,,225304,3,,,0,30,,225292,3,,,0,67,,225293,3,,,0,30,,225294,3,,,0,78,,225296,3,,,0,30,,225301,3,,,0
2263800,'1',504,,229181,3,,,0,30,,229182,3,,,0,71,,229183,3,,,0,11,,229184,3,,,0,14,,229185,3,,,0,17,,229186,3,,,0,53,,229187,3,,,0,16,,229188,3,,,0,9,,229189,3,,,0,20,,229190,3,,,0,63,,229191,3,,,0,18,,229192,3,,,0,25,,229158,3,,,0,66,,229159,3,,,0,30,,229160,3,,,0,70,,229161,3,,,0,30,,229162,3,,,0,70,,229163,3,,,0,30,,229164,3,,,0,70,,229165,3,,,0,30,,229166,3,,,0,71,,229167,3,,,0,32,,229168,3,,,0,67,,229169,3,,,0,28,,229170,3,,,0,71,,229171,3,,,0,17,,229172,3,,,0,25,,229201,3,,,0,59,,229173,3,,,0,12,,229174,3,,,0,15,,229149,3,,,0,14,,229179,3,,,0,54,,229180,3,,,0,17,,229150,3,,,0,21,,229178,3,,,0,63,,229200,3,,,0,19,,229152,3,,,0,24,,229199,3,,,0,66,,229193,3,,,0,22,,229151,3,,,0,74,,229175,3,,,0,26,,229176,3,,,0,71,,229177,3,,,0,32,,229153,3,,,0,68,,229197,3,,,0,28,,229198,3,,,0,71,,229154,3,,,0,32,,229196,3,,,0,70,,229155,3,,,0,30,,229195,3,,,0,70,,229156,3,,,0,30,,229194,3,,,0,70,,229157,3,,,0
2263800,'101',722,,229148,3,,,0,826,,229147,3,,,0
2263800,'2',601,,229203,3,,,0,20,,229204,3,,,0,30,,229205,3,,,0,70,,229206,3,,,0,30,,229207,3,,,0,70,,229208,3,,,0,30,,229209,3,,,0,71,,229210,3,,,0,30,,229211,3,,,0,70,,229212,3,,,0,30,,229213,3,,,0,70,,229214,3,,,0,30,,229215,3,,,0,70,,229216,3,,,0,30,,229217,3,,,0,70,,229218,3,,,0,30,,229219,3,,,0,70,,229220,3,,,0,30,,229221,3,,,0,70,,229222,3,,,0,30,,229223,3,,,0,70,,229224,3,,,0,30,,229225,3,,,0,70,,229226,3,,,0,30,,229227,3,,,0,65,,229228,3,,,0,30,,229229,3,,,0,70,,229230,3,,,0,30,,229231,3,,,0,70,,229232,3,,,0,30,,229233,3,,,0,69,,229234,3,,,0,30,,229235,3,,,0,70,,229236,3,,,0,30,,229237,3,,,0,70,,229238,3,,,0,30,,229239,3,,,0,90,,229240,3,,,0,67,,229241,3,,,0,43,,229242,3,,,0,70,,229243,3,,,0
2263800,'201',1548,,229202,3,,,0
2263800,'3',631,,229256,3,,,0,70,,229247,3,,,0,30,,229257,3,,,0,70,,229258,3,,,0,30,,229259,3,,,0,70,,229260,3,,,0,30,,229261,3,,,0,71,,229263,3,,,0,30,,229264,3,,,0,70,,229262,3,,,0,30,,229265,3,,,0,70,,229266,3,,,0,30,,229267,3,,,0,70,,229268,3,,,0,30,,229269,3,,,0,70,,229270,3,,,0,30,,229271,3,,,0,70,,229272,3,,,0,30,,229273,3,,,0,70,,229274,3,,,0,30,,229275,3,,,0,70,,229276,3,,,0,30,,229277,3,,,0,70,,229278,3,,,0,30,,229279,3,,,0,70,,229280,3,,,0,30,,229281,3,,,0,70,,229244,3,,,0,29,,229245,3,,,0,72,,229246,3,,,0,31,,229248,3,,,0,77,,229249,3,,,0,31,,229250,3,,,0,70,,229251,3,,,0,25,,229252,3,,,0,69,,229253,3,,,0,30,,229254,3,,,0,70,,229255,3,,,0
3004601,'1',442,,232239,3,,,0,62,,232240,3,,,0,20,,232241,3,,,0,18,,232242,3,,,0,15,,232243,3,,,0,54,,232225,3,,,0,16,,232244,3,,,0,12,,232245,3,,,0,16,,232246,3,,,0,51,,232247,3,,,0,19,,232226,3,,,0,10,,232276,3,,,0,14,,232255,3,,,0,53,,232256,3,,,0,22,,232257,3,,,0,19,,232258,3,,,0,70,,232259,3,,,0,30,,232260,3,,,0,70,,232261,3,,,0,30,,232262,3,,,0,71,,232263,3,,,0,29,,232264,3,,,0,71,,232265,3,,,0,30,,232266,3,,,0,70,,232267,3,,,0,30,,232268,3,,,0,71,,232269,3,,,0,30,,232270,3,,,0,59,,232223,3,,,0,20,,232274,3,,,0,81,,232275,3,,,0,33,,232248,3,,,0,12,,232249,3,,,0,53,,232250,3,,,0,15,,232251,3,,,0,15,,232252,3,,,0,15,,232253,3,,,0,61,,232254,3,,,0,21,,232224,3,,,0,26,,232272,3,,,0,57,,232273,3,,,0,30,,232227,3,,,0,69,,232228,3,,,0,30,,232271,3,,,0,70,,232229,3,,,0,30,,232230,3,,,0,70,,232238,3,,,0,30,,232231,3,,,0,70,,232232,3,,,0,30,,232237,3,,,0,70,,232233,3,,,0,30,,232234,3,,,0,70,,232236,3,,,0,30,,232235,3,,,0
3004601,'101',1544,,232222,3,,,0,77,,232221,3,,,0
3004601,'2',522,,232316,3,,,0,30,,232291,3,,,0,70,,232317,3,,,0,30,,232318,3,,,0,70,,232319,3,,,0,30,,232279,3,,,0,70,,232280,3,,,0,30,,232281,3,,,0,70,,232282,3,,,0,30,,232283,3,,,0,71,,232284,3,,,0,30,,232285,3,,,0,70,,232286,3,,,0,30,,232287,3,,,0,70,,232288,3,,,0,30,,232289,3,,,0,70,,232290,3,,,0,30,,232292,3,,,0,70,,232293,3,,,0,30,,232294,3,,,0,70,,232295,3,,,0,30,,232296,3,,,0,70,,232297,3,,,0,30,,232298,3,,,0,70,,232299,3,,,0,30,,232300,3,,,0,70,,232301,3,,,0,30,,232302,3,,,0,70,,232303,3,,,0,29,,232304,3,,,0,70,,232305,3,,,0,32,,232306,3,,,0,69,,232307,3,,,0,29,,232308,3,,,0,71,,232309,3,,,0,29,,232310,3,,,0,70,,232311,3,,,0,30,,232312,3,,,0,70,,232313,3,,,0,30,,232314,3,,,0,70,,232315,3,,,0
3004601,'201',1544,,232278,3,,,0,77,,232277,3,,,0
3004601,'3',522,,232321,3,,,0,30,,232322,3,,,0,70,,232323,3,,,0,30,,232324,3,,,0,70,,232325,3,,,0,30,,232326,3,,,0,70,,232327,3,,,0,30,,232328,3,,,0,70,,232329,3,,,0,30,,232330,3,,,0,70,,232331,3,,,0,30,,232332,3,,,0,70,,232333,3,,,0,31,,232320,3,,,0,70,,232334,3,,,0,30,,232335,3,,,0,70,,232336,3,,,0,30,,232337,3,,,0,70,,232338,3,,,0,30,,232339,3,,,0,70,,232340,3,,,0,30,,232341,3,,,0,73,,232342,3,,,0,27,,232343,3,,,0,73,,232344,3,,,0,27,,232345,3,,,0,70,,232346,3,,,0,30,,232347,3,,,0,69,,232348,3,,,0,30,,232349,3,,,0,70,,232350,3,,,0,30,,232351,3,,,0,70,,232352,3,,,0,30,,232353,3,,,0,70,,232354,3,,,0,30,,232355,3,,,0,70,,232356,3,,,0,30,,232357,3,,,0,70,,232358,3,,,0,30,,232359,3,,,0
3004900,'1',537,,232856,3,,,0,15,,232857,3,,,0,54,,232858,3,,,0,16,,232849,3,,,0,13,,232850,3,,,0,17,,232812,3,,,0,50,,232813,3,,,0,20,,232814,3,,,0,5,,232815,3,,,0,20,,232816,3,,,0,55,,232817,3,,,0,10,,232859,3,,,0,12,,232818,3,,,0,9,,232819,3,,,0,25,,232820,3,,,0,74,,232821,3,,,0,25,,232822,3,,,0,70,,232823,3,,,0,31,,232824,3,,,0,70,,232825,3,,,0,30,,232826,3,,,0,70,,232827,3,,,0,30,,232828,3,,,0,70,,232829,3,,,0,30,,232830,3,,,0,70,,232831,3,,,0,25,,232855,3,,,0,50,,232860,3,,,0,15,,232832,3,,,0,12,,232833,3,,,0,11,,232834,3,,,0,67,,232835,3,,,0,25,,232836,3,,,0,13,,232837,3,,,0,57,,232838,3,,,0,12,,232839,3,,,0,14,,232840,3,,,0,19,,232841,3,,,0,60,,232842,3,,,0,15,,232843,3,,,0,17,,232861,3,,,0,18,,232844,3,,,0,75,,232845,3,,,0,70,,232846,3,,,0,30,,232847,3,,,0,69,,232848,3,,,0,32,,232851,3,,,0,69,,232852,3,,,0,32,,232853,3,,,0,70,,232854,3,,,0
3004900,'101',1554,,232811,3,,,0,60,,232810,3,,,0
3004900,'2',539,,232876,3,,,0,68,,232878,3,,,0,30,,232879,3,,,0,70,,232880,3,,,0,30,,232881,3,,,0,70,,232882,3,,,0,30,,232883,3,,,0,70,,232884,3,,,0,30,,232864,3,,,0,65,,232869,3,,,0,35,,232877,3,,,0,66,,232894,3,,,0,30,,232885,3,,,0,70,,232886,3,,,0,30,,232887,3,,,0,70,,232888,3,,,0,30,,232889,3,,,0,70,,232890,3,,,0,30,,232891,3,,,0,70,,232892,3,,,0,29,,232893,3,,,0,71,,232895,3,,,0,20,,232900,3,,,0,20,,232865,3,,,0,60,,232866,3,,,0,20,,232901,3,,,0,20,,232867,3,,,0,60,,232868,3,,,0,20,,232902,3,,,0,20,,232870,3,,,0,62,,232871,3,,,0,19,,232903,3,,,0,18,,232872,3,,,0,60,,232873,3,,,0,30,,232874,3,,,0,70,,232875,3,,,0,30,,232896,3,,,0,70,,232897,3,,,0,30,,232898,3,,,0,70,,232899,3,,,0
3004900,'201',1554,,232863,3,,,0,60,,232862,3,,,0
3004900,'3',637,,232906,3,,,0,70,,232907,3,,,0,30,,232908,3,,,0,70,,232909,3,,,0,30,,232904,3,,,0,70,,232905,3,,,0,30,,232910,3,,,0,70,,232911,3,,,0,30,,232912,3,,,0,70,,232913,3,,,0,30,,232914,3,,,0,65,,232915,3,,,0,30,,232916,3,,,0,70,,232917,3,,,0,30,,232918,3,,,0,70,,232919,3,,,0,31,,232920,3,,,0,70,,232921,3,,,0,30,,232922,3,,,0,70,,232923,3,,,0,30,,232924,3,,,0,70,,232925,3,,,0,30,,232926,3,,,0,70,,232927,3,,,0,25,,232928,3,,,0,75,,232929,3,,,0,30,,232930,3,,,0,69,,232931,3,,,0,30,,232932,3,,,0,70,,232933,3,,,0,30,,232934,3,,,0,25,,232935,3,,,0,73,,232936,3,,,0,72,,232937,3,,,0
