674901,'1',413,,220660,22,,,0,30,,220688,22,,,0,60,,220689,36,,,0,33,,220690,36,,,0,9,,220691,22,,,0,62,,220649,36,,,0,9,,220692,22,,,0,24,,220693,36,,,0,9,,220694,36,,,0,61,,220695,36,,,0,8,,220656,36,,,0,19,,220696,36,,,0,12,,220697,36,,,0,60,,220698,36,,,0,16,,220699,36,,,0,15,,220700,22,,,0,16,,220701,36,,,0,55,,220702,36,,,0,14,,220703,22,,,0,14,,220657,36,,,0,15,,220704,22,,,0,57,,220705,36,,,0,13,,220706,22,,,0,15,,220707,36,,,0,15,,220708,22,,,0,55,,220709,36,,,0,8,,220710,23,,,0,17,,220711,36,,,0,17,,220712,22,,,0,56,,220713,36,,,0,15,,220714,22,,,0,15,,220715,36,,,0,15,,220716,22,,,0,55,,220717,36,,,0,14,,220718,22,,,0,18,,220719,36,,,0,15,,220720,22,,,0,55,,220721,36,,,0,17,,220678,22,,,0,14,,220679,36,,,0,61,,220655,36,,,0,25,,220680,36,,,0,24,,220681,36,,,0,65,,220682,23,,,0,5,,220683,36,,,0,17,,220684,36,,,0,16,,220685,36,,,0,55,,220686,36,,,0,17,,220687,36,,,0,16,,220651,36,,,0,10,,220654,36,,,0,53,,220676,36,,,0,14,,220663,36,,,0,14,,220664,36,,,0,18,,220665,36,,,0,52,,220666,36,,,0,15,,220667,36,,,0,14,,220668,36,,,0,15,,220658,36,,,0,57,,220650,36,,,0,14,,220662,36,,,0,15,,220669,36,,,0,70,,220670,36,,,0,30,,220671,36,,,0,16,,220672,23,,,0,57,,220652,36,,,0,21,,220677,36,,,0,21,,220661,23,,,0,59,,220673,36,,,0,24,,220674,36,,,0,70,,220653,36,,,0,30,,220675,36,,,0,70,,220659,36,,,0,28,,220722,36,,,0
674901,'101',1539,,220645,22,,,0,5,,220644,36,,,0,64,,220646,36,,,0
674901,'2',536,,220726,36,,,0,72,,220727,22,,,0,26,,220728,36,,,0,68,,220729,22,,,0,15,,220730,36,,,0,17,,220731,22,,,0,15,,220732,36,,,0,53,,220733,22,,,0,15,,220734,36,,,0,15,,220735,22,,,0,15,,220736,36,,,0,55,,220737,22,,,0,17,,220738,36,,,0,15,,220739,22,,,0,15,,220740,36,,,0,55,,220741,22,,,0,16,,220742,36,,,0,15,,220743,22,,,0,14,,220744,36,,,0,55,,220745,22,,,0,16,,220746,36,,,0,14,,220747,22,,,0,14,,220748,36,,,0,58,,220749,22,,,0,15,,220750,36,,,0,15,,220751,22,,,0,17,,220752,36,,,0,55,,220753,22,,,0,15,,220754,36,,,0,15,,220755,22,,,0,15,,220756,36,,,0,55,,220757,22,,,0,15,,220758,36,,,0,15,,220759,22,,,0,15,,220760,36,,,0,55,,220761,22,,,0,16,,220762,36,,,0,15,,220763,22,,,0,15,,220764,36,,,0,55,,220765,22,,,0,15,,220766,36,,,0,20,,220767,22,,,0,15,,220768,36,,,0,54,,220769,22,,,0,15,,220770,36,,,0,14,,220771,22,,,0,14,,220772,36,,,0,55,,220773,22,,,0,14,,220774,36,,,0,15,,220775,22,,,0,15,,220776,36,,,0,51,,220777,22,,,0,19,,220778,36,,,0,15,,220779,36,,,0,15,,220780,36,,,0,55,,220781,36,,,0,22,,220782,36,,,0,70,,220783,36,,,0,30,,220784,36,,,0,70,,220785,36,,,0,30,,220786,36,,,0,70,,220787,36,,,0,28,,220788,36,,,0,70,,220789,36,,,0,30,,220790,36,,,0,70,,220791,36,,,0,28,,220792,36,,,0
674901,'201',1539,,220724,22,,,0,5,,220723,36,,,0,64,,220725,36,,,0
674901,'3',633,,220826,22,,,0,70,,220818,22,,,0,30,,220817,36,,,0,69,,220816,36,,,0,15,,220815,22,,,0,15,,220814,36,,,0,15,,220851,22,,,0,57,,220850,36,,,0,15,,220849,22,,,0,15,,220848,36,,,0,15,,220847,22,,,0,55,,220846,36,,,0,18,,220845,22,,,0,14,,220844,36,,,0,15,,220801,22,,,0,55,,220800,36,,,0,16,,220843,22,,,0,13,,220842,36,,,0,17,,220841,22,,,0,55,,220840,36,,,0,16,,220839,22,,,0,15,,220838,36,,,0,12,,220837,22,,,0,58,,220836,36,,,0,14,,220835,22,,,0,14,,220834,36,,,0,17,,220833,22,,,0,54,,220832,36,,,0,16,,220813,22,,,0,14,,220812,36,,,0,17,,220811,22,,,0,5,,220810,36,,,0,64,,220809,22,,,0,14,,220808,36,,,0,17,,220807,22,,,0,53,,220806,36,,,0,17,,220805,22,,,0,13,,220804,36,,,0,15,,220803,22,,,0,55,,220825,36,,,0,14,,220824,22,,,0,14,,220823,36,,,0,14,,220822,22,,,0,57,,220821,36,,,0,14,,220820,22,,,0,16,,220819,36,,,0,13,,220802,22,,,0,55,,220799,36,,,0,16,,220798,22,,,0,14,,220797,36,,,0,15,,220795,22,,,0,54,,220796,36,,,0,17,,220794,22,,,0,15,,220793,36,,,0,15,,220855,22,,,0,60,,220854,36,,,0,30,,220831,36,,,0,70,,220853,36,,,0,31,,220852,36,,,0,70,,220827,36,,,0,32,,220828,36,,,0,72,,220829,36,,,0,27,,220856,36,,,0,68,,220830,36,,,0
722401,'1',435,,225523,22,,,0,20,,225522,22,,,0,60,,225521,22,,,0,18,,225525,22,,,0,22,,225520,22,,,0,70,,225519,22,,,0,21,,225534,22,,,0,66,,225518,22,,,0,20,,225517,22,,,0,14,,225526,22,,,0,55,,225535,22,,,0,17,,225516,22,,,0,23,,225515,22,,,0,17,,225527,22,,,0,66,,225514,22,,,0,32,,225513,22,,,0,68,,225512,22,,,0,34,,225511,22,,,0,66,,225510,22,,,0,29,,225509,22,,,0,68,,225508,22,,,0,32,,225507,22,,,0,72,,225506,22,,,0,30,,225505,22,,,0,72,,225504,22,,,0,20,,225503,22,,,0,58,,225502,22,,,0,19,,225536,22,,,0,35,,225501,22,,,0,57,,225528,22,,,0,20,,225524,22,,,0,20,,225532,22,,,0,59,,225537,22,,,0,20,,225529,22,,,0,20,,225531,22,,,0,64,,225530,22,,,0,27,,225533,22,,,0,65,,225538,22,,,0,101,,225539,22,,,0,99,,225540,22,,,0
722401,'101',1542,,225500,22,,,0
722401,'201',1542,,225543,22,,,0
3454100,'1',543,,236906,8,,,0,70,,236907,8,,,0,30,,236908,8,,,0,71,,236909,8,,,0,30,,236910,8,,,0,70,,236911,8,,,0,30,,236912,8,,,0,71,,236913,8,,,0,39,,236914,8,,,0,80,,236915,8,,,0,80,,236916,8,,,0,40,,236917,8,,,0,80,,236918,8,,,0,80,,236919,8,,,0,40,,236920,8,,,0,80,,236921,8,,,0,81,,236922,8,,,0,40,,236923,8,,,0,76,,236924,8,,,0,70,,236925,8,,,0,30,,236926,8,,,0,69,,236927,8,,,0,38,,236928,8,,,0,87,,236929,8,,,0,83,,236930,8,,,0,40,,236931,8,,,0,80,,236932,8,,,0,80,,236933,8,,,0
3454100,'2',828,,236934,8,,,0,85,,236935,8,,,0,45,,236936,8,,,0,85,,236937,8,,,0,85,,236938,8,,,0,85,,236939,8,,,0,46,,236940,8,,,0,85,,236941,8,,,0,85,,236942,8,,,0,85,,236943,8,,,0,45,,236944,8,,,0,85,,236945,8,,,0,85,,236946,8,,,0,85,,236947,8,,,0,45,,236948,8,,,0,85,,236949,8,,,0,85,,236950,8,,,0,85,,236951,8,,,0,45,,236952,8,,,0
3454100,'3',829,,236953,8,,,0,85,,236954,8,,,0,45,,236955,8,,,0,85,,236956,8,,,0,85,,236957,8,,,0,85,,236958,8,,,0,86,,236959,8,,,0,45,,236960,8,,,0,85,,236961,8,,,0,85,,236962,8,,,0,85,,236963,8,,,0,45,,236964,8,,,0,85,,236965,8,,,0,85,,236966,8,,,0,85,,236967,8,,,0,45,,236968,8,,,0,85,,236969,8,,,0,85,,236970,8,,,0,85,,236971,8,,,0
