664301,'1',537,,199764,20,,,0,20,,199765,20,,,0,61,,199766,20,,,0,20,,199767,20,,,0,20,,199768,20,,,0,62,,199769,20,,,0,20,,199770,20,,,0,60,,199771,20,,,0,23,,199772,20,,,0,20,,199773,20,,,0,60,,199774,20,,,0,18,,199775,20,,,0,30,,199776,20,,,0,70,,199777,20,,,0,30,,199778,20,,,0,70,,199779,20,,,0,30,,199780,20,,,0,70,,199781,20,,,0,30,,199782,20,,,0,70,,199783,20,,,0,30,,199784,20,,,0,72,,199785,20,,,0,25,,199786,20,,,0,62,,199787,20,,,0,20,,199788,20,,,0,21,,199747,20,,,0,60,,199748,20,,,0,15,,199749,20,,,0,20,,199750,20,,,0,60,,199751,20,,,0,20,,199752,20,,,0,18,,199753,20,,,0,60,,199754,20,,,0,17,,199755,20,,,0,30,,199756,20,,,0,68,,199757,20,,,0,29,,199758,20,,,0,70,,199759,20,,,0,100,,199760,20,,,0,102,,199761,20,,,0,97,,199762,20,,,0,100,,199763,20,,,0
664301,'2',617,,199789,20,,,0,30,,199790,20,,,0,70,,199791,20,,,0,30,,199792,20,,,0,70,,199793,20,,,0,31,,199794,20,,,0,70,,199795,20,,,0,32,,199796,20,,,0,70,,199797,20,,,0,31,,199798,20,,,0,70,,199799,20,,,0,30,,199800,20,,,0,71,,199801,20,,,0,30,,199802,20,,,0,70,,199803,20,,,0,30,,199804,20,,,0,70,,199805,20,,,0,29,,199806,20,,,0,70,,199807,20,,,0,30,,199808,20,,,0,70,,199809,20,,,0,30,,199810,20,,,0,70,,199811,20,,,0,30,,199812,20,,,0,69,,199813,20,,,0,30,,199814,20,,,0,69,,199815,20,,,0,29,,199816,20,,,0,69,,199817,20,,,0,30,,199818,20,,,0,65,,199819,20,,,0,30,,199820,20,,,0,90,,199824,20,,,0,95,,199821,20,,,0,115,,199822,20,,,0,101,,199823,20,,,0
664301,'3',747,,199833,20,,,0,70,,199832,20,,,0,30,,199831,20,,,0,70,,199830,20,,,0,31,,199829,20,,,0,70,,199841,20,,,0,31,,199828,20,,,0,71,,199826,20,,,0,30,,199825,20,,,0,70,,199856,20,,,0,31,,199855,20,,,0,70,,199854,20,,,0,30,,199853,20,,,0,70,,199852,20,,,0,30,,199827,20,,,0,70,,199851,20,,,0,30,,199850,20,,,0,70,,199849,20,,,0,30,,199848,20,,,0,70,,199847,20,,,0,29,,199846,20,,,0,69,,199845,20,,,0,30,,199844,20,,,0,69,,199843,20,,,0,29,,199842,20,,,0,70,,199838,20,,,0,25,,199840,20,,,0,72,,199839,20,,,0,22,,199837,20,,,0,92,,199836,20,,,0,108,,199835,20,,,0,105,,199834,20,,,0
664500,'1',535,,200210,11,0,6 7 8,0,19,,200178,11,0,6 7 8,0,59,,200191,11,0,6 7 8,0,18,,200129,11,0,6 7 8,0,16,,200201,11,0,6 7 8,0,53,,200213,11,0,6 7 8,0,11,,200197,11,0,6 7 8,0,13,,200137,11,0,6 7 8,0,9,,200131,11,0,6 7 8,0,10,,200140,11,0,6 7 8,0,9,,200156,11,0,6 7 8,0,49,,200211,11,0,6 7 8,0,8,,200125,11,0,6 7 8,0,9,,200175,11,0,6 7 8,0,7,,200202,11,0,6 7 8,0,9,,200128,11,0,6 7 8,0,9,,200159,11,0,6 7 8,0,9,,200212,11,0,6 7 8,0,48,,200124,11,0,6 7 8,0,9,,200130,11,0,6 7 8,0,11,,200157,11,0,6 7 8,0,11,,200147,11,0,6 7 8,0,12,,200203,11,0,6 7 8,0,12,,200160,11,0,6 7 8,0,52,,200192,11,0,6 7 8,0,12,,200179,11,0,6 7 8,0,12,,200163,11,0,6 7 8,0,12,,200204,11,0,6 7 8,0,11,,200219,11,0,6 7 8,0,52,,200193,11,0,6 7 8,0,11,,200176,11,0,6 7 8,0,12,,200161,11,0,6 7 8,0,14,,200205,11,0,6 7 8,0,12,,200220,11,0,6 7 8,0,52,,200194,11,0,6 7 8,0,12,,200165,11,0,6 7 8,0,13,,200149,11,0,6 7 8,0,13,,200206,11,0,6 7 8,0,12,,200221,11,0,6 7 8,0,52,,200195,11,0,6 7 8,0,12,,200164,11,0,6 7 8,0,12,,200136,11,0,6 7 8,0,12,,200207,11,0,6 7 8,0,12,,200222,11,0,6 7 8,0,52,,200196,11,0,6 7 8,0,12,,200133,11,0,6 7 8,0,12,,200148,11,0,6 7 8,0,12,,200208,11,0,6 7 8,0,12,,200217,11,0,6 7 8,0,49,,200158,11,0,6 7 8,0,10,,200166,11,0,6 7 8,0,9,,200218,11,0,6 7 8,0,10,,200150,11,0,6 7 8,0,9,,200214,11,0,6 7 8,0,8,,200215,11,0,6 7 8,0,52,,200209,11,0,6 7 8,0,10,,200167,11,0,6 7 8,0,7,,200216,11,0,6 7 8,0,12,,200199,11,0,6 7 8,0,9,,200168,11,0,6 7 8,0,10,,200169,11,0,6 7 8,0,49,,200171,11,0,6 7 8,0,9,,200181,11,0,6 7 8,0,9,,200185,11,0,6 7 8,0,9,,200142,11,0,6 7 8,0,10,,200200,11,0,6 7 8,0,8,,200122,11,0,6 7 8,0,8,,200143,11,0,6 7 8,0,50,,200127,11,0,6 7 8,0,8,,200172,11,0,6 7 8,0,10,,200186,11,0,6 7 8,0,9,,200144,11,0,6 7 8,0,9,,200189,11,0,6 7 8,0,9,,200198,11,0,6 7 8,0,9,,200135,11,0,6 7 8,0,49,,200184,11,0,6 7 8,0,8,,200145,11,0,6 7 8,0,9,,200180,11,0,6 7 8,0,9,,200162,11,0,6 7 8,0,9,,200126,11,0,6 7 8,0,9,,200146,11,0,6 7 8,0,8,,200123,11,0,6 7 8,0,50,,200223,11,0,6 7 8,0,10,,200173,11,0,6 7 8,0,11,,200134,11,0,6 7 8,0,14,,200153,11,0,6 7 8,0,57,,200141,11,0,6 7 8,0,15,,200154,11,0,6 7 8,0,15,,200155,11,0,6 7 8,0,14,,200187,11,0,6 7 8,0,14,,200132,11,0,6 7 8,0,54,,200138,11,0,6 7 8,0,15,,200139,11,0,6 7 8,0,16,,200188,11,0,6 7 8,0,56,,200190,11,0,6 7 8,0,29,,200152,11,0,6 7 8,0,29,,200182,11,0,6 7 8,0,69,,200183,11,0,6 7 8,0,30,,200170,11,0,6 7 8,0,68,,200151,11,0,6 7 8,0,30,,200174,11,0,6 7 8,0,70,,200177,11,0,6 7 8,0
664500,'2',544,,200278,11,0,6 7 8,0,72,,200274,11,0,6 7 8,0,25,,200281,11,0,6 7 8,0,59,,200241,11,0,6 7 8,0,15,,200307,11,0,6 7 8,0,14,,200235,11,0,6 7 8,0,15,,200234,11,0,6 7 8,0,15,,200240,11,0,6 7 8,0,55,,200254,11,0,6 7 8,0,15,,200247,11,0,6 7 8,0,15,,200270,11,0,6 7 8,0,56,,200242,11,0,6 7 8,0,15,,200246,11,0,6 7 8,0,13,,200263,11,0,6 7 8,0,11,,200261,11,0,6 7 8,0,13,,200265,11,0,6 7 8,0,52,,200271,11,0,6 7 8,0,15,,200260,11,0,6 7 8,0,12,,200282,11,0,6 7 8,0,14,,200249,11,0,6 7 8,0,13,,200277,11,0,6 7 8,0,52,,200250,11,0,6 7 8,0,12,,200262,11,0,6 7 8,0,12,,200285,11,0,6 7 8,0,12,,200286,11,0,6 7 8,0,12,,200287,11,0,6 7 8,0,52,,200300,11,0,6 7 8,0,12,,200289,11,0,6 7 8,0,12,,200288,11,0,6 7 8,0,10,,200290,11,0,6 7 8,0,12,,200291,11,0,6 7 8,0,52,,200301,11,0,6 7 8,0,14,,200292,11,0,6 7 8,0,12,,200293,11,0,6 7 8,0,12,,200294,11,0,6 7 8,0,12,,200295,11,0,6 7 8,0,52,,200302,11,0,6 7 8,0,12,,200296,11,0,6 7 8,0,12,,200297,11,0,6 7 8,0,12,,200298,11,0,6 7 8,0,13,,200299,11,0,6 7 8,0,52,,200303,11,0,6 7 8,0,12,,200224,11,0,6 7 8,0,12,,200225,11,0,6 7 8,0,12,,200226,11,0,6 7 8,0,11,,200227,11,0,6 7 8,0,52,,200304,11,0,6 7 8,0,11,,200228,11,0,6 7 8,0,12,,200229,11,0,6 7 8,0,12,,200230,11,0,6 7 8,0,12,,200231,11,0,6 7 8,0,52,,200305,11,0,6 7 8,0,12,,200232,11,0,6 7 8,0,12,,200236,11,0,6 7 8,0,12,,200237,11,0,6 7 8,0,12,,200238,11,0,6 7 8,0,52,,200239,11,0,6 7 8,0,12,,200255,11,0,6 7 8,0,12,,200306,11,0,6 7 8,0,11,,200272,11,0,6 7 8,0,12,,200259,11,0,6 7 8,0,52,,200264,11,0,6 7 8,0,12,,200308,11,0,6 7 8,0,12,,200244,11,0,6 7 8,0,12,,200279,11,0,6 7 8,0,12,,200275,11,0,6 7 8,0,55,,200256,11,0,6 7 8,0,16,,200243,11,0,6 7 8,0,14,,200266,11,0,6 7 8,0,15,,200267,11,0,6 7 8,0,55,,200273,11,0,6 7 8,0,15,,200280,11,0,6 7 8,0,15,,200283,11,0,6 7 8,0,15,,200284,11,0,6 7 8,0,54,,200257,11,0,6 7 8,0,15,,200268,11,0,6 7 8,0,15,,200233,11,0,6 7 8,0,15,,200252,11,0,6 7 8,0,69,,200258,11,0,6 7 8,0,29,,200269,11,0,6 7 8,0,69,,200253,11,0,6 7 8,0,29,,200245,11,0,6 7 8,0,70,,200248,11,0,6 7 8,0,30,,200251,11,0,6 7 8,0,70,,200276,11,0,6 7 8,0
664500,'3',612,,200350,11,0,6 7 8,0,19,,200344,11,0,6 7 8,0,70,,200355,11,0,6 7 8,0,20,,200354,11,0,6 7 8,0,17,,200309,11,0,6 7 8,0,16,,200360,11,0,6 7 8,0,55,,200363,11,0,6 7 8,0,17,,200359,11,0,6 7 8,0,15,,200376,11,0,6 7 8,0,12,,200313,11,0,6 7 8,0,54,,200358,11,0,6 7 8,0,16,,200370,11,0,6 7 8,0,16,,200357,11,0,6 7 8,0,15,,200324,11,0,6 7 8,0,57,,200356,11,0,6 7 8,0,15,,200377,11,0,6 7 8,0,15,,200312,11,0,6 7 8,0,13,,200365,11,0,6 7 8,0,56,,200346,11,0,6 7 8,0,12,,200364,11,0,6 7 8,0,12,,200366,11,0,6 7 8,0,13,,200317,11,0,6 7 8,0,12,,200384,11,0,6 7 8,0,51,,200337,11,0,6 7 8,0,12,,200345,11,0,6 7 8,0,12,,200328,11,0,6 7 8,0,13,,200378,11,0,6 7 8,0,12,,200362,11,0,6 7 8,0,52,,200311,11,0,6 7 8,0,12,,200319,11,0,6 7 8,0,12,,200330,11,0,6 7 8,0,12,,200379,11,0,6 7 8,0,12,,200335,11,0,6 7 8,0,52,,200323,11,0,6 7 8,0,12,,200373,11,0,6 7 8,0,12,,200347,11,0,6 7 8,0,12,,200380,11,0,6 7 8,0,12,,200375,11,0,6 7 8,0,52,,200338,11,0,6 7 8,0,12,,200320,11,0,6 7 8,0,12,,200334,11,0,6 7 8,0,12,,200381,11,0,6 7 8,0,12,,200327,11,0,6 7 8,0,52,,200371,11,0,6 7 8,0,11,,200374,11,0,6 7 8,0,12,,200382,11,0,6 7 8,0,12,,200325,11,0,6 7 8,0,12,,200340,11,0,6 7 8,0,52,,200316,11,0,6 7 8,0,12,,200372,11,0,6 7 8,0,12,,200383,11,0,6 7 8,0,11,,200326,11,0,6 7 8,0,13,,200348,11,0,6 7 8,0,52,,200314,11,0,6 7 8,0,14,,200343,11,0,6 7 8,0,15,,200353,11,0,6 7 8,0,16,,200342,11,0,6 7 8,0,55,,200333,11,0,6 7 8,0,15,,200322,11,0,6 7 8,0,16,,200352,11,0,6 7 8,0,13,,200329,11,0,6 7 8,0,54,,200339,11,0,6 7 8,0,15,,200336,11,0,6 7 8,0,15,,200361,11,0,6 7 8,0,13,,200368,11,0,6 7 8,0,57,,200321,11,0,6 7 8,0,14,,200367,11,0,6 7 8,0,30,,200341,11,0,6 7 8,0,71,,200315,11,0,6 7 8,0,30,,200318,11,0,6 7 8,0,69,,200332,11,0,6 7 8,0,30,,200351,11,0,6 7 8,0,70,,200369,11,0,6 7 8,0,30,,200331,11,0,6 7 8,0,70,,200349,11,0,6 7 8,0,31,,200310,11,0,6 7 8,0
683400,'1',2629,,224993,66,,,0,27,,224991,66,,,0,61,,224988,66,0,6 7 8,0,28,,224992,66,,,0,56,,224990,66,,,0,18,,224989,66,,,0,31,,224987,66,,,0,65,,224994,66,,,0
683400,'1201',2644,,224983,66,,,0,62,,224986,66,,,0,25,,224984,66,0,6 7 8,0,104,,224985,66,,,0
683400,'2',525,,225004,66,,,0,14,,225003,66,,,0,71,,225007,66,,,0,20,,225002,66,,,0,71,,225001,66,,,0,1905,,225008,66,,,0,19,,225009,66,,,0,20,,225006,66,,,0,60,,225010,66,,,0,15,,224999,66,,,0,15,,224996,66,,,0,15,,224998,66,,,0,60,,224997,66,,,0,21,,225000,66,0,6 7 8,0,20,,224995,66,0,6 7 8,0,64,,225005,66,,,0
683400,'3',528,,225020,66,,,0,72,,225021,66,,,0,15,,225022,66,,,0,15,,225028,66,,,0,14,,225027,66,,,0,57,,225023,66,,,0,24,,225011,66,,,0,18,,225029,66,,,0,13,,225024,66,,,0,1779,,225026,66,,,0,24,,225025,66,,,0,62,,225015,66,,,0,38,,225012,66,,,0,60,,225017,66,0,6 7 8,0,20,,225013,66,,,0,62,,225014,66,,,0,20,,225016,66,0,6 7 8,0,20,,225018,66,0,6 7 8,0,61,,225019,66,,,0
