661901,'1',514,,190464,9,0,27 15,0,20,,190465,9,0,27 15,0,21,,190466,9,0,27 15,0,55,,190467,9,0,27 15,0,15,,190468,9,0,27 15,0,13,,190469,9,0,27 15,0,11,,190470,9,,,0,53,,190471,9,,,0,9,,190472,9,0,9 15,0,6,,190473,9,,,0,8,,190474,9,0,9 15,0,9,,190475,9,,,0,7,,190476,9,0,9 15,0,6,,190477,9,,,0,6,,190478,9,0,9 15,0,47,,190479,9,,,0,8,,190480,9,,,0,5,,190481,9,0,9 15,0,8,,190482,9,,,0,6,,190483,9,0,9 15,0,8,,190484,9,,,0,9,,190485,9,0,9 15,0,7,,190486,9,,,0,8,,190487,9,,,0,48,,190488,9,0,9 15,0,9,,190489,9,,,0,8,,190490,9,0,9 15,0,8,,190491,9,,,0,9,,190492,9,0,9 15,0,8,,190493,9,0,27 15,0,9,,190494,9,0,9 15,0,48,,190495,9,0,27 15,0,9,,190496,9,0,9 15,0,8,,190584,9,0,9 15,0,9,,190497,9,0,27 15,0,12,,190498,9,0,9 15,0,12,,190499,9,0,27 15,0,52,,190500,9,0,9 15,0,12,,190501,9,0,27 15,0,12,,190502,9,0,9 15,0,11,,190503,9,0,27 15,0,12,,190504,9,0,9 15,0,52,,190505,9,0,27 15,0,12,,190506,9,0,9 15,0,13,,190507,9,0,27 15,0,12,,190508,9,0,9 15,0,12,,190509,9,0,27 15,0,52,,190510,9,0,9 15,0,12,,190511,9,0,27 15,0,12,,190512,9,0,9 15,0,13,,190513,9,0,9 15,0,12,,190514,9,,,0,51,,190515,9,,,0,11,,190516,9,0,9 15,0,9,,190517,9,,,0,8,,190518,9,0,9 15,0,8,,190519,9,,,0,9,,190520,9,0,9 15,0,48,,190521,9,,,0,8,,190522,9,0,9 15,0,7,,190523,9,,,0,11,,190524,9,,,0,6,,190525,9,0,9 15,0,8,,190526,9,,,0,7,,190527,9,0,9 15,0,6,,190528,9,,,0,47,,190529,9,0,9 15,0,7,,190530,9,,,0,6,,190531,9,0,9 15,0,7,,190532,9,,,0,6,,190533,9,0,9 15,0,7,,190534,9,,,0,7,,190535,9,,,0,7,,190536,9,0,9 15,0,7,,190537,9,,,0,47,,190538,9,0,9 15,0,8,,190539,9,,,0,8,,190540,9,0,9 15,0,8,,190541,9,0,27 15,0,8,,190542,8,0,27 15,0,7,,190543,9,0,9 15,0,6,,190544,9,0,27 15,0,6,,190545,9,0,27 15,0,6,,190546,8,0,27 15,0,47,,190547,9,0,27 15,0,7,,190548,9,0,27 15,0,8,,190549,9,0,27 15,0,9,,190550,9,0,27 15,0,9,,190551,9,0,27 15,0,12,,190552,9,0,27 15,0,50,,190553,9,0,27 15,0,12,,190554,9,0,9 15,0,12,,190555,9,0,27 15,0,15,,190556,9,0,27 15,0,16,,190557,9,0,27 15,0,54,,190558,9,0,27 15,0,14,,190559,9,0,27 15,0,15,,190560,9,0,27 15,0,15,,190561,9,0,27 15,0,55,,190562,9,0,27 15,0,15,,190563,9,0,27 15,0,15,,190564,9,0,27 15,0,15,,190565,9,0,27 15,0,55,,190566,9,0,27 15,0,14,,190567,9,0,27 15,0,14,,190568,9,0,27 15,0,17,,190569,9,0,27 15,0,55,,190570,9,0,27 15,0,15,,190571,9,0,27 15,0,15,,190572,9,0,27 15,0,11,,190573,9,0,9 15,0,51,,190574,9,0,27 15,0,15,,190575,9,0,27 15,0,14,,190576,9,0,9 15,0,15,,190577,9,0,9 15,0,11,,190578,9,0,9 15,0,55,,190579,9,0,9 15,0,16,,190580,9,0,9 15,0,25,,190581,9,0,9 15,0,51,,190582,9,0,9 15,0,31,,190583,9,0,9 15,0
661901,'101',1520,,190463,3,0,9 15,0
661901,'2',516,,190585,9,0,27 15,0,21,,190586,9,0,27 15,0,21,,190587,9,0,27 15,0,61,,190588,9,0,27 15,0,21,,190589,9,0,27 15,0,61,,190590,9,0,27 15,0,12,,190591,9,0,27 15,0,12,,190592,9,0,27 15,0,15,,190593,9,0,27 15,0,15,,190594,9,0,27 15,0,55,,190595,9,0,27 15,0,14,,190596,9,0,27 15,0,15,,190597,9,0,27 15,0,15,,190598,9,0,27 15,0,55,,190599,9,0,27 15,0,14,,190600,9,0,27 15,0,15,,190601,9,0,27 15,0,11,,190602,9,0,27 15,0,52,,190603,9,0,27 15,0,12,,190604,9,0,27 15,0,12,,190605,9,0,27 15,0,12,,190606,9,0,27 15,0,12,,190607,9,0,27 15,0,52,,190608,9,0,27 15,0,12,,190609,9,0,27 15,0,10,,190610,9,0,27 15,0,12,,190611,9,0,27 15,0,12,,190612,9,0,27 15,0,12,,190613,9,0,27 15,0,52,,190614,9,0,27 15,0,12,,190615,9,0,27 15,0,12,,190616,9,0,27 15,0,12,,190617,9,0,27 15,0,12,,190618,9,0,27 15,0,52,,190619,9,0,27 15,0,12,,190620,9,0,27 15,0,12,,190621,9,0,27 15,0,11,,190622,9,0,27 15,0,10,,190623,9,0,27 15,0,50,,190624,9,0,27 15,0,10,,190625,9,0,27 15,0,10,,190626,9,0,27 15,0,10,,190627,9,0,27 15,0,10,,190628,9,0,27 15,0,10,,190629,9,0,27 15,0,50,,190630,9,0,27 15,0,10,,190631,9,0,27 15,0,10,,190632,9,0,27 15,0,10,,190633,9,0,27 15,0,10,,190634,9,0,27 15,0,9,,190635,9,0,27 15,0,50,,190636,9,0,27 15,0,10,,190637,9,0,27 15,0,10,,190638,9,0,27 15,0,10,,190639,9,0,27 15,0,10,,190640,9,0,27 15,0,10,,190641,9,0,27 15,0,50,,190642,9,0,27 15,0,11,,190643,9,0,27 15,0,10,,190644,9,0,27 15,0,4,,190685,9,0,9 15,0,7,,190645,9,0,27 15,0,9,,190646,9,0,27 15,0,10,,190647,9,0,27 15,0,49,,190648,9,0,27 15,0,10,,190649,9,0,27 15,0,9,,190650,9,0,27 15,0,10,,190651,9,0,27 15,0,10,,190652,9,0,27 15,0,12,,190653,9,0,27 15,0,52,,190654,9,0,27 15,0,13,,190655,9,0,27 15,0,12,,190656,9,0,27 15,0,12,,190657,9,0,27 15,0,13,,190658,9,0,27 15,0,53,,190659,9,0,27 15,0,14,,190660,9,0,27 15,0,15,,190661,9,0,27 15,0,14,,190662,9,0,27 15,0,54,,190663,9,0,27 15,0,14,,190664,9,0,27 15,0,15,,190665,9,0,27 15,0,15,,190666,9,0,27 15,0,54,,190667,9,0,27 15,0,15,,190668,9,0,27 15,0,14,,190669,9,0,27 15,0,16,,190670,9,0,27 15,0,54,,190671,9,0,27 15,0,15,,190672,9,0,27 15,0,15,,190673,9,0,27 15,0,14,,190674,9,0,27 15,0,55,,190675,9,0,27 15,0,14,,190676,9,0,27 15,0,14,,190677,9,0,9 15,0,13,,190678,9,0,9 15,0,13,,190679,9,0,9 15,0,54,,190680,9,0,9 15,0,14,,190681,9,0,9 15,0,15,,190682,9,0,9 15,0,64,,190683,9,0,9 15,0,28,,190684,9,0,9 15,0
661901,'3',550,,190688,9,0,27 15,0,59,,190689,9,0,27 15,0,23,,190690,9,0,27 15,0,20,,190691,9,0,27 15,0,60,,190692,9,0,27 15,0,20,,190693,9,0,27 15,0,16,,190694,9,0,27 15,0,54,,190695,9,0,27 15,0,15,,190696,9,0,27 15,0,15,,190697,9,0,27 15,0,16,,190698,9,0,27 15,0,55,,190699,9,0,27 15,0,16,,190700,9,0,27 15,0,15,,190701,9,0,27 15,0,16,,190702,9,0,27 15,0,55,,190703,9,0,27 15,0,15,,190704,9,0,27 15,0,15,,190705,9,0,27 15,0,11,,190706,9,0,27 15,0,12,,190707,9,0,27 15,0,50,,190708,9,0,27 15,0,10,,190709,9,0,27 15,0,10,,190710,9,0,27 15,0,10,,190711,9,0,27 15,0,10,,190712,9,0,27 15,0,10,,190713,9,0,27 15,0,51,,190714,9,0,27 15,0,8,,190715,9,0,27 15,0,10,,190716,9,0,27 15,0,9,,190717,9,0,27 15,0,10,,190718,9,0,27 15,0,10,,190719,9,0,27 15,0,50,,190720,9,0,27 15,0,11,,190721,9,0,27 15,0,10,,190722,9,0,27 15,0,10,,190723,9,0,27 15,0,10,,190724,9,0,27 15,0,10,,190725,9,0,27 15,0,50,,190726,9,0,27 15,0,9,,190727,9,0,27 15,0,11,,190728,9,0,27 15,0,10,,190729,9,0,27 15,0,10,,190730,9,0,27 15,0,10,,190731,9,0,27 15,0,50,,190732,9,0,27 15,0,9,,190733,9,0,27 15,0,9,,190734,9,0,27 15,0,10,,190735,9,0,27 15,0,10,,190736,9,0,27 15,0,10,,190737,9,0,27 15,0,50,,190738,9,0,27 15,0,10,,190739,9,0,27 15,0,10,,190740,9,0,27 15,0,10,,190741,9,0,27 15,0,10,,190742,9,0,27 15,0,11,,190743,9,0,27 15,0,50,,190744,9,0,27 15,0,10,,190745,9,0,27 15,0,10,,190746,9,0,27 15,0,9,,190747,9,0,27 15,0,11,,190748,9,0,27 15,0,55,,190749,9,0,27 15,0,7,,190750,9,0,9 15,0,8,,190751,9,0,27 15,0,15,,190752,9,0,27 15,0,4,,190753,9,0,9 15,0,13,,190754,9,0,27 15,0,56,,190755,9,0,27 15,0,16,,190756,9,0,27 15,0,15,,190757,9,0,27 15,0,14,,190758,9,0,27 15,0,52,,190759,9,0,27 15,0,15,,190760,9,0,27 15,0,15,,190761,9,0,27 15,0,15,,190762,9,0,27 15,0,55,,190763,9,0,27 15,0,14,,190764,9,0,27 15,0,15,,190765,9,0,27 15,0,15,,190766,9,0,27 15,0,55,,190767,9,0,27 15,0,15,,190768,9,0,27 15,0,15,,190769,8,0,27 15,0,16,,190770,9,0,27 15,0,54,,190771,9,0,27 15,0,15,,190772,9,0,27 15,0,14,,190773,8,0,27 15,0,15,,190774,9,0,27 15,0,15,,190775,9,0,27 15,0,55,,190776,9,0,27 15,0,16,,190777,9,0,9 15,0,15,,190778,9,0,9 15,0,60,,190779,9,0,9 15,0,20,,190780,9,0,9 15,0,21,,190781,9,0,9 15,0,60,,190782,9,0,9 15,0,20,,190783,9,0,9 15,0
664101,'1',528,,198597,4,0,27 15,0,13,,198598,4,,,0,3,,198599,4,0,27 15,0,11,,198600,4,,,0,49,,198601,4,,,0,5,,198602,4,,,0,4,,198603,4,,,0,5,,198604,4,,,0,3,,198605,4,,,0,4,,198606,4,,,0,3,,198607,4,,,0,3,,198823,4,,,0,1,,198608,4,,,0,6,,198609,4,,,0,6,,198611,4,,,0,6,,198612,4,,,0,4,,198613,4,,,0,46,,198615,4,,,0,6,,198617,4,,,0,2,,198618,4,,,0,2,,198619,4,,,0,1,,198620,4,,,0,5,,198621,4,,,0,3,,198622,4,,,0,2,,198623,4,,,0,3,,198624,4,,,0,6,,198626,4,,,0,10,,198629,4,,,0,5,,198631,4,,,0,9,,198634,4,,,0,65,,198642,4,,,0,7,,198644,4,,,0,9,,198647,4,,,0,507,,198826,4,,,0,3,,198707,4,,,0,3,,198708,4,,,0,3,,198709,4,,,0,57,,198714,4,,,0,4,,198715,4,,,0,4,,198716,4,,,0,5,,198718,4,,,0,4,,198720,4,,,0,6,,198722,4,,,0,8,,198724,4,,,0,6,,198726,4,,,0,3,,198727,4,,,0,5,,198729,4,,,0,3,,198730,4,,,0,44,,198731,4,,,0,17,,198732,4,0,112 15,0,34,,198747,4,,,0,49,,198750,4,,,0
664101,'2',530,,198827,4,,,0,17,,198828,4,,,0,55,,198829,4,,,0,14,,198830,4,,,0,13,,198831,4,,,0,10,,198832,4,,,0,20,,198834,4,,,0,59,,198836,4,,,0,21,,198838,4,,,0,93,,198844,4,,,0,23,,198847,4,,,0,51,,198849,4,,,0,14,,198851,4,,,0,20,,198854,4,,,0,214,,198872,4,,,0,64,,198876,4,,,0,25,,198880,4,,,0,77,,198886,4,,,0,136,,198902,4,,,0
664101,'3',647,,198972,4,,,0,64,,198973,4,,,0,15,,198974,4,,,0,15,,198975,4,,,0,11,,198976,4,,,0,55,,198977,4,,,0,94,,198981,4,,,0,27,,198984,4,,,0,9,,198985,4,,,0,17,,198987,4,,,0,67,,198990,4,,,0,89,,198996,4,,,0
684101,'1',416,,225278,55,,,0,29,,225277,55,,,0,12,,225276,55,,,0,2044,,225280,55,,,0,30,,225274,55,,,0,75,,225273,55,,,0,30,,225272,55,,,0,70,,225275,55,,,0,35,,225279,55,,,0
684101,'2',413,,225281,55,,,0,32,,225286,55,,,0,72,,225287,55,,,0,28,,225288,55,,,0,68,,225285,55,,,0,1890,,225290,55,,,0,35,,225282,55,,,0,77,,225289,55,,,0,21,,225283,55,,,0,69,,225284,55,,,0,38,,225291,55,,,0
684101,'3',415,,225300,55,,,0,30,,225302,55,,,0,70,,225299,55,,,0,30,,225298,55,,,0,55,,225305,55,,,0,15,,225295,55,,,0,15,,225306,55,,,0,15,,225297,55,,,0,1789,,225303,55,,,0,71,,225304,55,,,0,30,,225292,55,,,0,67,,225293,55,,,0,30,,225294,55,,,0,78,,225296,55,,,0,30,,225301,55,,,0
