661400,'1',549,,187493,11,,,0,63,,187442,11,,,0,15,,187494,11,,,0,15,,187440,11,,,0,15,,187465,11,,,0,53,,187466,11,,,0,14,,187467,16,,,0,14,,187468,16,,,0,14,,187475,16,,,0,55,,187481,16,,,0,15,,187495,16,,,0,15,,187469,16,,,0,16,,187435,16,,,0,55,,187436,16,,,0,15,,187477,16,,,0,15,,187478,16,,,0,15,,187479,16,,,0,55,,187480,16,,,0,13,,187496,16,,,0,15,,187497,16,,,0,15,,187492,16,,,0,55,,187472,16,,,0,15,,187437,16,,,0,15,,187464,16,,,0,14,,187439,16,,,0,54,,187473,16,,,0,14,,187476,16,,,0,14,,187432,16,,,0,14,,187433,16,,,0,54,,187459,16,,,0,12,,187502,16,,,0,12,,187457,16,,,0,12,,187460,16,,,0,12,,187461,16,,,0,52,,187470,16,,,0,12,,187490,16,,,0,11,,187491,16,,,0,12,,187471,16,,,0,12,,187443,16,,,0,12,,187444,16,,,0,52,,187445,16,,,0,11,,187487,16,,,0,12,,187446,16,,,0,12,,187447,16,,,0,10,,187448,16,,,0,50,,187450,16,,,0,10,,187485,16,,,0,11,,187499,16,,,0,10,,187474,16,,,0,10,,187498,16,,,0,10,,187484,16,,,0,50,,187486,16,,,0,10,,187453,16,,,0,9,,187500,16,,,0,8,,187488,16,,,0,9,,187501,16,,,0,8,,187489,16,,,0,49,,187452,16,,,0,12,,187462,16,,,0,13,,187451,16,,,0,12,,187438,16,,,0,15,,187483,16,,,0,60,,187441,16,,,0,21,,187482,16,,,0,22,,187449,16,0,10,0,60,,187463,16,0,10,0,20,,187434,16,0,10,0
661400,'152201',2055,,187414,16,0,10,0,60,,187415,16,0,10,0,20,,187419,16,0,10,0,21,,187416,16,0,10,0,60,,187420,16,0,10,0,20,,187421,16,0,10,0,21,,187417,16,0,10,0,60,,187413,16,0,10,0,18,,187418,16,0,10,0,69,,187412,16,0,10,0
661400,'152301',2055,,187422,16,0,10,0,60,,187423,16,0,10,0,20,,187424,16,0,10,0,21,,187425,16,0,10,0,60,,187426,16,0,10,0,20,,187427,16,0,10,0,21,,187428,16,0,10,0,60,,187429,16,0,10,0,18,,187430,16,0,10,0,69,,187431,16,0,10,0
661400,'2',541,,187536,11,,,0,74,,187528,11,,,0,15,,187519,11,,,0,20,,187523,11,,,0,60,,187568,11,,,0,19,,187540,11,,,0,20,,187539,11,,,0,60,,187510,11,,,0,18,,187552,11,,,0,15,,187553,11,,,0,14,,187554,11,,,0,55,,187555,16,,,0,14,,187556,16,,,0,14,,187527,16,,,0,13,,187544,16,,,0,54,,187542,16,,,0,13,,187507,16,,,0,12,,187508,16,,,0,13,,187509,16,,,0,12,,187577,16,,,0,52,,187530,16,,,0,12,,187512,16,,,0,12,,187511,16,,,0,12,,187560,16,,,0,12,,187529,16,,,0,51,,187531,16,,,0,12,,187570,16,,,0,11,,187532,16,,,0,11,,187533,16,,,0,9,,187578,16,,,0,51,,187561,16,,,0,11,,187566,16,,,0,11,,187520,16,,,0,11,,187571,16,,,0,12,,187506,16,,,0,12,,187515,16,,,0,52,,187516,16,,,0,12,,187517,16,,,0,12,,187572,16,,,0,12,,187557,16,,,0,12,,187573,16,,,0,52,,187567,16,,,0,12,,187526,16,,,0,12,,187546,16,,,0,12,,187559,16,,,0,12,,187574,16,,,0,52,,187548,16,,,0,13,,187562,16,,,0,14,,187534,16,,,0,12,,187565,16,,,0,52,,187538,16,,,0,12,,187575,16,,,0,12,,187569,16,,,0,12,,187503,16,,,0,13,,187504,16,,,0,53,,187505,16,,,0,12,,187576,16,,,0,12,,187579,16,,,0,13,,187513,16,,,0,13,,187514,16,,,0,56,,187547,16,,,0,21,,187535,16,,,0,21,,187549,16,0,10,0,60,,187563,16,0,10,0,21,,187545,16,0,10,0,20,,187550,16,0,10,0,61,,187558,16,0,10,0,21,,187518,16,0,10,0,21,,187543,16,0,10,0,60,,187522,16,0,10,0,20,,187551,16,0,10,0,21,,187521,16,0,10,0,60,,187564,16,0,10,0,19,,187541,16,0,10,0,71,,187537,16,0,10,0
661400,'3',715,,187583,11,,,0,29,,187584,11,,,0,69,,187585,11,,,0,29,,187587,11,,,0,66,,187588,11,,,0,18,,187589,11,,,0,17,,187590,11,,,0,14,,187591,16,,,0,56,,187592,16,,,0,15,,187593,16,,,0,15,,187594,16,,,0,15,,187595,16,,,0,56,,187596,16,,,0,15,,187597,16,,,0,14,,187598,16,,,0,15,,187599,16,,,0,55,,187600,16,,,0,14,,187601,16,,,0,12,,187602,16,,,0,11,,187603,16,,,0,52,,187604,16,,,0,12,,187605,16,,,0,12,,187606,16,,,0,12,,187607,16,,,0,12,,187608,16,,,0,52,,187609,16,,,0,12,,187610,16,,,0,12,,187611,16,,,0,12,,187612,16,,,0,13,,187613,16,,,0,53,,187614,16,,,0,13,,187615,16,,,0,12,,187616,16,,,0,12,,187617,16,,,0,12,,187618,16,,,0,53,,187619,16,,,0,14,,187620,16,,,0,15,,187621,16,,,0,15,,187622,16,,,0,56,,187623,16,,,0,15,,187624,16,,,0,15,,187625,16,,,0,15,,187626,16,,,0,55,,187627,16,,,0,15,,187628,16,,,0,15,,187629,16,,,0,19,,187630,16,,,0,59,,187631,16,,,0,19,,187632,16,,,0,20,,187633,16,0,10,0,59,,187634,16,0,10,0,19,,187635,16,0,10,0,20,,187636,16,0,10,0,60,,187637,16,0,10,0,24,,187638,16,0,10,0,66,,187639,16,0,10,0,20,,187640,16,0,10,0,19,,187641,16,0,10,0,60,,187642,16,0,10,0,23,,187643,16,0,10,0,19,,187644,16,0,10,0,65,,187645,16,0,10,0
661700,'1',533,,189191,21,,,0,68,,189192,21,,,0,18,,189193,21,,,0,15,,189194,21,,,0,10,,189195,21,,,0,12,,189196,21,,,0,52,,189197,21,,,0,12,,189198,21,,,0,11,,189199,21,,,0,10,,189200,21,,,0,10,,189201,21,,,0,50,,189202,21,,,0,12,,189203,21,,,0,12,,189204,21,,,0,12,,189205,21,,,0,12,,189206,21,,,0,55,,189207,21,,,0,15,,189208,21,,,0,14,,189209,21,,,0,14,,189210,21,,,0,55,,189211,21,,,0,15,,189212,21,,,0,15,,189213,21,,,0,15,,189214,21,,,0,55,,189215,21,,,0,15,,189216,21,,,0,14,,189217,21,,,0,15,,189218,21,,,0,56,,189219,21,,,0,15,,189220,21,,,0,15,,189221,21,,,0,15,,189222,21,,,0,55,,189223,21,,,0,15,,189224,21,,,0,15,,189225,21,,,0,15,,189226,21,,,0,55,,189227,21,,,0,15,,189228,21,,,0,12,,189229,21,,,0,12,,189230,21,,,0,12,,189231,21,,,0,52,,189232,21,,,0,12,,189233,21,,,0,11,,189234,21,,,0,12,,189235,21,,,0,12,,189236,21,,,0,52,,189237,21,,,0,12,,189238,21,,,0,14,,189239,21,,,0,12,,189240,21,,,0,13,,189241,21,,,0,55,,189242,21,,,0,15,,189243,21,,,0,20,,189244,21,,,0,60,,189245,21,,,0,19,,189246,21,,,0,20,,189247,21,,,0,61,,189248,21,,,0,21,,189249,21,,,0,21,,189250,21,,,0,62,,189251,21,,,0,20,,189252,21,,,0
661700,'152201',2049,,189167,21,,,0,60,,189168,21,,,0,20,,189169,21,,,0,20,,189170,21,,,0,60,,189171,21,,,0,20,,189172,21,,,0,20,,189173,21,,,0,64,,189174,21,,,0,20,,189175,21,,,0,19,,189176,21,,,0,63,,189177,21,,,0,37,,189178,21,,,0
661700,'152301',2049,,189179,21,,,0,60,,189180,21,,,0,20,,189181,21,,,0,20,,189182,21,,,0,60,,189183,21,,,0,20,,189184,21,,,0,20,,189185,21,,,0,64,,189186,21,,,0,20,,189187,21,,,0,19,,189188,21,,,0,63,,189189,21,,,0,37,,189190,21,,,0
661700,'2',605,,189255,21,,,0,20,,189256,21,,,0,20,,189257,21,,,0,58,,189258,21,,,0,20,,189259,21,,,0,20,,189260,21,,,0,60,,189261,21,,,0,15,,189262,21,,,0,15,,189263,21,,,0,15,,189264,21,,,0,55,,189265,21,,,0,15,,189266,21,,,0,13,,189267,21,,,0,15,,189268,21,,,0,55,,189269,21,,,0,15,,189270,21,,,0,15,,189271,21,,,0,15,,189272,21,,,0,55,,189273,21,,,0,15,,189274,21,,,0,14,,189275,21,,,0,15,,189276,21,,,0,55,,189277,21,,,0,15,,189278,21,,,0,16,,189279,21,,,0,16,,189280,21,,,0,56,,189281,21,,,0,16,,189282,21,,,0,15,,189283,21,,,0,15,,189284,21,,,0,55,,189285,21,,,0,16,,189286,21,,,0,15,,189287,21,,,0,15,,189288,21,,,0,52,,189289,21,,,0,12,,189290,21,,,0,12,,189291,21,,,0,13,,189292,21,,,0,13,,189293,21,,,0,53,,189294,21,,,0,13,,189295,21,,,0,12,,189296,21,,,0,12,,189297,21,,,0,13,,189298,21,,,0,52,,189299,21,,,0,12,,189300,21,,,0,12,,189301,21,,,0,12,,189302,21,,,0,13,,189303,21,,,0,55,,189304,21,,,0,15,,189305,21,,,0,15,,189306,21,,,0,15,,189307,21,,,0,55,,189308,21,,,0,15,,189309,21,,,0,15,,189310,21,,,0,60,,189311,21,,,0,20,,189312,21,,,0,23,,189313,21,,,0,60,,189314,21,,,0,21,,189315,21,,,0,20,,189316,21,,,0,61,,189317,21,,,0,20,,189318,21,,,0,21,,189319,21,,,0,61,,189320,21,,,0,20,,189321,21,,,0,16,,189322,21,,,0,75,,189323,21,,,0,32,,189324,21,,,0
661700,'3',559,,189325,21,,,0,70,,189326,21,,,0,30,,189327,21,,,0,69,,189328,21,,,0,72,,189329,21,,,0,31,,189330,21,,,0,26,,189331,21,,,0,60,,189332,21,,,0,22,,189333,21,,,0,61,,189334,21,,,0,22,,189335,21,,,0,20,,189336,21,,,0,14,,189337,21,,,0,55,,189338,21,,,0,15,,189339,21,,,0,14,,189340,21,,,0,15,,189341,21,,,0,55,,189342,21,,,0,14,,189343,21,,,0,15,,189344,21,,,0,15,,189345,21,,,0,54,,189346,21,,,0,14,,189347,21,,,0,15,,189348,21,,,0,15,,189349,21,,,0,55,,189350,21,,,0,15,,189351,21,,,0,15,,189352,21,,,0,15,,189353,21,,,0,55,,189354,21,,,0,15,,189355,21,,,0,15,,189356,21,,,0,15,,189357,21,,,0,55,,189358,21,,,0,15,,189359,21,,,0,15,,189360,21,,,0,15,,189361,21,,,0,55,,189362,21,,,0,14,,189363,21,,,0,16,,189364,21,,,0,15,,189365,21,,,0,60,,189366,21,,,0,20,,189367,21,,,0,20,,189368,21,,,0,60,,189369,21,,,0,20,,189370,21,,,0,19,,189371,21,,,0,60,,189372,21,,,0,20,,189373,21,,,0,21,,189374,21,,,0,60,,189375,21,,,0,20,,189376,21,,,0,21,,189377,21,,,0,60,,189378,21,,,0,20,,189379,21,,,0,20,,189380,21,,,0,60,,189381,21,,,0,20,,189382,21,,,0,17,,189383,21,,,0,74,,189384,21,,,0,28,,189385,21,,,0
663500,'1',714,,196638,7,0,10,0,26,,196590,7,0,10,0,60,,196591,7,0,10,0,14,,196632,7,0,10,0,11,,196592,7,0,10,0,13,,196635,7,0,10,0,5,,196610,7,0,10,0,7,,196611,7,0,10,0,8,,196612,7,0,10,0,49,,196613,7,0,10,0,9,,196634,7,0,10,0,7,,196614,7,0,10,0,8,,196615,7,0,10,0,9,,196616,7,0,10,0,7,,196637,7,0,10,0,8,,196617,7,0,10,0,49,,196618,7,0,10,0,10,,196633,7,0,10,0,11,,196619,7,0,10,0,9,,196620,7,0,10,0,11,,196636,7,0,10,0,56,,196631,7,0,10,0,21,,196621,7,0,10,0,28,,196622,7,0,10,0,67,,196623,7,0,10,0,32,,196624,7,0,10,0,71,,196625,7,0,10,0,28,,196626,7,0,10,0,72,,196627,7,0,10,0,27,,196628,7,0,10,0,69,,196595,7,0,10,0,9,,196640,7,,,0,6,,196639,7,0,10,0,12,,196596,7,0,10,0,12,,196597,7,0,10,0,51,,196598,7,0,10,0,11,,196599,7,0,10,0,5,,196641,7,,,0,16,,196600,7,0,10,0,11,,196601,7,0,10,0,55,,196602,7,0,10,0,12,,196603,7,0,10,0,9,,196642,7,,,0,2,,196604,7,0,10,0,16,,196605,7,0,10,0,13,,196606,7,0,10,0,51,,196607,7,0,10,0,10,,196608,7,0,10,0,11,,196609,7,0,10,0,12,,196629,7,0,10,0,12,,196593,7,0,10,0,57,,196630,7,0,10,0,22,,196594,7,0,10,0
663800,'1',610,,197856,7,,,0,19,,197857,7,,,0,19,,197858,7,,,0,55,,197859,7,,,0,15,,197860,7,,,0,15,,197834,7,,,0,13,,197829,7,,,0,12,,197846,7,,,0,51,,197809,7,,,0,12,,197830,7,,,0,13,,197847,7,,,0,14,,197835,7,,,0,54,,197865,7,,,0,15,,197864,7,,,0,15,,197836,7,,,0,15,,197866,7,,,0,54,,197813,7,,,0,15,,197837,7,,,0,14,,197843,7,,,0,15,,197814,7,,,0,55,,197868,7,,,0,15,,197815,7,,,0,15,,197831,7,,,0,15,,197816,7,,,0,55,,197869,7,,,0,15,,197838,7,,,0,15,,197832,7,,,0,15,,197817,7,,,0,55,,197870,7,,,0,15,,197839,7,,,0,15,,197867,7,,,0,15,,197818,7,,,0,14,,197872,7,,,0,55,,197840,7,,,0,15,,197873,7,,,0,15,,197819,7,,,0,15,,197874,7,,,0,52,,197820,7,,,0,11,,197821,7,,,0,11,,197861,7,,,0,13,,197822,7,,,0,12,,197841,7,,,0,52,,197810,7,,,0,13,,197845,7,,,0,13,,197823,7,,,0,13,,197871,7,,,0,52,,197833,7,,,0,12,,197824,7,,,0,13,,197842,7,,,0,13,,197825,7,,,0,12,,197828,7,,,0,52,,197826,7,,,0,14,,197808,7,,,0,13,,197844,7,,,0,15,,197827,7,,,0,14,,197862,7,,,0,54,,197863,7,,,0,16,,197848,7,,,0,15,,197849,7,,,0,59,,197850,7,,,0,20,,197851,7,,,0,20,,197852,7,,,0,60,,197853,7,,,0,20,,197854,7,,,0,20,,197855,7,,,0,69,,197811,7,,,0,37,,197812,7,,,0
663800,'2',717,,197895,7,,,0,31,,197890,7,,,0,68,,197889,7,,,0,29,,197898,7,,,0,70,,197888,7,,,0,25,,197887,7,,,0,60,,197897,7,,,0,20,,197900,7,,,0,19,,197879,7,,,0,20,,197878,7,,,0,57,,197877,7,,,0,15,,197876,7,,,0,15,,197915,7,,,0,54,,197875,7,,,0,15,,197896,7,,,0,13,,197886,7,,,0,12,,197916,7,,,0,12,,197922,7,,,0,52,,197885,7,,,0,12,,197923,7,,,0,12,,197884,7,,,0,12,,197924,7,,,0,12,,197917,7,,,0,51,,197883,7,,,0,10,,197925,7,,,0,10,,197927,7,,,0,11,,197882,7,,,0,11,,197926,7,,,0,11,,197918,7,,,0,51,,197881,7,,,0,10,,197913,7,,,0,10,,197893,7,,,0,10,,197880,7,,,0,12,,197919,7,,,0,52,,197912,7,,,0,12,,197911,7,,,0,12,,197892,7,,,0,13,,197910,7,,,0,12,,197909,7,,,0,52,,197908,7,,,0,12,,197920,7,,,0,12,,197901,7,,,0,12,,197907,7,,,0,15,,197906,7,,,0,55,,197891,7,,,0,15,,197899,7,,,0,18,,197921,7,,,0,62,,197914,7,,,0,21,,197905,7,,,0,21,,197904,7,,,0,70,,197903,7,,,0,30,,197902,7,,,0,70,,197894,7,,,0
663800,'3',813,,197928,7,,,0,30,,197929,7,,,0,70,,197931,7,,,0,30,,197930,7,,,0,60,,197932,7,,,0,20,,197933,7,,,0,20,,197934,7,,,0,60,,197935,7,,,0,19,,197936,7,,,0,20,,197937,7,,,0,60,,197938,7,,,0,20,,197939,7,,,0,20,,197940,7,,,0,60,,197941,7,,,0,19,,197942,7,,,0,20,,197943,7,,,0,60,,197944,7,,,0,20,,197945,7,,,0,20,,197946,7,,,0,60,,197947,7,,,0,20,,197948,7,,,0,20,,197949,7,,,0,60,,197950,7,,,0,20,,197951,7,,,0,21,,197952,7,,,0,60,,197953,7,,,0,19,,197954,7,,,0,21,,197955,7,,,0,60,,197956,7,,,0,19,,197957,7,,,0,21,,197958,7,,,0,70,,197959,7,,,0,31,,197960,7,,,0,70,,197961,7,,,0,30,,197962,7,,,0,70,,197963,7,,,0
1671800,'1',312,,227606,24,0,10,0,30,,227607,24,0,10,0,78,,227608,24,0,10,0,31,,227575,24,,,0,78,,227577,24,,,0,4,,227571,20,,,0,13,,227572,24,,,0,13,,227578,20,,,0,53,,227579,24,,,0,15,,227580,24,,,0,15,,227581,24,,,0,13,,227582,24,,,0,53,,227569,24,,,0,14,,227570,24,,,0,14,,227586,24,,,0,14,,227587,24,,,0,52,,227588,24,,,0,14,,227589,24,,,0,13,,227590,24,,,0,12,,227591,24,,,0,13,,227592,24,,,0,54,,227593,24,,,0,14,,227594,24,,,0,14,,227595,24,,,0,15,,227596,24,,,0,55,,227597,24,,,0,15,,227598,24,,,0,15,,227599,24,,,0,14,,227600,24,,,0,55,,227601,24,,,0,15,,227602,24,,,0,16,,227603,24,,,0,15,,227604,24,,,0,55,,227605,24,,,0,15,,227583,24,,,0,15,,227584,24,,,0,15,,227585,24,,,0,55,,227562,24,,,0,15,,227563,24,,,0,15,,227564,24,,,0,16,,227534,24,,,0,55,,227535,24,,,0,15,,227536,24,,,0,8,,227537,24,,,0,8,,227574,24,,,0,14,,227538,24,,,0,55,,227539,24,,,0,14,,227540,24,,,0,13,,227541,24,,,0,12,,227542,24,,,0,10,,227612,24,,,0,50,,227543,24,,,0,10,,227544,24,,,0,10,,227545,24,,,0,10,,227546,24,,,0,10,,227547,24,,,0,10,,227548,24,,,0,49,,227549,24,,,0,9,,227550,24,,,0,10,,227611,24,,,0,9,,227551,24,,,0,9,,227552,24,,,0,10,,227553,24,,,0,50,,227554,24,,,0,12,,227555,24,,,0,12,,227556,24,,,0,12,,227557,24,,,0,13,,227558,24,,,0,52,,227559,24,0,10,0,15,,227560,24,0,10,0,15,,227561,24,0,10,0,15,,227565,24,0,10,0,56,,227566,24,0,10,0,15,,227568,24,0,10,0,17,,227567,24,0,10,0
1671800,'152201',2052,,227505,24,0,10,0,56,,227506,24,0,10,0,15,,227507,24,0,10,0,15,,227508,24,0,10,0,17,,227509,24,0,10,0,60,,227510,24,0,10,0,21,,227511,24,0,10,0,19,,227512,24,0,10,0,60,,227513,24,0,10,0,30,,227514,24,0,10,0,56,,227504,24,0,10,0,15,,227515,24,0,10,0,15,,227518,24,0,10,0,15,,227516,24,0,10,0,70,,227517,24,0,10,0
1671800,'152301',2052,,227521,24,0,10,0,56,,227522,24,0,10,0,15,,227523,24,0,10,0,15,,227524,24,0,10,0,17,,227525,24,0,10,0,60,,227526,24,0,10,0,21,,227527,24,0,10,0,19,,227528,24,0,10,0,60,,227529,24,0,10,0,30,,227530,24,0,10,0,56,,227519,24,0,10,0,15,,227531,24,0,10,0,15,,227520,24,0,10,0,15,,227532,24,0,10,0,70,,227533,24,0,10,0
1671800,'2',313,,227710,24,0,10,0,30,,227711,24,0,10,0,77,,227706,24,0,10,0,30,,227641,24,,,0,81,,227672,24,,,0,21,,227673,24,,,0,55,,227650,24,,,0,16,,227651,24,,,0,20,,227652,24,,,0,60,,227653,24,,,0,15,,227654,24,,,0,14,,227655,24,,,0,13,,227656,24,,,0,13,,227658,24,,,0,52,,227659,24,,,0,14,,227660,24,,,0,14,,227661,24,,,0,15,,227662,24,,,0,55,,227663,24,,,0,15,,227664,24,,,0,15,,227665,24,,,0,15,,227666,24,,,0,55,,227667,24,,,0,14,,227668,24,,,0,15,,227669,24,,,0,12,,227670,24,,,0,52,,227671,24,,,0,12,,227657,24,,,0,12,,227642,24,,,0,12,,227674,24,,,0,13,,227675,24,,,0,52,,227676,24,,,0,13,,227677,24,,,0,11,,227643,24,,,0,10,,227678,24,,,0,11,,227679,24,,,0,10,,227680,24,,,0,50,,227681,24,,,0,10,,227682,24,,,0,9,,227644,24,,,0,10,,227683,24,,,0,10,,227684,24,,,0,10,,227685,24,,,0,50,,227686,24,,,0,11,,227687,24,,,0,11,,227645,24,,,0,11,,227688,24,,,0,10,,227689,24,,,0,10,,227690,24,,,0,50,,227691,24,,,0,10,,227692,24,,,0,10,,227646,24,,,0,10,,227693,24,,,0,10,,227694,24,,,0,10,,227696,24,,,0,50,,227697,24,,,0,10,,227698,24,,,0,10,,227647,24,,,0,9,,227699,24,,,0,11,,227700,24,,,0,10,,227695,24,,,0,49,,227701,24,,,0,10,,227702,24,,,0,10,,227648,24,,,0,10,,227703,24,,,0,10,,227704,24,,,0,52,,227705,24,,,0,12,,227613,24,,,0,12,,227614,24,,,0,12,,227615,24,,,0,13,,227616,24,,,0,53,,227617,24,0,10,0,15,,227618,24,0,10,0,15,,227619,24,0,10,0,15,,227620,24,0,10,0,58,,227621,24,0,10,0,15,,227622,24,0,10,0,14,,227623,24,0,10,0,14,,227624,24,0,10,0,56,,227625,24,0,10,0,15,,227626,24,0,10,0,15,,227627,24,0,10,0,20,,227636,24,0,10,0,60,,227628,24,0,10,0,20,,227629,24,0,10,0,20,,227630,24,0,10,0,61,,227631,24,0,10,0,24,,227632,24,0,10,0,71,,227633,24,0,10,0,30,,227634,24,0,10,0,72,,227635,24,0,10,0
1671800,'3',312,,227796,24,0,10,0,30,,227797,24,0,10,0,76,,227794,24,0,10,0,30,,227795,24,0,10,0,78,,227790,24,,,0,22,,227731,24,,,0,60,,227737,24,,,0,21,,227738,24,,,0,25,,227791,24,,,0,60,,227739,24,,,0,14,,227741,24,,,0,15,,227714,24,,,0,14,,227740,24,,,0,51,,227742,24,,,0,13,,227743,24,,,0,14,,227744,24,,,0,15,,227745,24,,,0,55,,227746,24,,,0,16,,227747,24,,,0,16,,227748,24,,,0,15,,227749,24,,,0,56,,227750,24,,,0,16,,227751,24,,,0,16,,227752,24,,,0,13,,227753,24,,,0,54,,227754,24,,,0,13,,227755,24,,,0,14,,227775,24,,,0,13,,227756,24,,,0,53,,227757,24,,,0,13,,227758,24,,,0,12,,227715,24,,,0,11,,227759,24,,,0,12,,227760,24,,,0,52,,227761,24,,,0,12,,227762,24,,,0,12,,227716,24,,,0,13,,227763,24,,,0,12,,227764,24,,,0,53,,227765,24,,,0,12,,227766,24,,,0,12,,227727,24,,,0,13,,227767,24,,,0,12,,227768,24,,,0,53,,227769,24,,,0,12,,227770,24,,,0,12,,227728,24,,,0,12,,227771,24,,,0,11,,227772,24,,,0,52,,227773,24,,,0,12,,227736,24,,,0,11,,227729,24,,,0,11,,227774,24,,,0,12,,227732,24,,,0,52,,227733,24,,,0,12,,227734,24,,,0,12,,227730,24,,,0,12,,227717,24,,,0,14,,227718,24,,,0,54,,227719,24,,,0,15,,227720,24,,,0,15,,227721,24,,,0,15,,227722,24,,,0,56,,227723,24,0,10,0,15,,227724,24,0,10,0,16,,227725,24,0,10,0,15,,227726,24,0,10,0,55,,227735,24,0,10,0,15,,227793,24,0,10,0,15,,227777,24,0,10,0,17,,227778,24,0,10,0,55,,227779,24,0,10,0,15,,227780,24,0,10,0,15,,227792,24,0,10,0,19,,227781,24,0,10,0,60,,227782,24,0,10,0,20,,227783,24,0,10,0,21,,227784,24,0,10,0,61,,227785,24,0,10,0,24,,227786,24,0,10,0,70,,227787,24,0,10,0,30,,227788,24,0,10,0,70,,227789,24,0,10,0
