662000,'1',423,,190826,27,,,0,20,,190827,27,,,0,60,,190829,27,,,0,2,,190833,22,,,0,6,,190836,22,0,23 15,0,10,,190832,22,,,0,2,,190830,27,,,0,10,,190837,22,0,23 15,0,2,,190888,22,,,0,5,,190828,27,,,0,13,,190831,27,,,0,55,,190839,27,,,0,11,,190856,27,,,0,5,,190835,22,0,23 15,0,7,,190857,27,,,0,12,,190858,27,,,0,1,,190834,22,0,23 15,0,11,,190859,27,,,0,52,,190860,27,,,0,12,,190870,27,,,0,3,,190891,22,,,0,8,,190871,27,,,0,9,,190890,22,0,23 15,0,1,,190883,27,,,0,9,,190819,27,,,0,10,,190821,27,,,0,50,,190822,27,,,0,2,,190889,22,,,0,6,,190866,27,,,0,10,,190867,27,,,0,10,,190868,27,,,0,10,,190869,27,,,0,12,,190861,27,,,0,54,,190862,27,,,0,15,,190872,27,,,0,15,,190823,27,,,0,15,,190840,27,,,0,54,,190841,27,,,0,15,,190842,27,,,0,15,,190843,27,,,0,15,,190820,27,,,0,55,,190844,27,,,0,15,,190845,27,,,0,15,,190846,27,,,0,15,,190847,27,,,0,54,,190848,27,,,0,15,,190849,27,,,0,15,,190850,27,,,0,15,,190851,27,,,0,55,,190852,27,,,0,15,,190853,27,,,0,16,,190854,27,,,0,15,,190855,27,,,0,55,,190863,27,,,0,15,,190864,27,,,0,14,,190865,27,,,0,14,,190873,27,,,0,55,,190874,27,,,0,15,,190875,27,,,0,12,,190876,27,,,0,12,,190877,27,,,0,52,,190878,27,,,0,13,,190879,27,,,0,12,,190880,27,,,0,13,,190881,27,,,0,12,,190882,27,,,0,52,,190814,27,,,0,12,,190815,27,,,0,13,,190816,27,,,0,13,,190817,27,,,0,13,,190818,27,,,0,54,,190813,27,,,0,14,,190838,27,,,0,15,,190825,27,,,0,15,,190812,27,,,0,55,,190810,27,,,0,16,,190824,27,,,0,15,,190884,27,,,0,15,,190886,27,,,0,55,,190887,27,,,0,15,,190811,27,,,0,15,,190885,27,,,0
662000,'152201',2056,,190795,27,,,0,55,,190786,27,,,0,15,,190796,27,,,0,15,,190785,27,,,0,60,,190787,27,,,0,20,,190789,27,,,0,21,,190794,27,,,0,60,,190788,27,,,0,20,,190793,27,,,0,23,,190791,27,,,0,70,,190790,27,,,0,30,,190792,27,,,0,70,,190784,27,,,0
662000,'152301',2056,,190799,27,,,0,55,,190800,27,,,0,15,,190801,27,,,0,15,,190802,27,,,0,60,,190803,27,,,0,20,,190805,27,,,0,21,,190807,27,,,0,60,,190804,27,,,0,20,,190806,27,,,0,23,,190808,27,,,0,70,,190809,27,,,0,30,,190797,27,,,0,70,,190798,27,,,0
662000,'2',454,,190892,27,,,0,60,,190893,27,,,0,19,,190894,27,,,0,21,,190895,27,,,0,60,,190896,27,,,0,19,,190897,27,,,0,15,,190898,27,,,0,55,,190899,27,,,0,14,,190900,27,,,0,14,,190901,27,,,0,15,,190902,27,,,0,13,,190903,27,,,0,55,,190904,27,,,0,15,,190905,27,,,0,15,,190906,27,,,0,15,,190907,27,,,0,55,,190908,27,,,0,15,,190909,27,,,0,15,,190910,27,,,0,15,,190911,27,,,0,55,,190912,27,,,0,15,,190913,27,,,0,13,,190914,27,,,0,15,,190915,27,,,0,55,,190916,27,,,0,15,,190917,27,,,0,15,,190918,27,,,0,15,,190919,27,,,0,53,,190920,27,,,0,15,,190921,27,,,0,15,,190922,27,,,0,15,,190923,27,,,0,55,,190924,27,,,0,15,,190925,27,,,0,15,,190926,27,,,0,15,,190927,27,,,0,55,,190928,27,,,0,15,,190929,27,,,0,15,,190930,27,,,0,15,,190931,27,,,0,56,,190932,27,,,0,15,,190933,27,,,0,15,,190934,27,,,0,15,,190935,27,,,0,55,,190936,27,,,0,15,,190937,27,,,0,15,,190938,27,,,0,15,,190939,27,,,0,55,,190940,27,,,0,15,,190941,27,,,0,15,,190942,27,,,0,15,,190943,27,,,0,56,,190944,27,,,0,15,,190945,27,,,0,15,,190946,27,,,0,15,,190947,27,,,0,55,,190948,27,,,0,15,,190949,27,,,0,15,,190950,27,,,0,15,,190951,27,,,0,55,,190952,27,,,0,15,,190953,27,,,0,16,,190954,27,,,0,16,,190955,27,,,0,60,,190956,27,,,0,20,,190957,27,,,0,20,,190958,27,,,0,60,,190959,27,,,0,20,,190960,27,,,0,64,,190961,27,,,0,20,,190962,27,,,0,25,,190963,27,,,0,70,,190964,27,,,0,30,,190965,27,,,0,70,,190966,27,,,0
662000,'3',541,,190967,27,,,0,60,,190968,27,,,0,20,,190969,27,,,0,18,,190970,27,,,0,20,,190971,27,,,0,60,,190972,27,,,0,20,,190973,27,,,0,15,,190974,27,,,0,54,,190975,27,,,0,15,,190976,27,,,0,15,,190977,27,,,0,15,,190978,27,,,0,55,,190979,27,,,0,13,,190980,27,,,0,15,,190981,27,,,0,15,,190982,27,,,0,53,,190983,27,,,0,12,,190984,27,,,0,15,,190985,27,,,0,15,,190986,27,,,0,55,,190987,27,,,0,15,,190988,27,,,0,15,,190989,27,,,0,16,,190990,27,,,0,55,,190991,27,,,0,15,,190992,27,,,0,15,,190993,27,,,0,15,,190994,27,,,0,55,,190995,27,,,0,14,,190996,27,,,0,15,,190997,27,,,0,15,,190998,27,,,0,55,,190999,27,,,0,15,,191000,27,,,0,15,,191001,27,,,0,15,,191002,27,,,0,55,,191003,27,,,0,15,,191004,27,,,0,15,,191005,27,,,0,16,,191006,27,,,0,55,,191007,27,,,0,15,,191008,27,,,0,15,,191009,27,,,0,15,,191010,27,,,0,55,,191011,27,,,0,15,,191012,27,,,0,15,,191013,27,,,0,15,,191014,27,,,0,55,,191015,27,,,0,15,,191016,27,,,0,15,,191017,27,,,0,15,,191018,27,,,0,55,,191019,27,,,0,15,,191020,27,,,0,16,,191021,27,,,0,15,,191022,27,,,0,55,,191023,27,,,0,15,,191024,27,,,0,15,,191025,27,,,0,19,,191026,27,,,0,60,,191027,27,,,0,20,,191028,27,,,0,20,,191029,27,,,0,60,,191030,27,,,0,20,,191031,27,,,0,20,,191032,27,,,0,60,,191033,27,,,0,20,,191034,27,,,0,16,,191035,27,,,0,70,,191036,27,,,0,30,,191037,27,,,0,70,,191038,27,,,0
662200,'1',539,,191732,27,0,24 14 8,0,68,,191734,27,0,24 14 8,0,24,,191736,27,0,24 14 8,0,12,,191737,27,0,24 14 8,0,12,,191738,27,0,24 14 8,0,50,,191739,27,0,24 14 8,0,10,,191740,27,0,24 14 8,0,8,,191741,27,0,24 14 8,0,6,,191742,27,0,24 14 8,0,8,,191743,27,0,24 14 8,0,7,,191744,27,0,24 14 8,0,7,,191745,27,0,24 14 8,0,6,,191746,27,0,24 14 8,0,46,,191811,27,0,24 14 8,0,6,,191747,27,0,24 14 8,0,8,,191748,27,0,24 14 8,0,6,,191749,27,0,24 14 8,0,7,,191750,27,0,24 14 8,0,7,,191751,27,0,24 14 8,0,7,,191752,27,0,24 14 8,0,8,,191753,27,0,24 14 8,0,7,,191754,27,0,24 14 8,0,48,,191755,27,0,24 14 8,0,9,,191756,27,0,24 14 8,0,10,,191757,27,0,24 14 8,0,11,,191758,27,0,24 14 8,0,11,,191759,27,0,24 14 8,0,52,,191815,27,0,24 14 8,0,12,,191760,27,0,24 14 8,0,9,,191761,27,0,24 14 8,0,11,,191762,27,0,24 14 8,0,11,,191763,27,0,24 14 8,0,11,,191816,27,0,24 14 8,0,52,,191764,27,0,24 14 8,0,12,,191765,27,0,24 14 8,0,12,,191766,27,0,24 14 8,0,10,,191767,27,0,24 14 8,0,12,,191817,27,0,24 14 8,0,52,,191768,27,0,24 14 8,0,13,,191769,27,0,24 14 8,0,12,,191770,27,0,24 14 8,0,12,,191771,27,0,24 14 8,0,12,,191818,27,0,24 14 8,0,52,,191772,27,0,24 14 8,0,12,,191773,27,0,24 14 8,0,12,,191774,27,0,24 14 8,0,10,,191819,27,0,24 14 8,0,12,,191775,27,0,24 14 8,0,52,,191776,27,0,24 14 8,0,13,,191777,27,0,24 14 8,0,13,,191778,27,0,24 14 8,0,13,,191807,27,0,24 14 8,0,9,,191808,27,0,24 14 8,0,8,,191812,27,0,24 14 8,0,47,,191809,27,0,24 14 8,0,8,,191810,27,0,24 14 8,0,7,,191779,27,0,24 14 8,0,8,,191813,27,0,24 14 8,0,8,,191814,27,0,24 14 8,0,8,,191780,27,0,24 14 8,0,8,,191781,27,0,24 14 8,0,48,,191782,27,0,24 14 8,0,8,,191783,27,0,24 14 8,0,8,,191784,27,0,24 14 8,0,8,,191785,27,0,24 14 8,0,8,,191786,27,0,24 14 8,0,9,,191787,27,0,24 14 8,0,11,,191788,27,0,24 14 8,0,49,,191789,27,0,24 14 8,0,10,,191790,27,0,24 14 8,0,9,,191791,27,0,24 14 8,0,10,,191792,27,0,24 14 8,0,10,,191793,27,0,24 14 8,0,10,,191794,27,0,24 14 8,0,50,,191795,27,0,24 14 8,0,11,,191796,27,0,24 14 8,0,10,,191797,27,0,24 14 8,0,12,,191798,27,0,24 14 8,0,12,,191799,27,0,24 14 8,0,12,,191800,27,0,24 14 8,0,52,,191820,27,0,24 14 8,0,14,,191801,27,0,24 14 8,0,13,,191802,27,0,24 14 8,0,15,,191803,27,0,24 14 8,0,55,,191804,27,0,24 14 8,0,16,,191805,27,0,24 14 8,0,15,,191806,27,0,24 14 8,0
662200,'101',1531,,191706,27,0,10,0
662200,'152201',2053,,191707,27,0,24 14 8,0,58,,191708,27,0,24 14 8,0,24,,191709,27,0,24 14 8,0,17,,191710,27,0,24 14 8,0,61,,191711,27,0,24 14 8,0,25,,191712,27,0,24 14 8,0,19,,191713,27,0,24 14 8,0,56,,191714,27,0,24 14 8,0,23,,191715,27,0,24 14 8,0,70,,191716,27,0,24 14 8,0,29,,191717,27,,,0,73,,191718,27,,,0
662200,'152301',2053,,191719,27,0,24 14 8,0,58,,191720,27,0,24 14 8,0,24,,191721,27,0,24 14 8,0,17,,191722,27,0,24 14 8,0,61,,191723,27,0,24 14 8,0,25,,191724,27,0,24 14 8,0,19,,191725,27,0,24 14 8,0,56,,191726,27,0,24 14 8,0,23,,191727,27,0,24 14 8,0,70,,191728,27,0,24 14 8,0,29,,191729,27,,,0,73,,191730,27,,,0
662200,'2',625,,191822,27,0,24 14 8,0,20,,191896,27,0,24 14 8,0,60,,191831,27,0,24 14 8,0,18,,191898,27,0,24 14 8,0,15,,191833,27,0,24 14 8,0,12,,191825,27,0,24 14 8,0,55,,191893,27,0,24 14 8,0,13,,191895,27,0,24 14 8,0,15,,191894,27,0,24 14 8,0,14,,191824,27,0,24 14 8,0,55,,191891,27,0,24 14 8,0,15,,191892,27,0,24 14 8,0,12,,191844,27,0,24 14 8,0,12,,191845,27,0,24 14 8,0,12,,191905,27,0,24 14 8,0,52,,191846,27,0,24 14 8,0,9,,191847,27,0,24 14 8,0,12,,191848,27,0,24 14 8,0,12,,191849,27,0,24 14 8,0,12,,191906,27,0,24 14 8,0,52,,191850,27,0,24 14 8,0,6,,191851,27,0,24 14 8,0,12,,191852,27,0,24 14 8,0,12,,191853,27,0,24 14 8,0,12,,191854,27,0,24 14 8,0,12,,191855,27,0,24 14 8,0,52,,191856,27,0,24 14 8,0,12,,191857,27,0,24 14 8,0,10,,191858,27,0,24 14 8,0,10,,191859,27,0,24 14 8,0,10,,191860,27,0,24 14 8,0,50,,191861,27,0,24 14 8,0,9,,191900,27,0,24 14 8,0,10,,191862,27,0,24 14 8,0,10,,191863,27,0,24 14 8,0,10,,191864,27,0,24 14 8,0,10,,191865,27,0,24 14 8,0,10,,191866,27,0,24 14 8,0,50,,191901,27,0,24 14 8,0,10,,191867,27,0,24 14 8,0,10,,191868,27,0,24 14 8,0,10,,191837,27,0,24 14 8,0,10,,191869,27,0,24 14 8,0,10,,191870,27,0,24 14 8,0,50,,191902,27,0,24 14 8,0,10,,191871,27,0,24 14 8,0,10,,191872,27,0,24 14 8,0,12,,191873,27,0,24 14 8,0,11,,191874,27,0,24 14 8,0,51,,191875,27,0,24 14 8,0,10,,191903,27,0,24 14 8,0,10,,191876,27,0,24 14 8,0,10,,191877,27,0,24 14 8,0,10,,191878,27,0,24 14 8,0,10,,191879,27,0,24 14 8,0,50,,191904,27,0,24 14 8,0,11,,191880,27,0,24 14 8,0,10,,191881,27,0,24 14 8,0,10,,191882,27,0,24 14 8,0,10,,191883,27,0,24 14 8,0,12,,191897,27,0,24 14 8,0,56,,191885,27,0,24 14 8,0,15,,191843,27,0,24 14 8,0,15,,191829,27,0,24 14 8,0,15,,191834,27,0,24 14 8,0,55,,191835,27,0,24 14 8,0,15,,191836,27,0,24 14 8,0,16,,191838,27,0,24 14 8,0,15,,191839,27,0,24 14 8,0,56,,191840,27,0,24 14 8,0,15,,191841,27,0,24 14 8,0,14,,191842,27,0,24 14 8,0,15,,191884,27,0,24 14 8,0,55,,191827,27,0,24 14 8,0,16,,191821,27,0,24 14 8,0,17,,191823,27,0,24 14 8,0,62,,191832,27,0,24 14 8,0,26,,191889,27,0,24 14 8,0,22,,191830,27,0,24 14 8,0,62,,191887,27,0,24 14 8,0,21,,191886,27,0,24 14 8,0,66,,191826,27,0,24 14 8,0,30,,191888,27,,,0,70,,191890,27,,,0
662200,'3',617,,191907,27,,,0,30,,191908,27,,,0,65,,191909,27,0,24 14 8,0,20,,191910,27,0,24 14 8,0,21,,191911,27,0,24 14 8,0,59,,191912,27,0,24 14 8,0,11,,191913,27,0,24 14 8,0,15,,191914,27,0,24 14 8,0,13,,191915,27,0,24 14 8,0,55,,191916,27,0,24 14 8,0,15,,191917,27,0,24 14 8,0,15,,191918,27,0,24 14 8,0,13,,191919,27,0,24 14 8,0,54,,191920,27,0,24 14 8,0,15,,191921,27,0,24 14 8,0,15,,191922,27,0,24 14 8,0,15,,191923,27,0,24 14 8,0,55,,191924,27,0,24 14 8,0,11,,191925,27,0,24 14 8,0,12,,191926,27,0,24 14 8,0,12,,191927,27,0,24 14 8,0,10,,191928,27,0,24 14 8,0,52,,191929,27,0,24 14 8,0,12,,191930,27,0,24 14 8,0,12,,191931,27,0,24 14 8,0,13,,191932,27,0,24 14 8,0,12,,191933,27,0,24 14 8,0,52,,191934,27,0,24 14 8,0,11,,191935,27,0,24 14 8,0,12,,191936,27,0,24 14 8,0,12,,191937,27,0,24 14 8,0,12,,191938,27,0,24 14 8,0,52,,191939,27,0,24 14 8,0,12,,191940,27,0,24 14 8,0,12,,191941,27,0,24 14 8,0,13,,191942,27,0,24 14 8,0,12,,191943,27,0,24 14 8,0,52,,191944,27,0,24 14 8,0,12,,191945,27,0,24 14 8,0,12,,191946,27,0,24 14 8,0,13,,191947,27,0,24 14 8,0,13,,191948,27,0,24 14 8,0,53,,191949,27,0,24 14 8,0,13,,191950,27,0,24 14 8,0,12,,191951,27,0,24 14 8,0,12,,191952,27,0,24 14 8,0,14,,191953,27,0,24 14 8,0,52,,191954,27,0,24 14 8,0,14,,191955,27,0,24 14 8,0,15,,191956,27,0,24 14 8,0,16,,191957,27,0,24 14 8,0,55,,191958,27,0,24 14 8,0,17,,191959,27,0,24 14 8,0,15,,191960,27,0,24 14 8,0,15,,191961,27,0,24 14 8,0,55,,191962,27,0,24 14 8,0,14,,191963,27,0,24 14 8,0,15,,191964,27,0,24 14 8,0,15,,191965,27,0,24 14 8,0,56,,191966,27,0,24 14 8,0,18,,191967,27,0,24 14 8,0,16,,191968,27,0,24 14 8,0,57,,191969,27,0,24 14 8,0,16,,191970,27,0,24 14 8,0,18,,191971,27,0,24 14 8,0,18,,191972,27,0,24 14 8,0,59,,191973,27,0,24 14 8,0,20,,191974,27,0,24 14 8,0,20,,191975,27,0,24 14 8,0,60,,191976,27,0,24 14 8,0,27,,191977,27,0,24 14 8,0,67,,191978,27,,,0,30,,191979,27,,,0,69,,191980,27,,,0
683000,'1',2556,,224906,49,,,0,72,,224907,49,,,0,28,,224908,49,,,0,70,,224909,49,,,0,30,,224910,49,,,0,72,,224911,49,,,0
683000,'2',2558,,224918,49,,,0,75,,224917,49,,,0,70,,224916,49,,,0,30,,224913,49,,,0,72,,224915,49,,,0,34,,224914,49,,,0
683000,'3',2556,,224925,49,,,0,70,,224924,49,,,0,30,,224919,49,,,0,70,,224923,49,,,0,30,,224922,49,,,0,80,,224921,49,,,0
