661900,'101_merged_15727747',1614,,190142,7,,,0
661900,'1_merged_15727750',444,,190143,7,,,0,59,,190144,7,,,0,20,,190145,7,,,0,16,,190146,17,,,0,13,,190147,7,,,0,52,,190148,17,,,0,12,,190149,17,,,0,13,,190150,17,,,0,6,,190151,17,,,0,8,,190152,7,,,0,7,,190153,17,,,0,8,,190154,7,,,0,47,,190155,17,,,0,6,,190156,17,,,0,6,,190157,7,,,0,5,,190158,17,,,0,5,,190159,17,,,0,5,,190160,17,,,0,7,,190161,17,,,0,6,,190262,7,,,0,6,,190162,17,,,0,6,,190163,7,,,0,47,,190164,17,,,0,9,,190165,7,,,0,9,,190166,32,,,0,9,,190167,7,,,0,8,,190168,32,,,0,8,,190169,7,,,0,9,,190170,32,,,0,49,,190171,7,,,0,8,,190172,32,,,0,8,,190173,7,,,0,9,,190174,32,,,0,9,,190175,7,,,0,9,,190176,32,,,0,52,,190177,7,,,0,12,,190178,32,,,0,12,,190179,7,,,0,12,,190180,32,,,0,13,,190181,7,,,0,51,,190182,32,,,0,12,,190183,7,,,0,11,,190184,32,,,0,12,,190185,7,,,0,12,,190186,17,,,0,53,,190187,7,,,0,12,,190188,17,,,0,12,,190189,7,,,0,12,,190190,17,,,0,12,,190191,7,,,0,53,,190192,17,,,0,12,,190193,7,,,0,11,,190194,17,,,0,10,,190195,17,,,0,8,,190196,7,,,0,8,,190197,17,,,0,8,,190198,7,,,0,47,,190199,17,,,0,8,,190200,7,,,0,8,,190201,17,,,0,8,,190202,7,,,0,7,,190203,17,,,0,8,,190204,7,,,0,7,,190205,17,,,0,8,,190206,7,,,0,47,,190207,17,,,0,7,,190208,7,,,0,7,,190209,17,,,0,7,,190210,17,,,0,7,,190211,7,,,0,6,,190212,17,,,0,7,,190213,7,,,0,6,,190214,32,,,0,47,,190215,7,,,0,6,,190216,32,,,0,16,,190217,32,,,0,7,,190218,7,,,0,8,,190219,32,,,0,8,,190220,7,,,0,7,,190221,32,,,0,6,,190222,7,,,0,47,,190223,32,,,0,7,,190224,7,,,0,7,,190225,32,,,0,8,,190226,7,,,0,8,,190227,32,,,0,9,,190228,32,,,0,10,,190229,7,,,0,52,,190230,32,,,0,11,,190231,7,,,0,14,,190232,32,,,0,15,,190233,32,,,0,55,,190234,17,,,0,15,,190235,17,,,0,15,,190236,17,,,0,15,,190237,17,,,0,55,,190238,17,,,0,15,,190239,17,,,0,15,,190240,17,,,0,14,,190241,17,,,0,55,,190242,17,,,0,15,,190243,17,,,0,15,,190244,17,,,0,15,,190245,17,,,0,55,,190246,17,,,0,15,,190247,17,,,0,15,,190248,17,,,0,15,,190249,17,,,0,55,,190250,17,,,0,15,,190251,17,,,0,14,,190252,17,,,0,15,,190253,17,,,0,14,,190254,17,,,0,55,,190255,17,,,0,12,,190256,17,,,0,15,,190257,17,,,0,16,,190258,17,,,0,67,,190259,7,,,0,11,,190260,7,,,0,71,,190261,7,,,0
661900,'201_merged_15727755',1614,,190263,7,,,0
661900,'2_merged_15727752',448,,190264,7,,,0,61,,190265,7,,,0,20,,190266,17,,,0,21,,190267,7,,,0,60,,190268,17,,,0,21,,190269,17,,,0,10,,190270,7,,,0,11,,190271,17,,,0,54,,190272,17,,,0,15,,190273,17,,,0,15,,190274,17,,,0,14,,190275,17,,,0,54,,190276,17,,,0,14,,190277,17,,,0,15,,190278,17,,,0,14,,190279,17,,,0,53,,190280,17,,,0,10,,190281,7,,,0,7,,190282,17,,,0,12,,190283,17,,,0,12,,190284,17,,,0,12,,190285,17,,,0,52,,190286,17,,,0,12,,190287,17,,,0,11,,190288,17,,,0,12,,190289,17,,,0,12,,190290,17,,,0,52,,190291,17,,,0,8,,190297,7,,,0,6,,190292,17,,,0,12,,190293,17,,,0,13,,190294,17,,,0,12,,190295,17,,,0,52,,190296,17,,,0,13,,190298,17,,,0,12,,190299,17,,,0,11,,190300,17,,,0,11,,190301,17,,,0,51,,190302,17,,,0,11,,190303,17,,,0,6,,190364,7,,,0,6,,190304,17,,,0,11,,190305,17,,,0,12,,190306,17,,,0,50,,190307,17,,,0,8,,190308,17,,,0,10,,190309,17,,,0,10,,190310,17,,,0,10,,190311,17,,,0,10,,190312,17,,,0,10,,190313,17,,,0,50,,190314,17,,,0,10,,190315,17,,,0,10,,190316,17,,,0,10,,190317,17,,,0,10,,190318,17,,,0,10,,190319,17,,,0,50,,190320,17,,,0,10,,190321,17,,,0,10,,190322,17,,,0,10,,190323,17,,,0,10,,190324,17,,,0,10,,190325,17,,,0,50,,190326,17,,,0,10,,190327,17,,,0,10,,190328,17,,,0,10,,190329,17,,,0,10,,190330,17,,,0,52,,190331,17,,,0,12,,190332,17,,,0,12,,190333,17,,,0,12,,190334,17,,,0,12,,190335,17,,,0,53,,190336,17,,,0,15,,190337,17,,,0,15,,190338,17,,,0,14,,190339,17,,,0,55,,190340,17,,,0,14,,190341,17,,,0,15,,190342,17,,,0,15,,190343,17,,,0,55,,190344,17,,,0,15,,190345,17,,,0,15,,190346,17,,,0,15,,190347,17,,,0,55,,190348,17,,,0,16,,190349,17,,,0,14,,190350,17,,,0,15,,190351,17,,,0,55,,190352,17,,,0,14,,190353,17,,,0,15,,190354,17,,,0,15,,190355,17,,,0,14,,190356,17,,,0,54,,190357,17,,,0,14,,190358,17,,,0,14,,190359,17,,,0,15,,190360,17,,,0,54,,190361,7,,,0,26,,190362,7,,,0,68,,190363,7,,,0
661900,'3_merged_15727751',504,,190365,6,0,26 15,0,18,,190366,7,,,0,5,,190367,6,0,26 15,0,14,,190368,17,,,0,63,,190369,17,,,0,20,,190370,17,,,0,20,,190371,17,,,0,56,,190372,17,,,0,14,,190373,7,,,0,15,,190374,17,,,0,15,,190375,7,,,0,15,,190376,17,,,0,55,,190377,17,,,0,14,,190378,17,,,0,16,,190379,17,,,0,15,,190380,17,,,0,56,,190381,17,,,0,15,,190382,17,,,0,14,,190383,17,,,0,15,,190384,17,,,0,50,,190385,17,,,0,10,,190386,17,,,0,9,,190387,17,,,0,10,,190388,17,,,0,10,,190389,17,,,0,10,,190390,17,,,0,50,,190391,17,,,0,10,,190392,17,,,0,10,,190393,17,,,0,9,,190394,17,,,0,9,,190395,17,,,0,10,,190396,17,,,0,49,,190397,17,,,0,10,,190398,17,,,0,10,,190399,17,,,0,10,,190400,17,,,0,10,,190401,17,,,0,10,,190402,17,,,0,50,,190403,17,,,0,10,,190404,17,,,0,10,,190405,17,,,0,10,,190406,17,,,0,11,,190407,17,,,0,10,,190408,17,,,0,50,,190409,17,,,0,10,,190410,17,,,0,10,,190411,17,,,0,9,,190412,17,,,0,9,,190413,17,,,0,10,,190414,17,,,0,50,,190415,17,,,0,10,,190416,17,,,0,10,,190417,17,,,0,10,,190418,17,,,0,10,,190419,17,,,0,10,,190420,17,,,0,50,,190421,17,,,0,11,,190422,17,,,0,10,,190423,17,,,0,10,,190424,17,,,0,10,,190425,17,,,0,10,,190426,17,,,0,50,,190427,17,,,0,11,,190428,17,,,0,10,,190429,17,,,0,10,,190430,17,,,0,10,,190431,17,,,0,10,,190432,17,,,0,53,,190433,17,,,0,16,,190434,17,,,0,16,,190435,17,,,0,15,,190436,17,,,0,55,,190437,17,,,0,15,,190438,17,,,0,15,,190439,17,,,0,15,,190440,17,,,0,55,,190441,17,,,0,15,,190442,17,,,0,15,,190443,17,,,0,15,,190444,17,,,0,56,,190445,17,,,0,15,,190446,17,,,0,15,,190447,17,,,0,15,,190448,17,,,0,56,,190449,17,,,0,15,,190450,17,,,0,15,,190451,17,,,0,14,,190452,17,,,0,55,,190453,17,,,0,15,,190454,17,,,0,15,,190455,17,,,0,15,,190456,17,,,0,58,,190457,17,,,0,20,,190458,17,,,0,20,,190459,17,,,0,63,,190460,7,,,0,20,,190461,7,,,0,20,,190462,7,,,0
664100,'1101_merged_15727765',2603,,198121,9,,,0
664100,'1201_merged_15727743',2603,,198122,9,0,25 8,0
664100,'1_merged_15727750',624,,198157,6,0,25 8,0,16,,198158,6,0,25 8,0,6,,198159,9,0,25 8,0,59,,198160,9,0,25 8,0,8,,198161,9,0,25 8,0,5,,198162,9,0,25 8,0,5,,198163,9,0,25 8,0,6,,198164,9,0,25 8,0,2,,198165,9,0,25 8,0,5,,198166,9,0,25 8,0,5,,198167,9,0,25 8,0,3,,198348,9,0,25 8,0,1,,198168,9,0,25 8,0,6,,198169,9,0,25 8,0,3,,198170,9,0,25 8,0,3,,198171,9,0,25 8,0,46,,198172,9,0,25 8,0,4,,198173,9,0,25 8,0,3,,198174,9,0,25 8,0,4,,198175,9,0,25 8,0,3,,198176,9,0,25 8,0,3,,198177,9,0,25 8,0,3,,198178,9,0,25 8,0,3,,198179,9,0,25 8,0,4,,198180,9,0,25 8,0,5,,198181,9,0,25 8,0,3,,198182,9,0,25 8,0,2,,198183,9,0,25 8,0,3,,198124,9,,,0,2,,198125,9,0,25 8,0,3,,198126,9,0,25 8,0,3,,198127,9,0,25 8,0,3,,198128,9,0,25 8,0,3,,198129,9,0,25 8,0,44,,198130,9,0,25 8,0,5,,198131,9,0,25 8,0,2,,198132,9,0,25 8,0,4,,198133,9,0,25 8,0,1,,198134,9,0,25 8,0,3,,198135,9,,,0,4,,198136,9,0,25 8,0,4,,198137,9,0,25 8,0,4,,198138,9,,,0,2,,198139,9,0,25 8,0,4,,198140,9,0,25 8,0,4,,198141,9,0,25 8,0,3,,198142,9,0,25 8,0,3,,198143,9,0,25 8,0,3,,198144,9,,,0,3,,198145,9,0,25 8,0,3,,198146,9,,,0,3,,198147,9,0,25 8,0,44,,198148,9,0,25 8,0,3,,198149,9,,,0,3,,198150,9,0,25 8,0,3,,198151,9,0,25 8,0,3,,198152,9,,,0,3,,198153,9,0,25 8,0,3,,198154,9,0,25 8,0,3,,198155,9,,,0,3,,198156,9,,,0,3,,198123,9,,,0,4,,198184,9,0,25 8,0,3,,198185,9,,,0,3,,198186,9,0,25 8,0,3,,198187,9,,,0,3,,198188,9,0,25 8,0,3,,198189,9,0,25 8,0,3,,198349,9,,,0,3,,198190,9,,,0,3,,198191,9,0,25 8,0,4,,198192,9,0,25 8,0,44,,198193,9,0,25 8,0,4,,198194,9,0,25 8,0,5,,198195,9,,,0,4,,198196,9,0,25 8,0,5,,198197,9,0,25 8,0,5,,198198,9,,,0,3,,198199,9,0,25 8,0,5,,198200,9,0,25 8,0,5,,198201,9,0,25 8,0,5,,198202,9,0,25 8,0,5,,198203,9,0,25 8,0,5,,198204,9,0,25 8,0,46,,198205,9,,,0,6,,198206,9,,,0,3,,198207,9,0,25 8,0,8,,198208,9,0,25 8,0,6,,198209,9,0,25 8,0,6,,198210,9,0,25 8,0,6,,198211,9,0,25 8,0,6,,198212,9,0,25 8,0,5,,198213,9,0,25 8,0,8,,198214,9,0,25 8,0,5,,198215,9,0,25 8,0,45,,198216,9,0,25 8,0,8,,198217,9,0,25 8,0,6,,198218,9,0,25 8,0,9,,198219,9,0,25 8,0,6,,198220,9,0,25 8,0,6,,198350,9,0,25 8,0,4,,198221,9,0,25 8,0,9,,198222,9,0,25 8,0,7,,198223,9,0,25 8,0,47,,198224,9,0,25 8,0,8,,198225,9,0,25 8,0,5,,198226,9,0,25 8,0,6,,198227,9,0,25 8,0,8,,198228,9,0,25 8,0,6,,198229,9,0,25 8,0,5,,198230,9,0,25 8,0,5,,198231,9,0,25 8,0,5,,198232,9,0,25 8,0,48,,198233,9,0,25 8,0,8,,198234,9,0,25 8,0,3,,198351,9,0,25 8,0,3,,198235,9,0,25 8,0,3,,198236,9,0,25 8,0,3,,198237,9,0,25 8,0,3,,198238,9,0,25 8,0,3,,198239,9,0,25 8,0,3,,198240,9,0,25 8,0,6,,198241,9,0,25 8,0,3,,198242,9,0,25 8,0,4,,198243,9,0,25 8,0,4,,198244,9,0,25 8,0,5,,198245,9,0,25 8,0,2,,198246,9,0,25 8,0,3,,198247,9,0,25 8,0,43,,198248,9,0,25 8,0,2,,198249,9,0,25 8,0,4,,198250,9,0,25 8,0,5,,198251,9,0,25 8,0,2,,198252,9,0,25 8,0,4,,198253,9,0,25 8,0,2,,198254,9,0,25 8,0,3,,198255,9,0,25 8,0,3,,198256,9,0,25 8,0,2,,198257,9,0,25 8,0,3,,198258,9,0,25 8,0,4,,198259,9,0,25 8,0,4,,198260,8,0,25 8,0,3,,198261,9,0,25 8,0,6,,198262,9,0,25 8,0,3,,198263,9,0,25 8,0,2,,198264,9,0,25 8,0,4,,198265,9,0,25 8,0,2,,198266,9,0,25 8,0,43,,198267,9,0,25 8,0,2,,198268,9,,,0,1,,198269,9,0,25 8,0,4,,198270,9,,,0,3,,198271,9,,,0,2,,198272,9,0,25 8,0,3,,198273,9,0,25 8,0,3,,198274,9,,,0,3,,198275,9,,,0,3,,198276,9,0,25 8,0,4,,198277,9,0,25 8,0,2,,198278,9,,,0,5,,198280,9,,,0,0,,198279,9,0,25 8,0,5,,198282,9,,,0,0,,198281,9,0,25 8,0,5,,198283,9,0,25 8,0,5,,198284,9,0,25 8,0,1,,198285,9,,,0,3,,198286,9,,,0,45,,198287,9,,,0,3,,198288,9,0,25 8,0,4,,198289,9,0,25 8,0,1,,198290,9,,,0,4,,198291,9,0,25 8,0,3,,198292,9,0,25 8,0,0,,198293,9,,,0,5,,198294,9,0,25 8,0,1,,198295,9,,,0,4,,198296,9,,,0,3,,198297,9,,,0,6,,198298,9,,,0,3,,198299,9,,,0,1,,198300,9,0,25 8,0,4,,198301,9,0,25 8,0,4,,198302,9,,,0,4,,198303,9,0,25 8,0,3,,198304,9,,,0,5,,198305,9,0,25 8,0,44,,198306,9,0,25 8,0,4,,198307,9,0,25 8,0,7,,198308,9,,,0,6,,198309,9,0,25 8,0,6,,198310,9,,,0,5,,198311,9,0,25 8,0,6,,198312,9,0,25 8,0,10,,198313,9,,,0,3,,198314,9,0,25 8,0,7,,198315,9,0,25 8,0,45,,198316,9,,,0,7,,198317,9,0,25 8,0,7,,198318,9,0,25 8,0,7,,198319,9,0,25 8,0,9,,198320,9,0,25 8,0,8,,198321,9,,,0,8,,198322,9,,,0,7,,198323,9,0,25 8,0,48,,198324,9,0,25 8,0,10,,198325,9,,,0,10,,198326,9,,,0,9,,198327,9,0,25 8,0,10,,198328,9,,,0,9,,198329,9,0,25 8,0,51,,198330,9,0,25 8,0,10,,198331,9,0,25 8,0,12,,198332,9,0,25 8,0,14,,198333,9,,,0,15,,198334,9,0,25 8,0,55,,198335,9,0,25 8,0,15,,198336,9,0,25 8,0,13,,198337,9,0,25 8,0,15,,198338,9,0,25 8,0,55,,198339,9,0,25 8,0,15,,198340,9,0,25 8,0,14,,198341,9,0,25 8,0,15,,198342,9,0,25 8,0,55,,198343,9,0,25 8,0,15,,198344,9,0,25 8,0,15,,198345,9,0,25 8,0,100,,198346,9,0,25 8,0,75,,198347,9,,,0
664100,'2_merged_15727752',634,,198352,9,0,25 8,0,17,,198353,9,0,25 8,0,57,,198354,9,0,25 8,0,16,,198355,9,0,25 8,0,13,,198356,9,0,25 8,0,11,,198357,9,0,25 8,0,10,,198358,9,0,25 8,0,50,,198359,9,0,25 8,0,10,,198360,9,0,25 8,0,12,,198361,9,0,25 8,0,11,,198362,9,0,25 8,0,10,,198363,9,0,25 8,0,51,,198364,9,0,25 8,0,11,,198365,9,0,25 8,0,10,,198366,9,0,25 8,0,11,,198367,9,0,25 8,0,8,,198368,9,0,25 8,0,6,,198369,9,0,25 8,0,9,,198370,9,0,25 8,0,48,,198371,9,0,25 8,0,6,,198372,9,0,25 8,0,6,,198373,9,0,25 8,0,6,,198374,9,0,25 8,0,8,,198375,9,0,25 8,0,7,,198376,9,0,25 8,0,8,,198377,9,0,25 8,0,7,,198378,9,0,25 8,0,49,,198379,9,0,25 8,0,7,,198380,9,0,25 8,0,9,,198381,9,0,25 8,0,8,,198382,9,0,25 8,0,9,,198383,9,0,25 8,0,8,,198384,9,0,25 8,0,9,,198385,9,0,25 8,0,6,,198386,9,0,25 8,0,49,,198387,9,0,25 8,0,8,,198388,9,0,25 8,0,8,,198389,9,0,25 8,0,7,,198390,9,0,25 8,0,7,,198391,9,0,25 8,0,7,,198392,9,0,25 8,0,7,,198393,9,0,25 8,0,7,,198394,9,0,25 8,0,48,,198395,9,0,25 8,0,7,,198396,9,0,25 8,0,7,,198397,9,0,25 8,0,6,,198398,9,0,25 8,0,7,,198399,9,0,25 8,0,6,,198400,9,0,25 8,0,6,,198401,9,0,25 8,0,7,,198402,9,0,25 8,0,7,,198403,9,0,25 8,0,46,,198404,9,0,25 8,0,6,,198405,9,0,25 8,0,6,,198406,9,0,25 8,0,6,,198407,9,0,25 8,0,6,,198408,9,0,25 8,0,8,,198409,9,0,25 8,0,5,,198410,9,0,25 8,0,6,,198411,9,0,25 8,0,7,,198412,9,0,25 8,0,46,,198413,9,0,25 8,0,6,,198414,9,0,25 8,0,6,,198415,9,0,25 8,0,6,,198416,9,0,25 8,0,6,,198417,9,0,25 8,0,6,,198418,9,0,25 8,0,6,,198419,9,0,25 8,0,6,,198420,9,0,25 8,0,6,,198421,9,0,25 8,0,6,,198422,9,0,25 8,0,46,,198423,9,0,25 8,0,6,,198424,9,0,25 8,0,6,,198425,9,0,25 8,0,6,,198426,9,0,25 8,0,6,,198427,9,0,25 8,0,7,,198428,9,0,25 8,0,6,,198429,9,0,25 8,0,6,,198430,9,0,25 8,0,7,,198431,9,0,25 8,0,6,,198432,9,,,0,44,,198433,9,0,25 8,0,6,,198434,9,0,25 8,0,6,,198435,9,,,0,6,,198436,9,0,25 8,0,6,,198437,9,0,25 8,0,6,,198438,9,,,0,6,,198439,9,0,25 8,0,6,,198440,9,,,0,6,,198441,9,0,25 8,0,6,,198442,9,0,25 8,0,45,,198443,9,0,25 8,0,6,,198444,9,,,0,6,,198445,9,0,25 8,0,6,,198446,9,,,0,6,,198447,9,0,25 8,0,7,,198448,9,0,25 8,0,9,,198449,9,0,25 8,0,7,,198450,9,0,25 8,0,9,,198451,9,0,25 8,0,48,,198452,9,0,25 8,0,8,,198453,9,,,0,7,,198454,9,0,25 8,0,8,,198455,9,0,25 8,0,7,,198456,9,,,0,8,,198457,9,0,25 8,0,7,,198458,9,0,25 8,0,8,,198459,9,,,0,48,,198460,9,0,25 8,0,7,,198461,9,0,25 8,0,8,,198462,9,0,25 8,0,10,,198463,9,0,25 8,0,10,,198464,9,0,25 8,0,10,,198465,9,0,25 8,0,8,,198466,9,0,25 8,0,50,,198467,9,0,25 8,0,10,,198468,9,0,25 8,0,12,,198469,9,0,25 8,0,11,,198470,9,0,25 8,0,9,,198471,9,0,25 8,0,50,,198472,9,,,0,10,,198473,9,0,25 8,0,10,,198474,9,0,25 8,0,9,,198475,9,0,25 8,0,9,,198476,9,,,0,9,,198477,9,0,25 8,0,11,,198478,9,0,25 8,0,51,,198479,9,0,25 8,0,12,,198480,9,0,25 8,0,10,,198481,9,0,25 8,0,12,,198482,9,,,0,12,,198483,9,0,25 8,0,52,,198484,9,0,25 8,0,12,,198485,9,0,25 8,0,11,,198486,9,0,25 8,0,12,,198487,9,0,25 8,0,12,,198488,9,0,25 8,0,55,,198489,9,0,25 8,0,13,,198490,9,0,25 8,0,11,,198491,9,0,25 8,0,74,,198492,9,,,0,30,,198493,9,0,25 8,0,75,,198494,9,0,25 8,0,15,,198496,9,,,0,20,,198495,9,,,0
664100,'3_merged_15727751',753,,198497,9,0,25 8,0,67,,198498,9,0,25 8,0,14,,198499,9,0,25 8,0,16,,198500,9,0,25 8,0,53,,198501,9,0,25 8,0,15,,198502,9,0,25 8,0,18,,198503,9,0,25 8,0,16,,198504,9,0,25 8,0,53,,198505,9,0,25 8,0,10,,198506,9,0,25 8,0,10,,198507,9,0,25 8,0,9,,198508,9,0,25 8,0,10,,198509,9,0,25 8,0,10,,198510,9,0,25 8,0,51,,198511,9,0,25 8,0,9,,198512,9,0,25 8,0,8,,198513,9,0,25 8,0,10,,198514,9,0,25 8,0,9,,198515,9,0,25 8,0,9,,198516,9,0,25 8,0,50,,198517,9,0,25 8,0,9,,198518,9,0,25 8,0,9,,198519,9,0,25 8,0,8,,198520,9,0,25 8,0,5,,198521,9,0,25 8,0,11,,198522,9,0,25 8,0,9,,198523,9,0,25 8,0,8,,198524,9,0,25 8,0,47,,198525,9,0,25 8,0,9,,198526,9,0,25 8,0,9,,198527,9,0,25 8,0,9,,198528,9,0,25 8,0,9,,198529,9,0,25 8,0,9,,198530,9,0,25 8,0,49,,198531,9,0,25 8,0,8,,198532,9,0,25 8,0,5,,198533,9,0,25 8,0,12,,198534,9,0,25 8,0,10,,198535,9,0,25 8,0,8,,198536,9,0,25 8,0,8,,198537,9,0,25 8,0,49,,198538,9,0,25 8,0,9,,198539,9,0,25 8,0,9,,198540,9,0,25 8,0,8,,198541,9,0,25 8,0,9,,198542,9,0,25 8,0,8,,198543,9,0,25 8,0,8,,198544,9,0,25 8,0,5,,198545,9,0,25 8,0,53,,198546,9,0,25 8,0,10,,198547,9,0,25 8,0,8,,198548,9,0,25 8,0,8,,198549,9,0,25 8,0,9,,198550,9,0,25 8,0,9,,198551,9,0,25 8,0,48,,198552,9,0,25 8,0,8,,198553,9,0,25 8,0,9,,198554,9,0,25 8,0,8,,198555,9,0,25 8,0,8,,198556,9,0,25 8,0,5,,198557,9,0,25 8,0,12,,198558,9,0,25 8,0,50,,198559,9,0,25 8,0,8,,198560,9,0,25 8,0,7,,198561,9,,,0,9,,198562,9,0,25 8,0,9,,198563,9,0,25 8,0,8,,198564,9,,,0,8,,198565,9,0,25 8,0,7,,198566,9,,,0,49,,198567,9,0,25 8,0,8,,198568,9,,,0,5,,198569,9,0,25 8,0,13,,198570,9,0,25 8,0,10,,198571,9,0,25 8,0,9,,198572,9,0,25 8,0,51,,198573,9,,,0,11,,198574,9,0,25 8,0,13,,198575,9,0,25 8,0,16,,198576,9,0,25 8,0,12,,198577,9,,,0,54,,198596,9,0,25 8,0,14,,198578,9,0,25 8,0,13,,198579,9,0,25 8,0,17,,198580,9,0,25 8,0,54,,198581,9,0,25 8,0,16,,198582,9,0,25 8,0,15,,198583,9,0,25 8,0,14,,198584,9,0,25 8,0,55,,198585,9,0,25 8,0,15,,198586,9,0,25 8,0,14,,198587,9,0,25 8,0,15,,198588,9,0,25 8,0,54,,198589,9,0,25 8,0,15,,198590,9,0,25 8,0,14,,198591,9,0,25 8,0,15,,198592,9,0,25 8,0,55,,198593,9,0,25 8,0,22,,198594,9,0,25 8,0,181,,198595,9,,,0
684100,'1_merged_15727750',504,,225231,12,,,0,30,,225232,12,,,0,9,,225239,12,,,0,2007,,225240,12,,,0,70,,225234,12,,,0,20,,225236,12,,,0,60,,225233,12,,,0,22,,225235,12,,,0,30,,225237,12,,,0,75,,225238,12,,,0
684100,'2_merged_15727752',501,,225243,12,,,0,31,,225250,12,,,0,71,,225251,12,,,0,34,,225252,12,,,0,70,,225248,12,,,0,1844,,225254,12,,,0,74,,225245,12,,,0,17,,225249,12,,,0,60,,225253,12,,,0,20,,225246,12,,,0,30,,225247,12,,,0,80,,225255,12,,,0
684100,'3_merged_15727751',500,,225266,12,,,0,32,,225267,12,,,0,70,,225268,12,,,0,30,,225269,12,,,0,16,,225270,12,,,0,54,,225262,12,,,0,16,,225271,12,,,0,13,,225263,12,,,0,1789,,225256,12,,,0,30,,225257,12,,,0,72,,225260,12,,,0,30,,225259,12,,,0,70,,225258,12,,,0,35,,225261,12,,,0,75,,225265,12,,,0
