673701,'101_merged_15727747',737,,218762,40,,,0,10,,218763,40,,,0,110,,218764,41,,,0,691,,218761,41,,,0
673701,'1_merged_15727750',559,,218802,40,,,0,50,,218803,40,,,0,10,,218766,40,,,0,13,,218800,40,,,0,12,,218801,40,,,0,10,,218765,40,,,0,50,,218804,40,,,0,10,,218767,40,,,0,10,,218821,40,,,0,33,,218805,40,,,0,54,,218822,40,,,0,9,,218823,40,,,0,9,,218806,40,,,0,11,,218807,40,,,0,9,,218808,40,,,0,52,,218783,40,,,0,9,,218825,40,,,0,15,,218784,40,,,0,15,,218785,40,,,0,15,,218824,40,,,0,53,,218786,40,,,0,24,,218787,40,,,0,69,,218788,40,,,0,30,,218789,40,,,0,70,,218790,40,,,0,30,,218791,40,,,0,21,,218792,40,,,0,61,,218793,40,,,0,18,,218794,40,,,0,18,,218795,40,,,0,61,,218796,40,,,0,16,,218797,40,,,0,17,,218798,40,,,0,15,,218799,40,,,0,58,,218780,40,,,0,15,,218781,40,,,0,20,,218782,40,,,0,52,,218769,40,,,0,12,,218811,40,,,0,15,,218812,40,,,0,15,,218813,40,,,0,58,,218768,40,,,0,15,,218814,40,,,0,15,,218815,40,,,0,15,,218816,40,,,0,53,,218817,40,,,0,13,,218818,40,,,0,10,,218826,40,,,0,11,,218819,40,,,0,15,,218770,40,,,0,57,,218810,40,,,0,16,,218771,40,,,0,23,,218772,40,,,0,68,,218809,40,,,0,29,,218773,40,,,0,71,,218774,40,,,0,29,,218775,40,,,0,70,,218776,40,,,0,27,,218820,40,,,0,69,,218777,40,,,0,100,,218778,40,,,0,114,,218779,40,,,0
673701,'201_merged_15727755',737,,218827,40,,,0,10,,218828,40,,,0
673701,'2_merged_15727752',651,,218829,40,,,0,60,,218830,40,,,0,21,,218831,40,,,0,20,,218832,40,,,0,62,,218833,40,,,0,22,,218834,40,,,0,20,,218835,40,,,0,61,,218836,40,,,0,22,,218837,40,,,0,20,,218838,40,,,0,62,,218839,40,,,0,22,,218840,40,,,0,60,,218841,40,,,0,22,,218842,40,,,0,22,,218843,40,,,0,60,,218844,40,,,0,20,,218845,40,,,0,22,,218846,40,,,0,60,,218847,40,,,0,22,,218848,40,,,0,20,,218849,40,,,0,60,,218850,40,,,0,20,,218851,40,,,0,20,,218852,40,,,0,60,,218853,40,,,0,19,,218854,40,,,0,18,,218855,40,,,0,55,,218856,40,,,0,13,,218875,40,,,0,15,,218857,40,,,0,15,,218858,40,,,0,55,,218859,40,,,0,15,,218876,40,,,0,15,,218860,40,,,0,15,,218874,40,,,0,70,,218861,40,,,0,30,,218862,40,,,0,69,,218863,40,,,0,28,,218864,40,,,0,67,,218865,40,,,0,29,,218866,40,,,0,70,,218867,40,,,0,28,,218868,40,,,0,69,,218869,40,,,0,31,,218870,40,,,0,66,,218871,40,,,0,98,,218872,40,,,0,123,,218873,40,,,0
673701,'3_merged_15727751',634,,218889,40,,,0,70,,218888,40,,,0,31,,218887,40,,,0,74,,218886,40,,,0,30,,218882,40,,,0,70,,218884,40,,,0,33,,218881,40,,,0,71,,218885,40,,,0,31,,218900,40,,,0,73,,218891,40,,,0,30,,218894,40,,,0,71,,218890,40,,,0,30,,218902,40,,,0,62,,218880,40,,,0,20,,218913,40,,,0,21,,218892,40,,,0,71,,218879,40,,,0,30,,218883,40,,,0,70,,218878,40,,,0,30,,218904,40,,,0,59,,218877,40,,,0,20,,218910,40,,,0,20,,218899,40,,,0,60,,218908,40,,,0,18,,218907,40,,,0,19,,218909,40,,,0,69,,218896,40,,,0,29,,218906,40,,,0,58,,218897,40,,,0,20,,218911,40,,,0,18,,218903,40,,,0,69,,218912,40,,,0,30,,218898,40,,,0,71,,218895,40,,,0,105,,218905,40,,,0,103,,218901,40,,,0,110,,218893,40,,,0
673800,'101_merged_15727747',1811,,218914,30,,,0
673800,'1_merged_15727750',606,,218995,30,,,0,12,,218997,30,,,0,11,,218994,30,,,0,13,,218996,30,,,0,12,,218968,30,,,0,51,,218923,30,,,0,12,,218967,30,,,0,12,,218958,30,,,0,15,,218939,30,,,0,15,,218999,30,,,0,52,,218964,30,,,0,14,,218922,30,,,0,12,,218931,30,,,0,12,,218924,30,,,0,54,,218917,30,,,0,15,,218963,30,,,0,14,,218985,30,,,0,15,,218984,30,,,0,55,,218986,30,,,0,15,,218962,30,,,0,15,,218942,30,,,0,15,,218972,30,,,0,56,,218966,30,,,0,15,,218971,30,,,0,15,,218946,30,,,0,15,,218970,30,,,0,55,,218941,30,,,0,15,,218969,30,,,0,16,,218989,30,,,0,15,,218976,30,,,0,56,,218950,30,,,0,15,,218930,30,,,0,17,,218949,30,,,0,15,,218929,30,,,0,57,,218947,30,,,0,15,,218928,30,,,0,17,,218927,30,,,0,17,,218948,30,,,0,56,,218961,30,,,0,15,,218956,30,,,0,17,,218921,30,,,0,55,,218952,30,,,0,18,,218959,30,,,0,16,,218936,30,,,0,12,,218940,30,,,0,12,,218944,30,,,0,53,,218934,30,,,0,12,,218960,30,,,0,12,,218935,30,,,0,11,,219000,30,,,0,12,,218951,30,,,0,61,,218957,30,,,0,11,,218955,30,,,0,10,,218965,30,,,0,12,,218975,30,,,0,49,,219001,30,,,0,7,,218937,30,,,0,12,,218945,30,,,0,9,,218998,30,,,0,10,,218983,30,,,0,10,,218926,30,,,0,8,,218954,30,,,0,50,,218915,30,,,0,10,,218978,30,,,0,8,,218953,30,,,0,15,,218982,30,,,0,14,,218943,30,,,0,55,,218980,30,,,0,14,,218987,30,,,0,15,,218977,30,,,0,13,,218938,30,,,0,55,,218933,30,,,0,15,,218932,30,,,0,15,,218916,30,,,0,13,,218988,30,,,0,58,,218993,30,,,0,20,,218974,30,,,0,20,,218981,30,,,0,59,,218920,30,,,0,20,,218973,30,,,0,20,,218979,30,,,0,58,,218919,30,,,0,20,,218990,30,,,0,20,,218991,30,,,0,65,,218918,30,,,0,23,,218992,30,,,0,26,,218925,30,,,0
673800,'201_merged_15727755',1811,,219002,30,,,0
673800,'2_merged_15727752',648,,219020,30,,,0,55,,219021,30,,,0,15,,219022,30,,,0,15,,219023,30,,,0,15,,219024,30,,,0,55,,219025,30,,,0,17,,219042,30,,,0,15,,219026,30,,,0,15,,219041,30,,,0,55,,219027,30,,,0,15,,219028,30,,,0,17,,219065,30,,,0,14,,219030,30,,,0,56,,219076,30,,,0,15,,219031,30,,,0,17,,219066,30,,,0,15,,219032,30,,,0,57,,219075,30,,,0,15,,219033,30,,,0,15,,219011,30,,,0,15,,219034,30,,,0,56,,219074,30,,,0,15,,219035,30,,,0,16,,219012,30,,,0,15,,219045,30,,,0,57,,219073,30,,,0,15,,219046,30,,,0,16,,219053,30,,,0,55,,219047,30,,,0,16,,219072,30,,,0,15,,219048,30,,,0,14,,219014,30,,,0,55,,219049,30,,,0,15,,219071,30,,,0,15,,219050,30,,,0,14,,219067,30,,,0,55,,219051,30,,,0,14,,219070,30,,,0,15,,219052,30,,,0,16,,219043,30,,,0,55,,219054,30,,,0,15,,219069,30,,,0,15,,219055,30,,,0,14,,219044,30,,,0,15,,219056,30,,,0,54,,219039,30,,,0,15,,219057,30,,,0,14,,219038,30,,,0,15,,219058,30,,,0,53,,219068,30,,,0,13,,219059,30,,,0,11,,219081,30,,,0,12,,219013,30,,,0,12,,219063,30,,,0,52,,219064,30,,,0,12,,219060,30,,,0,11,,219082,30,,,0,12,,219040,30,,,0,10,,219061,30,,,0,52,,219018,30,,,0,12,,219062,30,,,0,13,,219037,30,,,0,15,,219009,30,,,0,53,,219016,30,,,0,15,,219006,30,,,0,15,,219015,30,,,0,15,,219008,30,,,0,13,,219019,30,,,0,55,,219005,30,,,0,15,,219017,30,,,0,15,,219007,30,,,0,14,,219029,30,,,0,55,,219004,30,,,0,20,,219010,30,,,0,19,,219003,30,,,0,60,,219036,30,,,0,30,,219080,30,,,0,68,,219079,30,,,0,32,,219078,30,,,0,73,,219077,30,,,0
673800,'3_merged_15727751',640,,219090,30,,,0,14,,219091,30,,,0,54,,219092,30,,,0,15,,219093,30,,,0,15,,219094,30,,,0,15,,219095,30,,,0,55,,219096,30,,,0,16,,219097,30,,,0,16,,219124,30,,,0,17,,219098,30,,,0,56,,219141,30,,,0,16,,219099,30,,,0,16,,219086,30,,,0,56,,219100,30,,,0,15,,219142,30,,,0,16,,219101,30,,,0,15,,219083,30,,,0,56,,219102,30,,,0,15,,219144,30,,,0,16,,219122,30,,,0,15,,219088,30,,,0,57,,219103,30,,,0,15,,219087,30,,,0,15,,219104,30,,,0,15,,219143,30,,,0,57,,219105,30,,,0,15,,219085,30,,,0,16,,219106,30,,,0,15,,219138,30,,,0,55,,219107,30,,,0,15,,219126,30,,,0,15,,219116,30,,,0,15,,219125,30,,,0,55,,219117,30,,,0,15,,219127,30,,,0,12,,219118,30,,,0,15,,219123,30,,,0,57,,219084,30,,,0,15,,219128,30,,,0,15,,219135,30,,,0,14,,219139,30,,,0,55,,219119,30,,,0,16,,219089,30,,,0,15,,219120,30,,,0,15,,219140,30,,,0,54,,219145,30,,,0,15,,219146,30,,,0,14,,219147,30,,,0,15,,219148,30,,,0,55,,219149,30,,,0,15,,219150,30,,,0,15,,219151,30,,,0,15,,219152,30,,,0,54,,219153,30,,,0,15,,219154,30,,,0,13,,219155,30,,,0,15,,219129,30,,,0,55,,219121,30,,,0,15,,219131,30,,,0,16,,219137,30,,,0,14,,219130,30,,,0,10,,219115,30,,,0,54,,219132,30,,,0,16,,219114,30,,,0,14,,219134,30,,,0,16,,219113,30,,,0,54,,219133,30,,,0,16,,219112,30,,,0,15,,219136,30,,,0,13,,219111,30,,,0,55,,219110,30,,,0,15,,219109,30,,,0,20,,219108,30,,,0
2338400,'101_merged_15727747',816,,229585,14,0,93 110,0,9,,229586,14,0,93 110,0,802,,229584,14,,,0
2338400,'1_merged_15727750',453,,229587,14,,,0,54,,229624,14,,,0,13,,229625,14,,,0,13,,229626,14,,,0,13,,229588,14,,,0,8,,229608,14,,,0,48,,229589,14,,,0,8,,229627,14,,,0,10,,229590,14,,,0,11,,229609,14,,,0,8,,229591,14,,,0,11,,229610,14,,,0,7,,229682,14,0,93 57,0,49,,229592,14,,,0,10,,229611,14,,,0,13,,229593,14,,,0,17,,229594,14,,,0,11,,229612,14,0,93 57,0,54,,229595,14,,,0,22,,229596,14,,,0,15,,229597,14,,,0,55,,229613,14,0,93 57,0,15,,229598,14,,,0,13,,229614,14,0,93 57,0,14,,229615,14,0,93 57,0,56,,229599,14,,,0,13,,229616,14,0,93 57,0,16,,229600,14,,,0,14,,229617,14,0,93 57,0,56,,229601,14,,,0,14,,229618,14,0,93 57,0,16,,229602,14,,,0,13,,229619,14,0,93 57,0,15,,229603,14,,,0,54,,229620,14,0,93 57,0,16,,229604,14,,,0,15,,229621,14,0,93 57,0,14,,229605,14,,,0,52,,229622,14,0,93 57,0,12,,229606,14,,,0,13,,229623,14,0,93 57,0,12,,229607,14,,,0,12,,229628,14,0,93 57,0,52,,229629,14,,,0,12,,229630,14,0,93 57,0,12,,229632,14,,,0,15,,229633,14,0,93 57,0,57,,229634,14,,,0,18,,229676,14,,,0,15,,229635,14,0,93 57,0,10,,229636,14,,,0,53,,229637,14,,,0,15,,229638,14,,,0,20,,229674,14,,,0,10,,229639,14,,,0,10,,229640,14,,,0,51,,229641,14,,,0,10,,229642,14,,,0,10,,229643,14,,,0,10,,229644,14,,,0,10,,229645,14,,,0,10,,229646,14,,,0,49,,229647,14,,,0,10,,229648,14,,,0,7,,229649,14,,,0,9,,229650,14,,,0,14,,229651,14,,,0,8,,229652,14,,,0,47,,229653,14,,,0,9,,229654,14,,,0,8,,229678,14,0,93 57,0,8,,229655,14,,,0,8,,229656,14,,,0,10,,229657,14,,,0,7,,229658,14,0,93 57,0,50,,229675,14,,,0,10,,229659,14,,,0,9,,229679,14,0,93 57,0,10,,229660,14,,,0,10,,229661,14,0,93 57,0,9,,229662,14,,,0,52,,229663,14,0,93 57,0,12,,229664,14,,,0,12,,229680,14,0,93 57,0,12,,229665,14,,,0,11,,229666,14,0,93 57,0,52,,229667,14,,,0,14,,229668,14,0,93 57,0,10,,229681,14,,,0,12,,229669,14,0,93 57,0,11,,229670,14,,,0,11,,229671,14,0,93 57,0,54,,229672,14,,,0,27,,229673,14,,,0
2338400,'201_merged_15727755',816,,229683,14,0,93 57,0,9,,229684,14,0,93 57,0,802,,229685,14,,,0
2338400,'2_merged_15727752',646,,229689,14,,,0,54,,229690,14,0,93 57,0,16,,229691,14,,,0,14,,229692,14,0,93 57,0,16,,229693,14,,,0,54,,229694,14,0,93 57,0,15,,229695,14,,,0,11,,229696,14,0,93 57,0,13,,229697,14,,,0,13,,229698,14,0,93 57,0,53,,229771,14,,,0,11,,229772,14,0,93 57,0,13,,229699,14,,,0,12,,229700,14,0,93 57,0,14,,229701,14,,,0,52,,229702,14,0,93 57,0,12,,229703,14,,,0,14,,229704,14,0,93 57,0,12,,229705,14,,,0,14,,229706,14,0,93 57,0,53,,229707,14,,,0,11,,229708,14,0,93 57,0,16,,229709,14,,,0,11,,229710,14,0,93 57,0,53,,229711,14,,,0,11,,229712,14,0,93 57,0,13,,229713,14,,,0,11,,229714,14,0,93 57,0,13,,229715,14,,,0,52,,229716,14,0,93 57,0,13,,229717,14,,,0,11,,229718,14,0,93 57,0,12,,229719,14,,,0,9,,229720,14,0,93 57,0,11,,229753,14,,,0,51,,229762,14,0,93 57,0,10,,229754,14,,,0,10,,229763,14,0,93 57,0,10,,229755,14,,,0,10,,229764,14,0,93 57,0,50,,229756,14,,,0,10,,229765,14,0,93 57,0,10,,229757,14,,,0,10,,229766,14,0,93 57,0,10,,229758,14,,,0,10,,229767,14,0,93 57,0,50,,229759,14,,,0,10,,229768,14,0,93 57,0,10,,229760,14,,,0,10,,229769,14,0,93 57,0,9,,229761,14,,,0,9,,229770,14,0,93 57,0,11,,229736,14,,,0,49,,229745,14,0,93 57,0,11,,229737,14,,,0,9,,229746,14,0,93 57,0,9,,229738,14,,,0,8,,229747,14,0,93 57,0,10,,229739,14,,,0,49,,229748,14,0,93 57,0,11,,229740,14,,,0,9,,229749,14,0,93 57,0,8,,229741,14,,,0,9,,229750,14,0,93 57,0,11,,229742,14,,,0,48,,229751,14,0,93 57,0,11,,229743,14,,,0,9,,229752,14,0,93 57,0,9,,229744,14,,,0,15,,229721,14,0,93 57,0,14,,229722,14,,,0,55,,229723,14,0,93 57,0,15,,229724,14,,,0,16,,229725,14,0,93 57,0,15,,229726,14,,,0,56,,229727,14,0,93 57,0,15,,229728,14,,,0,16,,229729,14,0,93 57,0,56,,229730,14,,,0,15,,229731,14,0,93 57,0,21,,229732,14,,,0,18,,229733,14,0,93 57,0,61,,229734,14,,,0,19,,229735,14,0,93 57,0
2338400,'3_merged_15727751',641,,229821,14,0,93 57,0,16,,229785,14,,,0,54,,229820,14,0,93 57,0,16,,229784,14,,,0,14,,229819,14,0,93 57,0,16,,229825,14,,,0,54,,229818,14,0,93 57,0,16,,229783,14,,,0,14,,229817,14,0,93 57,0,17,,229782,14,,,0,55,,229816,14,,,0,15,,229839,14,,,0,14,,229815,14,0,93 57,0,17,,229781,14,,,0,53,,229814,14,0,93 57,0,18,,229838,14,,,0,15,,229813,14,0,93 57,0,56,,229830,14,,,0,15,,229812,14,0,93 57,0,15,,229837,14,,,0,15,,229811,14,0,93 57,0,56,,229780,14,,,0,15,,229810,14,0,93 57,0,16,,229836,14,,,0,15,,229809,14,0,93 57,0,56,,229779,14,,,0,15,,229808,14,0,93 57,0,17,,229835,14,,,0,14,,229807,14,0,93 57,0,56,,229778,14,,,0,14,,229806,14,0,93 57,0,16,,229834,14,,,0,14,,229805,14,0,93 57,0,58,,229777,14,,,0,15,,229804,14,0,93 57,0,16,,229776,14,,,0,14,,229803,14,0,93 57,0,55,,229775,14,,,0,15,,229802,14,0,93 57,0,15,,229774,14,,,0,13,,229801,14,0,93 57,0,55,,229773,14,,,0,15,,229800,14,0,93 57,0,16,,229841,14,,,0,14,,229799,14,0,93 57,0,55,,229832,14,,,0,15,,229798,14,0,93 57,0,15,,229840,14,,,0,14,,229797,14,0,93 57,0,55,,229827,14,,,0,15,,229796,14,0,93 57,0,14,,229833,14,,,0,15,,229795,14,0,93 57,0,55,,229822,14,,,0,15,,229794,14,0,93 57,0,15,,229831,14,,,0,14,,229793,14,0,93 57,0,56,,229826,14,,,0,13,,229792,14,0,93 57,0,16,,229824,14,,,0,12,,229791,14,0,93 57,0,55,,229829,14,,,0,14,,229790,14,0,93 57,0,21,,229828,14,,,0,19,,229789,14,0,93 57,0,60,,229788,14,0,93 57,0,24,,229823,14,,,0
