661601,'1',556,,188840,3,,,0,60,,188841,3,,,0,20,,188843,3,,,0,20,,188845,3,,,0,50,,188846,3,,,0,10,,188847,3,,,0,10,,188848,3,,,0,7,,188849,3,,,0,15,,188850,3,,,0,7,,188851,3,,,0,48,,188852,3,,,0,7,,188853,3,,,0,8,,188854,3,,,0,7,,188855,3,,,0,8,,188856,3,,,0,7,,188857,3,,,0,8,,188858,3,,,0,10,,188859,3,,,0,50,,188860,3,,,0,8,,188861,3,,,0,10,,188862,3,,,0,10,,188863,3,,,0,12,,188864,3,,,0,52,,188865,3,,,0,12,,188866,3,,,0,11,,188867,3,,,0,12,,188868,3,,,0,12,,188869,3,,,0,12,,188870,3,,,0,52,,188871,3,,,0,12,,188872,3,,,0,12,,188873,3,,,0,10,,188874,3,,,0,12,,188875,3,,,0,52,,188876,3,,,0,11,,188877,3,,,0,12,,188878,3,,,0,12,,188879,3,,,0,12,,188880,3,,,0,52,,188881,3,,,0,14,,188882,3,,,0,12,,188883,3,,,0,10,,188884,3,,,0,9,,188885,3,,,0,48,,188886,3,,,0,9,,188887,3,,,0,8,,188888,3,,,0,9,,188889,3,,,0,8,,188890,3,,,0,8,,188891,3,,,0,8,,188892,3,,,0,7,,188893,3,,,0,48,,188894,3,,,0,7,,188895,3,,,0,8,,188896,3,,,0,7,,188897,3,,,0,8,,188898,3,,,0,6,,188899,3,,,0,6,,188900,3,,,0,6,,188901,3,,,0,46,,188902,3,,,0,6,,188903,3,,,0,6,,188904,3,,,0,6,,188905,3,,,0,6,,188906,3,,,0,6,,188907,3,,,0,6,,188908,3,,,0,6,,188909,3,,,0,6,,188910,3,,,0,5,,188911,3,,,0,4,,188912,3,,,0,45,,188913,3,,,0,6,,188914,3,,,0,5,,188915,3,,,0,6,,188916,3,,,0,6,,188917,3,,,0,6,,188918,3,,,0,5,,188919,3,,,0,6,,188920,3,,,0,5,,188921,3,,,0,6,,188922,3,,,0,5,,188923,3,,,0,46,,188924,3,,,0,5,,188925,3,,,0,7,,188926,3,,,0,7,,188927,3,,,0,6,,188928,3,,,0,7,,188929,3,,,0,6,,188930,3,,,0,7,,188931,3,,,0,8,,188932,3,,,0,47,,188933,3,,,0,8,,188934,3,,,0,9,,188935,3,,,0,8,,188936,3,,,0,9,,188937,3,,,0,10,,188938,3,,,0,10,,188939,3,,,0,50,,188940,3,,,0,13,,188941,3,,,0,10,,188942,3,,,0,10,,188943,3,,,0,11,,188944,3,,,0,55,,188945,3,,,0,15,,188946,3,,,0,15,,188947,3,,,0,15,,188948,3,,,0,55,,188949,3,,,0,15,,188950,3,,,0,15,,188951,3,,,0,17,,188952,3,,,0,55,,188953,3,,,0,15,,188954,3,,,0,15,,188955,3,,,0,14,,188956,3,,,0,57,,188957,3,,,0,20,,188958,3,,,0,20,,188959,3,,,0,60,,188960,3,,,0,20,,188961,3,,,0,20,,188962,3,,,0
661601,'2',611,,188988,3,,,0,20,,189009,3,,,0,21,,188974,3,,,0,56,,189044,3,,,0,15,,188989,3,,,0,13,,189041,3,,,0,15,,189024,3,,,0,55,,188972,3,,,0,15,,189027,3,,,0,13,,189036,3,,,0,15,,188971,3,,,0,55,,189054,3,,,0,15,,188987,3,,,0,15,,188968,3,,,0,15,,189031,3,,,0,55,,188993,3,,,0,15,,189007,3,,,0,15,,188966,3,,,0,12,,188997,3,,,0,55,,189047,3,,,0,15,,188970,3,,,0,15,,189049,3,,,0,12,,189032,3,,,0,12,,189033,3,,,0,52,,188979,3,,,0,12,,189000,3,,,0,12,,188991,3,,,0,11,,188983,3,,,0,12,,189011,3,,,0,52,,188996,3,,,0,12,,188982,3,,,0,12,,188969,3,,,0,12,,189026,3,,,0,9,,188998,3,,,0,8,,189053,3,,,0,49,,189061,3,,,0,8,,189023,3,,,0,9,,189014,3,,,0,8,,189051,3,,,0,9,,188994,3,,,0,8,,188999,3,,,0,9,,188980,3,,,0,48,,189062,3,,,0,9,,188990,3,,,0,8,,189035,3,,,0,9,,189060,3,,,0,8,,189050,3,,,0,7,,189010,3,,,0,8,,188973,3,,,0,47,,189063,3,,,0,8,,189038,3,,,0,7,,189039,3,,,0,8,,188986,3,,,0,7,,189005,3,,,0,9,,188984,3,,,0,7,,189008,3,,,0,8,,189021,3,,,0,47,,189037,3,,,0,8,,189064,3,,,0,7,,189012,3,,,0,8,,189055,3,,,0,7,,188964,3,,,0,8,,189059,3,,,0,7,,188981,3,,,0,8,,188967,3,,,0,47,,188992,3,,,0,8,,189065,3,,,0,8,,189016,3,,,0,8,,189017,3,,,0,8,,189018,3,,,0,8,,189019,3,,,0,8,,189020,3,,,0,48,,189066,3,,,0,8,,189046,3,,,0,8,,189001,3,,,0,10,,189028,3,,,0,10,,189029,3,,,0,10,,189030,3,,,0,10,,189040,3,,,0,50,,189067,3,,,0,10,,188965,3,,,0,10,,189048,3,,,0,10,,189003,3,,,0,12,,189004,3,,,0,52,,189013,3,,,0,12,,189052,3,,,0,12,,188985,3,,,0,12,,189034,3,,,0,13,,189002,3,,,0,52,,189058,3,,,0,12,,188995,3,,,0,12,,189025,3,,,0,12,,189015,3,,,0,16,,189042,3,,,0,60,,189043,3,,,0,19,,189057,3,,,0,19,,189056,3,,,0,62,,189022,3,,,0,19,,188976,3,,,0,24,,188978,3,,,0,59,,188977,3,,,0,30,,188975,3,,,0
661601,'3',617,,189068,3,,,0,20,,189124,3,,,0,20,,189125,3,,,0,60,,189109,3,,,0,20,,189091,3,,,0,20,,189142,3,,,0,60,,189135,3,,,0,20,,189136,3,,,0,19,,189146,3,,,0,60,,189133,3,,,0,15,,189107,3,,,0,15,,189097,3,,,0,55,,189129,3,,,0,13,,189077,3,,,0,15,,189072,3,,,0,15,,189158,3,,,0,13,,189147,3,,,0,51,,189122,3,,,0,12,,189123,3,,,0,12,,189148,3,,,0,12,,189085,3,,,0,12,,189093,3,,,0,52,,189149,3,,,0,12,,189075,3,,,0,10,,189104,3,,,0,10,,189152,3,,,0,8,,189150,3,,,0,8,,189105,3,,,0,48,,189106,3,,,0,8,,189157,3,,,0,8,,189108,3,,,0,8,,189151,3,,,0,8,,189153,3,,,0,8,,189086,3,,,0,8,,189154,3,,,0,7,,189121,3,,,0,48,,189080,3,,,0,8,,189076,3,,,0,8,,189114,3,,,0,8,,189078,3,,,0,8,,189098,3,,,0,7,,189081,3,,,0,7,,189134,3,,,0,47,,189117,3,,,0,7,,189160,3,,,0,7,,189118,3,,,0,7,,189119,3,,,0,7,,189082,3,,,0,7,,189120,3,,,0,7,,189079,3,,,0,8,,189110,3,,,0,7,,189115,3,,,0,48,,189083,3,,,0,7,,189161,3,,,0,6,,189092,3,,,0,8,,189112,3,,,0,8,,189070,3,,,0,8,,189084,3,,,0,8,,189089,3,,,0,9,,189111,3,,,0,48,,189088,3,,,0,9,,189145,3,,,0,8,,189155,3,,,0,9,,189128,3,,,0,8,,189096,3,,,0,9,,189138,3,,,0,8,,189127,3,,,0,49,,189103,3,,,0,8,,189095,3,,,0,9,,189071,3,,,0,8,,189090,3,,,0,10,,189132,3,,,0,10,,189141,3,,,0,52,,189100,3,,,0,12,,189166,3,,,0,12,,189099,3,,,0,15,,189102,3,,,0,15,,189162,3,,,0,56,,189156,3,,,0,15,,189164,3,,,0,15,,189113,3,,,0,15,,189163,3,,,0,55,,189131,3,,,0,15,,189165,3,,,0,17,,189116,3,,,0,55,,189087,3,,,0,15,,189140,3,,,0,15,,189094,3,,,0,15,,189139,3,,,0,55,,189073,3,,,0,15,,189130,3,,,0,15,,189143,3,,,0,17,,189074,3,,,0,60,,189069,3,,,0,20,,189144,3,,,0,20,,189101,3,,,0,60,,189137,3,,,0,20,,189159,3,,,0,20,,189126,3,,,0
662301,'1',549,,192499,9,,,0,55,,192500,9,,,0,14,,192501,9,,,0,15,,192502,9,,,0,14,,192503,9,,,0,55,,192504,9,,,0,14,,192505,9,,,0,15,,192506,9,,,0,14,,192507,9,,,0,56,,192508,9,,,0,14,,192509,9,,,0,15,,192510,9,,,0,14,,192511,9,,,0,15,,192512,9,,,0,55,,192513,9,,,0,15,,192514,9,,,0,15,,192515,9,,,0,15,,192516,9,,,0,55,,192517,9,,,0,15,,192518,9,,,0,15,,192519,9,,,0,15,,192520,9,,,0,56,,192521,9,,,0,15,,192522,9,,,0,15,,192523,9,,,0,55,,192524,9,,,0,16,,192525,9,,,0,16,,192526,9,,,0,14,,192527,9,,,0,55,,192528,9,,,0,15,,192529,9,,,0,15,,192530,9,,,0,15,,192531,9,,,0,55,,192532,9,,,0,15,,192533,9,,,0,15,,192534,9,,,0,15,,192535,9,,,0,55,,192536,9,,,0,15,,192537,9,,,0,15,,192538,9,,,0,15,,192539,9,,,0,55,,192540,9,,,0,16,,192541,9,,,0,15,,192542,9,,,0,16,,192543,9,,,0,55,,192544,9,,,0,15,,192545,9,,,0,14,,192546,9,,,0,13,,192547,9,,,0,55,,192548,9,,,0,13,,192549,9,,,0,15,,192550,9,,,0,12,,192551,9,,,0,15,,192552,9,,,0,54,,192553,9,,,0,15,,192554,9,,,0,15,,192555,9,,,0,15,,192556,9,,,0,55,,192557,9,,,0,16,,192558,9,,,0,20,,192559,9,,,0
662301,'152201',2105,,192473,9,,,0,20,,192474,9,,,0,20,,192475,9,,,0,60,,192476,9,,,0,20,,192477,9,,,0,20,,192478,9,,,0,60,,192479,9,,,0,23,,192480,9,,,0,20,,192481,9,,,0,60,,192482,9,,,0,25,,192483,9,,,0,73,,192484,9,,,0,28,,192485,9,,,0
662301,'152301',2104,,192486,8,,,0,20,,192487,8,,,0,20,,192488,8,,,0,60,,192489,8,,,0,20,,192490,8,,,0,20,,192491,8,,,0,60,,192492,8,,,0,24,,192493,8,,,0,20,,192494,8,,,0,60,,192495,8,,,0,25,,192496,8,,,0,73,,192497,8,,,0,27,,192498,8,,,0
662301,'2',556,,192560,9,,,0,60,,192561,9,,,0,20,,192562,9,,,0,20,,192563,9,,,0,56,,192564,9,,,0,16,,192565,9,,,0,15,,192566,9,,,0,15,,192567,9,,,0,55,,192568,9,,,0,15,,192569,9,,,0,15,,192570,9,,,0,16,,192571,9,,,0,56,,192572,9,,,0,16,,192573,9,,,0,16,,192574,9,,,0,55,,192575,9,,,0,16,,192576,9,,,0,15,,192577,9,,,0,16,,192578,9,,,0,55,,192579,9,,,0,15,,192580,9,,,0,15,,192581,9,,,0,13,,192582,9,,,0,55,,192583,9,,,0,14,,192584,9,,,0,14,,192585,9,,,0,14,,192586,9,,,0,14,,192587,9,,,0,54,,192588,9,,,0,14,,192589,9,,,0,14,,192590,9,,,0,14,,192591,9,,,0,56,,192592,9,,,0,14,,192593,9,,,0,15,,192594,9,,,0,15,,192595,9,,,0,55,,192596,9,,,0,16,,192597,9,,,0,15,,192598,9,,,0,15,,192599,9,,,0,54,,192600,9,,,0,14,,192601,9,,,0,15,,192602,9,,,0,14,,192603,9,,,0,54,,192604,9,,,0,15,,192605,9,,,0,15,,192606,9,,,0,15,,192607,9,,,0,55,,192608,9,,,0,14,,192609,9,,,0,15,,192610,9,,,0,14,,192611,9,,,0,54,,192612,9,,,0,14,,192613,9,,,0,15,,192614,9,,,0,15,,192615,9,,,0,55,,192616,9,,,0,14,,192617,9,,,0,15,,192618,9,,,0,15,,192619,9,,,0,55,,192620,8,,,0,19,,192621,8,,,0,20,,192622,8,,,0,60,,192623,8,,,0,17,,192624,8,,,0,20,,192625,8,,,0,20,,192626,8,,,0,60,,192627,8,,,0,20,,192628,8,,,0,72,,192629,8,,,0,30,,192630,8,,,0,70,,192631,8,,,0,30,,192632,8,,,0
662301,'3',556,,192633,9,,,0,60,,192634,9,,,0,20,,192635,9,,,0,20,,192636,9,,,0,60,,192637,9,,,0,20,,192638,9,,,0,20,,192639,9,,,0,55,,192640,9,,,0,15,,192641,9,,,0,15,,192642,9,,,0,15,,192643,9,,,0,55,,192644,9,,,0,15,,192645,9,,,0,15,,192646,9,,,0,15,,192647,9,,,0,55,,192648,9,,,0,15,,192649,9,,,0,16,,192650,9,,,0,15,,192651,9,,,0,55,,192652,9,,,0,15,,192653,9,,,0,15,,192654,9,,,0,15,,192655,9,,,0,55,,192656,9,,,0,15,,192657,9,,,0,16,,192658,9,,,0,15,,192659,9,,,0,55,,192660,9,,,0,15,,192661,9,,,0,15,,192662,9,,,0,15,,192663,9,,,0,55,,192664,9,,,0,15,,192665,9,,,0,15,,192666,9,,,0,15,,192667,9,,,0,55,,192668,9,,,0,15,,192669,9,,,0,15,,192670,9,,,0,15,,192671,9,,,0,55,,192672,9,,,0,15,,192673,9,,,0,15,,192674,9,,,0,15,,192675,9,,,0,55,,192676,9,,,0,15,,192677,9,,,0,16,,192678,9,,,0,15,,192679,9,,,0,54,,192680,9,,,0,15,,192681,9,,,0,15,,192682,9,,,0,15,,192683,9,,,0,55,,192684,9,,,0,15,,192685,9,,,0,15,,192686,9,,,0,15,,192687,9,,,0,55,,192688,9,,,0,15,,192689,9,,,0,14,,192690,9,,,0,15,,192691,9,,,0,55,,192692,8,,,0,15,,192693,8,,,0,15,,192694,8,,,0,15,,192695,8,,,0,59,,192696,8,,,0,20,,192697,8,,,0,20,,192698,8,,,0,59,,192699,8,,,0,20,,192700,8,,,0,20,,192701,8,,,0,61,,192702,8,,,0,28,,192703,8,,,0,70,,192704,8,,,0,30,,192705,8,,,0
683101,'1',2613,,224955,8,,,0,30,,224954,8,,,0,70,,224953,8,,,0
683101,'2',2613,,224957,8,,,0,30,,224956,8,,,0,70,,224958,8,,,0
683101,'3',2613,,224961,8,,,0,30,,224960,8,,,0,70,,224959,8,,,0
