672700,'1',448,,217549,39,,,0,63,,217550,39,,,0,40,,217538,39,,,0,60,,217551,39,,,0,20,,217552,39,,,0,19,,217553,39,,,0,58,,217554,39,,,0,26,,217555,39,,,0,22,,217556,39,,,0,65,,217557,39,,,0,29,,217558,39,,,0,60,,217559,39,,,0,19,,217560,39,,,0,23,,217561,39,,,0,70,,217562,39,,,0,30,,217563,39,,,0,69,,217564,39,,,0,30,,217565,39,,,0,63,,217566,39,,,0,31,,217567,39,,,0,70,,217568,39,,,0,26,,217569,39,,,0,68,,217570,39,,,0,20,,217571,39,,,0,25,,217572,39,,,0,70,,217573,39,,,0,24,,217574,39,,,0,84,,217575,39,,,0,22,,217576,39,,,0,50,,217577,39,,,0,25,,217578,39,,,0,15,,217579,39,,,0,61,,217580,39,,,0,29,,217581,39,,,0,71,,217582,39,,,0,27,,217539,39,,,0,70,,217548,39,,,0,27,,217540,39,,,0,73,,217541,39,,,0,30,,217546,39,,,0,79,,217547,39,,,0,31,,217542,39,,,0,74,,217543,39,,,0,94,,217544,39,,,0,104,,217545,39,,,0
672700,'101',1614,,217537,39,,,0
672700,'2',709,,217602,39,,,0,29,,217587,39,,,0,75,,217594,39,,,0,31,,217618,39,,,0,69,,217584,39,,,0,30,,217595,39,,,0,71,,217586,39,,,0,32,,217607,39,,,0,72,,217585,39,,,0,29,,217614,39,,,0,74,,217589,39,,,0,30,,217591,39,,,0,70,,217592,39,,,0,29,,217590,39,,,0,71,,217597,39,,,0,29,,217598,39,,,0,71,,217616,39,,,0,30,,217599,39,,,0,71,,217608,39,,,0,28,,217609,39,,,0,70,,217610,39,,,0,29,,217611,39,,,0,72,,217605,39,,,0,27,,217613,39,,,0,71,,217604,39,,,0,29,,217606,39,,,0,68,,217600,39,,,0,30,,217601,39,,,0,69,,217617,39,,,0,30,,217596,39,,,0,70,,217612,39,,,0,30,,217593,39,,,0,71,,217588,39,,,0,106,,217603,39,,,0,92,,217615,39,,,0
672700,'201',1614,,217583,39,,,0
672700,'3',757,,217619,39,,,0,101,,217628,39,,,0,92,,217631,39,,,0,82,,217639,39,,,0,69,,217633,39,,,0,29,,217646,39,,,0,28,,217622,39,,,0,70,,217649,39,,,0,72,,217635,39,,,0,29,,217636,39,,,0,71,,217637,39,,,0,29,,217623,39,,,0,71,,217621,39,,,0,29,,217645,39,,,0,30,,217647,39,,,0,69,,217650,39,,,0,31,,217638,39,,,0,68,,217643,39,,,0,29,,217644,39,,,0,68,,217641,39,,,0,30,,217620,39,,,0,70,,217632,39,,,0,29,,217629,39,,,0,70,,217630,39,,,0,28,,217626,39,,,0,70,,217627,39,,,0,30,,217648,39,,,0,69,,217634,39,,,0,29,,217640,39,,,0,68,,217624,39,,,0,99,,217625,39,,,0,96,,217642,39,,,0
673000,'1',505,,218302,5,,,0,15,,218303,5,,,0,16,,218304,5,,,0,15,,218305,5,,,0,51,,218349,5,,,0,10,,218306,5,,,0,11,,218307,5,,,0,10,,218308,5,,,0,10,,218309,5,,,0,10,,218310,5,,,0,50,,218311,5,,,0,12,,218312,5,,,0,10,,218348,5,,,0,10,,218313,5,,,0,10,,218314,5,,,0,11,,218315,5,,,0,52,,218316,5,,,0,12,,218317,5,,,0,13,,218318,5,,,0,12,,218319,5,,,0,12,,218320,5,,,0,52,,218321,5,,,0,11,,218347,5,,,0,12,,218322,5,,,0,12,,218323,5,,,0,15,,218324,5,,,0,55,,218325,5,,,0,15,,218326,5,,,0,21,,218327,5,,,0,60,,218328,5,,,0,20,,218329,5,,,0,20,,218330,5,,,0,60,,218331,5,,,0,20,,218332,5,,,0,20,,218333,5,,,0,60,,218334,5,,,0,20,,218335,5,,,0,16,,218336,5,,,0,55,,218337,5,,,0,15,,218338,5,,,0,15,,218339,5,,,0,14,,218340,5,,,0,55,,218341,5,,,0,12,,218342,5,,,0,14,,218343,5,,,0,12,,218344,5,,,0,12,,218345,5,,,0,60,,218346,5,,,0,12,,218283,5,,,0,11,,218284,5,,,0,12,,218285,5,,,0,12,,218286,5,,,0,52,,218287,5,,,0,12,,218288,5,,,0,12,,218289,5,,,0,12,,218290,5,,,0,55,,218291,5,,,0,15,,218292,5,,,0,15,,218293,5,,,0,15,,218294,5,,,0,67,,218295,5,,,0,30,,218296,5,,,0,69,,218297,5,,,0,33,,218298,5,,,0,70,,218299,5,,,0,100,,218300,5,,,0,100,,218301,5,,,0
673000,'101',1559,,218282,5,,,0
673000,'2',657,,218378,5,,,0,60,,218366,5,,,0,20,,218368,5,,,0,20,,218388,5,,,0,61,,218365,5,,,0,22,,218377,5,,,0,60,,218389,5,,,0,21,,218364,5,,,0,21,,218376,5,,,0,60,,218390,5,,,0,21,,218363,5,,,0,21,,218380,5,,,0,60,,218375,5,,,0,21,,218362,5,,,0,16,,218395,5,,,0,16,,218381,5,,,0,57,,218351,5,,,0,18,,218382,5,,,0,14,,218396,5,,,0,54,,218361,5,,,0,16,,218374,5,,,0,15,,218360,5,,,0,15,,218397,5,,,0,55,,218383,5,,,0,15,,218373,5,,,0,15,,218359,5,,,0,15,,218384,5,,,0,55,,218391,5,,,0,15,,218372,5,,,0,15,,218358,5,,,0,15,,218385,5,,,0,55,,218371,5,,,0,15,,218392,5,,,0,15,,218357,5,,,0,15,,218387,5,,,0,55,,218370,5,,,0,15,,218393,5,,,0,15,,218386,5,,,0,14,,218398,5,,,0,55,,218356,5,,,0,14,,218369,5,,,0,16,,218355,5,,,0,20,,218394,5,,,0,60,,218367,5,,,0,24,,218354,5,,,0,70,,218379,5,,,0,29,,218353,5,,,0,70,,218352,5,,,0,100,,218399,5,,,0,55,,218400,5,,,0
673000,'201',1559,,218350,5,,,0
673000,'3',801,,218434,5,,,0,18,,218414,5,,,0,20,,218424,5,,,0,61,,218435,5,,,0,22,,218413,5,,,0,22,,218423,5,,,0,62,,218436,5,,,0,22,,218412,5,,,0,21,,218426,5,,,0,61,,218422,5,,,0,20,,218411,5,,,0,20,,218427,5,,,0,60,,218401,5,,,0,20,,218428,5,,,0,21,,218410,5,,,0,60,,218421,5,,,0,20,,218409,5,,,0,20,,218429,5,,,0,59,,218420,5,,,0,15,,218439,5,,,0,15,,218408,5,,,0,15,,218430,5,,,0,55,,218419,5,,,0,15,,218440,5,,,0,15,,218407,5,,,0,15,,218431,5,,,0,53,,218418,5,,,0,16,,218441,5,,,0,15,,218406,5,,,0,15,,218433,5,,,0,55,,218417,5,,,0,15,,218442,5,,,0,15,,218432,5,,,0,15,,218405,5,,,0,54,,218416,5,,,0,18,,218404,5,,,0,20,,218437,5,,,0,60,,218415,5,,,0,20,,218403,5,,,0,20,,218438,5,,,0,60,,218425,5,,,0,20,,218443,5,,,0,20,,218402,5,,,0,99,,218444,5,,,0,99,,218445,5,,,0
