664601,'1',512,,200779,25,,,0,30,,200782,25,,,0,67,,200806,36,,,0,22,,200790,36,,,0,20,,200789,36,,,0,60,,200788,36,,,0,27,,200800,36,,,0,20,,200794,36,,,0,61,,200776,36,,,0,15,,200796,36,,,0,22,,200810,36,,,0,67,,200768,36,,,0,29,,200774,36,,,0,69,,200771,36,,,0,30,,200804,36,,,0,70,,200799,36,,,0,30,,200792,36,,,0,70,,200787,36,,,0,31,,200786,36,,,0,71,,200793,36,,,0,30,,200797,36,,,0,72,,200766,36,,,0,31,,200784,36,,,0,62,,200783,36,,,0,19,,200809,36,,,0,21,,200772,36,,,0,63,,200808,36,,,0,79,,200785,36,,,0,19,,200770,36,,,0,19,,200780,36,,,0,18,,200769,36,,,0,59,,200795,36,,,0,20,,200775,36,,,0,24,,200773,36,,,0,66,,200807,36,,,0,29,,200777,36,,,0,67,,200805,36,,,0,30,,200767,36,,,0,68,,200781,36,,,0,30,,200798,36,,,0,70,,200803,36,,,0,38,,200802,36,,,0,144,,200801,36,,,0,100,,200791,36,,,0,58,,200778,36,,,0
664601,'101',910,,200764,36,,,0,730,,200762,36,,,0
664601,'2',648,,200826,36,,,0,70,,200819,36,,,0,30,,200817,36,,,0,71,,200832,36,,,0,38,,200833,36,,,0,72,,200834,36,,,0,18,,200813,36,,,0,71,,200823,36,,,0,28,,200836,36,,,0,77,,200829,36,,,0,32,,200838,36,,,0,70,,200839,36,,,0,32,,200840,36,,,0,68,,200842,36,,,0,31,,200837,36,,,0,70,,200814,36,,,0,32,,200815,36,,,0,70,,200816,36,,,0,28,,200848,36,,,0,70,,200843,36,,,0,29,,200846,36,,,0,68,,200844,36,,,0,30,,200845,36,,,0,68,,200847,36,,,0,28,,200830,36,,,0,71,,200824,36,,,0,28,,200825,36,,,0,67,,200831,36,,,0,30,,200820,36,,,0,69,,200835,36,,,0,30,,200841,36,,,0,72,,200821,36,,,0,89,,200822,36,,,0,96,,200818,36,,,0,99,,200827,36,,,0,59,,200828,36,,,0
664601,'201',910,,200811,36,,,0,730,,200812,36,,,0
664601,'3',809,,200863,36,,,0,30,,200860,36,,,0,70,,200865,36,,,0,33,,200856,36,,,0,71,,200857,36,,,0,30,,200855,36,,,0,70,,200879,36,,,0,31,,200876,36,,,0,70,,200877,36,,,0,31,,200858,36,,,0,70,,200859,36,,,0,29,,200878,36,,,0,72,,200849,36,,,0,29,,200864,36,,,0,70,,200866,36,,,0,29,,200867,36,,,0,70,,200868,36,,,0,29,,200869,36,,,0,70,,200870,36,,,0,30,,200871,36,,,0,71,,200872,36,,,0,29,,200873,36,,,0,69,,200881,36,,,0,28,,200851,36,,,0,69,,200852,36,,,0,29,,200875,36,,,0,70,,200874,36,,,0,29,,200862,36,,,0,70,,200880,36,,,0,99,,200853,36,,,0,105,,200854,36,,,0,46,,200850,36,,,0,146,,200861,36,,,0
665101,'1',537,,202496,20,,,0,20,,202515,20,,,0,57,,202436,20,,,0,10,,202437,20,,,0,10,,202518,20,,,0,10,,202438,20,,,0,10,,202439,20,,,0,50,,202440,20,,,0,10,,202441,21,,,0,9,,202442,20,,,0,11,,202443,20,,,0,11,,202444,21,,,0,10,,202516,20,,,0,51,,202493,20,,,0,10,,202517,21,,,0,10,,202519,20,,,0,10,,202494,20,,,0,11,,202495,20,,,0,11,,202514,21,,,0,50,,202466,20,,,0,16,,202467,21,,,0,15,,202468,20,,,0,14,,202469,21,,,0,54,,202470,20,,,0,15,,202471,20,,,0,15,,202472,20,,,0,15,,202473,20,,,0,55,,202474,20,,,0,15,,202475,20,,,0,15,,202476,20,,,0,15,,202477,20,,,0,55,,202478,20,,,0,15,,202479,20,,,0,15,,202480,20,,,0,15,,202481,20,,,0,55,,202482,20,,,0,15,,202483,20,,,0,15,,202484,20,,,0,14,,202485,20,,,0,55,,202486,20,,,0,15,,202487,20,,,0,15,,202488,20,,,0,15,,202489,20,,,0,55,,202490,20,,,0,14,,202491,20,,,0,14,,202492,20,,,0,17,,202497,20,,,0,8,,202445,20,,,0,44,,202446,20,,,0,13,,202447,20,,,0,20,,202448,20,,,0,10,,202449,20,,,0,10,,202450,21,,,0,50,,202451,20,,,0,10,,202452,20,,,0,10,,202453,21,,,0,10,,202454,20,,,0,10,,202455,20,,,0,11,,202456,21,,,0,50,,202457,20,,,0,10,,202458,20,,,0,10,,202459,21,,,0,15,,202460,20,,,0,16,,202461,20,,,0,55,,202462,20,,,0,15,,202463,20,,,0,15,,202464,20,,,0,15,,202465,20,,,0,55,,202498,20,,,0,16,,202512,20,,,0,15,,202513,20,,,0,15,,202508,20,,,0,55,,202499,20,,,0,15,,202500,20,,,0,15,,202509,20,,,0,15,,202510,20,,,0,55,,202511,20,,,0,15,,202501,20,,,0,28,,202507,20,,,0,71,,202502,20,,,0,26,,202506,20,,,0,70,,202503,20,,,0,27,,202505,20,,,0,67,,202504,20,,,0
665101,'101',1547,,202435,1,,,0,5,,202434,1,,,0,55,,202432,20,,,0,19,,202433,21,,,0
665101,'2',603,,202522,20,,,0,20,,202523,20,,,0,20,,202524,20,,,0,60,,202525,20,,,0,20,,202526,20,,,0,15,,202527,20,,,0,15,,202528,20,,,0,55,,202529,20,,,0,15,,202530,20,,,0,15,,202531,20,,,0,15,,202532,20,,,0,56,,202533,20,,,0,16,,202534,20,,,0,15,,202535,20,,,0,16,,202536,20,,,0,55,,202537,20,,,0,15,,202538,20,,,0,15,,202539,20,,,0,16,,202540,20,,,0,55,,202541,20,,,0,15,,202542,20,,,0,15,,202543,20,,,0,15,,202544,20,,,0,55,,202545,20,,,0,18,,202546,20,,,0,15,,202547,20,,,0,56,,202548,20,,,0,15,,202549,20,,,0,15,,202550,20,,,0,15,,202551,20,,,0,55,,202552,20,,,0,15,,202553,20,,,0,15,,202554,20,,,0,16,,202555,20,,,0,55,,202556,20,,,0,15,,202557,20,,,0,14,,202558,20,,,0,15,,202559,20,,,0,56,,202560,20,,,0,14,,202561,20,,,0,15,,202562,20,,,0,16,,202563,20,,,0,55,,202564,20,,,0,14,,202565,20,,,0,15,,202566,20,,,0,14,,202567,20,,,0,55,,202568,20,,,0,14,,202569,20,,,0,16,,202570,20,,,0,15,,202571,20,,,0,12,,202572,20,,,0,55,,202573,20,,,0,14,,202574,20,,,0,15,,202575,20,,,0,15,,202576,20,,,0,55,,202577,20,,,0,14,,202578,20,,,0,15,,202579,20,,,0,14,,202580,20,,,0,55,,202581,20,,,0,15,,202582,20,,,0,15,,202583,20,,,0,15,,202584,20,,,0,55,,202585,20,,,0,19,,202586,20,,,0,20,,202587,20,,,0,69,,202588,20,,,0,30,,202589,20,,,0,68,,202590,20,,,0,30,,202591,20,,,0,69,,202592,20,,,0
665101,'201',1607,,202520,20,,,0,19,,202521,21,,,0
665101,'3',623,,202593,20,,,0,20,,202594,20,,,0,60,,202595,20,,,0,20,,202596,20,,,0,20,,202597,20,,,0,60,,202598,20,,,0,20,,202599,20,,,0,20,,202600,20,,,0,57,,202601,20,,,0,15,,202602,22,,,0,14,,202603,22,,,0,15,,202604,22,,,0,15,,202605,22,,,0,56,,202606,22,,,0,16,,202607,22,,,0,16,,202608,22,,,0,56,,202609,22,,,0,15,,202610,22,,,0,9,,202611,22,,,0,15,,202612,22,,,0,15,,202613,22,,,0,54,,202614,22,,,0,16,,202615,22,,,0,15,,202616,22,,,0,15,,202617,22,,,0,56,,202618,22,,,0,15,,202619,22,,,0,15,,202620,22,,,0,15,,202621,22,,,0,55,,202622,22,,,0,15,,202623,22,,,0,15,,202624,22,,,0,15,,202625,22,,,0,55,,202626,22,,,0,15,,202627,22,,,0,15,,202628,22,,,0,15,,202629,22,,,0,56,,202630,22,,,0,15,,202631,22,,,0,14,,202632,22,,,0,15,,202633,22,,,0,55,,202634,22,,,0,15,,202635,22,,,0,15,,202636,22,,,0,57,,202637,22,,,0,15,,202638,22,,,0,15,,202639,22,,,0,14,,202640,22,,,0,14,,202641,22,,,0,54,,202642,22,,,0,14,,202643,22,,,0,14,,202644,22,,,0,15,,202645,22,,,0,55,,202646,22,,,0,15,,202647,22,,,0,19,,202648,22,,,0,70,,202649,22,,,0,30,,202650,22,,,0,71,,202651,20,,,0,30,,202652,20,,,0,70,,202653,20,,,0,30,,202654,20,,,0,70,,202655,20,,,0,30,,202656,20,,,0,70,,202657,20,,,0
