670800,'101_merged_15727747',658,,214259,3,,,0,880,,214258,3,,,0
670800,'1_merged_15727750',519,,214302,2,,,0,20,,214298,3,,,0,18,,214272,3,,,0,56,,214277,2,,,0,16,,214300,2,,,0,16,,214267,2,,,0,63,,214299,3,,,0,12,,214306,3,,,0,14,,214301,2,,,0,15,,214279,3,,,0,57,,214262,3,,,0,18,,214278,3,,,0,18,,214264,3,,,0,69,,214269,3,,,0,29,,214270,3,,,0,70,,214282,3,,,0,30,,214265,3,,,0,70,,214283,3,,,0,30,,214288,3,,,0,70,,214284,3,,,0,30,,214271,3,,,0,70,,214285,3,,,0,30,,214295,3,,,0,70,,214286,3,,,0,30,,214273,2,,,0,19,,214275,3,,,0,59,,214280,3,,,0,40,,214261,3,,,0,60,,214276,3,,,0,20,,214289,3,,,0,17,,214303,3,,,0,57,,214290,3,,,0,16,,214291,3,,,0,14,,214281,3,,,0,15,,214304,3,,,0,56,,214292,3,,,0,16,,214293,3,,,0,15,,214305,3,,,0,15,,214274,3,,,0,56,,214297,3,,,0,20,,214307,3,,,0,20,,214296,3,,,0,60,,214287,3,,,0,20,,214308,3,,,0,20,,214266,3,,,0,100,,214268,3,,,0,100,,214294,3,,,0,104,,214263,3,,,0
670800,'201_merged_15727755',658,,214309,3,,,0,880,,214310,2,,,0
670800,'2_merged_15727752',539,,214345,2,,,0,16,,214344,2,,,0,56,,214333,2,,,0,19,,214346,2,,,0,20,,214332,3,,,0,60,,214317,2,,,0,20,,214347,3,,,0,21,,214331,3,,,0,70,,214316,3,,,0,30,,214330,3,,,0,70,,214311,3,,,0,30,,214329,3,,,0,70,,214337,3,,,0,30,,214328,3,,,0,70,,214315,3,,,0,30,,214327,3,,,0,70,,214313,3,,,0,30,,214326,3,,,0,70,,214312,3,,,0,30,,214325,3,,,0,69,,214338,3,,,0,29,,214324,3,,,0,71,,214348,3,,,0,31,,214323,3,,,0,70,,214341,3,,,0,30,,214322,2,,,0,70,,214314,3,,,0,30,,214321,3,,,0,69,,214343,3,,,0,29,,214320,3,,,0,69,,214342,3,,,0,30,,214319,3,,,0,70,,214340,3,,,0,33,,214318,3,,,0,73,,214339,3,,,0,98,,214336,3,,,0,99,,214335,3,,,0,100,,214334,3,,,0
670800,'3_merged_15727751',620,,214349,2,,,0,20,,214380,2,,,0,60,,214379,3,,,0,20,,214378,3,,,0,30,,214357,3,,,0,70,,214377,3,,,0,30,,214367,3,,,0,70,,214376,3,,,0,30,,214366,3,,,0,70,,214375,3,,,0,30,,214362,3,,,0,70,,214374,3,,,0,30,,214361,3,,,0,63,,214373,2,,,0,20,,214383,3,,,0,20,,214360,3,,,0,60,,214384,2,,,0,20,,214372,3,,,0,20,,214359,3,,,0,60,,214371,3,,,0,20,,214385,3,,,0,20,,214363,3,,,0,60,,214354,3,,,0,20,,214386,3,,,0,20,,214358,3,,,0,60,,214353,3,,,0,20,,214387,3,,,0,20,,214364,3,,,0,60,,214381,3,,,0,21,,214388,3,,,0,21,,214370,3,,,0,61,,214352,3,,,0,21,,214382,3,,,0,21,,214365,3,,,0,70,,214351,3,,,0,30,,214355,3,,,0,70,,214350,3,,,0,73,,214369,3,,,0,50,,214356,3,,,0,100,,214368,3,,,0,100,,214389,3,,,0
671201,'101_merged_15727747',1622,,214933,3,,,0
671201,'1_merged_15727750',418,,214984,2,,,0,20,,214985,2,,,0,19,,215016,2,,,0,50,,214995,2,,,0,10,,215017,2,,,0,9,,215012,2,,,0,9,,215003,2,,,0,9,,215013,3,,,0,6,,214991,2,,,0,6,,215004,2,,,0,50,,215034,3,,,0,15,,215036,2,,,0,7,,214959,3,,,0,12,,214960,3,,,0,6,,214942,3,,,0,12,,215037,3,,,0,46,,215005,3,,,0,11,,215035,3,,,0,8,,215038,3,,,0,15,,214963,3,,,0,7,,214958,3,,,0,55,,215015,3,,,0,12,,214964,3,,,0,12,,215002,3,,,0,15,,214937,3,,,0,15,,214996,3,,,0,55,,214946,3,,,0,15,,214987,3,,,0,15,,214947,3,,,0,15,,215006,3,,,0,55,,214948,3,,,0,15,,214953,3,,,0,15,,214949,3,,,0,15,,214938,3,,,0,55,,214950,3,,,0,15,,214988,3,,,0,15,,214951,3,,,0,15,,214939,3,,,0,55,,214952,3,,,0,15,,214989,3,,,0,15,,214954,3,,,0,15,,214940,3,,,0,55,,214955,3,,,0,15,,214990,3,,,0,15,,214956,3,,,0,15,,214941,3,,,0,55,,214957,3,,,0,15,,214992,3,,,0,10,,215033,3,,,0,10,,214993,3,,,0,9,,215025,2,,,0,49,,214970,3,,,0,9,,215026,3,,,0,9,,214971,2,,,0,8,,214983,3,,,0,8,,215008,3,,,0,10,,215010,3,,,0,10,,214972,3,,,0,48,,214945,3,,,0,7,,214973,3,,,0,18,,214978,2,,,0,7,,215011,3,,,0,8,,214979,3,,,0,7,,214943,3,,,0,7,,214980,3,,,0,48,,214975,3,,,0,8,,214974,3,,,0,8,,214994,2,,,0,10,,214981,3,,,0,11,,214977,3,,,0,10,,214976,3,,,0,50,,214986,3,,,0,10,,214982,3,,,0,10,,214944,3,,,0,10,,215027,3,,,0,10,,215009,3,,,0,11,,214997,3,,,0,52,,215007,3,,,0,12,,214998,3,,,0,12,,215028,3,,,0,12,,214999,3,,,0,12,,215018,3,,,0,56,,215000,3,,,0,16,,215019,3,,,0,16,,215029,3,,,0,15,,215020,3,,,0,56,,215001,3,,,0,15,,215021,3,,,0,15,,215030,3,,,0,15,,215022,3,,,0,55,,214965,3,,,0,15,,214966,3,,,0,15,,215031,3,,,0,15,,215023,3,,,0,58,,214967,3,,,0,20,,214968,3,,,0,20,,215032,3,,,0,61,,214969,3,,,0
671201,'201_merged_15727755',1622,,215041,2,,,0
671201,'2_merged_15727752',600,,215050,2,,,0,20,,215113,2,,,0,20,,215049,2,,,0,60,,215110,2,,,0,17,,215048,3,,,0,15,,215114,2,,,0,15,,215061,3,,,0,55,,215090,3,,,0,15,,215091,3,,,0,15,,215092,3,,,0,15,,215093,3,,,0,55,,215094,3,,,0,15,,215095,3,,,0,15,,215096,3,,,0,15,,215097,3,,,0,55,,215098,3,,,0,15,,215099,3,,,0,15,,215100,3,,,0,15,,215101,3,,,0,55,,215102,3,,,0,16,,215103,3,,,0,16,,215104,3,,,0,16,,215105,3,,,0,55,,215106,3,,,0,15,,215107,3,,,0,15,,215108,3,,,0,15,,215109,3,,,0,55,,215060,3,,,0,15,,215064,3,,,0,15,,215087,3,,,0,15,,215074,3,,,0,55,,215042,3,,,0,15,,215059,3,,,0,15,,215088,3,,,0,15,,215075,3,,,0,55,,215058,2,,,0,15,,215057,3,,,0,15,,215089,3,,,0,13,,215076,3,,,0,53,,215056,3,,,0,12,,215055,3,,,0,12,,215054,3,,,0,12,,215053,3,,,0,12,,215111,3,,,0,52,,215077,3,,,0,10,,215052,3,,,0,10,,215085,3,,,0,10,,215112,3,,,0,10,,215051,3,,,0,10,,215047,3,,,0,50,,215078,3,,,0,10,,215046,3,,,0,11,,215086,3,,,0,12,,215062,3,,,0,12,,215063,3,,,0,55,,215079,3,,,0,15,,215073,3,,,0,15,,215065,3,,,0,14,,215045,3,,,0,13,,215080,3,,,0,53,,215066,3,,,0,13,,215081,3,,,0,22,,215067,3,,,0,61,,215068,3,,,0,21,,215082,3,,,0,20,,215069,3,,,0,60,,215070,3,,,0,21,,215083,3,,,0,21,,215071,3,,,0,60,,215072,3,,,0,20,,215084,3,,,0,25,,215044,3,,,0,70,,215043,3,,,0
671201,'3_merged_15727751',730,,215119,2,,,0,20,,215118,2,,,0,55,,215120,2,,,0,15,,215121,2,,,0,15,,215122,2,,,0,15,,215123,2,,,0,55,,215124,3,,,0,15,,215125,3,,,0,15,,215126,3,,,0,15,,215127,3,,,0,55,,215128,3,,,0,15,,215129,3,,,0,15,,215130,3,,,0,15,,215131,3,,,0,55,,215132,3,,,0,15,,215133,3,,,0,15,,215134,3,,,0,15,,215135,3,,,0,55,,215136,3,,,0,15,,215137,3,,,0,15,,215138,3,,,0,15,,215139,3,,,0,55,,215140,3,,,0,15,,215141,3,,,0,15,,215142,3,,,0,15,,215143,3,,,0,55,,215144,3,,,0,15,,215145,3,,,0,15,,215146,3,,,0,15,,215147,3,,,0,55,,215148,3,,,0,15,,215149,3,,,0,14,,215150,3,,,0,14,,215151,3,,,0,52,,215152,3,,,0,12,,215181,3,,,0,12,,215153,2,,,0,12,,215154,3,,,0,11,,215155,3,,,0,53,,215115,3,,,0,14,,215156,3,,,0,13,,215157,3,,,0,10,,215158,3,,,0,12,,215159,3,,,0,52,,215160,3,,,0,12,,215161,3,,,0,13,,215162,3,,,0,13,,215163,3,,,0,12,,215164,3,,,0,52,,215165,3,,,0,15,,215117,3,,,0,15,,215166,3,,,0,15,,215167,3,,,0,56,,215168,3,,,0,16,,215169,3,,,0,16,,215170,3,,,0,16,,215171,3,,,0,55,,215172,3,,,0,15,,215173,3,,,0,15,,215174,3,,,0,14,,215175,3,,,0,54,,215176,3,,,0,14,,215177,3,,,0,14,,215178,3,,,0,15,,215179,3,,,0,59,,215116,3,,,0,35,,215180,3,,,0
829000,'101_merged_15727747',752,,225975,3,0,32,0
829000,'1_merged_15727750',539,,225976,3,,,0,70,,225982,2,,,0,30,,225983,3,,,0,67,,225984,3,,,0,21,,226003,3,,,0,22,,225985,3,,,0,70,,226009,3,,,0,17,,226004,3,,,0,18,,225987,3,,,0,60,,225988,3,,,0,20,,226008,3,,,0,20,,225989,3,,,0,69,,225990,3,,,0,30,,225991,3,,,0,70,,225992,3,,,0,30,,225993,3,,,0,70,,225994,3,,,0,30,,225995,3,,,0,70,,225996,3,,,0,30,,225997,3,,,0,71,,225998,2,,,0,30,,225999,3,,,0,67,,225986,2,,,0,20,,226014,3,,,0,60,,226010,3,,,0,22,,226005,3,,,0,21,,226000,3,,,0,61,,226001,3,,,0,22,,226006,3,,,0,21,,226002,3,,,0,62,,225980,3,,,0,22,,226007,3,,,0,22,,225981,3,,,0,63,,226011,3,,,0,30,,226012,3,,,0,70,,226013,3,,,0,30,,225977,3,,,0,70,,225978,3,,,0,35,,225979,3,,,0,107,,226015,3,,,0,141,,226016,3,,,0
829000,'2_merged_15727752',655,,226049,2,,,0,70,,226048,2,,,0,30,,226045,3,,,0,70,,226025,3,,,0,30,,226027,3,,,0,70,,226026,3,,,0,30,,226024,3,,,0,70,,226023,3,,,0,30,,226034,3,,,0,70,,226022,3,,,0,30,,226021,3,,,0,71,,226020,3,,,0,32,,226019,3,,,0,71,,226018,3,,,0,71,,226017,3,,,0,30,,226044,3,,,0,70,,226043,3,,,0,30,,226042,3,,,0,70,,226041,3,,,0,30,,226040,3,,,0,29,,226039,3,,,0,70,,226038,3,,,0,71,,226037,3,,,0,31,,226036,3,,,0,69,,226028,3,,,0,29,,226035,3,,,0,30,,226033,3,,,0,70,,226032,3,,,0,72,,226031,3,,,0,32,,226030,3,,,0,70,,226029,3,,,0,55,,226046,3,,,0,100,,226047,3,,,0
829000,'3_merged_15727751',750,,226071,3,,,0,75,,226068,3,,,0,75,,226067,3,,,0,30,,226066,3,,,0,70,,226065,3,,,0,30,,226064,3,,,0,70,,226063,3,,,0,30,,226062,3,,,0,70,,226061,3,,,0,30,,226070,3,,,0,70,,226069,3,,,0,30,,226056,3,,,0,72,,226055,3,,,0,31,,226054,3,,,0,71,,226053,3,,,0,31,,226052,3,,,0,71,,226051,3,,,0,30,,226050,3,,,0,69,,226078,3,,,0,29,,226060,3,,,0,70,,226059,3,,,0,30,,226058,3,,,0,70,,226057,3,,,0,30,,226072,3,,,0,70,,226077,3,,,0,30,,226076,3,,,0,70,,226075,3,,,0,30,,226074,3,,,0,70,,226073,3,,,0,100,,226079,3,,,0,100,,226080,3,,,0
2903800,'1_merged_15727750',517,,230133,2,,,0,20,,230153,2,,,0,12,,230132,3,,,0,52,,230131,2,,,0,12,,230144,3,,,0,12,,230170,3,,,0,14,,230166,2,,,0,13,,230130,3,,,0,57,,230135,2,,,0,16,,230154,3,,,0,16,,230129,3,,,0,15,,230128,3,,,0,55,,230127,3,,,0,14,,230155,3,,,0,14,,230126,3,,,0,14,,230125,3,,,0,54,,230124,3,,,0,15,,230156,3,,,0,15,,230123,3,,,0,15,,230147,3,,,0,56,,230165,3,,,0,16,,230122,3,,,0,16,,230148,3,,,0,60,,230121,3,,,0,20,,230149,3,,,0,20,,230120,3,,,0,60,,230119,3,,,0,20,,230150,3,,,0,19,,230118,3,,,0,20,,230117,3,,,0,60,,230151,3,,,0,20,,230116,3,,,0,20,,230115,3,,,0,60,,230152,2,,,0,20,,230114,2,,,0,20,,230157,3,,,0,55,,230164,3,,,0,15,,230146,3,,,0,15,,230158,3,,,0,57,,230113,3,,,0,17,,230112,3,,,0,17,,230134,3,,,0,15,,230159,3,,,0,56,,230111,3,,,0,15,,230143,3,,,0,15,,230160,3,,,0,15,,230142,3,,,0,56,,230141,3,,,0,17,,230169,2,,,0,16,,230140,3,,,0,15,,230139,3,,,0,56,,230161,3,,,0,20,,230138,3,,,0,20,,230145,3,,,0,60,,230162,3,,,0,24,,230163,3,,,0,68,,230137,3,,,0,28,,230136,3,,,0,100,,230167,3,,,0,100,,230168,3,,,0
2903800,'2_merged_15727752',641,,230218,2,,,0,11,,230214,3,,,0,55,,230213,3,,,0,15,,230186,3,,,0,18,,230200,3,,,0,60,,230187,3,,,0,20,,230188,3,,,0,20,,230201,3,,,0,60,,230189,3,,,0,20,,230190,3,,,0,20,,230202,3,,,0,60,,230191,3,,,0,20,,230192,3,,,0,20,,230203,3,,,0,60,,230193,3,,,0,20,,230194,3,,,0,21,,230204,3,,,0,60,,230195,3,,,0,20,,230196,3,,,0,20,,230205,3,,,0,60,,230197,3,,,0,20,,230198,3,,,0,20,,230206,3,,,0,60,,230199,3,,,0,20,,230171,3,,,0,21,,230207,3,,,0,61,,230172,3,,,0,20,,230173,3,,,0,19,,230208,3,,,0,60,,230174,3,,,0,20,,230175,3,,,0,21,,230209,3,,,0,61,,230176,3,,,0,20,,230177,3,,,0,20,,230210,3,,,0,60,,230178,3,,,0,20,,230179,3,,,0,20,,230211,3,,,0,60,,230180,3,,,0,20,,230215,3,,,0,20,,230181,3,,,0,60,,230212,3,,,0,20,,230182,3,,,0,19,,230183,3,,,0,59,,230184,3,,,0,19,,230185,3,,,0,100,,230216,3,,,0,100,,230217,3,,,0
2903800,'3_merged_15727751',700,,230248,2,,,0,30,,230219,2,,,0,70,,230220,3,,,0,30,,230221,3,,,0,70,,230222,3,,,0,30,,230223,3,,,0,70,,230224,3,,,0,30,,230225,3,,,0,70,,230226,3,,,0,30,,230227,3,,,0,70,,230228,3,,,0,30,,230229,3,,,0,70,,230230,3,,,0,30,,230231,3,,,0,70,,230232,3,,,0,21,,230249,2,,,0,19,,230233,3,,,0,60,,230234,3,,,0,21,,230250,2,,,0,19,,230235,3,,,0,60,,230236,3,,,0,20,,230251,3,,,0,20,,230237,3,,,0,60,,230238,3,,,0,20,,230252,3,,,0,20,,230239,3,,,0,60,,230240,3,,,0,20,,230253,3,,,0,20,,230241,3,,,0,60,,230242,3,,,0,20,,230254,3,,,0,20,,230243,3,,,0,61,,230244,3,,,0,30,,230245,3,,,0,70,,230246,3,,,0,30,,230247,3,,,0,98,,230255,3,,,0,100,,230256,3,,,0
