661900,'1',526,,190146,5,,,0,25,,190148,5,,,0,52,,190149,5,,,0,13,,190150,5,,,0,6,,190151,5,,,0,15,,190153,5,,,0,14,,190155,5,,,0,6,,190156,5,,,0,50,,190158,5,,,0,5,,190159,5,,,0,5,,190160,5,,,0,6,,190161,5,,,0,12,,190162,5,,,0,12,,190164,5,,,0,58,,190166,20,,,0,17,,190168,20,,,0,16,,190170,20,,,0,18,,190172,20,,,0,57,,190174,20,,,0,18,,190176,20,,,0,24,,190178,20,,,0,64,,190180,20,,,0,23,,190182,20,,,0,63,,190184,20,,,0,24,,190186,5,,,0,25,,190188,5,,,0,64,,190190,5,,,0,23,,190192,5,,,0,63,,190194,5,,,0,10,,190195,5,,,0,16,,190197,5,,,0,15,,190199,5,,,0,56,,190201,5,,,0,15,,190203,5,,,0,15,,190205,5,,,0,15,,190207,5,,,0,54,,190209,5,,,0,5,,190210,5,,,0,13,,190212,5,,,0,13,,190214,20,,,0,13,,190216,20,,,0,15,,190217,20,,,0,57,,190219,20,,,0,15,,190221,20,,,0,14,,190223,20,,,0,14,,190225,20,,,0,56,,190227,20,,,0,9,,190228,20,,,0,22,,190230,20,,,0,67,,190232,20,,,0,15,,190233,20,,,0,15,,190234,5,,,0,16,,190235,5,,,0,55,,190236,5,,,0,15,,190237,5,,,0,15,,190238,5,,,0,15,,190239,5,,,0,55,,190240,5,,,0,15,,190241,5,,,0,15,,190242,5,,,0,15,,190243,5,,,0,55,,190244,5,,,0,15,,190245,5,,,0,15,,190246,5,,,0,15,,190247,5,,,0,55,,190248,5,,,0,15,,190249,5,,,0,15,,190250,5,,,0,57,,190251,5,,,0,14,,190252,5,,,0,15,,190253,5,,,0,14,,190254,5,,,0,15,,190255,5,,,0,53,,190256,5,,,0,15,,190257,5,,,0,16,,190258,5,,,0
661900,'2',516,,190266,5,,,0,41,,190268,5,,,0,61,,190269,5,,,0,21,,190271,5,,,0,14,,190272,5,,,0,55,,190273,5,,,0,15,,190274,5,,,0,14,,190275,5,,,0,14,,190276,5,,,0,54,,190277,5,,,0,13,,190278,5,,,0,14,,190279,5,,,0,13,,190280,5,,,0,56,,190282,5,,,0,12,,190283,5,,,0,11,,190284,5,,,0,12,,190285,5,,,0,12,,190286,5,,,0,52,,190287,5,,,0,11,,190288,5,,,0,11,,190289,5,,,0,12,,190290,5,,,0,12,,190291,5,,,0,11,,190292,5,,,0,52,,190293,5,,,0,13,,190294,5,,,0,12,,190295,5,,,0,12,,190296,5,,,0,13,,190298,5,,,0,52,,190299,5,,,0,10,,190300,5,,,0,11,,190301,5,,,0,11,,190302,5,,,0,11,,190303,5,,,0,52,,190304,5,,,0,11,,190305,5,,,0,12,,190306,5,,,0,10,,190307,5,,,0,10,,190308,5,,,0,10,,190309,5,,,0,50,,190310,5,,,0,10,,190311,5,,,0,10,,190312,5,,,0,10,,190313,5,,,0,10,,190314,5,,,0,10,,190315,5,,,0,50,,190316,5,,,0,10,,190317,5,,,0,10,,190318,5,,,0,10,,190319,5,,,0,10,,190320,5,,,0,10,,190321,5,,,0,50,,190322,5,,,0,10,,190323,5,,,0,10,,190324,5,,,0,10,,190325,5,,,0,11,,190326,5,,,0,50,,190327,5,,,0,10,,190328,5,,,0,11,,190329,5,,,0,10,,190330,5,,,0,12,,190331,5,,,0,12,,190332,5,,,0,52,,190333,5,,,0,12,,190334,5,,,0,12,,190335,5,,,0,13,,190336,5,,,0,15,,190337,5,,,0,55,,190338,5,,,0,15,,190339,5,,,0,15,,190340,5,,,0,15,,190341,5,,,0,55,,190342,5,,,0,15,,190343,5,,,0,15,,190344,5,,,0,56,,190345,5,,,0,15,,190346,5,,,0,15,,190347,5,,,0,15,,190348,5,,,0,55,,190349,5,,,0,14,,190350,5,,,0,15,,190351,5,,,0,15,,190352,5,,,0,15,,190353,5,,,0,55,,190354,5,,,0,15,,190355,5,,,0,14,,190356,5,,,0,14,,190357,5,,,0,54,,190358,5,,,0,14,,190359,5,,,0,15,,190360,5,,,0
661900,'3',528,,190368,5,,,0,23,,190369,5,,,0,60,,190370,5,,,0,20,,190371,5,,,0,16,,190372,5,,,0,69,,190374,5,,,0,30,,190376,5,,,0,55,,190377,5,,,0,14,,190378,5,,,0,14,,190379,5,,,0,15,,190380,5,,,0,56,,190381,5,,,0,15,,190382,5,,,0,14,,190383,5,,,0,15,,190384,5,,,0,9,,190385,5,,,0,50,,190386,5,,,0,9,,190387,5,,,0,9,,190388,5,,,0,10,,190389,5,,,0,10,,190390,5,,,0,10,,190391,5,,,0,50,,190392,5,,,0,10,,190393,5,,,0,9,,190394,5,,,0,9,,190395,5,,,0,10,,190396,5,,,0,9,,190397,5,,,0,10,,190398,5,,,0,50,,190399,5,,,0,10,,190400,5,,,0,10,,190401,5,,,0,10,,190402,5,,,0,10,,190403,5,,,0,10,,190404,5,,,0,50,,190405,5,,,0,10,,190406,5,,,0,9,,190407,5,,,0,10,,190408,5,,,0,10,,190409,5,,,0,10,,190410,5,,,0,50,,190411,5,,,0,9,,190412,5,,,0,10,,190413,5,,,0,10,,190414,5,,,0,10,,190415,5,,,0,10,,190416,5,,,0,50,,190417,5,,,0,10,,190418,5,,,0,10,,190419,5,,,0,10,,190420,5,,,0,10,,190421,5,,,0,11,,190422,5,,,0,50,,190423,5,,,0,10,,190424,5,,,0,10,,190425,5,,,0,10,,190426,5,,,0,10,,190427,5,,,0,12,,190428,5,,,0,50,,190429,5,,,0,10,,190430,5,,,0,10,,190431,5,,,0,10,,190432,5,,,0,13,,190433,5,,,0,56,,190434,5,,,0,16,,190435,5,,,0,15,,190436,5,,,0,16,,190437,5,,,0,55,,190438,5,,,0,15,,190439,5,,,0,15,,190440,5,,,0,15,,190441,5,,,0,55,,190442,5,,,0,15,,190443,5,,,0,15,,190444,5,,,0,17,,190445,5,,,0,55,,190446,5,,,0,15,,190447,5,,,0,15,,190448,5,,,0,16,,190449,5,,,0,55,,190450,5,,,0,15,,190451,5,,,0,14,,190452,5,,,0,15,,190453,5,,,0,55,,190454,5,,,0,15,,190455,5,,,0,15,,190456,5,,,0,60,,190457,5,,,0,20,,190458,5,,,0,20,,190459,5,,,0
683300,'1',2552,,224962,21,,,0,73,,224964,21,,,0,32,,224963,21,,,0
683300,'2',2549,,224965,21,,,0,70,,224967,21,,,0,28,,224966,21,,,0
683300,'3',2550,,224968,21,,,0,70,,224970,21,,,0,30,,224969,21,,,0,78,,224971,21,,,0
1671800,'1',311,,227606,21,0,10,0,30,,227607,21,0,10,0,78,,227608,21,0,10,0,30,,227575,21,,,0,78,,227577,21,,,0,4,,227571,17,,,0,13,,227572,21,,,0,13,,227578,17,,,0,53,,227579,21,,,0,15,,227580,21,,,0,15,,227581,21,,,0,13,,227582,21,,,0,52,,227569,21,,,0,14,,227570,21,,,0,14,,227586,21,,,0,14,,227587,21,,,0,53,,227588,21,,,0,13,,227589,21,,,0,13,,227590,21,,,0,12,,227591,21,,,0,13,,227592,21,,,0,54,,227593,21,,,0,14,,227594,21,,,0,14,,227595,21,,,0,15,,227596,21,,,0,55,,227597,21,,,0,15,,227598,21,,,0,15,,227599,21,,,0,14,,227600,21,,,0,55,,227601,21,,,0,15,,227602,21,,,0,16,,227603,21,,,0,15,,227604,21,,,0,55,,227605,21,,,0,15,,227583,21,,,0,15,,227584,21,,,0,15,,227585,21,,,0,55,,227562,21,,,0,15,,227563,21,,,0,15,,227564,21,,,0,16,,227534,21,,,0,55,,227535,21,,,0,15,,227536,21,,,0,8,,227537,21,,,0,8,,227574,21,,,0,14,,227538,21,,,0,55,,227539,21,,,0,13,,227540,21,,,0,13,,227541,21,,,0,12,,227542,21,,,0,10,,227612,21,,,0,50,,227543,21,,,0,10,,227544,21,,,0,10,,227545,21,,,0,10,,227546,21,,,0,10,,227547,21,,,0,10,,227548,21,,,0,49,,227549,21,,,0,9,,227550,21,,,0,11,,227611,21,,,0,9,,227551,21,,,0,9,,227552,21,,,0,10,,227553,21,,,0,10,,227554,21,,,0,52,,227555,21,,,0,12,,227556,21,,,0,12,,227557,21,,,0,13,,227558,21,,,0,52,,227559,21,0,10,0,15,,227560,21,0,10,0,15,,227561,21,0,10,0,15,,227565,21,0,10,0,56,,227566,21,0,10,0,15,,227568,21,0,10,0,17,,227567,21,0,10,0
1671800,'152201',2049,,227505,21,0,10,0,56,,227506,21,0,10,0,15,,227507,21,0,10,0,15,,227508,21,0,10,0,18,,227509,21,0,10,0,60,,227510,21,0,10,0,21,,227511,21,0,10,0,19,,227512,21,0,10,0,60,,227513,21,0,10,0,30,,227514,21,0,10,0,16,,227504,21,0,10,0,55,,227515,21,0,10,0,15,,227518,21,0,10,0,15,,227516,21,0,10,0,70,,227517,21,0,10,0
1671800,'152301',2049,,227521,21,0,10,0,56,,227522,21,0,10,0,15,,227523,21,0,10,0,15,,227524,21,0,10,0,18,,227525,21,0,10,0,60,,227526,21,0,10,0,21,,227527,21,0,10,0,19,,227528,21,0,10,0,60,,227529,21,0,10,0,30,,227530,21,0,10,0,16,,227519,21,0,10,0,55,,227531,21,0,10,0,15,,227520,21,0,10,0,15,,227532,21,0,10,0,70,,227533,21,0,10,0
1671800,'2',312,,227710,21,0,10,0,30,,227711,21,0,10,0,76,,227706,21,0,10,0,30,,227641,21,,,0,81,,227672,21,,,0,21,,227673,21,,,0,55,,227650,21,,,0,16,,227651,21,,,0,20,,227652,21,,,0,60,,227653,21,,,0,15,,227654,21,,,0,14,,227655,21,,,0,13,,227656,21,,,0,13,,227658,21,,,0,52,,227659,21,,,0,13,,227660,21,,,0,15,,227661,21,,,0,15,,227662,21,,,0,55,,227663,21,,,0,14,,227664,21,,,0,15,,227665,21,,,0,15,,227666,21,,,0,55,,227667,21,,,0,14,,227668,21,,,0,15,,227669,21,,,0,12,,227670,21,,,0,12,,227671,21,,,0,52,,227657,21,,,0,12,,227642,21,,,0,12,,227674,21,,,0,13,,227675,21,,,0,12,,227676,21,,,0,53,,227677,21,,,0,11,,227643,21,,,0,10,,227678,21,,,0,10,,227679,21,,,0,10,,227680,21,,,0,50,,227681,21,,,0,10,,227682,21,,,0,9,,227644,21,,,0,10,,227683,21,,,0,10,,227684,21,,,0,10,,227685,21,,,0,50,,227686,21,,,0,11,,227687,21,,,0,11,,227645,21,,,0,11,,227688,21,,,0,10,,227689,21,,,0,10,,227690,21,,,0,50,,227691,21,,,0,10,,227692,21,,,0,10,,227646,21,,,0,10,,227693,21,,,0,10,,227694,21,,,0,10,,227696,21,,,0,50,,227697,21,,,0,10,,227698,21,,,0,10,,227647,21,,,0,9,,227699,21,,,0,12,,227700,21,,,0,10,,227695,21,,,0,49,,227701,21,,,0,10,,227702,21,,,0,10,,227648,21,,,0,10,,227703,21,,,0,10,,227704,21,,,0,12,,227705,21,,,0,52,,227613,21,,,0,12,,227614,21,,,0,12,,227615,21,,,0,13,,227616,21,,,0,13,,227617,21,0,10,0,55,,227618,21,0,10,0,15,,227619,21,0,10,0,15,,227620,21,0,10,0,58,,227621,21,0,10,0,15,,227622,21,0,10,0,14,,227623,21,0,10,0,14,,227624,21,0,10,0,57,,227625,21,0,10,0,15,,227626,21,0,10,0,15,,227627,21,0,10,0,20,,227636,21,0,10,0,60,,227628,21,0,10,0,20,,227629,21,0,10,0,20,,227630,21,0,10,0,61,,227631,21,0,10,0,24,,227632,21,0,10,0,71,,227633,21,0,10,0,30,,227634,21,0,10,0,72,,227635,21,0,10,0
1671800,'3',311,,227796,21,0,10,0,30,,227797,21,0,10,0,76,,227794,21,0,10,0,30,,227795,21,0,10,0,77,,227790,21,,,0,22,,227731,21,,,0,60,,227737,21,,,0,21,,227738,21,,,0,25,,227791,21,,,0,60,,227739,21,,,0,14,,227741,21,,,0,15,,227714,21,,,0,14,,227740,21,,,0,51,,227742,21,,,0,13,,227743,21,,,0,14,,227744,21,,,0,15,,227745,21,,,0,55,,227746,21,,,0,16,,227747,21,,,0,16,,227748,21,,,0,15,,227749,21,,,0,56,,227750,21,,,0,16,,227751,21,,,0,16,,227752,21,,,0,12,,227753,21,,,0,54,,227754,21,,,0,13,,227755,21,,,0,14,,227775,21,,,0,13,,227756,21,,,0,13,,227757,21,,,0,53,,227758,21,,,0,12,,227715,21,,,0,11,,227759,21,,,0,12,,227760,21,,,0,12,,227761,21,,,0,52,,227762,21,,,0,12,,227716,21,,,0,13,,227763,21,,,0,12,,227764,21,,,0,13,,227765,21,,,0,52,,227766,21,,,0,12,,227727,21,,,0,13,,227767,21,,,0,12,,227768,21,,,0,53,,227769,21,,,0,12,,227770,21,,,0,12,,227728,21,,,0,12,,227771,21,,,0,11,,227772,21,,,0,52,,227773,21,,,0,12,,227736,21,,,0,11,,227729,21,,,0,11,,227774,21,,,0,12,,227732,21,,,0,12,,227733,21,,,0,52,,227734,21,,,0,12,,227730,21,,,0,12,,227717,21,,,0,14,,227718,21,,,0,54,,227719,21,,,0,15,,227720,21,,,0,15,,227721,21,,,0,15,,227722,21,,,0,56,,227723,21,0,10,0,15,,227724,21,0,10,0,16,,227725,21,0,10,0,15,,227726,21,0,10,0,55,,227735,21,0,10,0,15,,227793,21,0,10,0,15,,227777,21,0,10,0,17,,227778,21,0,10,0,55,,227779,21,0,10,0,15,,227780,21,0,10,0,15,,227792,21,0,10,0,20,,227781,21,0,10,0,60,,227782,21,0,10,0,20,,227783,21,0,10,0,21,,227784,21,0,10,0,61,,227785,21,0,10,0,24,,227786,21,0,10,0,70,,227787,21,0,10,0,30,,227788,21,0,10,0,70,,227789,21,0,10,0
