668200,'101_merged_15727747',1640,,208515,5,,,0
668200,'1_merged_15727750',511,,208516,5,,,0,20,,208517,5,,,0,12,,208518,5,,,0,10,,208519,5,,,0,48,,208520,5,,,0,9,,208521,5,,,0,9,,208522,5,,,0,8,,208523,5,,,0,7,,208524,5,,,0,7,,208525,5,,,0,7,,208526,5,,,0,8,,208527,5,,,0,47,,208528,5,,,0,7,,208529,5,,,0,7,,208530,5,,,0,7,,208531,5,,,0,8,,208532,5,,,0,7,,208533,5,,,0,7,,208534,5,,,0,6,,208535,5,,,0,48,,208536,5,,,0,7,,208537,5,,,0,6,,208538,5,,,0,7,,208539,5,,,0,7,,208540,5,,,0,8,,208541,5,,,0,8,,208542,5,,,0,11,,208543,5,,,0,55,,208544,5,,,0,15,,208545,5,,,0,15,,208546,5,,,0,14,,208547,5,,,0,54,,208548,5,,,0,15,,208549,5,,,0,15,,208550,5,,,0,15,,208551,5,,,0,55,,208552,5,,,0,15,,208553,5,,,0,14,,208554,5,,,0,14,,208555,5,,,0,54,,208556,5,,,0,14,,208557,5,,,0,15,,208558,5,,,0,15,,208559,5,,,0,55,,208560,5,,,0,15,,208561,5,,,0,17,,208562,5,,,0,13,,208563,5,,,0,54,,208564,5,,,0,13,,208565,5,,,0,10,,208566,5,,,0,10,,208567,5,,,0,10,,208568,5,,,0,10,,208569,5,,,0,51,,208570,5,,,0,10,,208571,5,,,0,10,,208572,5,,,0,11,,208573,5,,,0,11,,208574,5,,,0,8,,208575,5,,,0,49,,208576,5,,,0,9,,208577,5,,,0,9,,208578,5,,,0,8,,208579,5,,,0,19,,208580,5,,,0,50,,208581,5,,,0,10,,208582,5,,,0,10,,208583,5,,,0,10,,208584,5,,,0,10,,208585,5,,,0,10,,208586,5,,,0,50,,208587,5,,,0,10,,208588,5,,,0,15,,208589,5,,,0,14,,208590,5,,,0,15,,208591,5,,,0,54,,208592,5,,,0,14,,208593,5,,,0,14,,208594,5,,,0,15,,208595,5,,,0,55,,208596,5,,,0,15,,208597,5,,,0,15,,208598,5,,,0,15,,208599,5,,,0,56,,208600,5,,,0,20,,208601,5,,,0,20,,208602,5,,,0,60,,208603,5,,,0,23,,208604,5,,,0,22,,208605,5,,,0,61,,208606,5,,,0,27,,208607,5,,,0,71,,208608,5,,,0,32,,208609,5,,,0
668200,'201_merged_15727755',1640,,208611,5,,,0
668200,'2_merged_15727752',610,,208653,5,,,0,20,,208612,5,,,0,18,,208613,5,,,0,60,,208614,5,,,0,20,,208615,5,,,0,17,,208690,5,,,0,55,,208691,5,,,0,15,,208692,5,,,0,16,,208618,5,,,0,15,,208686,5,,,0,55,,208616,5,,,0,15,,208617,5,,,0,15,,208687,5,,,0,14,,208688,5,,,0,55,,208689,5,,,0,16,,208619,5,,,0,15,,208685,5,,,0,15,,208620,5,,,0,56,,208621,5,,,0,15,,208683,5,,,0,15,,208684,5,,,0,14,,208622,5,,,0,55,,208682,5,,,0,15,,208623,5,,,0,15,,208681,5,,,0,15,,208624,5,,,0,55,,208625,5,,,0,12,,208678,5,,,0,12,,208679,5,,,0,12,,208680,5,,,0,12,,208626,5,,,0,10,,208627,5,,,0,53,,208676,5,,,0,10,,208677,5,,,0,10,,208628,5,,,0,10,,208675,5,,,0,10,,208629,5,,,0,50,,208630,5,,,0,11,,208674,5,,,0,10,,208631,5,,,0,11,,208671,5,,,0,10,,208672,5,,,0,10,,208673,5,,,0,50,,208634,5,,,0,10,,208668,5,,,0,10,,208632,5,,,0,10,,208633,5,,,0,10,,208669,5,,,0,10,,208670,5,,,0,50,,208635,5,,,0,10,,208667,5,,,0,10,,208636,5,,,0,10,,208637,5,,,0,10,,208666,5,,,0,10,,208638,5,,,0,49,,208664,5,,,0,10,,208665,5,,,0,10,,208639,5,,,0,18,,208663,5,,,0,8,,208640,5,,,0,51,,208662,5,,,0,18,,208643,5,,,0,14,,208644,5,,,0,16,,208658,5,,,0,9,,208641,5,,,0,51,,208642,5,,,0,14,,208659,5,,,0,15,,208660,5,,,0,18,,208661,5,,,0,62,,208645,5,,,0,14,,208646,5,,,0,14,,208657,5,,,0,55,,208647,5,,,0,14,,208654,5,,,0,20,,208655,5,,,0,20,,208656,5,,,0,60,,208648,5,,,0,20,,208652,5,,,0,20,,208649,5,,,0,60,,208650,5,,,0,30,,208651,5,,,0
668200,'3_merged_15727751',602,,208693,5,,,0,20,,208694,5,,,0,20,,208695,5,,,0,60,,208696,5,,,0,20,,208697,5,,,0,20,,208698,5,,,0,58,,208699,5,,,0,15,,208700,5,,,0,15,,208701,5,,,0,15,,208702,5,,,0,55,,208703,5,,,0,15,,208704,5,,,0,15,,208705,5,,,0,16,,208706,5,,,0,55,,208707,5,,,0,15,,208708,5,,,0,15,,208709,5,,,0,15,,208710,5,,,0,55,,208711,5,,,0,15,,208712,5,,,0,15,,208713,5,,,0,15,,208714,5,,,0,55,,208715,5,,,0,13,,208716,5,,,0,17,,208717,5,,,0,13,,208718,5,,,0,57,,208719,5,,,0,15,,208720,5,,,0,15,,208721,5,,,0,15,,208722,5,,,0,55,,208723,5,,,0,15,,208724,5,,,0,14,,208725,5,,,0,14,,208726,5,,,0,56,,208727,5,,,0,15,,208728,5,,,0,16,,208729,5,,,0,14,,208730,5,,,0,56,,208731,5,,,0,19,,208732,5,,,0,11,,208733,5,,,0,16,,208734,5,,,0,54,,208735,5,,,0,15,,208736,5,,,0,15,,208737,5,,,0,17,,208738,5,,,0,54,,208739,5,,,0,15,,208740,5,,,0,14,,208741,5,,,0,15,,208742,5,,,0,55,,208743,5,,,0,15,,208744,5,,,0,17,,208745,5,,,0,15,,208746,5,,,0,54,,208747,5,,,0,14,,208748,5,,,0,16,,208749,5,,,0,20,,208750,5,,,0,65,,208751,5,,,0,25,,208752,5,,,0,70,,208753,5,,,0,30,,208754,5,,,0,70,,208755,5,,,0
668300,'1_merged_15727750',1535,,208996,5,,,0,67,,208997,5,,,0,15,,208999,5,,,0,1,,208998,5,,,0,18,,209000,5,,,0,68,,209001,5,,,0,31,,209002,5,,,0,13,,209003,5,,,0,11,,209004,5,,,0,53,,209005,5,,,0,26,,209006,5,,,0,65,,209007,5,,,0,25,,209008,5,,,0
668500,'101_merged_15727747',1618,,209021,5,,,0,23,,209022,5,,,0
668500,'1_merged_15727750',658,,209028,5,,,0,55,,209029,5,,,0,12,,209030,5,,,0,13,,209031,5,,,0,18,,209032,5,,,0,53,,209033,5,,,0,20,,209034,5,,,0,16,,209035,5,,,0,72,,209036,5,,,0,28,,209037,5,,,0,59,,209038,5,,,0,32,,209039,5,,,0,65,,209040,5,,,0,27,,209041,5,,,0,26,,209042,5,,,0,72,,209043,5,,,0,31,,209044,5,,,0,69,,209045,5,,,0,30,,209046,5,,,0,68,,209047,5,,,0,26,,209048,5,,,0,65,,209049,5,,,0,13,,209050,5,,,0,18,,209051,5,,,0,10,,209052,5,,,0,71,,209053,5,,,0,25,,209054,5,,,0,51,,209055,5,,,0,12,,209056,5,,,0,6,,209057,5,,,0,13,,209058,5,,,0,14,,209059,5,,,0,58,,209060,5,,,0,17,,209061,5,,,0,25,,209062,5,,,0,66,,209063,5,,,0,100,,209064,5,,,0,97,,209065,5,,,0,105,,209066,5,,,0,96,,209067,5,,,0,101,,209068,5,,,0
668500,'201_merged_15727755',1618,,209069,5,,,0,23,,209070,5,,,0
668500,'2_merged_15727752',712,,209072,5,,,0,29,,209073,5,,,0,69,,209074,5,,,0,30,,209075,5,,,0,68,,209076,5,,,0,30,,209077,5,,,0,70,,209078,5,,,0,29,,209079,5,,,0,75,,209080,5,,,0,21,,209081,5,,,0,71,,209082,5,,,0,30,,209083,5,,,0,70,,209084,5,,,0,28,,209103,5,,,0,69,,209086,5,,,0,30,,209101,5,,,0,70,,209087,5,,,0,30,,209088,5,,,0,69,,209089,5,,,0,30,,209100,5,,,0,74,,209097,5,,,0,29,,209098,5,,,0,73,,209090,5,,,0,30,,209091,5,,,0,67,,209092,5,,,0,105,,209099,5,,,0,100,,209093,5,,,0,100,,209094,5,,,0,99,,209095,5,,,0,99,,209096,5,,,0
668500,'3_merged_15727751',805,,209104,5,,,0,102,,209105,5,,,0,100,,209106,5,,,0,29,,209107,5,,,0,73,,209108,5,,,0,27,,209109,5,,,0,71,,209110,5,,,0,31,,209111,5,,,0,68,,209112,5,,,0,30,,209113,5,,,0,71,,209114,5,,,0,29,,209115,5,,,0,70,,209116,5,,,0,32,,209117,5,,,0,69,,209118,5,,,0,30,,209119,5,,,0,68,,209120,5,,,0,33,,209121,5,,,0,69,,209122,5,,,0,36,,209123,5,,,0,63,,209124,5,,,0,103,,209125,5,,,0,101,,209126,5,,,0,97,,209127,5,,,0,106,,209128,5,,,0,96,,209129,5,,,0
668600,'1_merged_15727750',741,,209240,5,,,0,865,,209241,5,,,0,28,,209242,5,,,0,80,,209243,5,,,0,33,,209244,5,,,0,73,,209245,5,,,0
668701,'101_merged_15727747',1559,,209571,5,0,44 3 45,0
668701,'1_merged_15727750',537,,209575,5,,,0,70,,209576,5,,,0,10,,209578,5,0,44 3 45,0,5,,209579,5,,,0,5,,209580,5,0,44 3 45,0,10,,209581,5,,,0,10,,209582,5,0,44 3 45,0,5,,209583,5,,,0,5,,209584,5,0,44 3 45,0,51,,209586,5,0,44 3 45,0,10,,209587,5,0,44 3 45,0,5,,209588,5,,,0,5,,209589,5,0,44 3 45,0,5,,209590,5,,,0,5,,209591,5,0,44 3 45,0,10,,209592,5,,,0,10,,209593,5,0,44 3 45,0,45,,209594,5,,,0,7,,209595,5,0,44 3 45,0,13,,209596,5,,,0,5,,209597,5,0,44 3 45,0,5,,209598,5,0,46 47 48,0,5,,209599,5,0,46 47 48,0,5,,209600,5,0,44 3 45,0,5,,209601,5,0,46 47 48,0,5,,209602,5,,,0,1,,209698,5,0,44 3 45,0,4,,209603,5,0,46 47 48,0,45,,209604,5,0,44 3 45,0,5,,209605,5,0,44 3 45,0,7,,209606,5,0,46 47 48,0,5,,209607,5,0,44 3 45,0,2,,209608,5,0,44 3 45,0,1,,209609,5,,,0,10,,209610,5,0,44 3 45,0,15,,209611,5,0,44 3 45,0,5,,209612,5,,,0,50,,209613,5,0,44 3 45,0,15,,209614,5,0,44 3 45,0,5,,209615,5,,,0,10,,209616,5,0,44 3 45,0,15,,209617,5,0,44 3 45,0,5,,209618,5,,,0,50,,209619,5,0,44 3 45,0,15,,209620,5,0,44 3 45,0,5,,209621,5,,,0,10,,209622,5,0,44 3 45,0,15,,209623,5,0,44 3 45,0,5,,209624,5,,,0,50,,209625,5,0,44 3 45,0,15,,209626,5,0,44 3 45,0,5,,209627,5,,,0,10,,209628,5,0,44 3 45,0,15,,209629,5,0,44 3 45,0,5,,209630,5,,,0,50,,209631,5,0,44 3 45,0,15,,209632,5,0,44 3 45,0,5,,209633,5,,,0,10,,209634,5,0,44 3 45,0,15,,209635,5,0,44 3 45,0,5,,209636,5,,,0,50,,209637,5,0,44 3 45,0,15,,209638,5,0,44 3 45,0,5,,209639,5,,,0,10,,209640,5,0,44 3 45,0,15,,209641,5,0,44 3 45,0,5,,209642,5,,,0,51,,209643,5,0,44 3 45,0,15,,209644,5,0,44 3 45,0,5,,209645,5,,,0,5,,209646,5,0,44 3 45,0,10,,209648,5,0,44 3 45,0,10,,209649,5,0,44 3 45,0,5,,209650,5,,,0,55,,209652,5,0,44 3 45,0,10,,209653,5,0,44 3 45,0,5,,209654,5,,,0,5,,209655,5,0,44 3 45,0,10,,209657,5,0,44 3 45,0,10,,209658,5,0,44 3 45,0,5,,209659,5,,,0,5,,209660,5,0,44 3 45,0,45,,209661,5,0,44 3 45,0,5,,209662,5,,,0,10,,209663,5,0,44 3 45,0,5,,209664,5,,,0,5,,209665,5,0,44 3 45,0,10,,209667,5,0,44 3 45,0,10,,209668,5,0,44 3 45,0,5,,209669,5,,,0,54,,209671,5,0,44 3 45,0,5,,209672,5,0,44 3 45,0,5,,209673,5,0,44 3 45,0,5,,209674,5,,,0,5,,209675,5,0,44 3 45,0,15,,209676,5,0,44 3 45,0,10,,209677,5,,,0,5,,209678,5,0,44 3 45,0,55,,209679,5,0,44 3 45,0,10,,209680,5,,,0,5,,209681,5,0,44 3 45,0,15,,209682,5,0,44 3 45,0,10,,209683,5,,,0,5,,209684,5,0,44 3 45,0,55,,209685,5,0,44 3 45,0,10,,209686,5,,,0,10,,209687,5,0,44 3 45,0,20,,209688,5,,,0,55,,209689,5,,,0,30,,209690,5,,,0,70,,209691,5,,,0,30,,209692,5,,,0,70,,209693,5,,,0,30,,209694,5,0,44 3 45,0,75,,209695,5,,,0,30,,209696,5,0,44 3 45,0,70,,209697,5,0,7 49,0
668701,'201_merged_15727755',1559,,209699,5,0,44 3 45,0
668701,'2_merged_15727752',529,,209701,5,,,0,79,,209703,5,,,0,30,,209704,5,,,0,70,,209705,5,,,0,15,,209706,5,,,0,15,,209707,5,,,0,15,,209708,5,0,44 3 45,0,55,,209709,5,,,0,10,,209710,5,0,44 3 45,0,5,,209711,5,,,0,15,,209712,5,0,44 3 45,0,15,,209713,5,,,0,50,,209714,5,0,44 3 45,0,12,,209715,5,0,44 3 45,0,7,,209716,5,,,0,5,,209717,5,0,44 3 45,0,12,,209718,5,0,44 3 45,0,12,,209719,5,0,44 3 45,0,1,,209720,5,,,0,51,,209721,5,0,44 3 45,0,12,,209722,5,0,44 3 45,0,7,,209723,5,,,0,5,,209724,5,0,44 3 45,0,12,,209725,5,0,44 3 45,0,12,,209726,5,0,44 3 45,0,1,,209727,5,,,0,51,,209728,5,0,44 3 45,0,15,,209729,5,0,44 3 45,0,4,,209730,5,,,0,11,,209731,5,0,44 3 45,0,15,,209732,5,0,44 3 45,0,5,,209733,5,,,0,50,,209734,5,0,44 3 45,0,15,,209735,5,0,44 3 45,0,5,,209736,5,,,0,10,,209737,5,0,44 3 45,0,15,,209738,5,0,44 3 45,0,5,,209739,5,,,0,50,,209740,5,0,44 3 45,0,12,,209741,5,0,44 3 45,0,8,,209742,5,,,0,4,,209743,5,0,44 3 45,0,12,,209744,5,0,44 3 45,0,12,,209745,5,0,44 3 45,0,2,,209746,5,,,0,50,,209747,5,0,44 3 45,0,12,,209748,5,0,44 3 45,0,8,,209749,5,,,0,4,,209750,5,0,44 3 45,0,11,,209751,5,,,0,1,,209752,5,0,44 3 45,0,12,,209753,5,0,44 3 45,0,2,,209754,5,,,0,50,,209755,5,0,44 3 45,0,12,,209756,5,0,44 3 45,0,8,,209757,5,,,0,4,,209758,5,0,44 3 45,0,11,,209759,5,,,0,1,,209760,5,0,44 3 45,0,12,,209761,5,0,44 3 45,0,2,,209762,5,,,0,50,,209763,5,0,44 3 45,0,10,,209764,5,0,44 3 45,0,10,,209765,5,,,0,0,,209766,5,0,44 3 45,0,4,,209767,5,0,44 3 45,0,11,,209768,5,,,0,10,,209769,5,0,44 3 45,0,10,,209770,5,,,0,45,,209771,5,0,44 3 45,0,1,,209772,5,0,44 3 45,0,9,,209773,5,0,44 3 45,0,10,,209774,5,,,0,10,,209775,5,0,44 3 45,0,5,,209776,5,,,0,10,,209777,5,0,44 3 45,0,5,,209778,5,,,0,50,,209779,5,0,44 3 45,0,10,,209780,5,0,44 3 45,0,10,,209781,5,,,0,10,,209782,5,0,44 3 45,0,15,,209783,5,0,44 3 45,0,5,,209784,5,,,0,5,,209785,5,0,46 47 48,0,45,,209786,5,0,44 3 45,0,20,,209787,5,,,0,0,,209788,5,0,44 3 45,0,20,,209789,5,0,44 3 45,0,10,,209790,5,,,0,50,,209791,5,0,44 3 45,0,20,,209792,5,,,0,10,,209793,5,0,44 3 45,0,20,,209794,5,,,0,55,,209795,5,,,0,10,,209796,5,0,44 3 45,0,25,,209797,5,,,0,5,,209798,5,0,44 3 45,0,60,,209799,5,,,0,25,,209800,5,0,44 3 45,0,5,,209801,5,,,0,70,,209802,5,,,0,30,,209803,5,0,44 3 45,0,75,,209804,5,,,0,30,,209805,5,0,44 3 45,0,69,,209806,5,0,7 49,0
668701,'3_merged_15727751',637,,209808,5,,,0,70,,209809,5,,,0,30,,209810,5,,,0,70,,209811,5,,,0,10,,209812,5,,,0,20,,209813,5,,,0,15,,209814,5,0,44 3 45,0,55,,209815,5,,,0,13,,209816,5,0,44 3 45,0,2,,209817,5,,,0,15,,209818,5,,,0,15,,209819,5,,,0,58,,209820,5,0,44 3 45,0,7,,209821,5,0,44 3 45,0,10,,209822,5,,,0,5,,209823,5,0,44 3 45,0,15,,209824,5,0,44 3 45,0,5,,209825,5,,,0,50,,209826,5,0,44 3 45,0,15,,209827,5,0,44 3 45,0,5,,209828,5,,,0,11,,209829,5,0,44 3 45,0,15,,209830,5,0,44 3 45,0,5,,209831,5,,,0,50,,209832,5,0,44 3 45,0,15,,209833,5,0,44 3 45,0,5,,209834,5,,,0,10,,209835,5,0,44 3 45,0,15,,209836,5,0,44 3 45,0,5,,209837,5,,,0,50,,209838,5,0,44 3 45,0,15,,209839,5,0,44 3 45,0,5,,209840,5,,,0,10,,209841,5,0,44 3 45,0,15,,209842,5,0,44 3 45,0,5,,209843,5,,,0,50,,209844,5,0,44 3 45,0,15,,209845,5,0,44 3 45,0,5,,209846,5,,,0,10,,209847,5,0,44 3 45,0,15,,209848,5,0,44 3 45,0,5,,209849,5,,,0,50,,209850,5,0,44 3 45,0,17,,209851,5,0,44 3 45,0,3,,209852,5,,,0,4,,209853,5,0,44 3 45,0,12,,209854,5,0,44 3 45,0,12,,209855,5,0,44 3 45,0,2,,209856,5,,,0,50,,209857,5,0,44 3 45,0,12,,209858,5,0,44 3 45,0,8,,209859,5,,,0,4,,209860,5,0,44 3 45,0,12,,209861,5,0,44 3 45,0,12,,209862,5,0,44 3 45,0,2,,209863,5,,,0,50,,209864,5,0,44 3 45,0,12,,209865,5,0,44 3 45,0,8,,209866,5,,,0,4,,209867,5,0,44 3 45,0,12,,209868,5,0,44 3 45,0,12,,209869,5,0,44 3 45,0,2,,209870,5,,,0,50,,209871,5,0,44 3 45,0,12,,209872,5,0,44 3 45,0,8,,209873,5,,,0,4,,209874,5,0,44 3 45,0,12,,209875,5,0,44 3 45,0,12,,209876,5,0,44 3 45,0,2,,209877,5,,,0,50,,209878,5,0,44 3 45,0,10,,209879,5,0,44 3 45,0,10,,209880,5,,,0,15,,209881,5,0,44 3 45,0,15,,209882,5,,,0,55,,209883,5,,,0,15,,209884,5,0,44 3 45,0,15,,209885,5,,,0,15,,209886,5,0,44 3 45,0,55,,209887,5,,,0,30,,209888,5,,,0,70,,209889,5,,,0,30,,209890,5,,,0,70,,209891,5,,,0,30,,209892,5,0,44 3 45,0,75,,209894,5,0,44 3 45,0,100,,209895,5,0,44 3 45,0
669001,'1_merged_15727750',659,,210175,5,,,0,154,,210177,5,,,0,545,,210183,5,,,0,70,,210184,5,,,0,30,,210185,5,,,0,69,,210186,5,,,0,31,,210187,5,,,0,70,,210188,5,,,0,30,,210189,5,,,0,70,,210190,5,,,0,30,,210191,5,,,0,70,,210192,5,,,0,30,,210193,5,,,0
669100,'1_merged_15727750',740,,210232,5,,,0,67,,210233,5,,,0,820,,210243,5,,,0,30,,210244,5,,,0
683700,'1101_merged_15727765',2630,,225096,11,,,0
683700,'1201_merged_15727743',2630,,225097,11,,,0
683700,'1_merged_15727750',2510,,225098,11,,,0,20,,225099,11,,,0,20,,225100,11,,,0,69,,225101,11,,,0,34,,225102,11,,,0,59,,225103,11,,,0,28,,225104,11,,,0
683700,'2_merged_15727752',2512,,225107,11,,,0,23,,225112,11,,,0,14,,225106,11,,,0,59,,225111,11,,,0,20,,225108,11,,,0,30,,225110,11,,,0,52,,225109,11,,,0,34,,225105,11,,,0
683700,'3_merged_15727751',656,,225117,5,,,0,80,,225118,5,0,50 51,0,73,,225119,5,0,50 51,0,1536,,225120,11,,,0,72,,225121,11,,,0,30,,225122,11,,,0,79,,225123,11,,,0,31,,225124,11,,,0,64,,225125,11,,,0,88,,225126,11,,,0,25,,225127,11,,,0
