674101,'1',621,,219606,11,0,88 49,0,16,,219607,11,0,89 90 12,0,13,,219608,11,0,88 49,0,57,,219609,11,0,89 90,0,19,,219610,11,0,89 90,0,21,,219611,11,0,89 90,0,55,,219612,11,0,89 90,0,8,,219613,11,0,89 90 12,0,16,,219614,11,0,89 90,0,18,,219615,11,0,89 90,0,13,,219616,11,0,89 90,0,55,,219617,11,0,89 90,0,15,,219618,11,0,89 90,0,22,,219619,11,0,89 90,0,65,,219620,11,0,89 90,0,20,,219621,11,0,89 90,0,24,,219661,11,0,89 90,0,56,,219622,11,0,89 90,0,20,,219662,11,0,89 90,0,20,,219623,11,0,89 90,0,60,,219624,11,0,89 90,0,17,,219663,11,0,89 90,0,20,,219625,11,0,89 90,0,62,,219626,11,0,89 90,0,18,,219664,11,0,89 90,0,20,,219627,11,0,89 90,0,57,,219628,11,0,89 90,0,17,,219629,11,0,89 90,0,14,,219630,11,0,89 90,0,15,,219631,11,0,89 90,0,55,,219632,11,0,89 90,0,17,,219633,11,0,89 90,0,16,,219634,11,0,89 90 12,0,15,,219635,11,0,89 90,0,55,,219636,11,0,89 90,0,31,,219638,11,0,88 49,0,12,,219639,11,0,89 90,0,50,,219640,11,0,89 90,0,25,,219642,11,0,88 49,0,71,,219644,11,0,89 90,0,33,,219646,11,0,89 90,0,15,,219647,11,0,89 90,0,53,,219648,11,0,89 90,0,20,,219649,11,0,89 90,0,20,,219650,11,0,89 90,0,60,,219651,11,0,89 90,0,23,,219652,11,0,89 90,0,19,,219653,11,0,89 90,0,60,,219654,11,0,89 90,0,23,,219655,11,0,89 90,0,31,,219656,11,0,89 90,0,68,,219657,11,0,89 90,0,111,,219658,11,0,89 90,0,93,,219659,11,0,89 90,0,180,,219660,11,0,89 90,0
674101,'2',539,,219685,11,0,89 90,0,90,,219684,11,0,89 90,0,90,,219683,11,0,89 90,0,21,,219714,11,0,89 90,0,60,,219682,11,0,89 90,0,21,,219681,11,0,89 90,0,21,,219715,11,0,89 90,0,60,,219680,11,0,89 90,0,20,,219674,11,0,89 90,0,20,,219716,11,0,89 90,0,60,,219679,11,0,89 90,0,20,,219678,11,0,89 90,0,20,,219677,11,0,89 90,0,62,,219666,11,0,89 90,0,18,,219676,11,0,89 90,0,19,,219675,11,0,89 90,0,60,,219665,11,0,89 90,0,20,,219673,11,0,89 90,0,20,,219672,11,0,89 90,0,60,,219708,11,0,89 90,0,21,,219671,11,0,89 90,0,20,,219670,11,0,89 90,0,61,,219707,11,0,89 90,0,20,,219669,11,0,89 90,0,20,,219668,11,0,89 90,0,15,,219713,11,0,89 90,0,55,,219706,11,0,89 90,0,15,,219667,11,0,89 90,0,15,,219702,11,0,89 90,0,15,,219705,11,0,89 90,0,55,,219709,11,0,89 90,0,15,,219701,11,0,89 90,0,15,,219700,11,0,89 90,0,15,,219704,11,0,89 90,0,55,,219710,11,0,89 90,0,15,,219699,11,0,89 90,0,15,,219698,11,0,89 90,0,15,,219703,11,0,89 90,0,55,,219711,11,0,89 90,0,15,,219697,11,0,89 90,0,15,,219696,11,0,89 90,0,14,,219712,11,0,89 90,0,60,,219695,11,0,89 90,0,31,,219694,11,0,89 90,0,70,,219693,11,0,89 90,0,33,,219692,11,0,89 90,0,70,,219691,11,0,89 90,0,32,,219690,11,0,89 90,0,77,,219689,11,0,89 90,0,100,,219688,11,0,89 90,0,110,,219687,11,0,89 90,0,166,,219686,11,0,89 90,0
674101,'3',540,,219737,11,0,89 90,0,88,,219736,11,0,89 90,0,88,,219735,11,0,89 90,0,32,,219734,11,0,89 90,0,69,,219733,11,0,89 90,0,21,,219766,11,0,89 90,0,19,,219732,11,0,89 90,0,60,,219726,11,0,89 90,0,20,,219767,11,0,89 90,0,20,,219731,11,0,89 90,0,60,,219730,11,0,89 90,0,21,,219729,11,0,89 90,0,20,,219718,11,0,89 90,0,60,,219728,11,0,89 90,0,20,,219727,11,0,89 90,0,20,,219717,11,0,89 90,0,60,,219725,11,0,89 90,0,20,,219724,11,0,89 90,0,20,,219760,11,0,89 90,0,60,,219723,11,0,89 90,0,20,,219722,11,0,89 90,0,20,,219759,11,0,89 90,0,60,,219721,11,0,89 90,0,20,,219720,11,0,89 90,0,20,,219758,11,0,89 90,0,58,,219719,11,0,89 90,0,16,,219761,11,0,89 90,0,16,,219754,11,0,89 90,0,55,,219757,11,0,89 90,0,15,,219753,11,0,89 90,0,15,,219762,11,0,89 90,0,15,,219752,11,0,89 90,0,55,,219756,11,0,89 90,0,15,,219751,11,0,89 90,0,15,,219763,11,0,89 90,0,15,,219750,11,0,89 90,0,55,,219755,11,0,89 90,0,15,,219749,11,0,89 90,0,15,,219764,11,0,89 90,0,18,,219748,11,0,89 90,0,60,,219747,11,0,89 90,0,20,,219765,11,0,89 90,0,20,,219746,11,0,89 90,0,70,,219745,11,0,89 90,0,30,,219744,11,0,89 90,0,70,,219743,11,0,89 90,0,30,,219742,11,0,89 90,0,79,,219741,11,0,89 90,0,99,,219740,11,0,89 90,0,110,,219739,11,0,89 90,0,164,,219738,11,0,89 90,0
682201,'1',604,,224322,35,,,0,20,,224333,35,,,0,15,,224312,36,,,0,5,,224338,35,,,0,59,,224323,35,,,0,20,,224339,35,,,0,19,,224342,35,,,0,60,,224343,35,,,0,25,,224324,35,,,0,20,,224340,35,,,0,72,,224325,35,,,0,28,,224317,35,,,0,69,,224326,35,,,0,32,,224318,35,,,0,64,,224327,35,,,0,30,,224319,35,,,0,70,,224328,35,,,0,38,,224320,35,,,0,71,,224329,35,,,0,32,,224321,35,,,0,77,,224330,35,,,0,24,,224337,35,,,0,55,,224314,36,,,0,6,,224344,35,,,0,20,,224331,35,,,0,20,,224341,35,,,0,61,,224345,35,,,0,22,,224334,35,,,0,16,,224313,36,,,0,5,,224315,35,,,0,62,,224346,35,,,0,18,,224335,35,,,0,20,,224316,35,,,0,60,,224347,35,,,0,19,,224336,35,,,0,65,,224332,35,,,0,23,,224348,35,,,0,30,,224349,35,,,0,80,,224350,35,,,0,80,,224351,35,,,0,100,,224352,35,,,0
682201,'2',717,,224366,35,,,0,35,,224367,35,,,0,59,,224381,36,,,0,11,,224363,35,,,0,30,,224354,35,,,0,70,,224353,35,,,0,30,,224365,35,,,0,70,,224368,35,,,0,30,,224355,35,,,0,70,,224369,35,,,0,30,,224356,35,,,0,70,,224370,35,,,0,31,,224357,35,,,0,70,,224371,35,,,0,30,,224358,35,,,0,55,,224382,36,,,0,18,,224372,35,,,0,29,,224359,35,,,0,71,,224373,35,,,0,33,,224360,35,,,0,48,,224383,36,,,0,20,,224374,35,,,0,32,,224361,35,,,0,72,,224375,35,,,0,71,,224362,35,,,0,30,,224376,35,,,0,69,,224364,35,,,0,30,,224377,35,,,0,27,,224378,35,,,0,68,,224379,35,,,0,28,,224380,35,,,0,100,,224384,35,,,0
682201,'3',744,,224397,35,,,0,71,,224412,36,,,0,7,,224386,35,,,0,29,,224387,35,,,0,70,,224385,35,,,0,30,,224388,35,,,0,70,,224399,35,,,0,30,,224389,35,,,0,70,,224400,35,,,0,30,,224390,35,,,0,70,,224401,35,,,0,30,,224391,35,,,0,70,,224402,35,,,0,30,,224392,35,,,0,8,,224413,36,,,0,63,,224403,35,,,0,30,,224393,35,,,0,70,,224404,35,,,0,31,,224394,35,,,0,48,,224414,36,,,0,24,,224405,35,,,0,30,,224395,35,,,0,71,,224406,35,,,0,30,,224396,35,,,0,69,,224407,35,,,0,31,,224398,35,,,0,69,,224408,35,,,0,29,,224409,35,,,0,70,,224410,35,,,0,29,,224411,35,,,0,100,,224415,35,,,0
682500,'1',812,,224538,7,0,91 135,0,96,,224540,7,0,91 135,0,100,,224543,7,0,91 135,0,100,,224545,7,0,91 135,0,100,,224546,7,0,91 135,0,100,,224548,7,0,91 135,0,100,,224550,7,0,91 135,0,100,,224553,7,0,91 135,0,100,,224555,7,0,91 135,0,100,,224558,7,0,91 135,0,100,,224536,7,0,91 135,0,100,,224537,7,0,91 135,0
682500,'2',913,,224565,7,0,91 135,0,100,,224563,7,0,91 135,0,100,,224561,7,0,91 135,0,100,,224559,7,0,91 135,0,100,,224578,7,0,91 135,0,100,,224576,7,0,91 135,0,100,,224574,7,0,91 135,0,100,,224572,7,0,91 135,0,100,,224570,7,0,91 135,0,100,,224568,7,0,91 135,0,100,,224566,7,0,91 135,0
682500,'3',943,,224580,7,0,91 135,0,80,,224581,7,0,91 135,0,80,,224582,7,0,91 135,0,40,,224583,7,0,91 135,0,80,,224584,7,0,91 135,0,81,,224585,7,0,91 135,0,40,,224586,7,0,91 135,0,80,,224587,7,0,91 135,0,79,,224588,7,0,91 135,0,40,,224589,7,0,91 135,0,80,,224590,7,0,91 135,0,80,,224591,7,0,91 135,0,40,,224592,7,0,91 135,0,80,,224593,7,0,91 135,0
1169601,'1',452,,227038,7,0,89 90 12,0,70,,227039,7,0,89 90 12,0,30,,227040,7,0,89 90 12,0,70,,227041,7,0,89 90 12,0,30,,227042,7,0,89 90 12,0,70,,227043,7,0,89 90 12,0,30,,227044,7,0,89 90 12,0,70,,227045,7,0,89 90 12,0,30,,227046,7,0,89 90 12,0,70,,227066,7,0,89 90 12,0,30,,227047,7,0,89 90 12,0,70,,227067,7,0,89 90 12,0,30,,227048,7,0,89 90 12,0,70,,227068,7,0,89 90 12,0,30,,227049,7,0,89 90 12,0,70,,227069,7,0,89 90 12,0,30,,227050,7,0,89 90 12,0,70,,227070,7,0,89 90 12,0,30,,227051,7,0,89 90 12,0,70,,227071,7,0,89 90 12,0,30,,227052,7,0,89 90 12,0,70,,227063,7,0,89 90 12,0,30,,227053,7,0,89 90 12,0,70,,227054,7,0,89 90 12,0,30,,227055,7,0,89 90 12,0,70,,227056,7,0,89 90 12,0,30,,227057,7,0,89 90 12,0,70,,227058,7,0,89 90 12,0,30,,227059,7,0,89 90 12,0,70,,227072,7,0,89 90 12,0,30,,227060,7,0,89 90 12,0,70,,227073,7,0,89 90 12,0,30,,227061,7,0,89 90 12,0,70,,227074,7,0,89 90 12,0,30,,227062,7,0,89 90 12,0,70,,227075,7,0,89 90 12,0,30,,227064,7,0,89 90 12,0,70,,227076,7,0,89 90 12,0,30,,227065,7,0,89 90 12,0
1169601,'2',617,,227077,7,0,89 90 12,0,30,,227078,7,0,89 90 12,0,70,,227105,7,0,89 90 12,0,30,,227079,7,0,89 90 12,0,70,,227080,7,0,89 90 12,0,30,,227106,7,0,89 90 12,0,70,,227081,7,0,89 90 12,0,30,,227082,7,0,89 90 12,0,70,,227083,7,0,89 90 12,0,30,,227084,7,0,89 90 12,0,70,,227085,7,0,89 90 12,0,30,,227086,7,0,89 90 12,0,70,,227087,7,0,89 90 12,0,30,,227088,7,0,89 90 12,0,70,,227089,7,0,89 90 12,0,30,,227090,7,0,89 90 12,0,70,,227091,7,0,89 90 12,0,30,,227092,7,0,89 90 12,0,68,,227093,7,0,89 90 12,0,32,,227094,7,0,89 90 12,0,70,,227095,7,0,89 90 12,0,30,,227096,7,0,89 90 12,0,70,,227097,7,0,89 90 12,0,30,,227098,7,0,89 90 12,0,70,,227099,7,0,89 90 12,0,30,,227100,7,0,89 90 12,0,70,,227101,7,0,89 90 12,0,30,,227102,7,0,89 90 12,0,70,,227107,7,0,89 90 12,0,30,,227103,7,0,89 90 12,0,70,,227108,7,0,89 90 12,0,30,,227104,7,0,89 90 12,0
1169601,'3',647,,227109,7,0,89 90 12,0,70,,227133,7,0,89 90 12,0,30,,227110,7,0,89 90 12,0,70,,227111,7,0,89 90 12,0,30,,227134,7,0,89 90 12,0,70,,227112,7,0,89 90 12,0,30,,227113,7,0,89 90 12,0,70,,227114,7,0,89 90 12,0,30,,227115,7,0,89 90 12,0,70,,227116,7,0,89 90 12,0,30,,227117,7,0,89 90 12,0,70,,227118,7,0,89 90 12,0,30,,227119,7,0,89 90 12,0,70,,227120,7,0,89 90 12,0,30,,227121,7,0,89 90 12,0,70,,227122,7,0,89 90 12,0,28,,227123,7,0,89 90 12,0,73,,227124,7,0,89 90 12,0,29,,227125,7,0,89 90 12,0,71,,227126,7,0,89 90 12,0,29,,227127,7,0,89 90 12,0,70,,227128,7,0,89 90 12,0,30,,227129,7,0,89 90 12,0,70,,227130,7,0,89 90 12,0,30,,227131,7,0,89 90 12,0,70,,227135,7,0,89 90 12,0,30,,227132,7,0,89 90 12,0,70,,227136,7,0,89 90 12,0,30,,227137,7,0,89 90 12,0
