671201,'101_merged_15727747',1625,,214933,5,,,0
671201,'1_merged_15727750',420,,214984,4,,,0,20,,214985,4,,,0,19,,215016,4,,,0,50,,214995,4,,,0,10,,215017,4,,,0,9,,215012,4,,,0,9,,215003,4,,,0,9,,215013,5,,,0,6,,214991,4,,,0,6,,215004,4,,,0,50,,215034,5,,,0,15,,215036,4,,,0,7,,214959,5,,,0,12,,214960,5,,,0,6,,214942,5,,,0,52,,215037,5,,,0,6,,215005,5,,,0,12,,215035,5,,,0,8,,215038,5,,,0,15,,214963,5,,,0,7,,214958,5,,,0,55,,215015,5,,,0,12,,214964,5,,,0,12,,215002,5,,,0,14,,214937,5,,,0,15,,214996,5,,,0,55,,214946,5,,,0,15,,214987,5,,,0,15,,214947,5,,,0,15,,215006,5,,,0,55,,214948,5,,,0,15,,214953,5,,,0,15,,214949,5,,,0,15,,214938,5,,,0,55,,214950,5,,,0,15,,214988,5,,,0,15,,214951,5,,,0,15,,214939,5,,,0,55,,214952,5,,,0,15,,214989,5,,,0,15,,214954,5,,,0,15,,214940,5,,,0,55,,214955,5,,,0,15,,214990,5,,,0,16,,214956,5,,,0,15,,214941,5,,,0,55,,214957,5,,,0,15,,214992,5,,,0,10,,215033,5,,,0,10,,214993,5,,,0,9,,215025,4,,,0,49,,214970,5,,,0,9,,215026,5,,,0,9,,214971,4,,,0,8,,214983,5,,,0,8,,215008,5,,,0,10,,215010,5,,,0,10,,214972,5,,,0,48,,214945,5,,,0,7,,214973,5,,,0,18,,214978,4,,,0,7,,215011,5,,,0,8,,214979,5,,,0,7,,214943,5,,,0,47,,214980,5,,,0,8,,214975,5,,,0,8,,214974,5,,,0,8,,214994,4,,,0,10,,214981,5,,,0,11,,214977,5,,,0,10,,214976,5,,,0,49,,214986,5,,,0,10,,214982,5,,,0,10,,214944,5,,,0,10,,215027,5,,,0,10,,215009,5,,,0,11,,214997,5,,,0,52,,215007,5,,,0,12,,214998,5,,,0,12,,215028,5,,,0,12,,214999,5,,,0,12,,215018,5,,,0,56,,215000,5,,,0,16,,215019,5,,,0,16,,215029,5,,,0,15,,215020,5,,,0,56,,215001,5,,,0,15,,215021,5,,,0,15,,215030,5,,,0,55,,215022,5,,,0,15,,214965,5,,,0,15,,214966,5,,,0,15,,215031,5,,,0,55,,215023,5,,,0,18,,214967,5,,,0,20,,214968,5,,,0,20,,215032,5,,,0,61,,214969,5,,,0
671201,'201_merged_15727755',1625,,215041,4,,,0
671201,'2_merged_15727752',602,,215050,4,,,0,20,,215113,4,,,0,20,,215049,4,,,0,60,,215110,4,,,0,17,,215048,5,,,0,15,,215114,4,,,0,15,,215061,5,,,0,55,,215090,5,,,0,15,,215091,5,,,0,15,,215092,5,,,0,15,,215093,5,,,0,55,,215094,5,,,0,15,,215095,5,,,0,15,,215096,5,,,0,15,,215097,5,,,0,55,,215098,5,,,0,15,,215099,5,,,0,15,,215100,5,,,0,15,,215101,5,,,0,55,,215102,5,,,0,16,,215103,5,,,0,16,,215104,5,,,0,16,,215105,5,,,0,55,,215106,5,,,0,15,,215107,5,,,0,15,,215108,5,,,0,15,,215109,5,,,0,55,,215060,5,,,0,15,,215064,5,,,0,16,,215087,5,,,0,15,,215074,5,,,0,55,,215042,5,,,0,15,,215059,5,,,0,15,,215088,5,,,0,15,,215075,5,,,0,55,,215058,4,,,0,15,,215057,5,,,0,15,,215089,5,,,0,13,,215076,5,,,0,53,,215056,5,,,0,12,,215055,5,,,0,12,,215054,5,,,0,12,,215053,5,,,0,12,,215111,5,,,0,51,,215077,5,,,0,10,,215052,5,,,0,10,,215085,5,,,0,10,,215112,5,,,0,10,,215051,5,,,0,10,,215047,5,,,0,50,,215078,5,,,0,10,,215046,5,,,0,11,,215086,5,,,0,12,,215062,5,,,0,12,,215063,5,,,0,55,,215079,5,,,0,15,,215073,5,,,0,15,,215065,5,,,0,14,,215045,5,,,0,53,,215080,5,,,0,13,,215066,5,,,0,13,,215081,5,,,0,22,,215067,5,,,0,61,,215068,5,,,0,21,,215082,5,,,0,20,,215069,5,,,0,60,,215070,5,,,0,21,,215083,5,,,0,21,,215071,5,,,0,60,,215072,5,,,0,20,,215084,5,,,0,25,,215044,5,,,0,70,,215043,5,,,0
671201,'3_merged_15727751',732,,215119,4,,,0,20,,215118,4,,,0,55,,215120,4,,,0,15,,215121,4,,,0,15,,215122,4,,,0,15,,215123,4,,,0,55,,215124,5,,,0,15,,215125,5,,,0,15,,215126,5,,,0,15,,215127,5,,,0,55,,215128,5,,,0,15,,215129,5,,,0,15,,215130,5,,,0,15,,215131,5,,,0,55,,215132,5,,,0,15,,215133,5,,,0,15,,215134,5,,,0,15,,215135,5,,,0,55,,215136,5,,,0,15,,215137,5,,,0,15,,215138,5,,,0,15,,215139,5,,,0,55,,215140,5,,,0,15,,215141,5,,,0,15,,215142,5,,,0,15,,215143,5,,,0,55,,215144,5,,,0,15,,215145,5,,,0,15,,215146,5,,,0,15,,215147,5,,,0,55,,215148,5,,,0,15,,215149,5,,,0,14,,215150,5,,,0,14,,215151,5,,,0,52,,215152,5,,,0,12,,215181,5,,,0,12,,215153,4,,,0,12,,215154,5,,,0,11,,215155,5,,,0,53,,215115,5,,,0,14,,215156,5,,,0,13,,215157,5,,,0,10,,215158,5,,,0,12,,215159,5,,,0,52,,215160,5,,,0,12,,215161,5,,,0,13,,215162,5,,,0,13,,215163,5,,,0,12,,215164,5,,,0,52,,215165,5,,,0,15,,215117,5,,,0,15,,215166,5,,,0,15,,215167,5,,,0,56,,215168,5,,,0,16,,215169,5,,,0,16,,215170,5,,,0,16,,215171,5,,,0,55,,215172,5,,,0,15,,215173,5,,,0,15,,215174,5,,,0,14,,215175,5,,,0,54,,215176,5,,,0,14,,215177,5,,,0,14,,215178,5,,,0,15,,215179,5,,,0,59,,215116,5,,,0,35,,215180,5,,,0
829000,'101_merged_15727747',755,,225975,5,0,32,0
829000,'1_merged_15727750',542,,225976,5,,,0,70,,225982,4,,,0,30,,225983,5,,,0,67,,225984,5,,,0,21,,226003,5,,,0,22,,225985,5,,,0,70,,226009,5,,,0,17,,226004,5,,,0,18,,225987,5,,,0,60,,225988,5,,,0,20,,226008,5,,,0,20,,225989,5,,,0,69,,225990,5,,,0,30,,225991,5,,,0,70,,225992,5,,,0,30,,225993,5,,,0,70,,225994,5,,,0,30,,225995,5,,,0,70,,225996,5,,,0,30,,225997,5,,,0,70,,225998,4,,,0,30,,225999,5,,,0,67,,225986,4,,,0,20,,226014,5,,,0,60,,226010,5,,,0,22,,226005,5,,,0,21,,226000,5,,,0,61,,226001,5,,,0,22,,226006,5,,,0,22,,226002,5,,,0,62,,225980,5,,,0,22,,226007,5,,,0,22,,225981,5,,,0,63,,226011,5,,,0,30,,226012,5,,,0,69,,226013,5,,,0,30,,225977,5,,,0,70,,225978,5,,,0,35,,225979,5,,,0,147,,226015,5,,,0,101,,226016,5,,,0
829000,'2_merged_15727752',657,,226049,4,,,0,70,,226048,4,,,0,30,,226045,5,,,0,70,,226025,5,,,0,30,,226027,5,,,0,70,,226026,5,,,0,31,,226024,5,,,0,70,,226023,5,,,0,30,,226034,5,,,0,70,,226022,5,,,0,30,,226021,5,,,0,71,,226020,5,,,0,71,,226019,5,,,0,31,,226018,5,,,0,71,,226017,5,,,0,30,,226044,5,,,0,70,,226043,5,,,0,30,,226042,5,,,0,70,,226041,5,,,0,30,,226040,5,,,0,70,,226039,5,,,0,30,,226038,5,,,0,71,,226037,5,,,0,31,,226036,5,,,0,69,,226028,5,,,0,29,,226035,5,,,0,69,,226033,5,,,0,30,,226032,5,,,0,72,,226031,5,,,0,32,,226030,5,,,0,70,,226029,5,,,0,95,,226046,5,,,0,100,,226047,5,,,0
829000,'3_merged_15727751',752,,226071,5,,,0,75,,226068,5,,,0,75,,226067,5,,,0,30,,226066,5,,,0,70,,226065,5,,,0,30,,226064,5,,,0,71,,226063,5,,,0,30,,226062,5,,,0,70,,226061,5,,,0,30,,226070,5,,,0,70,,226069,5,,,0,30,,226056,5,,,0,72,,226055,5,,,0,31,,226054,5,,,0,71,,226053,5,,,0,31,,226052,5,,,0,71,,226051,5,,,0,30,,226050,5,,,0,69,,226078,5,,,0,29,,226060,5,,,0,70,,226059,5,,,0,29,,226058,5,,,0,70,,226057,5,,,0,30,,226072,5,,,0,70,,226077,5,,,0,30,,226076,5,,,0,70,,226075,5,,,0,30,,226074,5,,,0,70,,226073,5,,,0,100,,226079,5,,,0,100,,226080,5,,,0
2903800,'1_merged_15727750',519,,230133,4,,,0,20,,230153,4,,,0,12,,230132,5,,,0,52,,230131,4,,,0,12,,230144,5,,,0,12,,230170,5,,,0,14,,230166,4,,,0,13,,230130,5,,,0,57,,230135,4,,,0,16,,230154,5,,,0,16,,230129,5,,,0,15,,230128,5,,,0,55,,230127,5,,,0,14,,230155,5,,,0,14,,230126,5,,,0,14,,230125,5,,,0,54,,230124,5,,,0,15,,230156,5,,,0,15,,230123,5,,,0,15,,230147,5,,,0,56,,230165,5,,,0,16,,230122,5,,,0,16,,230148,5,,,0,60,,230121,5,,,0,20,,230149,5,,,0,20,,230120,5,,,0,60,,230119,5,,,0,20,,230150,5,,,0,19,,230118,5,,,0,60,,230117,5,,,0,20,,230151,5,,,0,20,,230116,5,,,0,60,,230115,5,,,0,20,,230152,4,,,0,20,,230114,4,,,0,60,,230157,5,,,0,15,,230164,5,,,0,15,,230146,5,,,0,15,,230158,5,,,0,57,,230113,5,,,0,17,,230112,5,,,0,17,,230134,5,,,0,15,,230159,5,,,0,56,,230111,5,,,0,15,,230143,5,,,0,15,,230160,5,,,0,15,,230142,5,,,0,56,,230141,5,,,0,17,,230169,4,,,0,16,,230140,5,,,0,15,,230139,5,,,0,56,,230161,5,,,0,20,,230138,5,,,0,20,,230145,5,,,0,60,,230162,5,,,0,24,,230163,5,,,0,68,,230137,5,,,0,28,,230136,5,,,0,100,,230167,5,,,0,100,,230168,5,,,0
2903800,'2_merged_15727752',642,,230218,4,,,0,12,,230214,5,,,0,55,,230213,5,,,0,15,,230186,5,,,0,18,,230200,5,,,0,60,,230187,5,,,0,20,,230188,5,,,0,20,,230201,5,,,0,60,,230189,5,,,0,20,,230190,5,,,0,20,,230202,5,,,0,60,,230191,5,,,0,20,,230192,5,,,0,20,,230203,5,,,0,60,,230193,5,,,0,20,,230194,5,,,0,21,,230204,5,,,0,60,,230195,5,,,0,20,,230196,5,,,0,20,,230205,5,,,0,60,,230197,5,,,0,20,,230198,5,,,0,20,,230206,5,,,0,60,,230199,5,,,0,20,,230171,5,,,0,21,,230207,5,,,0,61,,230172,5,,,0,20,,230173,5,,,0,19,,230208,5,,,0,60,,230174,5,,,0,20,,230175,5,,,0,21,,230209,5,,,0,61,,230176,5,,,0,20,,230177,5,,,0,20,,230210,5,,,0,60,,230178,5,,,0,20,,230179,5,,,0,20,,230211,5,,,0,60,,230180,5,,,0,20,,230215,5,,,0,20,,230181,5,,,0,60,,230212,5,,,0,20,,230182,5,,,0,19,,230183,5,,,0,59,,230184,5,,,0,19,,230185,5,,,0,100,,230216,5,,,0,100,,230217,5,,,0
2903800,'3_merged_15727751',702,,230248,4,,,0,30,,230219,4,,,0,70,,230220,5,,,0,30,,230221,5,,,0,70,,230222,5,,,0,30,,230223,5,,,0,70,,230224,5,,,0,30,,230225,5,,,0,70,,230226,5,,,0,30,,230227,5,,,0,70,,230228,5,,,0,30,,230229,5,,,0,70,,230230,5,,,0,30,,230231,5,,,0,70,,230232,5,,,0,20,,230249,4,,,0,20,,230233,5,,,0,60,,230234,5,,,0,21,,230250,4,,,0,19,,230235,5,,,0,60,,230236,5,,,0,20,,230251,5,,,0,20,,230237,5,,,0,60,,230238,5,,,0,20,,230252,5,,,0,20,,230239,5,,,0,60,,230240,5,,,0,20,,230253,5,,,0,20,,230241,5,,,0,60,,230242,5,,,0,20,,230254,5,,,0,20,,230243,5,,,0,61,,230244,5,,,0,30,,230245,5,,,0,70,,230246,5,,,0,30,,230247,5,,,0,98,,230255,5,,,0,100,,230256,5,,,0
