668001,'1',620,,208380,10,,,0,99,,208381,22,,,0,29,,208382,22,,,0,70,,208383,22,,,0,40,,208384,22,,,0,72,,208385,22,,,0,16,,208386,22,,,0,72,,208387,22,,,0,28,,208388,22,,,0,71,,208389,22,,,0,27,,208390,22,,,0,74,,208391,22,,,0,30,,208392,22,,,0,74,,208393,22,,,0,30,,208394,22,,,0,68,,208395,22,,,0,29,,208396,22,,,0,70,,208397,22,,,0,17,,208398,22,,,0,13,,208399,22,,,0,52,,208400,22,,,0,20,,208401,22,,,0,19,,208402,22,,,0,11,,208403,22,,,0,56,,208404,22,,,0,13,,208405,22,,,0,18,,208406,22,,,0,14,,208407,22,,,0,57,,208408,22,,,0,13,,208409,22,,,0,15,,208410,22,,,0,14,,208411,22,,,0,53,,208412,22,,,0,14,,208413,22,,,0,33,,208414,22,,,0,101,,208415,22,,,0,99,,208416,22,,,0,102,,208417,22,,,0,100,,208418,22,,,0,98,,208419,22,,,0
668001,'2',648,,208420,22,,,0,71,,208421,22,,,0,30,,208422,22,,,0,71,,208423,22,,,0,20,,208424,22,,,0,80,,208425,22,,,0,30,,208426,22,,,0,55,,208427,22,,,0,15,,208428,22,,,0,15,,208429,22,,,0,15,,208430,22,,,0,55,,208431,22,,,0,16,,208432,22,,,0,15,,208433,22,,,0,15,,208434,22,,,0,55,,208435,22,,,0,15,,208436,22,,,0,15,,208437,22,,,0,16,,208438,22,,,0,55,,208439,22,,,0,15,,208440,22,,,0,15,,208441,22,,,0,15,,208442,22,,,0,54,,208443,22,,,0,15,,208444,22,,,0,15,,208445,22,,,0,15,,208446,22,,,0,54,,208447,22,,,0,16,,208448,22,,,0,15,,208449,22,,,0,16,,208450,22,,,0,54,,208451,22,,,0,15,,208452,22,,,0,14,,208453,22,,,0,16,,208454,22,,,0,54,,208455,22,,,0,15,,208456,22,,,0,14,,208457,22,,,0,15,,208458,22,,,0,55,,208459,22,,,0,15,,208460,22,,,0,14,,208461,22,,,0,15,,208462,22,,,0,71,,208463,22,,,0,31,,208464,22,,,0,100,,208465,22,,,0,100,,208466,22,,,0,100,,208467,22,,,0,100,,208468,22,,,0,100,,208469,22,,,0
668001,'3',823,,208470,22,,,0,28,,208471,22,,,0,71,,208472,22,,,0,30,,208473,22,,,0,55,,208474,22,,,0,13,,208475,22,,,0,17,,208476,22,,,0,16,,208477,22,,,0,55,,208478,22,,,0,14,,208479,22,,,0,16,,208480,22,,,0,17,,208481,22,,,0,53,,208482,22,,,0,14,,208483,22,,,0,16,,208484,22,,,0,15,,208485,22,,,0,55,,208486,22,,,0,13,,208487,22,,,0,16,,208488,22,,,0,16,,208489,22,,,0,54,,208490,22,,,0,14,,208491,22,,,0,16,,208492,22,,,0,16,,208493,22,,,0,55,,208494,22,,,0,11,,208495,22,,,0,17,,208496,22,,,0,14,,208497,22,,,0,56,,208498,22,,,0,16,,208499,22,,,0,16,,208500,22,,,0,15,,208501,22,,,0,55,,208502,22,,,0,13,,208503,22,,,0,17,,208504,22,,,0,15,,208505,22,,,0,55,,208506,22,,,0,14,,208507,22,,,0,15,,208508,22,,,0,16,,208509,22,,,0,70,,208510,22,,,0,32,,208514,22,,,0,98,,208511,22,,,0,99,,208512,22,,,0,99,,208513,22,,,0
669200,'1',604,,210334,23,,,0,30,,210335,23,,,0,70,,210336,23,,,0,20,,210337,23,,,0,20,,210338,23,,,0,60,,210339,23,,,0,20,,210340,23,,,0,20,,210341,23,,,0,60,,210342,23,,,0,20,,210343,23,,,0,20,,210344,23,,,0,60,,210345,23,,,0,20,,210346,23,,,0,20,,210347,23,,,0,60,,210348,23,,,0,21,,210349,23,,,0,21,,210350,23,,,0,60,,210351,23,,,0,20,,210352,23,,,0,20,,210353,23,,,0,60,,210354,23,,,0,20,,210355,23,,,0,20,,210356,23,,,0,60,,210357,23,,,0,22,,210358,23,,,0,20,,210359,23,,,0,60,,210360,23,,,0,20,,210361,23,,,0,20,,210362,23,,,0,60,,210363,23,,,0,20,,210364,23,,,0,20,,210365,23,,,0,60,,210366,23,,,0,20,,210367,23,,,0,20,,210368,23,,,0,59,,210369,23,,,0,19,,210370,23,,,0,25,,210371,23,,,0,70,,210372,23,,,0,30,,210373,23,,,0,69,,210374,23,,,0,20,,210375,23,,,0,70,,210376,23,,,0,40,,210377,23,,,0,70,,210378,10,,,0,37,,210379,10,,,0,69,,210380,10,,,0,77,,210381,10,,,0,32,,210382,10,,,0,86,,210383,10,,,0
669200,'2',559,,210384,23,,,0,60,,210385,23,,,0,30,,210386,23,,,0,70,,210387,23,,,0,30,,210388,23,,,0,70,,210389,23,,,0,31,,210390,23,,,0,70,,210391,23,,,0,30,,210392,23,,,0,70,,210393,23,,,0,30,,210394,23,,,0,70,,210395,23,,,0,21,,210396,23,,,0,61,,210397,23,,,0,20,,210398,23,,,0,20,,210399,23,,,0,60,,210400,23,,,0,20,,210401,23,,,0,20,,210402,23,,,0,60,,210403,23,,,0,20,,210404,23,,,0,20,,210405,23,,,0,60,,210406,23,,,0,20,,210407,23,,,0,20,,210408,23,,,0,60,,210409,23,,,0,20,,210410,23,,,0,20,,210411,23,,,0,60,,210412,23,,,0,19,,210413,23,,,0,20,,210414,23,,,0,60,,210415,23,,,0,20,,210416,23,,,0,30,,210417,23,,,0,69,,210418,23,,,0,30,,210419,23,,,0,70,,210420,23,,,0,30,,210421,23,,,0,58,,210422,10,,,0,40,,210423,10,,,0,80,,210424,10,,,0,80,,210425,10,,,0,40,,210426,10,,,0,80,,210427,10,,,0,80,,210428,10,,,0
669200,'3',650,,210429,23,,,0,70,,210430,23,,,0,30,,210431,23,,,0,71,,210432,23,,,0,30,,210433,23,,,0,70,,210434,23,,,0,31,,210435,23,,,0,70,,210436,23,,,0,30,,210437,23,,,0,70,,210438,23,,,0,20,,210439,23,,,0,60,,210440,23,,,0,20,,210441,23,,,0,20,,210442,23,,,0,60,,210443,23,,,0,20,,210444,23,,,0,20,,210445,23,,,0,60,,210446,23,,,0,20,,210447,23,,,0,20,,210448,23,,,0,60,,210449,23,,,0,20,,210450,23,,,0,20,,210451,23,,,0,60,,210452,23,,,0,20,,210453,23,,,0,20,,210454,23,,,0,60,,210455,23,,,0,20,,210456,23,,,0,20,,210457,23,,,0,60,,210458,23,,,0,20,,210459,23,,,0,29,,210460,23,,,0,70,,210461,23,,,0,30,,210462,23,,,0,70,,210463,23,,,0,30,,210464,23,,,0,59,,210465,10,,,0,40,,210466,10,,,0,80,,210467,10,,,0,80,,210468,10,,,0,40,,210469,10,,,0,80,,210470,10,,,0,80,,210471,10,,,0
683700,'1',2525,,225098,22,,,0,20,,225099,22,,,0,60,,225100,22,,,0,29,,225101,22,,,0,74,,225102,22,,,0,19,,225103,22,,,0,28,,225104,22,,,0
683700,'1101',2645,,225096,22,,,0
683700,'1201',2645,,225097,22,,,0
683700,'2',2529,,225107,22,,,0,23,,225112,22,,,0,54,,225106,22,,,0,19,,225111,22,,,0,20,,225108,22,,,0,70,,225110,22,,,0,12,,225109,22,,,0,74,,225105,22,,,0
683700,'3',713,,225117,16,,,0,40,,225118,16,0,50 51,0,73,,225119,16,0,50 51,0,1575,,225120,22,,,0,32,,225121,22,,,0,70,,225122,22,,,0,38,,225123,22,,,0,71,,225124,22,,,0,24,,225125,22,,,0,88,,225126,22,,,0,25,,225127,22,,,0
3679901,'1',600,,237990,16,,,0,30,,237991,16,,,0,15,,237992,16,,,0,10,,237993,16,,,0,70,,237994,16,,,0,16,,237995,16,,,0,18,,237996,16,,,0,52,,237997,16,,,0,15,,237998,16,,,0,21,,237999,16,,,0,53,,238000,16,,,0,20,,238001,16,,,0,13,,238002,16,,,0,70,,238003,16,,,0,26,,238004,16,,,0,19,,238005,16,,,0,73,,238006,16,,,0,25,,238007,16,,,0,67,,238008,16,,,0,30,,238009,16,,,0,73,,238010,16,,,0,31,,238011,16,,,0,69,,238012,16,,,0,30,,238013,16,,,0,68,,238014,16,,,0,27,,238015,16,,,0,65,,238016,16,,,0,13,,238017,16,,,0,18,,238018,16,,,0,10,,238019,16,,,0,62,,238020,16,,,0,9,,238021,16,,,0,13,,238022,16,,,0,11,,238023,16,,,0,11,,238024,16,,,0,51,,238025,16,,,0,5,,238026,16,,,0,13,,238027,16,,,0,13,,238028,16,,,0,17,,238029,16,,,0,57,,238030,16,,,0,22,,238031,16,,,0,26,,238032,16,,,0,97,,238033,16,,,0,96,,238034,16,,,0,104,,238035,16,,,0,96,,238036,16,,,0,100,,238037,16,,,0
3679901,'2',619,,238052,16,,,0,31,,238069,16,,,0,70,,238038,16,,,0,30,,238039,16,,,0,70,,238040,16,,,0,30,,238041,16,,,0,71,,238042,16,,,0,29,,238043,16,,,0,71,,238044,16,,,0,32,,238045,16,,,0,70,,238046,16,,,0,35,,238047,16,,,0,62,,238048,16,,,0,32,,238049,16,,,0,70,,238050,16,,,0,31,,238051,16,,,0,68,,238070,16,,,0,29,,238053,16,,,0,69,,238068,16,,,0,31,,238054,16,,,0,71,,238055,16,,,0,30,,238056,16,,,0,69,,238067,16,,,0,31,,238064,16,,,0,71,,238065,16,,,0,32,,238057,16,,,0,69,,238058,16,,,0,26,,238059,16,,,0,103,,238066,16,,,0,100,,238060,16,,,0,99,,238061,16,,,0,98,,238062,16,,,0,99,,238063,16,,,0
3679901,'3',847,,238071,16,,,0,102,,238072,16,,,0,100,,238073,16,,,0,71,,238074,16,,,0,33,,238075,16,,,0,67,,238076,16,,,0,32,,238077,16,,,0,71,,238078,16,,,0,29,,238079,16,,,0,70,,238080,16,,,0,31,,238081,16,,,0,69,,238082,16,,,0,30,,238083,16,,,0,72,,238084,16,,,0,28,,238085,16,,,0,69,,238086,16,,,0,28,,238087,16,,,0,72,,238088,16,,,0,29,,238089,16,,,0,75,,238090,16,,,0,22,,238091,16,,,0,103,,238092,16,,,0,99,,238093,16,,,0,97,,238094,16,,,0,106,,238095,16,,,0,96,,238096,16,,,0
3831100,'1',547,,240617,5,,,0,55,,240618,5,,,0,13,,240619,5,,,0,6,,240620,5,,,0,6,,240621,5,,,0,6,,240622,5,,,0,6,,240623,5,,,0,6,,240624,5,,,0,6,,240625,5,,,0,6,,240626,5,,,0,46,,240627,5,,,0,7,,240628,5,,,0,6,,240629,5,,,0,6,,240630,5,,,0,6,,240631,5,,,0,6,,240632,5,,,0,6,,240633,5,,,0,6,,240634,5,,,0,6,,240635,5,,,0,6,,240636,5,,,0,46,,240637,5,,,0,7,,240638,5,,,0,6,,240639,5,,,0,6,,240640,5,,,0,6,,240641,5,,,0,6,,240642,5,,,0,6,,240643,5,,,0,6,,240644,5,,,0,6,,240645,5,,,0,6,,240646,5,,,0,46,,240647,5,,,0,6,,240648,5,,,0,6,,240649,5,,,0,5,,240650,5,0,11 12,0,4,,240651,5,,,0,7,,240652,5,,,0,7,,240653,5,,,0,8,,240654,5,,,0,8,,240655,5,,,0,48,,240656,5,,,0,9,,240657,5,,,0,5,,240658,5,0,11 12,0,5,,240659,5,,,0,10,,240660,5,,,0,10,,240661,5,,,0,10,,240662,5,,,0,50,,240663,5,,,0,10,,240664,5,,,0,10,,240665,5,,,0,10,,240666,5,,,0,10,,240667,5,,,0,10,,240668,5,,,0,50,,240669,5,,,0,11,,240670,5,,,0,10,,240671,5,,,0,10,,240672,5,,,0,10,,240673,5,,,0,10,,240674,5,,,0,50,,240675,5,,,0,10,,240676,5,,,0,10,,240678,5,,,0,10,,240679,5,,,0,10,,240680,5,,,0,10,,240682,5,,,0,50,,240683,5,,,0,11,,240684,5,,,0,8,,240685,5,,,0,9,,240687,5,,,0,8,,240688,5,,,0,7,,240689,5,,,0,8,,240690,5,,,0,49,,240691,5,,,0,9,,240692,5,,,0,7,,240693,5,,,0,8,,240694,5,,,0,7,,240695,5,,,0,8,,240696,5,,,0,7,,240697,5,,,0,8,,240698,5,,,0,47,,240699,5,,,0,8,,240700,5,,,0,7,,240701,5,,,0,8,,240702,5,,,0,7,,240703,5,,,0,8,,240704,5,,,0,7,,240705,5,,,0,8,,240706,5,,,0,47,,240707,5,,,0,8,,240708,5,,,0,7,,240709,5,,,0,9,,240710,5,,,0,6,,240711,5,,,0,8,,240712,5,,,0,7,,240713,5,,,0,9,,240714,5,,,0,46,,240715,5,,,0,7,,240716,5,0,11 12,0,6,,240717,5,,,0,9,,240718,5,,,0,9,,240719,5,,,0,9,,240720,5,,,0,4,,240721,5,0,11 12,0,4,,240722,5,,,0,49,,240723,5,,,0,9,,240724,5,,,0,12,,240725,5,,,0,12,,240726,5,,,0,1,,240727,5,0,11 12,0,12,,240728,5,,,0,6,,240729,5,0,11 12,0,46,,240730,5,,,0,10,,240731,5,,,0,7,,240759,5,0,11 12,0,7,,240732,5,,,0,12,,240733,5,,,0,12,,240734,5,,,0,52,,240735,5,,,0,11,,240736,5,,,0,12,,240737,5,,,0,12,,240738,5,,,0,12,,240739,5,,,0,12,,240740,5,,,0,51,,240741,5,,,0,8,,240742,5,0,11 12,0,7,,240743,5,,,0,15,,240744,5,,,0,15,,240745,5,,,0,54,,240746,5,,,0,5,,240760,5,0,11 12,0,10,,240747,5,,,0,15,,240748,5,,,0,15,,240749,5,,,0,55,,240750,5,,,0,15,,240751,5,,,0,15,,240752,5,,,0,15,,240753,5,,,0,55,,240754,5,,,0,25,,240755,5,,,0,15,,240756,5,0,11 12,0,55,,240757,5,0,11 12,0,15,,240758,5,0,11 12,0
3831100,'1101',2519,,240611,5,0,11 12,0
3831100,'1201',2519,,240612,5,0,11 12,0
3831100,'2',553,,240762,5,,,0,57,,240763,5,,,0,15,,240764,5,,,0,15,,240765,5,,,0,15,,240766,5,,,0,55,,240767,5,,,0,12,,240768,5,,,0,12,,240769,5,,,0,12,,240770,5,,,0,12,,240771,5,,,0,54,,240772,5,,,0,12,,240773,5,,,0,12,,240774,5,,,0,12,,240775,5,,,0,52,,240776,5,,,0,13,,240777,5,,,0,12,,240778,5,,,0,12,,240779,5,,,0,12,,240780,5,,,0,52,,240781,5,,,0,13,,240782,5,,,0,10,,240783,5,,,0,12,,240784,5,,,0,12,,240785,5,,,0,52,,240786,5,,,0,12,,240787,5,,,0,12,,240788,5,,,0,12,,240789,5,,,0,12,,240790,5,,,0,52,,240791,5,,,0,13,,240792,5,,,0,12,,240793,5,,,0,12,,240794,5,,,0,12,,240795,5,,,0,52,,240796,5,,,0,12,,240797,5,,,0,12,,240798,5,,,0,12,,240799,5,,,0,12,,240800,5,,,0,52,,240801,5,,,0,12,,240802,5,,,0,12,,240803,5,,,0,12,,240804,5,,,0,12,,240805,5,,,0,52,,240806,5,,,0,12,,240807,5,,,0,12,,240808,5,,,0,12,,240809,5,,,0,12,,240810,5,,,0,52,,240811,5,,,0,12,,240812,5,,,0,12,,240813,5,,,0,12,,240814,5,,,0,12,,240815,5,,,0,52,,240816,5,,,0,12,,240817,5,,,0,12,,240818,5,,,0,12,,240819,5,,,0,12,,240820,5,,,0,52,,240821,5,,,0,11,,240822,5,,,0,12,,240823,5,,,0,12,,240824,5,,,0,12,,240825,5,,,0,52,,240826,5,,,0,12,,240827,5,,,0,5,,240828,5,0,11 12,0,7,,240829,5,,,0,12,,240830,5,,,0,13,,240831,5,,,0,52,,240832,5,,,0,11,,240833,5,,,0,12,,240834,5,,,0,12,,240835,5,,,0,12,,240836,5,,,0,52,,240837,5,,,0,12,,240838,5,,,0,12,,240839,5,,,0,12,,240840,5,,,0,12,,240841,5,,,0,52,,240842,5,,,0,12,,240843,5,,,0,15,,240844,5,,,0,15,,240845,5,,,0,7,,240846,5,0,11 12,0,8,,240847,5,,,0,54,,240848,5,,,0,15,,240849,5,,,0,15,,240850,5,,,0,15,,240851,5,,,0,54,,240852,5,,,0,15,,240853,5,,,0,15,,240854,5,,,0,15,,240855,5,,,0,55,,240856,5,0,11 12,0,15,,240857,5,0,11 12,0,15,,240858,5,0,11 12,0,15,,240859,5,0,11 12,0,55,,240860,5,0,11 12,0
3831100,'3',555,,240861,5,,,0,55,,240862,5,,,0,15,,240863,5,,,0,15,,240864,5,,,0,15,,240865,5,,,0,55,,240866,5,,,0,15,,240867,5,,,0,15,,240868,5,,,0,15,,240869,5,,,0,55,,240870,5,,,0,12,,240871,5,,,0,12,,240872,5,,,0,12,,240873,5,,,0,12,,240874,5,,,0,53,,240875,5,,,0,12,,240876,5,,,0,12,,240877,5,,,0,12,,240878,5,,,0,12,,240879,5,,,0,52,,240880,5,,,0,12,,240881,5,,,0,12,,240882,5,,,0,12,,240883,5,,,0,12,,240884,5,,,0,52,,240885,5,,,0,12,,240886,5,,,0,12,,240887,5,,,0,12,,240888,5,,,0,12,,240889,5,,,0,53,,240890,5,,,0,12,,240891,5,,,0,12,,240892,5,,,0,12,,240893,5,,,0,52,,240894,5,,,0,12,,240895,5,,,0,12,,240896,5,,,0,12,,240897,5,,,0,12,,240898,5,,,0,52,,240899,5,,,0,12,,240900,5,,,0,12,,240901,5,,,0,12,,240902,5,,,0,12,,240903,5,,,0,52,,240904,5,,,0,13,,240905,5,,,0,12,,240906,5,,,0,12,,240907,5,,,0,12,,240908,5,,,0,52,,240909,5,,,0,12,,240910,5,,,0,12,,240911,5,,,0,12,,240912,5,,,0,12,,240913,5,,,0,52,,240914,5,,,0,11,,240915,5,,,0,12,,240916,5,,,0,9,,240917,5,0,11 12,0,3,,240918,5,,,0,12,,240919,5,,,0,52,,240920,5,,,0,12,,240921,5,,,0,12,,240922,5,,,0,12,,240923,5,,,0,13,,240924,5,,,0,51,,240925,5,,,0,11,,240926,5,,,0,12,,240927,5,,,0,12,,240928,5,,,0,12,,240929,5,,,0,12,,240930,5,,,0,52,,240931,5,,,0,12,,240932,5,,,0,12,,240933,5,,,0,6,,240934,5,0,11 12,0,7,,240935,5,,,0,52,,240936,5,,,0,11,,240937,5,,,0,11,,240938,5,,,0,12,,240939,5,,,0,12,,240940,5,,,0,12,,240941,5,,,0,52,,240942,5,,,0,15,,240943,5,,,0,15,,240944,5,,,0,6,,240945,5,0,11 12,0,9,,240946,5,,,0,55,,240947,5,,,0,15,,240948,5,,,0,15,,240949,5,,,0,15,,240950,5,,,0,48,,240951,5,0,11 12,0,6,,240952,5,0,11 12,0,15,,240953,5,0,11 12,0,15,,240954,5,0,11 12,0,15,,240955,5,0,11 12,0,55,,240956,5,0,11 12,0,15,,240957,5,0,11 12,0,15,,240958,5,0,11 12,0,15,,240959,5,0,11 12,0
