671500,'1',428,,215575,9,,,0,19,,215576,9,,,0,59,,215577,9,,,0,20,,215578,9,,,0,19,,215579,9,,,0,58,,215580,9,,,0,10,,215581,9,,,0,12,,215582,9,,,0,10,,215583,9,,,0,10,,215584,9,,,0,12,,215585,9,,,0,50,,215586,9,,,0,10,,215587,9,,,0,10,,215588,9,,,0,10,,215589,9,,,0,10,,215590,9,,,0,11,,215591,9,,,0,50,,215592,9,,,0,13,,215593,9,,,0,15,,215594,9,,,0,15,,215595,9,,,0,55,,215596,9,,,0,16,,215597,9,,,0,15,,215598,9,,,0,15,,215599,9,,,0,55,,215600,9,,,0,15,,215601,9,,,0,15,,215602,9,,,0,15,,215603,9,,,0,55,,215604,9,,,0,15,,215605,9,,,0,16,,215606,9,,,0,15,,215607,9,,,0,55,,215608,9,,,0,15,,215609,9,,,0,14,,215610,9,,,0,16,,215611,9,,,0,55,,215612,9,,,0,15,,215613,9,,,0,15,,215614,9,,,0,15,,215615,9,,,0,55,,215616,9,,,0,15,,215617,9,,,0,16,,215618,9,,,0,14,,215619,9,,,0,52,,215620,9,,,0,12,,215621,9,,,0,13,,215622,9,,,0,12,,215623,9,,,0,10,,215624,9,,,0,53,,215625,9,,,0,12,,215626,9,,,0,13,,215627,9,,,0,12,,215628,9,,,0,12,,215629,9,,,0,54,,215630,9,,,0,12,,215631,9,,,0,12,,215632,9,,,0,12,,215633,9,,,0,12,,215634,9,,,0,52,,215635,9,,,0,12,,215636,9,,,0,13,,215637,9,,,0,15,,215638,9,,,0,56,,215639,9,,,0,15,,215640,9,,,0,15,,215641,9,,,0,15,,215642,9,,,0,55,,215643,9,,,0,19,,215644,9,,,0,31,,215645,9,,,0,70,,215646,9,,,0,30,,215647,9,,,0,69,,215648,9,,,0,30,,215649,9,,,0,66,,215650,9,,,0,30,,215651,9,,,0,70,,215652,9,,,0,30,,215653,9,,,0,70,,215654,9,,,0
671500,'2',429,,215656,9,,,0,100,,215712,9,,,0,81,,215676,9,,,0,21,,215711,9,,,0,20,,215675,9,,,0,60,,215710,9,,,0,21,,215709,9,,,0,20,,215691,9,,,0,59,,215708,9,,,0,15,,215720,9,,,0,15,,215707,9,,,0,15,,215719,9,,,0,55,,215706,9,,,0,15,,215718,9,,,0,15,,215705,9,,,0,14,,215717,9,,,0,55,,215721,9,,,0,15,,215704,9,,,0,15,,215716,9,,,0,15,,215703,9,,,0,55,,215715,9,,,0,15,,215702,9,,,0,15,,215714,9,,,0,15,,215701,9,,,0,55,,215713,9,,,0,15,,215700,9,,,0,15,,215674,9,,,0,15,,215699,9,,,0,55,,215673,9,,,0,15,,215698,9,,,0,15,,215672,9,,,0,15,,215697,9,,,0,55,,215688,9,,,0,16,,215696,9,,,0,15,,215671,9,,,0,15,,215695,9,,,0,55,,215670,9,,,0,15,,215694,9,,,0,15,,215669,9,,,0,15,,215693,9,,,0,55,,215668,9,,,0,16,,215692,9,,,0,15,,215667,9,,,0,15,,215690,9,,,0,56,,215666,9,,,0,15,,215689,9,,,0,15,,215665,9,,,0,15,,215687,9,,,0,55,,215664,9,,,0,15,,215686,9,,,0,15,,215663,9,,,0,15,,215685,9,,,0,54,,215662,9,,,0,15,,215684,9,,,0,15,,215661,9,,,0,15,,215655,9,,,0,55,,215660,9,,,0,15,,215683,9,,,0,15,,215680,9,,,0,14,,215682,9,,,0,56,,215681,9,,,0,21,,215679,9,,,0,20,,215678,9,,,0,68,,215659,9,,,0,30,,215677,9,,,0,71,,215658,9,,,0,84,,215657,9,,,0,30,,215723,9,,,0,70,,215722,9,,,0
671500,'3',429,,215725,9,,,0,100,,215781,9,,,0,81,,215745,9,,,0,19,,215780,9,,,0,20,,215744,9,,,0,60,,215779,9,,,0,20,,215778,9,,,0,20,,215760,9,,,0,60,,215777,9,,,0,15,,215789,9,,,0,15,,215776,9,,,0,15,,215788,9,,,0,55,,215775,9,,,0,15,,215787,9,,,0,15,,215774,9,,,0,15,,215786,9,,,0,55,,215790,9,,,0,15,,215773,9,,,0,15,,215785,9,,,0,15,,215772,9,,,0,55,,215784,9,,,0,15,,215771,9,,,0,15,,215783,9,,,0,15,,215770,9,,,0,55,,215782,9,,,0,15,,215769,9,,,0,15,,215743,9,,,0,15,,215768,9,,,0,55,,215742,9,,,0,15,,215767,9,,,0,15,,215741,9,,,0,15,,215766,9,,,0,55,,215757,9,,,0,15,,215765,9,,,0,15,,215740,9,,,0,15,,215764,9,,,0,55,,215739,9,,,0,15,,215763,9,,,0,15,,215738,9,,,0,15,,215762,9,,,0,55,,215737,9,,,0,15,,215761,9,,,0,15,,215736,9,,,0,15,,215759,9,,,0,55,,215735,9,,,0,15,,215758,9,,,0,15,,215734,9,,,0,15,,215756,9,,,0,55,,215733,9,,,0,15,,215755,9,,,0,15,,215732,9,,,0,15,,215754,9,,,0,55,,215731,9,,,0,15,,215753,9,,,0,15,,215730,9,,,0,15,,215724,9,,,0,55,,215729,9,,,0,15,,215752,9,,,0,15,,215749,9,,,0,15,,215751,9,,,0,59,,215750,9,,,0,19,,215748,9,,,0,20,,215747,9,,,0,70,,215728,9,,,0,31,,215746,9,,,0,70,,215727,9,,,0,83,,215726,9,,,0,30,,215792,9,,,0,71,,215791,9,,,0
671701,'1',1754,,216051,38,0,76 77 89,0,53,,216052,38,0,76 77 89,0,8,,216053,38,0,76 77 89,0,19,,216054,38,0,76 77 89,0,17,,216055,38,0,76 77 89,0,61,,216056,38,0,76 77 89,0
671701,'101',1723,,216049,38,0,76 77 89,0,19,,216050,38,0,76 77 89,0
671701,'201',1723,,216057,38,0,76 77 89,0,19,,216058,38,0,76 77 89,0
3181700,'1',523,,234338,41,,,0,30,,234311,41,,,0,70,,234312,41,,,0,31,,234313,41,,,0,62,,234314,41,,,0,33,,234315,41,,,0,70,,234316,41,,,0,31,,234317,41,,,0,70,,234318,41,,,0,30,,234319,41,,,0,70,,234320,41,,,0,30,,234321,41,,,0,70,,234322,41,,,0,32,,234323,41,,,0,70,,234324,41,,,0,30,,234325,41,,,0,70,,234326,41,,,0,29,,234327,41,,,0,70,,234328,41,,,0,32,,234329,41,,,0,71,,234330,41,,,0,31,,234331,41,,,0,68,,234332,41,,,0,30,,234333,41,,,0,68,,234334,41,,,0,27,,234335,41,,,0,70,,234336,41,,,0,30,,234337,41,,,0,71,,234339,41,,,0
3181700,'2',748,,234342,41,,,0,98,,234343,41,,,0,100,,234344,41,,,0,100,,234345,41,,,0,99,,234346,41,,,0,102,,234347,41,,,0,102,,234348,41,,,0,97,,234349,41,,,0,102,,234350,41,,,0,103,,234351,41,,,0,100,,234352,41,,,0,100,,234340,41,,,0,100,,234341,41,,,0,100,,234353,41,,,0
3181700,'3',846,,234354,41,,,0,102,,234355,41,,,0,100,,234356,41,,,0,101,,234357,41,,,0,100,,234358,41,,,0,99,,234359,41,,,0,103,,234360,41,,,0,98,,234361,41,,,0,101,,234362,41,,,0,100,,234363,41,,,0,100,,234364,41,,,0
3181800,'1',953,,234448,13,,,0,70,,234425,13,,,0,30,,234426,13,,,0,70,,234427,13,,,0,30,,234428,13,,,0,70,,234429,13,,,0,29,,234430,13,,,0,71,,234431,13,,,0,29,,234432,13,,,0,71,,234433,13,,,0,31,,234434,13,,,0,70,,234435,13,,,0,31,,234436,13,,,0,70,,234437,13,,,0,28,,234438,13,,,0,69,,234447,13,,,0,30,,234439,13,,,0,69,,234440,13,,,0,30,,234441,13,,,0,70,,234442,13,,,0,28,,234443,13,,,0,70,,234444,13,,,0,30,,234445,13,,,0,71,,234446,13,,,0
3181800,'1101',2150,,234418,13,,,0
3181800,'1201',2150,,234419,13,,,0,80,,234420,13,,,0,79,,234422,13,,,0,39,,234421,13,,,0,70,,234423,13,,,0,30,,234424,13,,,0
3181800,'2',820,,234465,13,,,0,30,,234449,13,,,0,70,,234466,13,,,0,30,,234450,13,,,0,70,,234467,13,,,0,31,,234451,13,,,0,70,,234468,13,,,0,30,,234452,13,,,0,70,,234469,13,,,0,30,,234453,13,,,0,70,,234470,13,,,0,30,,234454,13,,,0,70,,234471,13,,,0,32,,234455,13,,,0,68,,234472,13,,,0,32,,234456,13,,,0,67,,234473,13,,,0,32,,234457,13,,,0,70,,234474,13,,,0,30,,234458,13,,,0,70,,234475,13,,,0,30,,234459,13,,,0,69,,234476,13,,,0,30,,234460,13,,,0,70,,234477,13,,,0,30,,234461,13,,,0,70,,234478,13,,,0,30,,234462,13,,,0,70,,234479,13,,,0,30,,234463,13,,,0,69,,234480,13,,,0,30,,234464,13,,,0,70,,234481,13,,,0,30,,234482,13,,,0
3181800,'3',850,,234504,13,,,0,70,,234490,13,,,0,30,,234505,13,,,0,70,,234491,13,,,0,30,,234506,13,,,0,70,,234492,13,,,0,31,,234507,13,,,0,70,,234493,13,,,0,30,,234508,13,,,0,70,,234494,13,,,0,30,,234509,13,,,0,70,,234495,13,,,0,30,,234483,13,,,0,70,,234496,13,,,0,30,,234484,13,,,0,70,,234497,13,,,0,29,,234485,13,,,0,70,,234498,13,,,0,30,,234486,13,,,0,70,,234499,13,,,0,29,,234487,13,,,0,70,,234500,13,,,0,30,,234488,13,,,0,70,,234501,13,,,0,30,,234503,13,,,0,70,,234502,13,,,0,30,,234489,13,,,0
3181901,'1',639,,234718,32,,,0,70,,234719,32,,,0,30,,234720,32,,,0,70,,234721,32,,,0,32,,234722,32,,,0,70,,234723,32,,,0,30,,234724,32,,,0,70,,234725,32,,,0,30,,234726,32,,,0,70,,234727,32,,,0,30,,234728,32,,,0,71,,234729,32,,,0,30,,234730,32,,,0,70,,234731,32,,,0,30,,234732,32,,,0,72,,234733,32,,,0,30,,234734,32,,,0,69,,234735,32,,,0,30,,234736,32,,,0,70,,234702,32,,,0,30,,234703,32,,,0,72,,234704,32,,,0,26,,234705,32,,,0,70,,234706,32,,,0,30,,234707,32,,,0,68,,234708,32,,,0,30,,234709,32,,,0,70,,234710,32,,,0,11,,234711,32,,,0,28,,234716,32,,,0,74,,234712,32,,,0,24,,234715,32,,,0,70,,234713,32,,,0,29,,234717,32,,,0,70,,234714,32,,,0,30,,234737,32,,,0
3181901,'2',802,,234769,32,,,0,30,,234753,32,,,0,70,,234739,32,,,0,33,,234754,32,,,0,70,,234740,32,,,0,30,,234755,32,,,0,70,,234741,32,,,0,30,,234756,32,,,0,70,,234742,32,,,0,32,,234757,32,,,0,71,,234743,32,,,0,30,,234758,32,,,0,70,,234744,32,,,0,30,,234759,32,,,0,70,,234745,32,,,0,30,,234760,32,,,0,70,,234746,32,,,0,30,,234761,32,,,0,70,,234747,32,,,0,30,,234762,32,,,0,67,,234748,32,,,0,29,,234763,32,,,0,69,,234738,32,,,0,25,,234764,32,,,0,22,,234749,32,,,0,70,,234765,32,,,0,31,,234750,32,,,0,70,,234766,32,,,0,30,,234751,32,,,0,70,,234767,32,,,0,30,,234752,32,,,0,70,,234768,32,,,0,30,,234770,32,,,0
3181901,'3',803,,234794,32,,,0,30,,234775,32,,,0,70,,234795,32,,,0,31,,234776,32,,,0,70,,234796,32,,,0,31,,234777,32,,,0,70,,234797,32,,,0,31,,234778,32,,,0,70,,234793,32,,,0,30,,234779,32,,,0,71,,234798,32,,,0,30,,234780,32,,,0,70,,234799,32,,,0,30,,234781,32,,,0,70,,234800,32,,,0,30,,234782,32,,,0,70,,234792,32,,,0,30,,234783,32,,,0,70,,234771,32,,,0,29,,234784,32,,,0,70,,234772,32,,,0,28,,234785,32,,,0,70,,234773,32,,,0,30,,234786,32,,,0,70,,234774,32,,,0,30,,234787,32,,,0,70,,234791,32,,,0,29,,234789,32,,,0,70,,234788,32,,,0,30,,234790,32,,,0,70,,234801,32,,,0,100,,234802,32,,,0
4085500,'1',427,,241977,28,,,0,74,,241978,28,,,0,23,,241979,34,,,0,30,,241980,34,,,0,70,,241981,34,,,0,20,,241982,34,,,0,60,,241983,34,,,0,20,,241984,34,,,0,22,,241985,34,,,0,60,,241986,34,,,0,21,,241987,34,,,0,20,,241988,34,,,0,60,,242025,34,,,0,17,,241989,34,,,0,24,,241990,34,,,0,71,,241991,34,,,0,30,,241992,34,,,0,71,,241993,34,,,0,30,,241994,34,,,0,70,,241995,34,,,0,30,,241996,34,,,0,70,,241997,34,,,0,30,,241998,34,,,0,71,,241999,34,,,0,30,,242000,34,,,0,70,,242001,34,,,0,28,,242002,34,,,0,62,,242003,34,,,0,20,,242004,34,,,0,20,,242005,34,,,0,59,,242006,34,,,0,19,,242007,34,,,0,20,,242008,34,,,0,59,,242009,34,,,0,20,,242010,34,,,0,20,,242011,34,,,0,60,,242012,34,,,0,20,,242026,34,,,0,20,,242013,34,,,0,67,,242014,34,,,0,30,,242015,34,,,0,70,,242016,34,,,0,30,,242017,34,,,0,70,,242018,34,,,0,29,,242019,34,,,0,70,,242020,34,,,0,30,,242021,34,,,0,70,,242027,34,,,0,30,,242022,34,,,0,70,,242028,34,,,0,30,,242023,34,,,0,100,,242024,34,,,0
4085500,'2',427,,242029,28,,,0,97,,242030,34,,,0,97,,242031,34,,,0,30,,242032,34,,,0,70,,242033,34,,,0,32,,242034,34,,,0,70,,242035,34,,,0,31,,242036,34,,,0,69,,242037,34,,,0,29,,242038,34,,,0,71,,242039,34,,,0,30,,242040,34,,,0,71,,242041,34,,,0,30,,242042,34,,,0,70,,242043,34,,,0,30,,242044,34,,,0,70,,242045,34,,,0,30,,242046,34,,,0,71,,242047,34,,,0,30,,242048,34,,,0,70,,242049,34,,,0,29,,242050,34,,,0,70,,242051,34,,,0,30,,242052,34,,,0,70,,242053,34,,,0,29,,242054,34,,,0,69,,242055,34,,,0,30,,242056,34,,,0,71,,242057,34,,,0,30,,242058,34,,,0,70,,242059,34,,,0,30,,242060,34,,,0,72,,242061,34,,,0,30,,242062,34,,,0,70,,242063,34,,,0,30,,242064,34,,,0,69,,242065,34,,,0,30,,242069,34,,,0,70,,242066,34,,,0,30,,242070,34,,,0,73,,242067,34,,,0,100,,242068,34,,,0
4085500,'3',426,,242071,28,,,0,98,,242072,34,,,0,100,,242073,34,,,0,28,,242074,34,,,0,70,,242075,34,,,0,30,,242076,34,,,0,72,,242077,34,,,0,30,,242078,34,,,0,71,,242079,34,,,0,30,,242080,34,,,0,70,,242081,34,,,0,30,,242082,34,,,0,71,,242083,34,,,0,30,,242084,34,,,0,70,,242085,34,,,0,30,,242086,34,,,0,70,,242087,34,,,0,30,,242088,34,,,0,70,,242089,34,,,0,30,,242090,34,,,0,70,,242091,34,,,0,30,,242092,34,,,0,70,,242093,34,,,0,30,,242094,34,,,0,70,,242095,34,,,0,30,,242096,34,,,0,69,,242097,34,,,0,30,,242098,34,,,0,71,,242099,34,,,0,28,,242100,34,,,0,72,,242101,34,,,0,30,,242102,34,,,0,70,,242103,34,,,0,30,,242104,34,,,0,70,,242105,34,,,0,30,,242106,34,,,0,73,,242107,34,,,0,30,,242111,34,,,0,70,,242108,34,,,0,30,,242112,34,,,0,70,,242109,34,,,0,100,,242110,34,,,0
