662200,'1',602,,191732,48,0,24 14 8,0,13,,191733,21,0,24 14 8,0,15,,191734,48,0,24 14 8,0,12,,191735,21,0,24 14 8,0,12,,191736,48,0,24 14 8,0,52,,191737,48,0,24 14 8,0,12,,191738,48,0,24 14 8,0,11,,191739,48,0,24 14 8,0,10,,191740,48,0,24 14 8,0,8,,191741,48,0,24 14 8,0,8,,191742,48,0,24 14 8,0,48,,191743,48,0,24 14 8,0,7,,191744,48,0,24 14 8,0,7,,191745,48,0,24 14 8,0,6,,191746,48,0,24 14 8,0,7,,191811,48,0,24 14 8,0,6,,191747,48,0,24 14 8,0,8,,191748,48,0,24 14 8,0,6,,191749,48,0,24 14 8,0,7,,191750,48,0,24 14 8,0,47,,191751,48,0,24 14 8,0,7,,191752,48,0,24 14 8,0,8,,191753,48,0,24 14 8,0,7,,191754,48,0,24 14 8,0,8,,191755,48,0,24 14 8,0,9,,191756,48,0,24 14 8,0,10,,191757,48,0,24 14 8,0,51,,191758,48,0,24 14 8,0,12,,191759,48,0,24 14 8,0,12,,191815,48,0,24 14 8,0,12,,191760,48,0,24 14 8,0,10,,191761,48,0,24 14 8,0,51,,191762,48,0,24 14 8,0,11,,191763,48,0,24 14 8,0,11,,191816,48,0,24 14 8,0,12,,191764,48,0,24 14 8,0,12,,191765,48,0,24 14 8,0,12,,191766,48,0,24 14 8,0,52,,191767,48,0,24 14 8,0,12,,191817,48,0,24 14 8,0,12,,191768,48,0,24 14 8,0,12,,191769,48,0,24 14 8,0,12,,191770,48,0,24 14 8,0,52,,191771,48,0,24 14 8,0,12,,191818,48,0,24 14 8,0,12,,191772,48,0,24 14 8,0,12,,191773,48,0,24 14 8,0,12,,191774,48,0,24 14 8,0,51,,191819,48,0,24 14 8,0,12,,191775,48,0,24 14 8,0,12,,191776,48,0,24 14 8,0,13,,191777,48,0,24 14 8,0,53,,191778,48,0,24 14 8,0,13,,191807,48,0,24 14 8,0,9,,191808,48,0,24 14 8,0,8,,191812,48,0,24 14 8,0,8,,191809,48,0,24 14 8,0,8,,191810,48,0,24 14 8,0,8,,191779,48,0,24 14 8,0,48,,191813,48,0,24 14 8,0,8,,191814,48,0,24 14 8,0,8,,191780,48,0,24 14 8,0,8,,191781,48,0,24 14 8,0,8,,191782,48,0,24 14 8,0,8,,191783,48,0,24 14 8,0,8,,191784,48,0,24 14 8,0,8,,191785,48,0,24 14 8,0,48,,191786,48,0,24 14 8,0,8,,191787,48,0,24 14 8,0,10,,191788,48,0,24 14 8,0,9,,191789,48,0,24 14 8,0,10,,191790,48,0,24 14 8,0,9,,191791,48,0,24 14 8,0,50,,191792,48,0,24 14 8,0,10,,191793,48,0,24 14 8,0,10,,191794,48,0,24 14 8,0,10,,191795,48,0,24 14 8,0,9,,191796,48,0,24 14 8,0,10,,191797,48,0,24 14 8,0,52,,191798,48,0,24 14 8,0,12,,191799,48,0,24 14 8,0,12,,191800,48,0,24 14 8,0,12,,191820,48,0,24 14 8,0,14,,191801,48,0,24 14 8,0,53,,191802,48,0,24 14 8,0,15,,191803,48,0,24 14 8,0,15,,191804,48,0,24 14 8,0,15,,191805,48,0,24 14 8,0,55,,191806,48,0,24 14 8,0
662200,'152201',2121,,191707,48,0,24 14 8,0,18,,191708,48,0,24 14 8,0,62,,191709,48,0,24 14 8,0,17,,191710,48,0,24 14 8,0,21,,191711,48,0,24 14 8,0,64,,191712,48,0,24 14 8,0,19,,191713,48,0,24 14 8,0,16,,191714,48,0,24 14 8,0,21,,191715,48,0,24 14 8,0,71,,191716,48,0,24 14 8,0,29,,191717,48,,,0,73,,191718,48,,,0
662200,'152301',2121,,191719,46,0,24 14 8,0,18,,191720,46,0,24 14 8,0,62,,191721,46,0,24 14 8,0,17,,191722,46,0,24 14 8,0,21,,191723,46,0,24 14 8,0,64,,191724,46,0,24 14 8,0,19,,191725,46,0,24 14 8,0,16,,191726,46,0,24 14 8,0,21,,191727,46,0,24 14 8,0,71,,191728,46,0,24 14 8,0,29,,191729,46,,,0,73,,191730,46,,,0
662200,'2',622,,191899,21,0,24 14 8,0,24,,191822,48,0,24 14 8,0,60,,191896,48,0,24 14 8,0,20,,191831,48,0,24 14 8,0,19,,191898,48,0,24 14 8,0,55,,191833,48,0,24 14 8,0,13,,191825,48,0,24 14 8,0,15,,191893,48,0,24 14 8,0,14,,191895,48,0,24 14 8,0,15,,191894,48,0,24 14 8,0,55,,191824,48,0,24 14 8,0,15,,191891,48,0,24 14 8,0,15,,191892,48,0,24 14 8,0,12,,191844,48,0,24 14 8,0,52,,191845,48,0,24 14 8,0,12,,191905,48,0,24 14 8,0,12,,191846,48,0,24 14 8,0,10,,191847,48,0,24 14 8,0,12,,191848,48,0,24 14 8,0,52,,191849,48,0,24 14 8,0,12,,191906,48,0,24 14 8,0,12,,191850,48,0,24 14 8,0,8,,191851,48,0,24 14 8,0,12,,191852,48,0,24 14 8,0,52,,191853,48,0,24 14 8,0,12,,191854,48,0,24 14 8,0,12,,191855,48,0,24 14 8,0,14,,191856,48,0,24 14 8,0,12,,191857,48,0,24 14 8,0,50,,191858,48,0,24 14 8,0,10,,191859,48,0,24 14 8,0,10,,191860,48,0,24 14 8,0,10,,191861,48,0,24 14 8,0,9,,191900,48,0,24 14 8,0,10,,191862,48,0,24 14 8,0,10,,191863,48,0,24 14 8,0,50,,191864,48,0,24 14 8,0,10,,191865,48,0,24 14 8,0,10,,191866,48,0,24 14 8,0,10,,191901,48,0,24 14 8,0,10,,191867,48,0,24 14 8,0,10,,191868,48,0,24 14 8,0,50,,191837,48,0,24 14 8,0,10,,191869,48,0,24 14 8,0,10,,191870,48,0,24 14 8,0,10,,191902,48,0,24 14 8,0,10,,191871,48,0,24 14 8,0,10,,191872,48,0,24 14 8,0,52,,191873,48,0,24 14 8,0,11,,191874,48,0,24 14 8,0,11,,191875,48,0,24 14 8,0,10,,191903,48,0,24 14 8,0,10,,191876,48,0,24 14 8,0,50,,191877,48,0,24 14 8,0,10,,191878,48,0,24 14 8,0,10,,191879,48,0,24 14 8,0,10,,191904,48,0,24 14 8,0,10,,191880,48,0,24 14 8,0,10,,191881,48,0,24 14 8,0,50,,191882,48,0,24 14 8,0,10,,191883,48,0,24 14 8,0,12,,191897,48,0,24 14 8,0,16,,191885,48,0,24 14 8,0,15,,191843,48,0,24 14 8,0,55,,191829,48,0,24 14 8,0,15,,191834,48,0,24 14 8,0,15,,191835,48,0,24 14 8,0,15,,191836,48,0,24 14 8,0,55,,191838,48,0,24 14 8,0,15,,191839,48,0,24 14 8,0,15,,191840,48,0,24 14 8,0,15,,191841,48,0,24 14 8,0,54,,191842,46,0,24 14 8,0,15,,191884,46,0,24 14 8,0,15,,191827,46,0,24 14 8,0,16,,191821,46,0,24 14 8,0,57,,191823,46,0,24 14 8,0,22,,191832,46,0,24 14 8,0,24,,191889,46,0,24 14 8,0,62,,191830,46,0,24 14 8,0,22,,191887,46,0,24 14 8,0,60,,191886,46,0,24 14 8,0,25,,191826,46,0,24 14 8,0,30,,191888,46,,,0,70,,191890,46,,,0
662200,'3',637,,191907,48,,,0,72,,191908,48,,,0,25,,191909,48,0,24 14 8,0,20,,191910,48,0,24 14 8,0,61,,191911,48,0,24 14 8,0,19,,191912,48,0,24 14 8,0,12,,191913,48,0,24 14 8,0,55,,191914,48,0,24 14 8,0,13,,191915,48,0,24 14 8,0,15,,191916,48,0,24 14 8,0,17,,191917,48,0,24 14 8,0,55,,191918,48,0,24 14 8,0,13,,191919,48,0,24 14 8,0,14,,191920,48,0,24 14 8,0,15,,191921,48,0,24 14 8,0,15,,191922,48,0,24 14 8,0,56,,191923,48,0,24 14 8,0,15,,191924,48,0,24 14 8,0,11,,191925,48,0,24 14 8,0,12,,191926,48,0,24 14 8,0,52,,191927,48,0,24 14 8,0,11,,191928,48,0,24 14 8,0,12,,191929,48,0,24 14 8,0,12,,191930,48,0,24 14 8,0,12,,191931,48,0,24 14 8,0,53,,191932,48,0,24 14 8,0,12,,191933,48,0,24 14 8,0,12,,191934,48,0,24 14 8,0,11,,191935,48,0,24 14 8,0,12,,191936,48,0,24 14 8,0,52,,191937,48,0,24 14 8,0,12,,191938,48,0,24 14 8,0,12,,191939,48,0,24 14 8,0,13,,191940,48,0,24 14 8,0,12,,191941,48,0,24 14 8,0,53,,191942,48,0,24 14 8,0,12,,191943,48,0,24 14 8,0,12,,191944,48,0,24 14 8,0,12,,191945,48,0,24 14 8,0,12,,191946,48,0,24 14 8,0,53,,191947,48,0,24 14 8,0,12,,191948,48,0,24 14 8,0,13,,191949,48,0,24 14 8,0,13,,191950,48,0,24 14 8,0,12,,191951,48,0,24 14 8,0,52,,191952,48,0,24 14 8,0,13,,191953,48,0,24 14 8,0,12,,191954,48,0,24 14 8,0,14,,191955,48,0,24 14 8,0,55,,191956,48,0,24 14 8,0,16,,191957,48,0,24 14 8,0,15,,191958,48,0,24 14 8,0,17,,191959,48,0,24 14 8,0,55,,191960,48,0,24 14 8,0,15,,191961,48,0,24 14 8,0,15,,191962,48,0,24 14 8,0,15,,191963,48,0,24 14 8,0,55,,191964,48,0,24 14 8,0,15,,191965,48,0,24 14 8,0,16,,191966,48,0,24 14 8,0,17,,191967,48,0,24 14 8,0,56,,191968,48,0,24 14 8,0,17,,191969,46,0,24 14 8,0,16,,191970,46,0,24 14 8,0,17,,191971,46,0,24 14 8,0,58,,191972,46,0,24 14 8,0,19,,191973,46,0,24 14 8,0,20,,191974,46,0,24 14 8,0,60,,191975,46,0,24 14 8,0,20,,191976,46,0,24 14 8,0,65,,191977,46,0,24 14 8,0,28,,191978,46,,,0,30,,191979,46,,,0,69,,191980,46,,,0
662501,'1',535,,193672,17,,,0,17,,193673,17,,,0,62,,193675,17,,,0,19,,193677,17,,,0,14,,193679,17,,,0,12,,193680,17,,,0,54,,193681,17,,,0,12,,193683,17,,,0,13,,193684,17,,,0,12,,193686,17,,,0,52,,193687,17,,,0,14,,193689,17,,,0,12,,193690,17,,,0,10,,193691,17,,,0,10,,193692,17,,,0,10,,193693,17,,,0,52,,193694,17,,,0,17,,193695,17,,,0,10,,193696,17,,,0,10,,193697,17,,,0,53,,193698,17,,,0,10,,193699,17,,,0,13,,193700,17,,,0,12,,193701,17,,,0,12,,193702,17,,,0,10,,193703,17,,,0,52,,193704,17,,,0,12,,193705,17,,,0,12,,193706,17,,,0,12,,193707,17,,,0,12,,193708,17,,,0,52,,193709,17,,,0,14,,193711,17,,,0,13,,193712,17,,,0,12,,193713,17,,,0,52,,193714,17,,,0,12,,193715,17,,,0,12,,193716,17,,,0,13,,193717,17,,,0,12,,193718,17,,,0,52,,193719,17,,,0,12,,193720,17,,,0,12,,193721,17,,,0,12,,193722,17,,,0,12,,193723,17,,,0,52,,193724,17,,,0,12,,193725,17,,,0,12,,193726,17,,,0,12,,193727,17,,,0,12,,193728,17,,,0,51,,193729,17,,,0,12,,193730,17,,,0,12,,193731,17,,,0,12,,193732,17,,,0,13,,193733,17,,,0,52,,193734,17,,,0,12,,193735,17,,,0,12,,193736,17,,,0,7,,193737,17,,,0,12,,193738,17,,,0,12,,193739,17,,,0,52,,193740,17,,,0,12,,193741,17,,,0,12,,193742,17,,,0,12,,193743,17,,,0,11,,193744,17,,,0,52,,193745,17,,,0,12,,193746,17,,,0,8,,193747,17,,,0,12,,193748,17,,,0,11,,193749,17,,,0,52,,193750,17,,,0,12,,193751,17,,,0,12,,193752,17,,,0,12,,193753,17,,,0,11,,193754,17,,,0,52,,193755,17,,,0,12,,193756,17,,,0,10,,193757,17,,,0
662501,'152201',2135,,193630,17,,,0,11,,193631,17,,,0,54,,193632,17,,,0,14,,193633,17,,,0,13,,193634,17,,,0,14,,193635,17,,,0,13,,193636,17,,,0,55,,193637,17,,,0,13,,193638,17,,,0,15,,193639,17,,,0,13,,193640,17,,,0,53,,193641,17,,,0,19,,193642,17,,,0,9,,193643,17,0,22 14,0,21,,193644,17,,,0,56,,193645,17,0,22 14,0,20,,193646,17,0,22 14,0,25,,193647,17,,,0,55,,193648,17,0,22 14,0
662501,'152301',2135,,193649,15,,,0,11,,193650,15,,,0,54,,193651,15,,,0,14,,193652,15,,,0,13,,193653,15,,,0,14,,193654,15,,,0,13,,193655,15,,,0,55,,193656,15,,,0,13,,193657,15,,,0,15,,193658,15,,,0,13,,193659,15,,,0,53,,193660,15,,,0,19,,193661,15,,,0,9,,193662,15,0,22 14,0,21,,193663,15,,,0,56,,193664,15,0,22 14,0,20,,193665,15,0,22 14,0,25,,193666,15,,,0,55,,193667,15,0,22 14,0
662501,'2',549,,193763,17,,,0,60,,193765,17,,,0,20,,193766,17,,,0,23,,193768,17,,,0,60,,193770,17,,,0,15,,193771,17,,,0,12,,193772,17,,,0,12,,193773,17,,,0,52,,193774,17,,,0,12,,193776,17,,,0,12,,193777,17,,,0,14,,193778,17,,,0,12,,193779,17,,,0,55,,193781,17,,,0,17,,193782,17,,,0,13,,193783,17,,,0,12,,193784,17,,,0,52,,193785,17,,,0,12,,193786,17,,,0,14,,193788,17,,,0,12,,193789,17,,,0,14,,193790,17,,,0,52,,193791,17,,,0,12,,193792,17,,,0,14,,193793,17,,,0,12,,193794,17,,,0,12,,193795,17,,,0,52,,193796,17,,,0,12,,193797,17,,,0,12,,193798,17,,,0,12,,193799,17,,,0,12,,193801,17,,,0,52,,193802,17,,,0,12,,193803,17,,,0,13,,193804,17,,,0,12,,193805,17,,,0,14,,193806,17,,,0,52,,193807,17,,,0,12,,193808,17,,,0,11,,193809,17,,,0,12,,193810,17,,,0,12,,193811,17,,,0,52,,193812,17,,,0,13,,193813,17,,,0,12,,193814,17,,,0,12,,193815,17,,,0,12,,193816,17,,,0,52,,193817,17,,,0,12,,193818,17,,,0,12,,193819,17,,,0,12,,193820,17,,,0,12,,193821,17,,,0,52,,193822,17,,,0,12,,193823,17,,,0,7,,193824,17,,,0,12,,193825,17,,,0,12,,193826,17,,,0,52,,193827,17,,,0,12,,193828,17,,,0,12,,193829,17,,,0,12,,193830,17,,,0,13,,193831,17,,,0,52,,193832,17,,,0,12,,193833,17,,,0,11,,193834,17,,,0,12,,193835,17,,,0,12,,193836,17,,,0,52,,193837,17,,,0,12,,193838,17,,,0,10,,193839,17,,,0,12,,193840,17,,,0,9,,193841,17,,,0,52,,193842,17,,,0,12,,193843,15,,,0,11,,193844,15,,,0,12,,193845,15,,,0,12,,193846,15,,,0,53,,193847,15,,,0,15,,193848,15,,,0,15,,193849,15,,,0,13,,193850,15,,,0,15,,193851,15,,,0,55,,193852,15,,,0,14,,193853,15,,,0,14,,193854,15,,,0,15,,193855,15,,,0,65,,193856,15,,,0,30,,193857,15,,,0,70,,193858,15,,,0,29,,193859,15,,,0
662501,'3',545,,193864,17,,,0,61,,193865,17,,,0,20,,193866,17,,,0,20,,193867,17,,,0,59,,193868,17,,,0,20,,193869,17,,,0,20,,193870,17,,,0,60,,193872,17,,,0,22,,193873,17,,,0,19,,193875,17,,,0,58,,193877,17,,,0,22,,193879,17,,,0,15,,193880,17,,,0,60,,193882,17,,,0,15,,193883,17,,,0,15,,193884,17,,,0,14,,193885,17,,,0,12,,193886,17,,,0,52,,193887,17,,,0,12,,193888,17,,,0,12,,193889,17,,,0,12,,193890,17,,,0,12,,193891,17,,,0,52,,193892,17,,,0,13,,193893,17,,,0,12,,193895,17,,,0,12,,193896,17,,,0,57,,193897,17,,,0,12,,193898,17,,,0,11,,193899,17,,,0,12,,193900,17,,,0,12,,193901,17,,,0,52,,193902,17,,,0,12,,193903,17,,,0,12,,193904,17,,,0,12,,193905,17,,,0,12,,193906,17,,,0,52,,193907,17,,,0,12,,193908,17,,,0,12,,193909,17,,,0,12,,193910,17,,,0,12,,193911,17,,,0,52,,193912,17,,,0,12,,193913,17,,,0,11,,193914,17,,,0,12,,193915,17,,,0,12,,193916,17,,,0,52,,193917,17,,,0,11,,193918,17,,,0,12,,193919,17,,,0,7,,193920,17,,,0,12,,193921,17,,,0,12,,193922,17,,,0,52,,193923,17,,,0,12,,193924,17,,,0,12,,193925,17,,,0,12,,193926,17,,,0,12,,193927,17,,,0,52,,193928,17,,,0,12,,193929,17,,,0,12,,193930,17,,,0,12,,193931,17,,,0,12,,193932,17,,,0,52,,193933,17,,,0,11,,193934,17,,,0,10,,193935,17,,,0,12,,193936,17,,,0,15,,193937,17,,,0,55,,193938,17,,,0,14,,193939,15,,,0,15,,193940,15,,,0,13,,193941,15,,,0,55,,193942,15,,,0,15,,193943,15,,,0,15,,193944,15,,,0,15,,193945,15,,,0,55,,193946,15,,,0,12,,193947,15,,,0,15,,193948,15,,,0,13,,193949,15,,,0,55,,193950,15,,,0,18,,193951,15,,,0,31,,193952,15,,,0,69,,193953,15,,,0,30,,193954,15,,,0
683501,'1',2622,,225060,15,,,0,20,,225059,15,,,0,60,,225061,15,,,0,20,,225062,15,,,0,30,,225063,15,,,0,70,,225064,15,,,0,30,,225065,15,,,0,70,,225066,15,,,0
683501,'2',2623,,225070,15,,,0,20,,225067,15,,,0,60,,225069,15,,,0,20,,225068,15,,,0,30,,225071,15,,,0,70,,225072,15,,,0,30,,225073,15,,,0,70,,225074,15,,,0
683501,'3',2625,,225077,15,,,0,30,,225076,15,,,0,70,,225075,15,,,0
683800,'1',2624,,225146,15,,,0,19,,225148,15,,,0,60,,225145,15,,,0,20,,225147,15,,,0,33,,225149,15,,,0,63,,225150,15,,,0,30,,225151,15,,,0,78,,225152,15,,,0
683800,'2',2627,,225155,15,,,0,16,,225156,15,,,0,16,,225154,15,,,0,70,,225153,15,,,0,30,,225157,15,,,0,70,,225158,15,,,0,30,,225159,15,,,0,60,,225160,15,,,0
683800,'3',2622,,225161,15,,,0,30,,225162,15,,,0,70,,225163,15,,,0,36,,225164,15,,,0,60,,225165,15,,,0,31,,225166,15,,,0,70,,225167,15,,,0
1671800,'1',511,,227576,21,,,0,7,,227575,50,,,0,16,,227609,21,,,0,23,,227577,50,,,0,44,,227571,46,,,0,13,,227572,50,,,0,13,,227578,46,,,0,13,,227579,50,,,0,15,,227580,50,,,0,55,,227581,50,,,0,14,,227582,50,,,0,15,,227569,50,,,0,14,,227570,50,,,0,54,,227586,50,,,0,14,,227587,50,,,0,14,,227588,50,,,0,15,,227589,50,,,0,55,,227590,50,,,0,13,,227591,50,,,0,13,,227592,50,,,0,14,,227593,50,,,0,13,,227594,50,,,0,54,,227595,50,,,0,15,,227596,50,,,0,15,,227597,50,,,0,15,,227598,50,,,0,55,,227599,50,,,0,16,,227600,50,,,0,15,,227601,50,,,0,15,,227602,50,,,0,56,,227603,50,,,0,16,,227604,50,,,0,15,,227605,50,,,0,55,,227583,50,,,0,15,,227584,50,,,0,12,,227573,21,,,0,5,,227585,50,,,0,15,,227562,50,,,0,56,,227563,50,,,0,15,,227564,50,,,0,16,,227534,50,,,0,15,,227535,50,,,0,56,,227536,50,,,0,8,,227537,50,,,0,8,,227574,50,,,0,14,,227538,50,,,0,12,,227539,50,,,0,10,,227610,21,,,0,45,,227540,50,,,0,13,,227541,50,,,0,12,,227542,50,,,0,10,,227612,50,,,0,10,,227543,50,,,0,10,,227544,50,,,0,49,,227545,50,,,0,10,,227546,50,,,0,10,,227547,50,,,0,10,,227548,50,,,0,9,,227549,50,,,0,9,,227550,50,,,0,49,,227611,50,,,0,9,,227551,50,,,0,9,,227552,50,,,0,10,,227553,50,,,0,10,,227554,50,,,0,12,,227555,50,,,0,52,,227556,50,,,0,12,,227557,50,,,0,12,,227558,50,,,0
1671800,'2',518,,227641,50,,,0,18,,227637,21,,,0,14,,227638,21,,,0,9,,227672,50,,,0,61,,227673,50,,,0,15,,227650,50,,,0,13,,227639,21,,,0,4,,227651,50,,,0,60,,227652,50,,,0,20,,227653,50,,,0,15,,227654,50,,,0,54,,227655,50,,,0,14,,227656,50,,,0,13,,227658,50,,,0,13,,227659,50,,,0,16,,227660,50,,,0,55,,227661,50,,,0,15,,227662,50,,,0,15,,227663,50,,,0,9,,227707,21,,,0,6,,227664,50,,,0,55,,227665,50,,,0,9,,227649,21,,,0,6,,227666,50,,,0,15,,227667,50,,,0,16,,227668,50,,,0,48,,227640,21,,,0,7,,227669,50,,,0,15,,227670,50,,,0,12,,227671,50,,,0,12,,227657,50,,,0,54,,227642,50,,,0,5,,227708,21,,,0,7,,227674,50,,,0,13,,227675,50,,,0,12,,227676,50,,,0,13,,227677,50,,,0,46,,227709,21,,,0,5,,227643,50,,,0,10,,227678,50,,,0,10,,227679,50,,,0,10,,227680,50,,,0,10,,227681,50,,,0,10,,227682,50,,,0,49,,227644,50,,,0,10,,227683,50,,,0,10,,227684,50,,,0,10,,227685,50,,,0,10,,227686,50,,,0,11,,227687,50,,,0,51,,227645,50,,,0,11,,227688,50,,,0,10,,227689,50,,,0,10,,227690,50,,,0,10,,227691,50,,,0,10,,227692,50,,,0,50,,227646,50,,,0,10,,227693,50,,,0,10,,227694,50,,,0,10,,227696,50,,,0,10,,227697,50,,,0,10,,227698,50,,,0,50,,227647,50,,,0,9,,227699,50,,,0,10,,227700,50,,,0,10,,227695,50,,,0,9,,227701,50,,,0,10,,227702,50,,,0,50,,227648,50,,,0,10,,227703,50,,,0,10,,227704,50,,,0,12,,227705,50,,,0,12,,227613,50,,,0,52,,227614,50,,,0,12,,227615,50,,,0,13,,227616,50,,,0
1671800,'3',550,,227790,50,,,0,62,,227731,50,,,0,20,,227737,50,,,0,24,,227738,50,,,0,51,,227713,21,,,0,15,,227791,50,,,0,20,,227739,50,,,0,14,,227741,50,,,0,55,,227714,50,,,0,15,,227740,50,,,0,13,,227742,50,,,0,13,,227743,50,,,0,54,,227744,50,,,0,15,,227745,50,,,0,11,,227712,21,,,0,4,,227746,50,,,0,16,,227747,50,,,0,56,,227748,50,,,0,18,,227749,50,,,0,16,,227750,50,,,0,16,,227751,50,,,0,56,,227752,50,,,0,15,,227753,50,,,0,14,,227754,50,,,0,13,,227755,50,,,0,48,,227776,21,,,0,6,,227775,50,,,0,13,,227756,50,,,0,13,,227757,50,,,0,13,,227758,50,,,0,52,,227715,50,,,0,11,,227759,50,,,0,12,,227760,50,,,0,12,,227761,50,,,0,12,,227762,50,,,0,52,,227716,50,,,0,13,,227763,50,,,0,12,,227764,50,,,0,13,,227765,50,,,0,12,,227766,50,,,0,52,,227727,50,,,0,13,,227767,50,,,0,12,,227768,50,,,0,13,,227769,50,,,0,12,,227770,50,,,0,52,,227728,50,,,0,12,,227771,50,,,0,13,,227772,50,,,0,12,,227773,50,,,0,12,,227736,50,,,0,50,,227729,50,,,0,11,,227774,50,,,0,12,,227732,50,,,0,12,,227733,50,,,0,12,,227734,50,,,0,52,,227730,50,,,0,12,,227717,50,,,0,13,,227718,50,,,0,14,,227719,50,,,0,14,,227720,50,,,0,55,,227721,50,,,0,15,,227722,50,,,0
