662000,'152201_merged_15727756',2059,,190795,30,,,0,55,,190786,30,,,0,15,,190796,30,,,0,15,,190785,30,,,0,60,,190787,30,,,0,20,,190789,30,,,0,21,,190794,30,,,0,60,,190788,30,,,0,20,,190793,30,,,0,23,,190791,30,,,0,70,,190790,30,,,0,30,,190792,30,,,0,70,,190784,30,,,0
662000,'152301_merged_15727764',2059,,190799,30,,,0,55,,190800,30,,,0,15,,190801,30,,,0,15,,190802,30,,,0,60,,190803,30,,,0,20,,190805,30,,,0,21,,190807,30,,,0,60,,190804,30,,,0,20,,190806,30,,,0,23,,190808,30,,,0,70,,190809,30,,,0,30,,190797,30,,,0,70,,190798,30,,,0
662000,'1_merged_15727750',425,,190826,30,,,0,20,,190827,30,,,0,60,,190829,30,,,0,2,,190833,25,,,0,7,,190836,25,0,23 15,0,9,,190832,25,,,0,2,,190830,30,,,0,11,,190837,25,0,23 15,0,1,,190888,25,,,0,5,,190828,30,,,0,13,,190831,30,,,0,55,,190839,30,,,0,12,,190856,30,,,0,5,,190835,25,0,23 15,0,7,,190857,30,,,0,12,,190858,30,,,0,1,,190834,25,0,23 15,0,11,,190859,30,,,0,52,,190860,30,,,0,12,,190870,30,,,0,3,,190891,25,,,0,8,,190871,30,,,0,9,,190890,25,0,23 15,0,1,,190883,30,,,0,9,,190819,30,,,0,50,,190821,30,,,0,10,,190822,30,,,0,2,,190889,25,,,0,6,,190866,30,,,0,10,,190867,30,,,0,10,,190868,30,,,0,10,,190869,30,,,0,52,,190861,30,,,0,14,,190862,30,,,0,15,,190872,30,,,0,15,,190823,30,,,0,55,,190840,30,,,0,14,,190841,30,,,0,15,,190842,30,,,0,15,,190843,30,,,0,55,,190820,30,,,0,15,,190844,30,,,0,15,,190845,30,,,0,15,,190846,30,,,0,55,,190847,30,,,0,14,,190848,30,,,0,15,,190849,30,,,0,15,,190850,30,,,0,15,,190851,30,,,0,55,,190852,30,,,0,15,,190853,30,,,0,16,,190854,30,,,0,55,,190855,30,,,0,15,,190863,30,,,0,15,,190864,30,,,0,14,,190865,30,,,0,14,,190873,30,,,0,55,,190874,30,,,0,15,,190875,30,,,0,12,,190876,30,,,0,12,,190877,30,,,0,52,,190878,30,,,0,13,,190879,30,,,0,12,,190880,30,,,0,13,,190881,30,,,0,12,,190882,30,,,0,52,,190814,30,,,0,12,,190815,30,,,0,13,,190816,30,,,0,13,,190817,30,,,0,13,,190818,30,,,0,54,,190813,30,,,0,14,,190838,30,,,0,15,,190825,30,,,0,15,,190812,30,,,0,55,,190810,30,,,0,16,,190824,30,,,0,15,,190884,30,,,0,15,,190886,30,,,0,55,,190887,30,,,0,15,,190811,30,,,0,15,,190885,30,,,0
662000,'2_merged_15727752',456,,190892,30,,,0,60,,190893,30,,,0,19,,190894,30,,,0,21,,190895,30,,,0,60,,190896,30,,,0,19,,190897,30,,,0,15,,190898,30,,,0,55,,190899,30,,,0,14,,190900,30,,,0,14,,190901,30,,,0,15,,190902,30,,,0,54,,190903,30,,,0,15,,190904,30,,,0,15,,190905,30,,,0,15,,190906,30,,,0,55,,190907,30,,,0,15,,190908,30,,,0,15,,190909,30,,,0,15,,190910,30,,,0,55,,190911,30,,,0,15,,190912,30,,,0,15,,190913,30,,,0,13,,190914,30,,,0,55,,190915,30,,,0,15,,190916,30,,,0,15,,190917,30,,,0,15,,190918,30,,,0,55,,190919,30,,,0,13,,190920,30,,,0,15,,190921,30,,,0,15,,190922,30,,,0,15,,190923,30,,,0,55,,190924,30,,,0,15,,190925,30,,,0,15,,190926,30,,,0,15,,190927,30,,,0,55,,190928,30,,,0,15,,190929,30,,,0,15,,190930,30,,,0,15,,190931,30,,,0,56,,190932,30,,,0,15,,190933,30,,,0,15,,190934,30,,,0,15,,190935,30,,,0,55,,190936,30,,,0,15,,190937,30,,,0,15,,190938,30,,,0,15,,190939,30,,,0,55,,190940,30,,,0,15,,190941,30,,,0,15,,190942,30,,,0,15,,190943,30,,,0,56,,190944,30,,,0,15,,190945,30,,,0,15,,190946,30,,,0,55,,190947,30,,,0,15,,190948,30,,,0,15,,190949,30,,,0,15,,190950,30,,,0,55,,190951,30,,,0,15,,190952,30,,,0,15,,190953,30,,,0,16,,190954,30,,,0,56,,190955,30,,,0,20,,190956,30,,,0,20,,190957,30,,,0,60,,190958,30,,,0,20,,190959,30,,,0,20,,190960,30,,,0,64,,190961,30,,,0,20,,190962,30,,,0,25,,190963,30,,,0,70,,190964,30,,,0,30,,190965,30,,,0,70,,190966,30,,,0
662000,'3_merged_15727751',543,,190967,30,,,0,60,,190968,30,,,0,20,,190969,30,,,0,18,,190970,30,,,0,60,,190971,30,,,0,20,,190972,30,,,0,20,,190973,30,,,0,15,,190974,30,,,0,54,,190975,30,,,0,15,,190976,30,,,0,15,,190977,30,,,0,15,,190978,30,,,0,55,,190979,30,,,0,14,,190980,30,,,0,15,,190981,30,,,0,15,,190982,30,,,0,53,,190983,30,,,0,12,,190984,30,,,0,15,,190985,30,,,0,15,,190986,30,,,0,55,,190987,30,,,0,15,,190988,30,,,0,15,,190989,30,,,0,16,,190990,30,,,0,55,,190991,30,,,0,15,,190992,30,,,0,15,,190993,30,,,0,15,,190994,30,,,0,55,,190995,30,,,0,14,,190996,30,,,0,15,,190997,30,,,0,15,,190998,30,,,0,55,,190999,30,,,0,15,,191000,30,,,0,15,,191001,30,,,0,15,,191002,30,,,0,55,,191003,30,,,0,15,,191004,30,,,0,15,,191005,30,,,0,16,,191006,30,,,0,55,,191007,30,,,0,15,,191008,30,,,0,15,,191009,30,,,0,15,,191010,30,,,0,55,,191011,30,,,0,15,,191012,30,,,0,15,,191013,30,,,0,15,,191014,30,,,0,55,,191015,30,,,0,15,,191016,30,,,0,15,,191017,30,,,0,15,,191018,30,,,0,55,,191019,30,,,0,15,,191020,30,,,0,16,,191021,30,,,0,15,,191022,30,,,0,55,,191023,30,,,0,15,,191024,30,,,0,15,,191025,30,,,0,19,,191026,30,,,0,60,,191027,30,,,0,20,,191028,30,,,0,20,,191029,30,,,0,60,,191030,30,,,0,20,,191031,30,,,0,20,,191032,30,,,0,60,,191033,30,,,0,20,,191034,30,,,0,16,,191035,30,,,0,70,,191036,30,,,0,30,,191037,30,,,0,70,,191038,30,,,0
662200,'101_merged_15727747',1534,,191706,30,0,10,0
662200,'152201_merged_15727756',2056,,191707,30,0,24 14 8,0,58,,191708,30,0,24 14 8,0,24,,191709,30,0,24 14 8,0,17,,191710,30,0,24 14 8,0,61,,191711,30,0,24 14 8,0,24,,191712,30,0,24 14 8,0,19,,191713,30,0,24 14 8,0,56,,191714,30,0,24 14 8,0,23,,191715,30,0,24 14 8,0,70,,191716,30,0,24 14 8,0,29,,191717,30,,,0,73,,191718,30,,,0
662200,'152301_merged_15727764',2056,,191719,30,0,24 14 8,0,58,,191720,30,0,24 14 8,0,24,,191721,30,0,24 14 8,0,17,,191722,30,0,24 14 8,0,61,,191723,30,0,24 14 8,0,24,,191724,30,0,24 14 8,0,19,,191725,30,0,24 14 8,0,56,,191726,30,0,24 14 8,0,23,,191727,30,0,24 14 8,0,70,,191728,30,0,24 14 8,0,29,,191729,30,,,0,73,,191730,30,,,0
662200,'1_merged_15727750',541,,191732,30,0,24 14 8,0,12,,191733,3,0,24 14 8,0,56,,191734,30,0,24 14 8,0,11,,191735,3,0,24 14 8,0,13,,191736,30,0,24 14 8,0,12,,191737,30,0,24 14 8,0,12,,191738,30,0,24 14 8,0,50,,191739,30,0,24 14 8,0,10,,191740,30,0,24 14 8,0,8,,191741,30,0,24 14 8,0,7,,191742,30,0,24 14 8,0,8,,191743,30,0,24 14 8,0,7,,191744,30,0,24 14 8,0,7,,191745,30,0,24 14 8,0,46,,191746,30,0,24 14 8,0,6,,191811,30,0,24 14 8,0,6,,191747,30,0,24 14 8,0,8,,191748,30,0,24 14 8,0,6,,191749,30,0,24 14 8,0,7,,191750,30,0,24 14 8,0,7,,191751,30,0,24 14 8,0,7,,191752,30,0,24 14 8,0,8,,191753,30,0,24 14 8,0,47,,191754,30,0,24 14 8,0,8,,191755,30,0,24 14 8,0,9,,191756,30,0,24 14 8,0,10,,191757,30,0,24 14 8,0,11,,191758,30,0,24 14 8,0,11,,191759,30,0,24 14 8,0,52,,191815,30,0,24 14 8,0,12,,191760,30,0,24 14 8,0,9,,191761,30,0,24 14 8,0,11,,191762,30,0,24 14 8,0,11,,191763,30,0,24 14 8,0,11,,191816,30,0,24 14 8,0,52,,191764,30,0,24 14 8,0,12,,191765,30,0,24 14 8,0,12,,191766,30,0,24 14 8,0,10,,191767,30,0,24 14 8,0,12,,191817,30,0,24 14 8,0,52,,191768,30,0,24 14 8,0,13,,191769,30,0,24 14 8,0,12,,191770,30,0,24 14 8,0,12,,191771,30,0,24 14 8,0,12,,191818,30,0,24 14 8,0,52,,191772,30,0,24 14 8,0,12,,191773,30,0,24 14 8,0,12,,191774,30,0,24 14 8,0,10,,191819,30,0,24 14 8,0,12,,191775,30,0,24 14 8,0,52,,191776,30,0,24 14 8,0,13,,191777,30,0,24 14 8,0,13,,191778,30,0,24 14 8,0,13,,191807,30,0,24 14 8,0,9,,191808,30,0,24 14 8,0,48,,191812,30,0,24 14 8,0,8,,191809,30,0,24 14 8,0,8,,191810,30,0,24 14 8,0,7,,191779,30,0,24 14 8,0,8,,191813,30,0,24 14 8,0,8,,191814,30,0,24 14 8,0,8,,191780,30,0,24 14 8,0,8,,191781,30,0,24 14 8,0,48,,191782,30,0,24 14 8,0,8,,191783,30,0,24 14 8,0,8,,191784,30,0,24 14 8,0,8,,191785,30,0,24 14 8,0,8,,191786,30,0,24 14 8,0,8,,191787,30,0,24 14 8,0,11,,191788,30,0,24 14 8,0,49,,191789,30,0,24 14 8,0,10,,191790,30,0,24 14 8,0,9,,191791,30,0,24 14 8,0,10,,191792,30,0,24 14 8,0,10,,191793,30,0,24 14 8,0,10,,191794,30,0,24 14 8,0,50,,191795,30,0,24 14 8,0,11,,191796,30,0,24 14 8,0,10,,191797,30,0,24 14 8,0,12,,191798,30,0,24 14 8,0,12,,191799,30,0,24 14 8,0,52,,191800,30,0,24 14 8,0,12,,191820,30,0,24 14 8,0,14,,191801,30,0,24 14 8,0,13,,191802,30,0,24 14 8,0,15,,191803,30,0,24 14 8,0,55,,191804,30,0,24 14 8,0,16,,191805,30,0,24 14 8,0,15,,191806,30,0,24 14 8,0
662200,'2_merged_15727752',603,,191899,3,0,24 14 8,0,24,,191822,30,0,24 14 8,0,20,,191896,30,0,24 14 8,0,60,,191831,30,0,24 14 8,0,18,,191898,30,0,24 14 8,0,15,,191833,30,0,24 14 8,0,12,,191825,30,0,24 14 8,0,55,,191893,30,0,24 14 8,0,13,,191895,30,0,24 14 8,0,15,,191894,30,0,24 14 8,0,14,,191824,30,0,24 14 8,0,55,,191891,30,0,24 14 8,0,15,,191892,30,0,24 14 8,0,12,,191844,30,0,24 14 8,0,12,,191845,30,0,24 14 8,0,12,,191905,30,0,24 14 8,0,52,,191846,30,0,24 14 8,0,10,,191847,30,0,24 14 8,0,12,,191848,30,0,24 14 8,0,12,,191849,30,0,24 14 8,0,12,,191906,30,0,24 14 8,0,52,,191850,30,0,24 14 8,0,6,,191851,30,0,24 14 8,0,12,,191852,30,0,24 14 8,0,12,,191853,30,0,24 14 8,0,12,,191854,30,0,24 14 8,0,12,,191855,30,0,24 14 8,0,52,,191856,30,0,24 14 8,0,12,,191857,30,0,24 14 8,0,10,,191858,30,0,24 14 8,0,10,,191859,30,0,24 14 8,0,10,,191860,30,0,24 14 8,0,50,,191861,30,0,24 14 8,0,9,,191900,30,0,24 14 8,0,10,,191862,30,0,24 14 8,0,10,,191863,30,0,24 14 8,0,10,,191864,30,0,24 14 8,0,10,,191865,30,0,24 14 8,0,50,,191866,30,0,24 14 8,0,10,,191901,30,0,24 14 8,0,10,,191867,30,0,24 14 8,0,10,,191868,30,0,24 14 8,0,10,,191837,30,0,24 14 8,0,10,,191869,30,0,24 14 8,0,50,,191870,30,0,24 14 8,0,10,,191902,30,0,24 14 8,0,10,,191871,30,0,24 14 8,0,10,,191872,30,0,24 14 8,0,12,,191873,30,0,24 14 8,0,11,,191874,30,0,24 14 8,0,51,,191875,30,0,24 14 8,0,10,,191903,30,0,24 14 8,0,10,,191876,30,0,24 14 8,0,10,,191877,30,0,24 14 8,0,10,,191878,30,0,24 14 8,0,10,,191879,30,0,24 14 8,0,50,,191904,30,0,24 14 8,0,11,,191880,30,0,24 14 8,0,10,,191881,30,0,24 14 8,0,10,,191882,30,0,24 14 8,0,10,,191883,30,0,24 14 8,0,12,,191897,30,0,24 14 8,0,56,,191885,30,0,24 14 8,0,15,,191843,30,0,24 14 8,0,15,,191829,30,0,24 14 8,0,55,,191834,30,0,24 14 8,0,15,,191835,30,0,24 14 8,0,15,,191836,30,0,24 14 8,0,16,,191838,30,0,24 14 8,0,55,,191839,30,0,24 14 8,0,16,,191840,30,0,24 14 8,0,15,,191841,30,0,24 14 8,0,14,,191842,30,0,24 14 8,0,55,,191884,30,0,24 14 8,0,15,,191827,30,0,24 14 8,0,16,,191821,30,0,24 14 8,0,17,,191823,30,0,24 14 8,0,62,,191832,30,0,24 14 8,0,25,,191889,30,0,24 14 8,0,22,,191830,30,0,24 14 8,0,62,,191887,30,0,24 14 8,0,21,,191886,30,0,24 14 8,0,66,,191826,30,0,24 14 8,0,30,,191888,30,,,0,70,,191890,30,,,0
662200,'3_merged_15727751',619,,191907,30,,,0,30,,191908,30,,,0,65,,191909,30,0,24 14 8,0,20,,191910,30,0,24 14 8,0,21,,191911,30,0,24 14 8,0,59,,191912,30,0,24 14 8,0,11,,191913,30,0,24 14 8,0,15,,191914,30,0,24 14 8,0,13,,191915,30,0,24 14 8,0,55,,191916,30,0,24 14 8,0,15,,191917,30,0,24 14 8,0,15,,191918,30,0,24 14 8,0,13,,191919,30,0,24 14 8,0,54,,191920,30,0,24 14 8,0,15,,191921,30,0,24 14 8,0,15,,191922,30,0,24 14 8,0,16,,191923,30,0,24 14 8,0,55,,191924,30,0,24 14 8,0,11,,191925,30,0,24 14 8,0,12,,191926,30,0,24 14 8,0,12,,191927,30,0,24 14 8,0,10,,191928,30,0,24 14 8,0,52,,191929,30,0,24 14 8,0,12,,191930,30,0,24 14 8,0,12,,191931,30,0,24 14 8,0,13,,191932,30,0,24 14 8,0,12,,191933,30,0,24 14 8,0,52,,191934,30,0,24 14 8,0,11,,191935,30,0,24 14 8,0,12,,191936,30,0,24 14 8,0,12,,191937,30,0,24 14 8,0,12,,191938,30,0,24 14 8,0,52,,191939,30,0,24 14 8,0,12,,191940,30,0,24 14 8,0,12,,191941,30,0,24 14 8,0,13,,191942,30,0,24 14 8,0,12,,191943,30,0,24 14 8,0,52,,191944,30,0,24 14 8,0,12,,191945,30,0,24 14 8,0,12,,191946,30,0,24 14 8,0,13,,191947,30,0,24 14 8,0,13,,191948,30,0,24 14 8,0,53,,191949,30,0,24 14 8,0,13,,191950,30,0,24 14 8,0,12,,191951,30,0,24 14 8,0,12,,191952,30,0,24 14 8,0,14,,191953,30,0,24 14 8,0,52,,191954,30,0,24 14 8,0,14,,191955,30,0,24 14 8,0,15,,191956,30,0,24 14 8,0,16,,191957,30,0,24 14 8,0,55,,191958,30,0,24 14 8,0,17,,191959,30,0,24 14 8,0,15,,191960,30,0,24 14 8,0,15,,191961,30,0,24 14 8,0,55,,191962,30,0,24 14 8,0,14,,191963,30,0,24 14 8,0,15,,191964,30,0,24 14 8,0,15,,191965,30,0,24 14 8,0,56,,191966,30,0,24 14 8,0,18,,191967,30,0,24 14 8,0,16,,191968,30,0,24 14 8,0,57,,191969,30,0,24 14 8,0,16,,191970,30,0,24 14 8,0,17,,191971,30,0,24 14 8,0,18,,191972,30,0,24 14 8,0,59,,191973,30,0,24 14 8,0,20,,191974,30,0,24 14 8,0,20,,191975,30,0,24 14 8,0,60,,191976,30,0,24 14 8,0,27,,191977,30,0,24 14 8,0,67,,191978,30,,,0,30,,191979,30,,,0,69,,191980,30,,,0
683000,'1_merged_15727750',2557,,224906,50,,,0,72,,224907,50,,,0,28,,224908,50,,,0,70,,224909,50,,,0,30,,224910,50,,,0,72,,224911,50,,,0
683000,'2_merged_15727752',2559,,224918,50,,,0,75,,224917,50,,,0,70,,224916,50,,,0,30,,224913,50,,,0,72,,224915,50,,,0,34,,224914,50,,,0
683000,'3_merged_15727751',2558,,224925,50,,,0,70,,224924,50,,,0,30,,224919,50,,,0,70,,224923,50,,,0,30,,224922,50,,,0,80,,224921,50,,,0
683300,'1_merged_15727750',2559,,224962,30,,,0,73,,224964,30,,,0,72,,224963,30,,,0
683300,'2_merged_15727752',2557,,224965,30,,,0,70,,224967,30,,,0,28,,224966,30,,,0
683300,'3_merged_15727751',2557,,224968,30,,,0,70,,224970,30,,,0,30,,224969,30,,,0,78,,224971,30,,,0
684101,'1_merged_15727750',433,,225278,78,,,0,69,,225277,78,,,0,12,,225276,78,,,0,2004,,225280,78,,,0,30,,225274,78,,,0,75,,225273,78,,,0,30,,225272,78,,,0,70,,225275,78,,,0,35,,225279,78,,,0
684101,'2_merged_15727752',430,,225281,78,,,0,72,,225286,78,,,0,32,,225287,78,,,0,70,,225288,78,,,0,28,,225285,78,,,0,1888,,225290,78,,,0,35,,225282,78,,,0,77,,225289,78,,,0,21,,225283,78,,,0,69,,225284,78,,,0,78,,225291,78,,,0
684101,'3_merged_15727751',432,,225300,78,,,0,70,,225302,78,,,0,30,,225299,78,,,0,69,,225298,78,,,0,15,,225305,78,,,0,15,,225295,78,,,0,16,,225306,78,,,0,55,,225297,78,,,0,1749,,225303,78,,,0,71,,225304,78,,,0,30,,225292,78,,,0,67,,225293,78,,,0,30,,225294,78,,,0,78,,225296,78,,,0,30,,225301,78,,,0
