661400,'1',709,,187467,2,,,0,14,,187468,2,,,0,13,,187475,2,,,0,14,,187481,2,,,0,55,,187495,2,,,0,15,,187469,2,,,0,17,,187435,2,,,0,15,,187436,2,,,0,55,,187477,2,,,0,15,,187478,2,,,0,15,,187479,2,,,0,15,,187480,2,,,0,52,,187496,2,,,0,15,,187497,2,,,0,15,,187492,2,,,0,15,,187472,2,,,0,55,,187437,2,,,0,15,,187464,2,,,0,14,,187439,2,,,0,14,,187473,2,,,0,54,,187476,2,,,0,13,,187432,2,,,0,14,,187433,2,,,0,14,,187459,2,,,0,12,,187502,2,,,0,52,,187457,2,,,0,12,,187460,2,,,0,12,,187461,2,,,0,12,,187470,2,,,0,12,,187490,2,,,0,50,,187491,2,,,0,12,,187471,2,,,0,12,,187443,2,,,0,12,,187444,2,,,0,12,,187445,2,,,0,50,,187487,2,,,0,12,,187446,2,,,0,12,,187447,2,,,0,10,,187448,2,,,0,10,,187450,2,,,0,10,,187485,2,,,0,52,,187499,2,,,0,10,,187474,2,,,0,10,,187498,2,,,0,10,,187484,2,,,0,9,,187486,2,,,0,10,,187453,2,,,0,49,,187500,2,,,0,8,,187488,2,,,0,9,,187501,2,,,0,9,,187489,2,,,0,9,,187452,2,,,0,12,,187462,2,,,0,54,,187451,2,,,0,12,,187438,2,,,0,15,,187483,2,,,0,20,,187441,2,,,0,61,,187482,2,,,0,24,,187449,2,0,10,0,20,,187463,2,0,10,0,60,,187434,2,0,10,0
661400,'152201',2039,,187414,2,0,10,0,20,,187415,2,0,10,0,60,,187419,2,0,10,0,21,,187416,2,0,10,0,60,,187420,2,0,10,0,20,,187421,2,0,10,0,22,,187417,2,0,10,0,60,,187413,2,0,10,0,18,,187418,2,0,10,0,29,,187412,2,0,10,0
661400,'152301',2039,,187422,2,0,10,0,20,,187423,2,0,10,0,60,,187424,2,0,10,0,21,,187425,2,0,10,0,60,,187426,2,0,10,0,20,,187427,2,0,10,0,22,,187428,2,0,10,0,60,,187429,2,0,10,0,18,,187430,2,0,10,0,29,,187431,2,0,10,0
661400,'2',856,,187555,2,,,0,54,,187556,2,,,0,14,,187527,2,,,0,11,,187544,2,,,0,14,,187542,2,,,0,53,,187507,2,,,0,11,,187508,2,,,0,13,,187509,2,,,0,12,,187577,2,,,0,12,,187530,2,,,0,52,,187512,2,,,0,12,,187511,2,,,0,12,,187560,2,,,0,12,,187529,2,,,0,11,,187531,2,,,0,52,,187570,2,,,0,11,,187532,2,,,0,11,,187533,2,,,0,9,,187578,2,,,0,11,,187561,2,,,0,11,,187566,2,,,0,51,,187520,2,,,0,11,,187571,2,,,0,12,,187506,2,,,0,12,,187515,2,,,0,12,,187516,2,,,0,52,,187517,2,,,0,12,,187572,2,,,0,12,,187557,2,,,0,12,,187573,2,,,0,12,,187567,2,,,0,52,,187526,2,,,0,12,,187546,2,,,0,12,,187559,2,,,0,12,,187574,2,,,0,12,,187548,2,,,0,53,,187562,2,,,0,14,,187534,2,,,0,12,,187565,2,,,0,12,,187538,2,,,0,12,,187575,2,,,0,52,,187569,2,,,0,12,,187503,2,,,0,14,,187504,2,,,0,13,,187505,2,,,0,12,,187576,2,,,0,52,,187579,2,,,0,13,,187513,2,,,0,13,,187514,2,,,0,16,,187547,2,,,0,61,,187535,2,,,0,22,,187549,2,0,10,0,20,,187563,2,0,10,0,61,,187545,2,0,10,0,20,,187550,2,0,10,0,21,,187558,2,0,10,0,61,,187518,2,0,10,0,22,,187543,2,0,10,0,60,,187522,2,0,10,0,20,,187551,2,0,10,0,22,,187521,2,0,10,0,60,,187564,2,0,10,0,19,,187541,2,0,10,0,31,,187537,2,0,10,0
661400,'3',943,,187591,2,,,0,16,,187592,2,,,0,54,,187593,2,,,0,15,,187594,2,,,0,14,,187595,2,,,0,16,,187596,2,,,0,55,,187597,2,,,0,14,,187598,2,,,0,14,,187599,2,,,0,15,,187600,2,,,0,54,,187601,2,,,0,12,,187602,2,,,0,11,,187603,2,,,0,12,,187604,2,,,0,12,,187605,2,,,0,52,,187606,2,,,0,12,,187607,2,,,0,12,,187608,2,,,0,12,,187609,2,,,0,12,,187610,2,,,0,52,,187611,2,,,0,12,,187612,2,,,0,13,,187613,2,,,0,13,,187614,2,,,0,53,,187615,2,,,0,12,,187616,2,,,0,12,,187617,2,,,0,12,,187618,2,,,0,13,,187619,2,,,0,54,,187620,2,,,0,15,,187621,2,,,0,15,,187622,2,,,0,16,,187623,2,,,0,55,,187624,2,,,0,15,,187625,2,,,0,15,,187626,2,,,0,15,,187627,2,,,0,55,,187628,2,,,0,15,,187629,2,,,0,20,,187630,2,,,0,19,,187631,2,,,0,59,,187632,2,,,0,20,,187633,2,0,10,0,19,,187634,2,0,10,0,60,,187635,2,0,10,0,20,,187636,2,0,10,0,20,,187637,2,0,10,0,64,,187638,2,0,10,0,26,,187639,2,0,10,0,60,,187640,2,0,10,0,19,,187641,2,0,10,0,22,,187642,2,0,10,0,63,,187643,2,0,10,0,19,,187644,2,0,10,0,25,,187645,2,0,10,0
661900,'1',751,,190166,2,,,0,57,,190168,2,,,0,15,,190170,2,,,0,19,,190172,2,,,0,17,,190174,2,,,0,58,,190176,2,,,0,25,,190178,2,,,0,64,,190180,2,,,0,23,,190182,2,,,0,22,,190184,2,,,0,462,,190214,2,,,0,13,,190216,2,,,0,16,,190217,2,,,0,58,,190219,2,,,0,13,,190221,2,,,0,14,,190223,2,,,0,14,,190225,2,,,0,16,,190227,2,,,0,49,,190228,2,,,0,24,,190230,2,,,0,28,,190232,2,,,0,55,,190233,2,,,0
664100,'1',624,,198159,2,0,25 8,0,18,,198160,2,0,25 8,0,8,,198161,2,0,25 8,0,5,,198162,2,0,25 8,0,45,,198163,2,0,25 8,0,6,,198164,2,0,25 8,0,2,,198165,2,0,25 8,0,5,,198166,2,0,25 8,0,3,,198167,2,0,25 8,0,3,,198348,2,0,25 8,0,1,,198168,2,0,25 8,0,6,,198169,2,0,25 8,0,3,,198170,2,0,25 8,0,3,,198171,2,0,25 8,0,6,,198172,2,0,25 8,0,4,,198173,2,0,25 8,0,3,,198174,2,0,25 8,0,3,,198175,2,0,25 8,0,3,,198176,2,0,25 8,0,3,,198177,2,0,25 8,0,3,,198178,2,0,25 8,0,43,,198179,2,0,25 8,0,2,,198180,2,0,25 8,0,5,,198181,2,0,25 8,0,3,,198182,2,0,25 8,0,2,,198183,2,0,25 8,0,3,,198124,2,,,0,2,,198125,2,0,25 8,0,3,,198126,2,0,25 8,0,3,,198127,2,0,25 8,0,3,,198128,2,0,25 8,0,3,,198129,2,0,25 8,0,4,,198130,2,0,25 8,0,5,,198131,2,0,25 8,0,2,,198132,2,0,25 8,0,4,,198133,2,0,25 8,0,2,,198134,2,0,25 8,0,3,,198135,2,,,0,4,,198136,2,0,25 8,0,4,,198137,2,0,25 8,0,44,,198138,2,,,0,2,,198139,2,0,25 8,0,4,,198140,2,0,25 8,0,4,,198141,2,0,25 8,0,3,,198142,2,0,25 8,0,3,,198143,2,0,25 8,0,3,,198144,2,,,0,3,,198145,2,0,25 8,0,3,,198146,2,,,0,3,,198147,2,0,25 8,0,3,,198148,2,0,25 8,0,3,,198149,2,,,0,3,,198150,2,0,25 8,0,3,,198151,2,0,25 8,0,3,,198152,2,,,0,3,,198153,2,0,25 8,0,3,,198154,2,0,25 8,0,3,,198155,2,,,0,3,,198156,2,,,0,3,,198123,2,,,0,43,,198184,2,0,25 8,0,3,,198185,2,,,0,3,,198186,2,0,25 8,0,3,,198187,2,,,0,3,,198188,2,0,25 8,0,3,,198189,2,0,25 8,0,3,,198349,2,,,0,3,,198190,2,,,0,3,,198191,2,0,25 8,0,4,,198192,2,0,25 8,0,4,,198193,2,0,25 8,0,4,,198194,2,0,25 8,0,5,,198195,2,,,0,4,,198196,2,0,25 8,0,5,,198197,2,0,25 8,0,5,,198198,2,,,0,43,,198199,2,0,25 8,0,4,,198200,2,0,25 8,0,5,,198201,2,0,25 8,0,5,,198202,2,0,25 8,0,5,,198203,2,0,25 8,0,5,,198204,2,0,25 8,0,6,,198205,2,,,0,5,,198206,2,,,0,3,,198207,2,0,25 8,0,8,,198208,2,0,25 8,0,6,,198209,2,0,25 8,0,6,,198210,2,0,25 8,0,46,,198211,2,0,25 8,0,6,,198212,2,0,25 8,0,5,,198213,2,0,25 8,0,8,,198214,2,0,25 8,0,5,,198215,2,0,25 8,0,5,,198216,2,0,25 8,0,8,,198217,2,0,25 8,0,6,,198218,2,0,25 8,0,9,,198219,2,0,25 8,0,46,,198220,2,0,25 8,0,6,,198350,2,0,25 8,0,4,,198221,2,0,25 8,0,9,,198222,2,0,25 8,0,7,,198223,2,0,25 8,0,7,,198224,2,0,25 8,0,8,,198225,2,0,25 8,0,5,,198226,2,0,25 8,0,6,,198227,2,0,25 8,0,47,,198228,2,0,25 8,0,6,,198229,2,0,25 8,0,5,,198230,2,0,25 8,0,5,,198231,2,0,25 8,0,5,,198232,2,0,25 8,0,8,,198233,2,0,25 8,0,6,,198234,2,0,25 8,0,3,,198351,2,0,25 8,0,3,,198235,2,0,25 8,0,3,,198236,2,0,25 8,0,3,,198237,2,0,25 8,0,3,,198238,2,0,25 8,0,3,,198239,2,0,25 8,0,3,,198240,2,0,25 8,0,44,,198241,2,0,25 8,0,3,,198242,2,0,25 8,0,4,,198243,2,0,25 8,0,4,,198244,2,0,25 8,0,4,,198245,2,0,25 8,0,2,,198246,2,0,25 8,0,3,,198247,2,0,25 8,0,3,,198248,2,0,25 8,0,2,,198249,2,0,25 8,0,4,,198250,2,0,25 8,0,5,,198251,2,0,25 8,0,2,,198252,2,0,25 8,0,4,,198253,2,0,25 8,0,2,,198254,2,0,25 8,0,3,,198255,2,0,25 8,0,3,,198256,2,0,25 8,0,2,,198257,2,0,25 8,0,3,,198258,2,0,25 8,0,4,,198259,2,0,25 8,0,47,,198261,2,0,25 8,0,6,,198262,2,0,25 8,0,3,,198263,2,0,25 8,0,3,,198264,2,0,25 8,0,4,,198265,2,0,25 8,0,2,,198266,2,0,25 8,0,3,,198267,2,0,25 8,0,4,,198268,2,,,0,2,,198269,2,0,25 8,0,3,,198270,2,,,0,3,,198271,2,,,0,3,,198272,2,0,25 8,0,3,,198273,2,0,25 8,0,3,,198274,2,,,0,3,,198275,2,,,0,3,,198276,2,0,25 8,0,4,,198277,2,0,25 8,0,2,,198278,2,,,0,44,,198279,2,0,25 8,0,2,,198280,2,,,0,3,,198281,2,0,25 8,0,2,,198282,2,,,0,3,,198283,2,0,25 8,0,5,,198284,2,0,25 8,0,2,,198285,2,,,0,3,,198286,2,,,0,5,,198287,2,,,0,2,,198288,2,0,25 8,0,4,,198289,2,0,25 8,0,3,,198290,2,,,0,2,,198291,2,0,25 8,0,3,,198292,2,0,25 8,0,2,,198293,2,,,0,3,,198294,2,0,25 8,0,4,,198295,2,,,0,4,,198296,2,,,0,3,,198297,2,,,0,46,,198298,2,,,0,3,,198299,2,,,0,3,,198300,2,0,25 8,0,4,,198301,2,0,25 8,0,4,,198302,2,,,0,4,,198303,2,0,25 8,0,3,,198304,2,,,0,5,,198305,2,0,25 8,0,5,,198306,2,0,25 8,0,4,,198307,2,0,25 8,0,7,,198308,2,,,0,6,,198309,2,0,25 8,0,6,,198310,2,,,0,45,,198311,2,0,25 8,0,6,,198312,2,0,25 8,0,10,,198313,2,,,0,3,,198314,2,0,25 8,0,7,,198315,2,0,25 8,0,7,,198316,2,,,0,7,,198317,2,0,25 8,0,7,,198318,2,0,25 8,0,7,,198319,2,0,25 8,0,49,,198320,2,0,25 8,0,8,,198321,2,,,0,8,,198322,2,,,0,7,,198323,2,0,25 8,0,8,,198324,2,0,25 8,0,10,,198325,2,,,0,10,,198326,2,,,0,50,,198327,2,0,25 8,0,10,,198328,2,,,0,9,,198329,2,0,25 8,0,11,,198330,2,0,25 8,0,10,,198331,2,0,25 8,0,12,,198332,2,0,25 8,0,55,,198333,2,,,0,15,,198334,2,0,25 8,0,15,,198335,2,0,25 8,0,15,,198336,2,0,25 8,0,55,,198337,2,0,25 8,0,15,,198338,2,0,25 8,0,15,,198339,2,0,25 8,0,15,,198340,2,0,25 8,0,55,,198341,2,0,25 8,0,15,,198342,2,0,25 8,0,15,,198343,2,0,25 8,0,15,,198344,2,0,25 8,0,55,,198345,2,0,25 8,0,100,,198346,2,0,25 8,0,35,,198347,2,,,0
664100,'1101',2542,,198121,2,,,0
664100,'1201',2542,,198122,2,0,25 8,0
664100,'2',613,,198352,2,0,25 8,0,17,,198353,2,0,25 8,0,16,,198354,2,0,25 8,0,56,,198355,2,0,25 8,0,13,,198356,2,0,25 8,0,10,,198357,2,0,25 8,0,10,,198358,2,0,25 8,0,10,,198359,2,0,25 8,0,10,,198360,2,0,25 8,0,51,,198361,2,0,25 8,0,11,,198362,2,0,25 8,0,10,,198363,2,0,25 8,0,10,,198364,2,0,25 8,0,11,,198365,2,0,25 8,0,10,,198366,2,0,25 8,0,50,,198367,2,0,25 8,0,8,,198368,2,0,25 8,0,6,,198369,2,0,25 8,0,9,,198370,2,0,25 8,0,8,,198371,2,0,25 8,0,6,,198372,2,0,25 8,0,6,,198373,2,0,25 8,0,6,,198374,2,0,25 8,0,47,,198375,2,0,25 8,0,7,,198376,2,0,25 8,0,8,,198377,2,0,25 8,0,7,,198378,2,0,25 8,0,8,,198379,2,0,25 8,0,7,,198380,2,0,25 8,0,9,,198381,2,0,25 8,0,8,,198382,2,0,25 8,0,48,,198383,2,0,25 8,0,8,,198384,2,0,25 8,0,9,,198385,2,0,25 8,0,6,,198386,2,0,25 8,0,8,,198387,2,0,25 8,0,8,,198388,2,0,25 8,0,8,,198389,2,0,25 8,0,47,,198390,2,0,25 8,0,7,,198391,2,0,25 8,0,7,,198392,2,0,25 8,0,7,,198393,2,0,25 8,0,7,,198394,2,0,25 8,0,8,,198395,2,0,25 8,0,7,,198396,2,0,25 8,0,7,,198397,2,0,25 8,0,6,,198398,2,0,25 8,0,47,,198399,2,0,25 8,0,6,,198400,2,0,25 8,0,6,,198401,2,0,25 8,0,7,,198402,2,0,25 8,0,7,,198403,2,0,25 8,0,6,,198404,2,0,25 8,0,6,,198405,2,0,25 8,0,6,,198406,2,0,25 8,0,6,,198407,2,0,25 8,0,6,,198408,2,0,25 8,0,48,,198409,2,0,25 8,0,5,,198410,2,0,25 8,0,6,,198411,2,0,25 8,0,7,,198412,2,0,25 8,0,6,,198413,2,0,25 8,0,6,,198414,2,0,25 8,0,6,,198415,2,0,25 8,0,6,,198416,2,0,25 8,0,6,,198417,2,0,25 8,0,46,,198418,2,0,25 8,0,6,,198419,2,0,25 8,0,6,,198420,2,0,25 8,0,6,,198421,2,0,25 8,0,6,,198422,2,0,25 8,0,6,,198423,2,0,25 8,0,6,,198424,2,0,25 8,0,6,,198425,2,0,25 8,0,6,,198426,2,0,25 8,0,6,,198427,2,0,25 8,0,46,,198428,2,0,25 8,0,6,,198429,2,0,25 8,0,6,,198430,2,0,25 8,0,7,,198431,2,0,25 8,0,6,,198432,2,,,0,6,,198433,2,0,25 8,0,6,,198434,2,0,25 8,0,6,,198435,2,,,0,6,,198436,2,0,25 8,0,6,,198437,2,0,25 8,0,46,,198438,2,,,0,6,,198439,2,0,25 8,0,6,,198440,2,,,0,6,,198441,2,0,25 8,0,6,,198442,2,0,25 8,0,6,,198443,2,0,25 8,0,6,,198444,2,,,0,6,,198445,2,0,25 8,0,6,,198446,2,,,0,6,,198447,2,0,25 8,0,47,,198448,2,0,25 8,0,9,,198449,2,0,25 8,0,7,,198450,2,0,25 8,0,9,,198451,2,0,25 8,0,9,,198452,2,0,25 8,0,8,,198453,2,,,0,7,,198454,2,0,25 8,0,48,,198455,2,0,25 8,0,7,,198456,2,,,0,8,,198457,2,0,25 8,0,7,,198458,2,0,25 8,0,8,,198459,2,,,0,9,,198460,2,0,25 8,0,7,,198461,2,0,25 8,0,8,,198462,2,0,25 8,0,50,,198463,2,0,25 8,0,10,,198464,2,0,25 8,0,10,,198465,2,0,25 8,0,10,,198466,2,0,25 8,0,10,,198467,2,0,25 8,0,10,,198468,2,0,25 8,0,50,,198469,2,0,25 8,0,11,,198470,2,0,25 8,0,9,,198471,2,0,25 8,0,10,,198472,2,,,0,10,,198473,2,0,25 8,0,10,,198474,2,0,25 8,0,50,,198475,2,0,25 8,0,9,,198476,2,,,0,9,,198477,2,0,25 8,0,11,,198478,2,0,25 8,0,11,,198479,2,0,25 8,0,12,,198480,2,0,25 8,0,52,,198481,2,0,25 8,0,12,,198482,2,,,0,12,,198483,2,0,25 8,0,12,,198484,2,0,25 8,0,12,,198485,2,0,25 8,0,52,,198486,2,0,25 8,0,12,,198487,2,0,25 8,0,12,,198488,2,0,25 8,0,15,,198489,2,0,25 8,0,54,,198490,2,0,25 8,0,11,,198491,2,0,25 8,0,34,,198492,2,,,0,70,,198493,2,0,25 8,0,35,,198494,2,0,25 8,0,55,,198496,2,,,0,20,,198495,2,,,0
664100,'3',731,,198497,2,0,25 8,0,27,,198498,2,0,25 8,0,54,,198499,2,0,25 8,0,15,,198500,2,0,25 8,0,12,,198501,2,0,25 8,0,15,,198502,2,0,25 8,0,58,,198503,2,0,25 8,0,16,,198504,2,0,25 8,0,12,,198505,2,0,25 8,0,10,,198506,2,0,25 8,0,50,,198507,2,0,25 8,0,9,,198508,2,0,25 8,0,10,,198509,2,0,25 8,0,10,,198510,2,0,25 8,0,9,,198511,2,0,25 8,0,9,,198512,2,0,25 8,0,8,,198513,2,0,25 8,0,50,,198514,2,0,25 8,0,9,,198515,2,0,25 8,0,9,,198516,2,0,25 8,0,9,,198517,2,0,25 8,0,9,,198518,2,0,25 8,0,9,,198519,2,0,25 8,0,8,,198520,2,0,25 8,0,45,,198521,2,0,25 8,0,11,,198522,2,0,25 8,0,9,,198523,2,0,25 8,0,8,,198524,2,0,25 8,0,7,,198525,2,0,25 8,0,9,,198526,2,0,25 8,0,9,,198527,2,0,25 8,0,49,,198528,2,0,25 8,0,9,,198529,2,0,25 8,0,9,,198530,2,0,25 8,0,9,,198531,2,0,25 8,0,8,,198532,2,0,25 8,0,5,,198533,2,0,25 8,0,12,,198534,2,0,25 8,0,50,,198535,2,0,25 8,0,8,,198536,2,0,25 8,0,8,,198537,2,0,25 8,0,9,,198538,2,0,25 8,0,9,,198539,2,0,25 8,0,9,,198540,2,0,25 8,0,8,,198541,2,0,25 8,0,49,,198542,2,0,25 8,0,8,,198543,2,0,25 8,0,8,,198544,2,0,25 8,0,5,,198545,2,0,25 8,0,13,,198546,2,0,25 8,0,9,,198547,2,0,25 8,0,8,,198548,2,0,25 8,0,48,,198549,2,0,25 8,0,9,,198550,2,0,25 8,0,9,,198551,2,0,25 8,0,9,,198552,2,0,25 8,0,8,,198553,2,0,25 8,0,9,,198554,2,0,25 8,0,8,,198555,2,0,25 8,0,48,,198556,2,0,25 8,0,5,,198557,2,0,25 8,0,12,,198558,2,0,25 8,0,10,,198559,2,0,25 8,0,8,,198560,2,0,25 8,0,8,,198561,2,,,0,9,,198562,2,0,25 8,0,49,,198563,2,0,25 8,0,8,,198564,2,,,0,8,,198565,2,0,25 8,0,8,,198566,2,,,0,8,,198567,2,0,25 8,0,9,,198568,2,,,0,4,,198569,2,0,25 8,0,54,,198570,2,0,25 8,0,10,,198571,2,0,25 8,0,9,,198572,2,0,25 8,0,12,,198573,2,,,0,11,,198574,2,0,25 8,0,53,,198575,2,0,25 8,0,16,,198576,2,0,25 8,0,12,,198577,2,,,0,14,,198596,2,0,25 8,0,14,,198578,2,0,25 8,0,54,,198579,2,0,25 8,0,17,,198580,2,0,25 8,0,14,,198581,2,0,25 8,0,16,,198582,2,0,25 8,0,56,,198583,2,0,25 8,0,14,,198584,2,0,25 8,0,15,,198585,2,0,25 8,0,15,,198586,2,0,25 8,0,55,,198587,2,0,25 8,0,15,,198588,2,0,25 8,0,14,,198589,2,0,25 8,0,15,,198590,2,0,25 8,0,55,,198591,2,0,25 8,0,15,,198592,2,0,25 8,0,15,,198593,2,0,25 8,0,63,,198594,2,0,25 8,0,141,,198595,2,,,0
683300,'1',2540,,224962,2,,,0,73,,224964,2,,,0,32,,224963,2,,,0
683300,'2',2537,,224965,2,,,0,70,,224967,2,,,0,28,,224966,2,,,0
683300,'3',2539,,224968,2,,,0,70,,224970,2,,,0,30,,224969,2,,,0,78,,224971,2,,,0
1671800,'1',300,,227606,2,0,10,0,30,,227607,2,0,10,0,78,,227608,2,0,10,0,30,,227575,2,,,0,78,,227577,2,,,0,17,,227572,2,,,0,26,,227579,2,,,0,54,,227580,2,,,0,15,,227581,2,,,0,12,,227582,2,,,0,12,,227569,2,,,0,54,,227570,2,,,0,13,,227586,2,,,0,14,,227587,2,,,0,12,,227588,2,,,0,13,,227589,2,,,0,53,,227590,2,,,0,12,,227591,2,,,0,13,,227592,2,,,0,14,,227593,2,,,0,54,,227594,2,,,0,14,,227595,2,,,0,15,,227596,2,,,0,15,,227597,2,,,0,55,,227598,2,,,0,15,,227599,2,,,0,13,,227600,2,,,0,15,,227601,2,,,0,55,,227602,2,,,0,16,,227603,2,,,0,14,,227604,2,,,0,15,,227605,2,,,0,55,,227583,2,,,0,15,,227584,2,,,0,15,,227585,2,,,0,15,,227562,2,,,0,55,,227563,2,,,0,15,,227564,2,,,0,16,,227534,2,,,0,15,,227535,2,,,0,53,,227536,2,,,0,8,,227537,2,,,0,8,,227574,2,,,0,14,,227538,2,,,0,15,,227539,2,,,0,12,,227540,2,,,0,53,,227541,2,,,0,12,,227542,2,,,0,10,,227612,2,,,0,10,,227543,2,,,0,10,,227544,2,,,0,50,,227545,2,,,0,10,,227546,2,,,0,10,,227547,2,,,0,10,,227548,2,,,0,9,,227549,2,,,0,9,,227550,2,,,0,51,,227611,2,,,0,9,,227551,2,,,0,9,,227552,2,,,0,10,,227553,2,,,0,10,,227554,2,,,0,12,,227555,2,,,0,54,,227556,2,,,0,12,,227557,2,,,0,13,,227558,2,,,0,12,,227559,2,0,10,0,15,,227560,2,0,10,0,55,,227561,2,0,10,0,15,,227565,2,0,10,0,17,,227566,2,0,10,0,15,,227568,2,0,10,0,58,,227567,2,0,10,0
1671800,'152201',2036,,227505,2,0,10,0,16,,227506,2,0,10,0,55,,227507,2,0,10,0,15,,227508,2,0,10,0,18,,227509,2,0,10,0,60,,227510,2,0,10,0,21,,227511,2,0,10,0,20,,227512,2,0,10,0,60,,227513,2,0,10,0,30,,227514,2,0,10,0,16,,227504,2,0,10,0,55,,227515,2,0,10,0,15,,227518,2,0,10,0,15,,227516,2,0,10,0,70,,227517,2,0,10,0
1671800,'152301',2036,,227521,2,0,10,0,16,,227522,2,0,10,0,55,,227523,2,0,10,0,15,,227524,2,0,10,0,18,,227525,2,0,10,0,60,,227526,2,0,10,0,21,,227527,2,0,10,0,20,,227528,2,0,10,0,60,,227529,2,0,10,0,30,,227530,2,0,10,0,16,,227519,2,0,10,0,55,,227531,2,0,10,0,15,,227520,2,0,10,0,15,,227532,2,0,10,0,70,,227533,2,0,10,0
1671800,'2',301,,227710,2,0,10,0,30,,227711,2,0,10,0,76,,227706,2,0,10,0,30,,227641,2,,,0,81,,227672,2,,,0,21,,227673,2,,,0,15,,227650,2,,,0,56,,227651,2,,,0,19,,227652,2,,,0,20,,227653,2,,,0,55,,227654,2,,,0,14,,227655,2,,,0,13,,227656,2,,,0,13,,227658,2,,,0,11,,227659,2,,,0,53,,227660,2,,,0,14,,227661,2,,,0,15,,227662,2,,,0,15,,227663,2,,,0,52,,227664,2,,,0,15,,227665,2,,,0,15,,227666,2,,,0,15,,227667,2,,,0,54,,227668,2,,,0,15,,227669,2,,,0,12,,227670,2,,,0,12,,227671,2,,,0,12,,227657,2,,,0,51,,227642,2,,,0,12,,227674,2,,,0,13,,227675,2,,,0,12,,227676,2,,,0,13,,227677,2,,,0,49,,227643,2,,,0,10,,227678,2,,,0,11,,227679,2,,,0,10,,227680,2,,,0,10,,227681,2,,,0,10,,227682,2,,,0,49,,227644,2,,,0,10,,227683,2,,,0,10,,227684,2,,,0,10,,227685,2,,,0,10,,227686,2,,,0,11,,227687,2,,,0,51,,227645,2,,,0,11,,227688,2,,,0,10,,227689,2,,,0,10,,227690,2,,,0,10,,227691,2,,,0,10,,227692,2,,,0,50,,227646,2,,,0,10,,227693,2,,,0,10,,227694,2,,,0,10,,227696,2,,,0,10,,227697,2,,,0,10,,227698,2,,,0,50,,227647,2,,,0,9,,227699,2,,,0,12,,227700,2,,,0,10,,227695,2,,,0,9,,227701,2,,,0,10,,227702,2,,,0,50,,227648,2,,,0,11,,227703,2,,,0,11,,227704,2,,,0,12,,227705,2,,,0,12,,227613,2,,,0,52,,227614,2,,,0,12,,227615,2,,,0,13,,227616,2,,,0,13,,227617,2,0,10,0,15,,227618,2,0,10,0,55,,227619,2,0,10,0,15,,227620,2,0,10,0,18,,227621,2,0,10,0,55,,227622,2,0,10,0,14,,227623,2,0,10,0,14,,227624,2,0,10,0,18,,227625,2,0,10,0,55,,227626,2,0,10,0,15,,227627,2,0,10,0,20,,227636,2,0,10,0,20,,227628,2,0,10,0,60,,227629,2,0,10,0,22,,227630,2,0,10,0,61,,227631,2,0,10,0,24,,227632,2,0,10,0,31,,227633,2,0,10,0,70,,227634,2,0,10,0,32,,227635,2,0,10,0
1671800,'3',300,,227796,2,0,10,0,30,,227797,2,0,10,0,76,,227794,2,0,10,0,30,,227795,2,0,10,0,77,,227790,2,,,0,22,,227731,2,,,0,20,,227737,2,,,0,61,,227738,2,,,0,24,,227791,2,,,0,60,,227739,2,,,0,14,,227741,2,,,0,15,,227714,2,,,0,14,,227740,2,,,0,11,,227742,2,,,0,53,,227743,2,,,0,14,,227744,2,,,0,15,,227745,2,,,0,15,,227746,2,,,0,55,,227747,2,,,0,16,,227748,2,,,0,14,,227749,2,,,0,16,,227750,2,,,0,56,,227751,2,,,0,16,,227752,2,,,0,12,,227753,2,,,0,14,,227754,2,,,0,53,,227755,2,,,0,14,,227775,2,,,0,13,,227756,2,,,0,11,,227757,2,,,0,13,,227758,2,,,0,52,,227715,2,,,0,11,,227759,2,,,0,12,,227760,2,,,0,12,,227761,2,,,0,12,,227762,2,,,0,52,,227716,2,,,0,13,,227763,2,,,0,12,,227764,2,,,0,13,,227765,2,,,0,12,,227766,2,,,0,52,,227727,2,,,0,13,,227767,2,,,0,12,,227768,2,,,0,13,,227769,2,,,0,12,,227770,2,,,0,52,,227728,2,,,0,12,,227771,2,,,0,11,,227772,2,,,0,12,,227773,2,,,0,12,,227736,2,,,0,51,,227729,2,,,0,11,,227774,2,,,0,12,,227732,2,,,0,12,,227733,2,,,0,12,,227734,2,,,0,52,,227730,2,,,0,12,,227717,2,,,0,14,,227718,2,,,0,14,,227719,2,,,0,55,,227720,2,,,0,15,,227721,2,,,0,15,,227722,2,,,0,16,,227723,2,0,10,0,55,,227724,2,0,10,0,16,,227725,2,0,10,0,15,,227726,2,0,10,0,15,,227735,2,0,10,0,55,,227793,2,0,10,0,15,,227777,2,0,10,0,20,,227778,2,0,10,0,15,,227779,2,0,10,0,55,,227780,2,0,10,0,15,,227792,2,0,10,0,20,,227781,2,0,10,0,60,,227782,2,0,10,0,20,,227783,2,0,10,0,22,,227784,2,0,10,0,61,,227785,2,0,10,0,24,,227786,2,0,10,0,71,,227787,2,0,10,0,30,,227788,2,0,10,0,70,,227789,2,0,10,0
