674100,'1',419,,219426,16,,,0,32,,219427,16,,,0,66,,219428,16,,,0,17,,219429,16,,,0,14,,219430,16,,,0,59,,219431,16,,,0,52,,219438,13,,,0,71,,219441,13,,,0,24,,219443,16,,,0,53,,219444,16,,,0,17,,219445,13,,,0,13,,219446,16,,,0,13,,219447,16,,,0,70,,219449,16,,,0,17,,219450,16,,,0,14,,219451,16,,,0,59,,219452,16,,,0,30,,219453,16,,,0,67,,219454,16,,,0,20,,219495,16,,,0,24,,219455,16,,,0,56,,219456,16,,,0,20,,219493,16,,,0,20,,219457,16,,,0,60,,219492,16,,,0,19,,219458,16,,,0,21,,219494,16,,,0,61,,219459,16,,,0,16,,219460,16,,,0,12,,219461,16,,,0,13,,219462,16,,,0,53,,219463,16,,,0,15,,219464,16,,,0,16,,219465,16,,,0,16,,219466,16,,,0,56,,219467,16,,,0,15,,219468,16,,,0,15,,219469,16,,,0,15,,219470,16,,,0,58,,219471,16,,,0,15,,219472,16,,,0,15,,219473,13,,,0,16,,219474,16,,,0,55,,219475,16,,,0,21,,219476,13,,,0,21,,219477,16,,,0,60,,219478,16,,,0,19,,219479,16,,,0,19,,219480,16,,,0,60,,219481,16,,,0,20,,219482,16,,,0,20,,219483,16,,,0,67,,219484,16,,,0,32,,219485,16,,,0,70,,219486,16,,,0,30,,219487,16,,,0,72,,219488,16,,,0,100,,219489,16,,,0,92,,219490,16,,,0,139,,219491,16,0,96 99,0
674100,'101',1506,,219425,16,,,0
674100,'2',426,,219541,16,,,0,102,,219540,16,,,0,105,,219539,16,,,0,69,,219538,16,,,0,23,,219546,16,,,0,23,,219537,16,,,0,62,,219535,16,,,0,20,,219547,16,,,0,21,,219534,16,,,0,59,,219533,16,,,0,21,,219548,16,,,0,21,,219532,16,,,0,60,,219536,16,,,0,21,,219549,16,,,0,21,,219531,16,,,0,61,,219530,16,,,0,20,,219502,16,,,0,18,,219529,16,,,0,59,,219528,16,,,0,20,,219501,16,,,0,22,,219527,16,,,0,60,,219526,16,,,0,20,,219500,16,,,0,20,,219525,16,,,0,60,,219524,16,,,0,20,,219499,16,,,0,20,,219511,16,,,0,61,,219510,16,,,0,20,,219498,16,,,0,20,,219523,16,,,0,55,,219542,16,,,0,15,,219522,16,,,0,13,,219497,16,,,0,15,,219521,16,,,0,55,,219543,16,,,0,17,,219520,16,,,0,15,,219496,16,,,0,15,,219503,16,,,0,55,,219544,16,,,0,15,,219519,16,,,0,20,,219518,16,,,0,60,,219517,16,,,0,19,,219545,16,,,0,20,,219516,16,,,0,60,,219515,16,,,0,32,,219514,16,,,0,70,,219513,16,,,0,30,,219505,16,,,0,70,,219512,16,,,0,31,,219504,16,,,0,77,,219509,16,,,0,99,,219508,16,,,0,108,,219507,16,,,0,124,,219506,16,,,0
674100,'3',427,,219595,16,,,0,100,,219594,16,,,0,107,,219593,16,,,0,72,,219592,16,,,0,29,,219591,16,,,0,70,,219589,16,,,0,20,,219601,16,,,0,21,,219588,16,,,0,60,,219587,16,,,0,20,,219602,16,,,0,21,,219586,16,,,0,60,,219590,16,,,0,18,,219603,16,,,0,20,,219585,16,,,0,60,,219584,16,,,0,19,,219604,16,,,0,19,,219556,16,,,0,60,,219583,16,,,0,21,,219582,16,,,0,19,,219555,16,,,0,60,,219581,16,,,0,20,,219580,16,,,0,17,,219554,16,,,0,60,,219579,16,,,0,23,,219578,16,,,0,20,,219553,16,,,0,60,,219565,16,,,0,19,,219564,16,,,0,17,,219552,16,,,0,15,,219577,16,,,0,55,,219596,16,,,0,14,,219576,16,,,0,15,,219551,16,,,0,15,,219575,16,,,0,55,,219597,16,,,0,15,,219574,16,,,0,15,,219550,16,,,0,15,,219557,16,,,0,56,,219598,16,,,0,14,,219573,16,,,0,15,,219572,16,,,0,15,,219599,16,,,0,55,,219571,16,,,0,16,,219600,16,,,0,21,,219570,16,,,0,60,,219569,16,,,0,34,,219568,16,,,0,69,,219567,16,,,0,30,,219559,16,,,0,70,,219566,16,,,0,30,,219558,16,,,0,74,,219563,16,,,0,101,,219562,16,,,0,110,,219561,16,,,0,120,,219560,16,,,0
674200,'1',544,,219774,16,,,0,90,,219775,16,,,0,13,,219768,16,,,0,73,,219769,16,,,0,28,,219770,16,,,0,74,,219771,16,,,0,28,,219772,16,,,0,53,,219773,16,,,0
674400,'1',621,,219812,14,0,89 90 12,0,82,,219813,14,,,0,17,,219814,14,,,0,25,,219815,14,,,0,11,,219816,14,,,0,53,,219817,14,,,0,819,,219818,14,0,89 90 12,0,79,,219819,14,0,89 90 12,0,44,,219820,14,0,89 90 12,0,69,,219821,14,0,89 90 12,0,84,,219822,14,0,89 90 12,0,26,,219823,14,0,89 90 12,0
684400,'1',935,,225383,13,0,89 90 12,0,100,,225382,13,0,89 90 12,0,100,,225381,13,0,89 90 12,0,100,,225380,13,0,89 90 12,0,100,,225379,13,0,89 90 12,0,100,,225391,13,0,89 90 12,0,100,,225390,13,0,89 90 12,0,101,,225389,13,0,89 90 12,0,103,,225388,13,0,89 90 12,0,97,,225387,13,0,89 90 12,0,100,,225386,13,0,89 90 12,0,100,,225385,13,0,89 90 12,0,99,,225384,13,0,89 90 12,0
684400,'2',924,,225392,13,0,89 90 12,0,102,,225394,13,0,89 90 12,0,101,,225393,13,0,89 90 12,0,99,,225404,13,0,89 90 12,0,100,,225403,13,0,89 90 12,0,100,,225402,13,0,89 90 12,0,100,,225401,13,0,89 90 12,0,99,,225400,13,0,89 90 12,0,100,,225399,13,0,89 90 12,0,100,,225398,13,0,89 90 12,0,99,,225397,13,0,89 90 12,0,105,,225396,13,0,89 90 12,0,100,,225395,13,0,89 90 12,0
684400,'3',925,,225414,13,0,89 90 12,0,101,,225411,13,0,89 90 12,0,100,,225410,13,0,89 90 12,0,100,,225407,13,0,89 90 12,0,100,,225406,13,0,89 90 12,0,101,,225405,13,0,89 90 12,0,99,,225416,13,0,89 90 12,0,99,,225415,13,0,89 90 12,0,100,,225413,13,0,89 90 12,0,100,,225409,13,0,89 90 12,0,100,,225412,13,0,89 90 12,0,100,,225408,13,0,89 90 12,0
1169601,'1',518,,227038,36,0,89 90 12,0,30,,227039,36,0,89 90 12,0,70,,227040,36,0,89 90 12,0,34,,227041,36,0,89 90 12,0,70,,227042,36,0,89 90 12,0,31,,227043,36,0,89 90 12,0,71,,227044,36,0,89 90 12,0,30,,227045,36,0,89 90 12,0,70,,227046,36,0,89 90 12,0,30,,227066,36,0,89 90 12,0,70,,227047,36,0,89 90 12,0,30,,227067,36,0,89 90 12,0,70,,227048,36,0,89 90 12,0,32,,227068,36,0,89 90 12,0,69,,227049,36,0,89 90 12,0,29,,227069,36,0,89 90 12,0,72,,227050,36,0,89 90 12,0,30,,227070,36,0,89 90 12,0,70,,227051,36,0,89 90 12,0,32,,227071,36,0,89 90 12,0,70,,227052,36,0,89 90 12,0,30,,227063,36,0,89 90 12,0,70,,227053,36,0,89 90 12,0,30,,227054,36,0,89 90 12,0,70,,227055,36,0,89 90 12,0,27,,227056,36,0,89 90 12,0,70,,227057,36,0,89 90 12,0,30,,227058,36,0,89 90 12,0,67,,227059,36,0,89 90 12,0,30,,227072,36,0,89 90 12,0,68,,227060,36,0,89 90 12,0,30,,227073,36,0,89 90 12,0,70,,227061,36,0,89 90 12,0,30,,227074,36,0,89 90 12,0,70,,227062,36,0,89 90 12,0,30,,227075,36,0,89 90 12,0,70,,227064,36,0,89 90 12,0,30,,227076,36,0,89 90 12,0,70,,227065,36,0,89 90 12,0
1169601,'2',644,,227077,36,0,89 90 12,0,72,,227078,36,0,89 90 12,0,29,,227105,36,0,89 90 12,0,70,,227079,36,0,89 90 12,0,33,,227080,36,0,89 90 12,0,70,,227106,36,0,89 90 12,0,31,,227081,36,0,89 90 12,0,70,,227082,36,0,89 90 12,0,31,,227083,36,0,89 90 12,0,70,,227084,36,0,89 90 12,0,30,,227085,36,0,89 90 12,0,71,,227086,36,0,89 90 12,0,30,,227087,36,0,89 90 12,0,70,,227088,36,0,89 90 12,0,30,,227089,36,0,89 90 12,0,69,,227090,36,0,89 90 12,0,30,,227091,36,0,89 90 12,0,71,,227092,36,0,89 90 12,0,27,,227093,36,0,89 90 12,0,71,,227094,36,0,89 90 12,0,30,,227095,36,0,89 90 12,0,70,,227096,36,0,89 90 12,0,30,,227097,36,0,89 90 12,0,70,,227098,36,0,89 90 12,0,29,,227099,36,0,89 90 12,0,70,,227100,36,0,89 90 12,0,30,,227101,36,0,89 90 12,0,67,,227102,36,0,89 90 12,0,30,,227107,36,0,89 90 12,0,70,,227103,36,0,89 90 12,0,30,,227108,36,0,89 90 12,0,70,,227104,36,0,89 90 12,0
1169601,'3',716,,227109,36,0,89 90 12,0,31,,227133,36,0,89 90 12,0,70,,227110,36,0,89 90 12,0,30,,227111,36,0,89 90 12,0,72,,227134,36,0,89 90 12,0,29,,227112,36,0,89 90 12,0,70,,227113,36,0,89 90 12,0,30,,227114,36,0,89 90 12,0,69,,227115,36,0,89 90 12,0,30,,227116,36,0,89 90 12,0,72,,227117,36,0,89 90 12,0,32,,227118,36,0,89 90 12,0,71,,227119,36,0,89 90 12,0,30,,227120,36,0,89 90 12,0,68,,227121,36,0,89 90 12,0,30,,227122,36,0,89 90 12,0,68,,227123,36,0,89 90 12,0,33,,227124,36,0,89 90 12,0,71,,227125,36,0,89 90 12,0,30,,227126,36,0,89 90 12,0,69,,227127,36,0,89 90 12,0,30,,227128,36,0,89 90 12,0,70,,227129,36,0,89 90 12,0,28,,227130,36,0,89 90 12,0,70,,227131,36,0,89 90 12,0,30,,227135,36,0,89 90 12,0,69,,227132,36,0,89 90 12,0,28,,227136,36,0,89 90 12,0,68,,227137,36,0,89 90 12,0
