662700,'1',615,,194546,36,,,0,7,,194461,36,,,0,11,,194474,36,,,0,12,,194476,62,,,0,12,,194469,62,,,0,51,,194458,36,,,0,13,,194468,62,,,0,10,,194537,62,,,0,13,,194531,62,,,0,9,,194457,36,,,0,49,,194505,62,,,0,8,,194530,62,,,0,7,,194529,62,,,0,6,,194456,62,,,0,8,,194455,62,,,0,7,,194528,62,,,0,9,,194466,62,,,0,6,,194454,62,,,0,48,,194541,62,,,0,7,,194536,62,,,0,7,,194542,62,,,0,7,,194527,62,,,0,6,,194538,62,,,0,8,,194550,62,,,0,5,,194543,62,,,0,8,,194467,62,,,0,7,,194551,62,,,0,48,,194552,62,,,0,7,,194544,62,,,0,8,,194553,62,,,0,9,,194554,62,,,0,8,,194477,62,,,0,8,,194478,62,,,0,10,,194555,62,,,0,50,,194463,62,,,0,12,,194479,62,,,0,15,,194480,62,,,0,15,,194481,62,,,0,55,,194512,62,,,0,17,,194513,62,,,0,15,,194514,62,,,0,15,,194515,62,,,0,55,,194516,62,,,0,15,,194517,62,,,0,15,,194518,62,,,0,16,,194519,62,,,0,55,,194520,62,,,0,12,,194521,62,,,0,12,,194522,62,,,0,10,,194532,62,,,0,14,,194533,62,,,0,50,,194526,62,,,0,10,,194557,62,,,0,10,,194534,62,,,0,8,,194535,62,,,0,9,,194473,62,,,0,8,,194459,62,,,0,11,,194460,62,,,0,48,,194462,62,,,0,9,,194472,62,,,0,8,,194524,62,,,0,9,,194464,62,,,0,8,,194471,62,,,0,9,,194465,62,,,0,9,,194482,62,,,0,48,,194483,62,,,0,8,,194484,62,,,0,8,,194525,62,,,0,7,,194485,62,,,0,6,,194470,62,,,0,7,,194539,62,,,0,6,,194547,62,,,0,4,,194486,62,,,0,6,,194540,62,,,0,47,,194487,62,,,0,6,,194556,62,,,0,7,,194488,62,,,0,7,,194489,62,,,0,9,,194490,62,,,0,8,,194491,62,,,0,4,,194548,62,,,0,8,,194492,62,,,0,49,,194493,62,,,0,9,,194494,62,,,0,6,,194495,62,,,0,10,,194496,62,,,0,10,,194497,62,,,0,11,,194549,62,,,0,55,,194498,62,,,0,13,,194503,62,,,0,15,,194508,62,,,0,13,,194511,62,,,0,55,,194499,62,,,0,14,,194500,62,,,0,16,,194501,62,,,0,11,,194523,62,,,0,60,,194502,62,,,0,20,,194545,62,,,0,20,,194475,62,,,0,65,,194504,62,,,0,28,,194506,62,,,0,69,,194507,62,,,0,26,,194509,62,,,0
662700,'2',709,,194566,48,,,0,22,,194565,62,,,0,15,,194564,62,,,0,55,,194578,62,,,0,15,,194573,62,,,0,15,,194623,62,,,0,17,,194622,62,,,0,57,,194621,62,,,0,15,,194618,62,,,0,15,,194616,62,,,0,15,,194615,62,,,0,57,,194614,62,,,0,15,,194613,62,,,0,18,,194612,62,,,0,15,,194611,62,,,0,55,,194610,62,,,0,15,,194582,62,,,0,14,,194609,62,,,0,15,,194608,62,,,0,58,,194607,62,,,0,15,,194606,62,,,0,14,,194605,62,,,0,17,,194604,62,,,0,54,,194603,62,,,0,15,,194602,62,,,0,15,,194601,62,,,0,15,,194581,62,,,0,55,,194592,62,,,0,13,,194591,62,,,0,12,,194590,62,,,0,13,,194589,62,,,0,52,,194626,62,,,0,12,,194588,62,,,0,12,,194625,62,,,0,12,,194627,62,,,0,12,,194587,62,,,0,52,,194586,62,,,0,12,,194585,62,,,0,12,,194584,62,,,0,12,,194628,62,,,0,11,,194583,62,,,0,52,,194560,62,,,0,12,,194580,62,,,0,12,,194629,62,,,0,11,,194579,62,,,0,11,,194600,62,,,0,11,,194599,62,,,0,52,,194598,62,,,0,11,,194624,62,,,0,12,,194597,62,,,0,11,,194596,62,,,0,12,,194595,62,,,0,52,,194594,62,,,0,10,,194593,62,,,0,12,,194567,62,,,0,10,,194630,62,,,0,13,,194577,62,,,0,53,,194572,62,,,0,14,,194617,62,,,0,14,,194561,62,,,0,14,,194570,62,,,0,55,,194576,62,,,0,12,,194571,62,,,0,15,,194575,62,,,0,14,,194574,62,,,0,15,,194568,62,,,0,57,,194559,62,,,0,21,,194569,62,,,0,70,,194558,62,,,0,30,,194619,62,,,0,70,,194562,62,,,0,25,,194563,62,,,0
662700,'3',706,,194649,48,,,0,27,,194648,62,,,0,17,,194650,62,,,0,55,,194647,62,,,0,16,,194651,62,,,0,15,,194652,62,,,0,16,,194653,62,,,0,55,,194654,62,,,0,15,,194655,62,,,0,17,,194680,62,,,0,15,,194656,62,,,0,55,,194657,62,,,0,15,,194658,62,,,0,16,,194659,62,,,0,14,,194646,62,,,0,55,,194660,62,,,0,14,,194661,62,,,0,17,,194662,62,,,0,14,,194645,62,,,0,56,,194663,62,,,0,14,,194664,62,,,0,15,,194665,62,,,0,14,,194644,62,,,0,57,,194666,62,,,0,14,,194667,62,,,0,15,,194668,62,,,0,14,,194643,62,,,0,55,,194669,62,,,0,14,,194670,62,,,0,15,,194671,62,,,0,14,,194642,62,,,0,55,,194672,62,,,0,15,,194673,62,,,0,15,,194674,62,,,0,15,,194641,62,,,0,56,,194694,62,,,0,15,,194675,62,,,0,16,,194639,62,,,0,16,,194676,62,,,0,55,,194695,62,,,0,15,,194677,62,,,0,15,,194678,62,,,0,15,,194640,62,,,0,54,,194696,62,,,0,15,,194679,62,,,0,14,,194681,62,,,0,15,,194682,62,,,0,53,,194683,62,,,0,15,,194684,62,,,0,16,,194685,62,,,0,15,,194686,62,,,0,54,,194687,62,,,0,15,,194688,62,,,0,15,,194689,62,,,0,15,,194690,62,,,0,53,,194691,62,,,0,14,,194692,62,,,0,15,,194693,62,,,0,15,,194631,62,,,0,56,,194632,62,,,0,30,,194633,62,,,0,70,,194634,62,,,0,34,,194635,62,,,0,71,,194636,62,,,0,26,,194637,62,,,0
664901,'1',540,,201787,24,0,126,0,16,,201804,34,,,0,47,,201786,24,0,126,0,22,,201802,34,,,0,16,,201748,34,,,0,16,,201778,34,,,0,54,,201791,34,,,0,14,,201813,34,,,0,14,,201747,34,,,0,12,,201772,34,,,0,52,,201773,34,,,0,15,,201809,34,,,0,12,,201746,34,,,0,18,,201771,34,,,0,55,,201793,34,,,0,15,,201766,34,,,0,13,,201806,34,,,0,11,,201765,34,,,0,14,,201755,34,,,0,54,,201794,34,,,0,15,,201774,34,,,0,15,,201810,34,,,0,15,,201749,34,,,0,55,,201805,34,,,0,14,,201790,34,,,0,17,,201756,34,,,0,15,,201742,34,,,0,57,,201807,34,,,0,15,,201796,34,,,0,16,,201743,34,,,0,14,,201792,34,,,0,55,,201779,34,,,0,15,,201750,34,,,0,16,,201795,34,,,0,56,,201775,34,,,0,15,,201757,34,,,0,16,,201740,34,,,0,17,,201803,34,,,0,56,,201785,34,,,0,10,,201797,34,,,0,13,,201776,34,,,0,15,,201739,34,,,0,16,,201758,34,,,0,56,,201798,34,,,0,16,,201816,34,,,0,13,,201829,34,,,0,58,,201777,34,,,0,14,,201799,34,,,0,15,,201738,34,,,0,13,,201744,34,,,0,14,,201754,34,,,0,54,,201788,34,,,0,12,,201822,34,,,0,13,,201801,34,,,0,14,,201828,34,,,0,7,,201823,34,,,0,52,,201814,34,,,0,15,,201824,34,,,0,12,,201764,34,,,0,17,,201769,34,,,0,56,,201812,34,,,0,15,,201753,34,,,0,15,,201763,34,,,0,16,,201752,34,,,0,54,,201745,34,,,0,15,,201751,34,,,0,11,,201783,34,,,0,73,,201784,34,,,0,40,,201811,34,,,0,69,,201780,34,,,0,32,,201781,34,,,0,79,,201782,34,,,0,31,,201741,34,,,0,72,,201760,34,,,0,74,,201761,34,,,0,30,,201762,34,,,0
664901,'2',620,,201876,34,,,0,34,,201878,34,,,0,75,,201898,34,,,0,15,,201879,34,,,0,15,,201897,34,,,0,55,,201880,34,,,0,15,,201881,34,,,0,15,,201844,34,,,0,15,,201870,34,,,0,55,,201873,34,,,0,17,,201840,34,,,0,15,,201841,34,,,0,55,,201863,34,,,0,15,,201871,34,,,0,17,,201839,34,,,0,15,,201889,34,,,0,55,,201842,34,,,0,15,,201868,34,,,0,15,,201887,34,,,0,15,,201866,34,,,0,55,,201838,34,,,0,16,,201854,34,,,0,16,,201891,34,,,0,14,,201862,34,,,0,56,,201861,34,,,0,15,,201864,34,,,0,15,,201859,34,,,0,16,,201857,34,,,0,55,,201849,34,,,0,15,,201850,34,,,0,16,,201837,34,,,0,16,,201860,34,,,0,55,,201835,34,,,0,15,,201852,34,,,0,15,,201856,34,,,0,15,,201890,34,,,0,53,,201865,34,,,0,14,,201845,34,,,0,15,,201895,34,,,0,15,,201834,34,,,0,55,,201858,34,,,0,15,,201869,34,,,0,16,,201836,34,,,0,15,,201851,34,,,0,55,,201847,34,,,0,15,,201875,34,,,0,14,,201886,34,,,0,16,,201855,34,,,0,56,,201846,34,,,0,14,,201843,34,,,0,14,,201885,34,,,0,14,,201853,34,,,0,55,,201882,34,,,0,15,,201892,34,,,0,14,,201883,34,,,0,15,,201893,34,,,0,55,,201877,34,,,0,15,,201896,34,,,0,11,,201884,34,,,0,15,,201830,34,,,0,60,,201831,34,,,0,31,,201832,34,,,0,68,,201833,34,,,0,29,,201867,34,,,0,72,,201848,34,,,0,32,,201874,34,,,0,65,,201888,34,,,0,33,,201894,34,,,0,83,,201872,34,,,0
664901,'3',611,,201904,34,,,0,32,,201962,34,,,0,69,,201905,34,,,0,30,,201906,34,,,0,70,,201907,34,,,0,15,,201963,34,,,0,15,,201908,34,,,0,15,,201964,34,,,0,55,,201909,34,,,0,18,,201910,34,,,0,15,,201901,34,,,0,56,,201911,34,,,0,15,,201899,34,,,0,16,,201932,34,,,0,15,,201902,34,,,0,55,,201933,34,,,0,15,,201944,34,,,0,15,,201956,34,,,0,15,,201952,34,,,0,55,,201926,34,,,0,15,,201953,34,,,0,15,,201929,34,,,0,15,,201954,34,,,0,55,,201917,34,,,0,15,,201955,34,,,0,16,,201957,34,,,0,15,,201942,34,,,0,55,,201950,34,,,0,15,,201943,34,,,0,16,,201900,34,,,0,15,,201960,34,,,0,55,,201936,34,,,0,15,,201961,34,,,0,15,,201931,34,,,0,15,,201935,34,,,0,55,,201913,34,,,0,15,,201938,34,,,0,15,,201951,34,,,0,15,,201939,34,,,0,54,,201903,34,,,0,15,,201940,34,,,0,15,,201927,34,,,0,15,,201941,34,,,0,55,,201928,34,,,0,15,,201949,34,,,0,13,,201946,34,,,0,15,,201912,34,,,0,55,,201915,34,,,0,15,,201947,34,,,0,15,,201919,34,,,0,15,,201948,34,,,0,54,,201920,34,,,0,15,,201930,34,,,0,15,,201921,34,,,0,15,,201945,34,,,0,55,,201922,34,,,0,15,,201916,34,,,0,13,,201923,34,,,0,30,,201918,34,,,0,69,,201924,34,,,0,30,,201925,34,,,0,68,,201934,34,,,0,30,,201914,34,,,0,69,,201958,34,,,0,30,,201959,34,,,0,70,,201937,34,,,0
665100,'1',603,,202228,13,0,31 17,0,10,,202229,13,,,0,10,,202285,13,0,31 17,0,10,,202286,13,0,31 17,0,10,,202206,13,,,0,10,,202207,13,0,31 17,0,50,,202208,13,0,31 17,0,11,,202209,13,,,0,10,,202210,13,0,31 17,0,10,,202211,13,0,31 17,0,10,,202212,13,,,0,10,,202213,13,0,31 17,0,50,,202214,13,0,31 17,0,10,,202215,13,,,0,10,,202216,13,0,31 17,0,10,,202217,13,0,31 17,0,10,,202218,13,,,0,10,,202219,13,0,31 17,0,50,,202220,13,0,31 17,0,12,,202221,13,0,31 17,0,13,,202230,13,0,31 17,0,15,,202287,13,0,31 17,0,15,,202237,13,0,31 17,0,55,,202238,13,0,31 17,0,15,,202239,13,0,31 17,0,15,,202240,13,0,31 17,0,15,,202241,13,0,31 17,0,55,,202242,13,0,31 17,0,15,,202243,13,0,31 17,0,15,,202244,13,0,31 17,0,15,,202245,13,0,31 17,0,56,,202246,13,0,31 17,0,15,,202247,13,0,31 17,0,15,,202248,13,0,31 17,0,55,,202249,13,0,31 17,0,15,,202250,13,0,31 17,0,15,,202251,13,0,31 17,0,15,,202252,13,0,31 17,0,14,,202253,13,0,31 17,0,55,,202254,13,0,31 17,0,16,,202255,13,0,31 17,0,16,,202256,13,0,31 17,0,54,,202257,13,0,31 17,0,12,,202258,13,0,31 17,0,14,,202259,13,0,31 17,0,12,,202288,13,0,31 17,0,9,,202260,13,,,0,10,,202261,13,0,31 17,0,51,,202262,13,0,31 17,0,18,,202263,13,0,31 17,0,11,,202264,13,0,31 17,0,10,,202265,13,,,0,10,,202266,13,0,31 17,0,50,,202267,13,0,31 17,0,10,,202268,13,,,0,10,,202269,13,0,31 17,0,10,,202270,13,0,31 17,0,9,,202271,13,,,0,10,,202272,13,0,31 17,0,49,,202273,13,0,31 17,0,9,,202274,13,0,31 17,0,15,,202275,13,0,31 17,0,15,,202276,13,0,31 17,0,15,,202222,13,0,31 17,0,55,,202223,13,,,0,15,,202224,13,0,31 17,0,15,,202225,13,,,0,15,,202226,13,0,31 17,0,55,,202227,13,0,31 17,0,15,,202284,13,0,31 17,0,15,,202231,13,0,31 17,0,15,,202281,13,0,31 17,0,54,,202282,13,0,31 17,0,15,,202283,13,0,31 17,0,15,,202232,13,0,31 17,0,15,,202289,13,0,31 17,0,66,,202280,13,0,31 17,0,28,,202233,13,0,31 17,0,69,,202279,13,0,31 17,0,30,,202234,13,0,31 17,0,69,,202278,13,0,31 17,0,25,,202235,13,0,31 17,0,70,,202277,13,0,31 17,0,30,,202236,13,0,31 17,0
665100,'101',1620,,202205,13,,,0
665100,'2',607,,202291,13,0,31 17,0,20,,202292,13,0,31 17,0,20,,202293,13,0,31 17,0,60,,202294,13,0,31 17,0,15,,202295,13,0,31 17,0,15,,202296,13,0,31 17,0,16,,202297,13,0,31 17,0,56,,202298,13,0,31 17,0,15,,202299,13,0,31 17,0,15,,202300,13,0,31 17,0,15,,202301,13,0,31 17,0,55,,202302,13,0,31 17,0,15,,202303,13,0,31 17,0,15,,202304,13,0,31 17,0,15,,202305,13,0,31 17,0,55,,202306,13,0,31 17,0,15,,202307,13,0,31 17,0,15,,202308,13,0,31 17,0,16,,202309,13,0,31 17,0,55,,202310,13,0,31 17,0,15,,202311,13,0,31 17,0,15,,202312,13,0,31 17,0,15,,202313,13,0,31 17,0,55,,202314,13,0,31 17,0,15,,202315,13,0,31 17,0,15,,202316,13,0,31 17,0,15,,202317,13,0,31 17,0,55,,202318,13,0,31 17,0,15,,202319,13,0,31 17,0,15,,202320,13,0,31 17,0,16,,202321,13,0,31 17,0,55,,202322,13,0,31 17,0,14,,202323,13,0,31 17,0,15,,202324,13,0,31 17,0,15,,202325,13,0,31 17,0,56,,202326,13,0,31 17,0,16,,202327,13,0,31 17,0,15,,202328,13,0,31 17,0,15,,202329,13,0,31 17,0,55,,202330,13,0,31 17,0,15,,202331,13,0,31 17,0,15,,202332,13,0,31 17,0,15,,202333,13,0,31 17,0,55,,202334,13,0,31 17,0,15,,202335,13,0,31 17,0,14,,202336,13,0,31 17,0,15,,202337,13,0,31 17,0,55,,202338,13,0,31 17,0,14,,202339,13,0,31 17,0,15,,202340,13,0,31 17,0,15,,202341,13,0,31 17,0,55,,202342,13,0,31 17,0,15,,202343,13,0,31 17,0,15,,202344,13,0,31 17,0,15,,202345,13,0,31 17,0,55,,202346,13,0,31 17,0,14,,202347,13,0,31 17,0,15,,202348,13,0,31 17,0,15,,202349,13,0,31 17,0,55,,202350,13,0,31 17,0,15,,202351,13,0,31 17,0,15,,202352,13,0,31 17,0,15,,202353,13,0,31 17,0,60,,202354,13,0,31 17,0,20,,202355,13,0,31 17,0,20,,202356,13,0,31 17,0,69,,202357,13,0,31 17,0,30,,202358,13,0,31 17,0,68,,202359,13,0,31 17,0,30,,202360,13,0,31 17,0,70,,202361,13,0,31 17,0,29,,202362,13,0,31 17,0
665100,'201',1620,,202290,13,,,0
665100,'3',606,,202363,13,0,31 17,0,20,,202364,13,0,31 17,0,20,,202365,13,0,31 17,0,60,,202366,13,0,31 17,0,20,,202367,13,0,31 17,0,20,,202368,13,0,31 17,0,60,,202369,13,0,31 17,0,15,,202370,13,0,31 17,0,15,,202371,13,0,31 17,0,16,,202372,13,0,31 17,0,56,,202373,13,0,31 17,0,15,,202374,13,0,31 17,0,15,,202375,13,0,31 17,0,15,,202376,13,0,31 17,0,53,,202377,13,0,31 17,0,15,,202378,13,0,31 17,0,16,,202379,13,0,31 17,0,16,,202380,13,0,31 17,0,55,,202381,13,0,31 17,0,15,,202382,13,0,31 17,0,16,,202383,13,0,31 17,0,14,,202384,13,0,31 17,0,55,,202385,13,0,31 17,0,15,,202386,13,0,31 17,0,15,,202387,13,0,31 17,0,15,,202388,13,0,31 17,0,55,,202389,13,0,31 17,0,16,,202390,13,0,31 17,0,15,,202391,13,0,31 17,0,15,,202392,13,0,31 17,0,55,,202393,13,0,31 17,0,14,,202394,13,0,31 17,0,16,,202395,13,0,31 17,0,15,,202396,13,0,31 17,0,55,,202397,13,0,31 17,0,15,,202398,13,0,31 17,0,15,,202399,13,0,31 17,0,15,,202400,13,0,31 17,0,53,,202401,13,0,31 17,0,15,,202402,13,0,31 17,0,16,,202403,13,0,31 17,0,16,,202404,13,0,31 17,0,55,,202405,13,0,31 17,0,12,,202406,13,0,31 17,0,13,,202407,13,0,31 17,0,11,,202408,13,0,31 17,0,13,,202409,13,0,31 17,0,55,,202410,13,0,31 17,0,14,,202411,13,0,31 17,0,15,,202412,13,0,31 17,0,15,,202413,13,0,31 17,0,54,,202414,13,0,31 17,0,14,,202415,13,0,31 17,0,14,,202416,13,0,31 17,0,13,,202417,13,0,31 17,0,54,,202418,13,0,31 17,0,15,,202419,13,0,31 17,0,15,,202420,13,0,31 17,0,15,,202421,13,0,31 17,0,59,,202422,13,0,31 17,0,29,,202423,13,0,31 17,0,70,,202424,13,0,31 17,0,31,,202425,13,0,31 17,0,70,,202426,13,0,31 17,0,28,,202427,13,0,31 17,0,70,,202428,13,0,31 17,0,29,,202429,13,0,31 17,0,70,,202430,13,0,31 17,0,29,,202431,13,0,31 17,0
