670401,'1',454,,212546,23,4,,0,55,,212545,23,4,,0,14,,212544,23,4,,0,15,,212543,61,4,,0,19,,212542,23,4,,0,56,,212541,61,4,,0,18,,212540,23,4,,0,15,,212539,61,4,,0,56,,212595,23,4,,0,13,,212530,61,4,,0,18,,212599,23,4,,0,72,,212598,23,4,,0,18,,212575,61,4,,0,16,,212596,23,4,,0,15,,212574,61,4,,0,55,,212573,23,4,,0,14,,212572,61,4,,0,30,,212571,61,4,,0,56,,212570,23,4,,0,30,,212568,23,4,,0,15,,212567,61,4,,0,55,,212566,23,4,,0,30,,212564,23,4,,0,15,,212563,61,4,,0,55,,212555,23,4,,0,15,,212554,61,4,,0,15,,212553,23,4,,0,15,,212552,61,4,,0,56,,212561,23,4,,0,16,,212551,61,4,,0,13,,212550,23,4,,0,15,,212549,61,4,,0,55,,212548,23,4,,0,15,,212547,61,4,,0,16,,212538,23,4,,0,15,,212537,61,4,,0,56,,212536,23,4,,0,15,,212535,61,4,,0,15,,212534,23,4,,0,15,,212601,61,4,,0,55,,212532,23,4,,0,14,,212603,61,4,,0,25,,212600,61,4,,0,55,,212562,61,4,,0,13,,212528,61,4,,0,12,,212560,61,4,,0,26,,212558,61,4,,0,52,,212529,61,4,,0,11,,212557,61,4,,0,11,,212556,61,4,,0,12,,212602,61,4,,0,12,,212594,61,4,,0,53,,212527,61,4,,0,11,,212593,61,4,,0,9,,212592,23,4,,0,12,,212591,61,4,,0,12,,212590,23,4,,0,51,,212589,61,4,,0,12,,212588,23,4,,0,12,,212587,61,4,,0,17,,212586,23,4,,0,16,,212585,23,4,,0,57,,212584,61,4,,0,25,,212583,23,4,,0,68,,212582,61,4,,0,27,,212581,23,4,,0,70,,212580,61,4,,0,30,,212579,23,4,,0,102,,212577,23,4,,0,76,,212576,61,4,,0
670401,'2',601,,212671,23,4,,0,4,,212670,61,4,,0,17,,212631,23,4,,0,17,,212672,61,4,,0,17,,212633,23,4,,0,60,,212627,61,4,,0,22,,212632,23,4,,0,62,,212654,23,4,,0,25,,212657,23,4,,0,22,,212661,61,4,,0,62,,212658,23,4,,0,22,,212662,61,4,,0,15,,212659,23,4,,0,55,,212663,61,4,,0,12,,212660,23,4,,0,14,,212664,61,4,,0,12,,212665,23,4,,0,12,,212625,61,4,,0,52,,212666,23,4,,0,12,,212626,61,4,,0,13,,212628,23,4,,0,15,,212667,61,4,,0,15,,212668,23,4,,0,55,,212669,61,4,,0,16,,212604,23,4,,0,15,,212605,61,4,,0,56,,212606,23,4,,0,15,,212607,61,4,,0,15,,212608,23,4,,0,15,,212609,61,4,,0,57,,212610,23,4,,0,16,,212611,61,4,,0,16,,212612,23,4,,0,16,,212613,61,4,,0,56,,212634,23,4,,0,15,,212635,61,4,,0,15,,212636,23,4,,0,15,,212637,61,4,,0,55,,212638,23,4,,0,15,,212639,61,4,,0,15,,212640,23,4,,0,15,,212641,61,4,,0,55,,212642,23,4,,0,15,,212643,61,4,,0,13,,212644,23,4,,0,15,,212645,61,4,,0,55,,212646,23,4,,0,15,,212647,61,4,,0,15,,212623,23,4,,0,15,,212648,61,4,,0,55,,212624,23,4,,0,29,,212621,23,4,,0,15,,212650,61,4,,0,53,,212651,23,4,,0,15,,212622,61,4,,0,14,,212652,23,4,,0,15,,212630,61,4,,0,14,,212653,61,4,,0,57,,212655,23,4,,0,18,,212629,23,4,,0,20,,212656,61,4,,0,60,,212614,23,4,,0,29,,212615,61,4,,0,70,,212616,23,4,,0,32,,212617,61,4,,0,73,,212618,23,4,,0,33,,212619,61,4,,0,96,,212620,61,4,,0
670401,'3',632,,212695,23,4,,0,24,,212732,61,4,,0,66,,212694,23,4,,0,82,,212718,61,4,,0,15,,212692,23,4,,0,15,,212691,23,4,,0,17,,212703,61,4,,0,56,,212690,23,4,,0,15,,212716,61,4,,0,15,,212689,23,4,,0,15,,212696,61,4,,0,55,,212688,23,4,,0,17,,212721,61,4,,0,15,,212687,23,4,,0,15,,212682,61,4,,0,55,,212713,23,4,,0,16,,212727,61,4,,0,15,,212735,23,4,,0,15,,212683,61,4,,0,55,,212712,23,4,,0,16,,212681,61,4,,0,15,,212676,23,4,,0,15,,212698,61,4,,0,56,,212711,23,4,,0,16,,212674,61,4,,0,15,,212719,23,4,,0,14,,212731,61,4,,0,56,,212710,23,4,,0,15,,212704,61,4,,0,15,,212717,23,4,,0,16,,212725,61,4,,0,55,,212709,23,4,,0,15,,212724,61,4,,0,15,,212699,23,4,,0,14,,212730,61,4,,0,54,,212708,23,4,,0,14,,212726,61,4,,0,15,,212733,23,4,,0,14,,212675,61,4,,0,55,,212707,23,4,,0,15,,212677,61,4,,0,16,,212715,23,4,,0,15,,212723,61,4,,0,53,,212686,23,4,,0,15,,212705,61,4,,0,15,,212680,23,4,,0,15,,212700,61,4,,0,55,,212685,23,4,,0,15,,212722,61,4,,0,15,,212684,23,4,,0,15,,212714,61,4,,0,56,,212734,23,4,,0,13,,212706,61,4,,0,15,,212697,23,4,,0,13,,212702,61,4,,0,60,,212720,23,4,,0,30,,212701,23,4,,0,70,,212728,61,4,,0,28,,212729,23,4,,0,70,,212678,61,4,,0,30,,212679,23,4,,0,72,,212673,61,4,,0
670500,'1',453,,212816,21,4,,0,5,,212738,58,4,,0,49,,212804,21,4,,0,10,,212747,58,4,,0,17,,212762,58,4,,0,10,,212746,58,4,,0,360,,212758,58,4,,0,9,,212752,58,4,,0,8,,212849,58,4,,0,8,,212809,58,4,,0,8,,212768,58,4,,0,8,,212802,58,4,,0,11,,212769,58,4,,0,50,,212770,58,4,,0,10,,212771,58,4,,0,11,,212817,58,4,,0,10,,212818,58,4,,0,10,,212819,58,4,,0,10,,212820,58,4,,0,50,,212821,58,4,,0,10,,212822,58,4,,0,10,,212823,58,4,,0,10,,212824,58,4,,0,10,,212825,58,4,,0,11,,212826,58,4,,0,50,,212827,58,4,,0,10,,212828,58,4,,0,10,,212829,58,4,,0,10,,212830,58,4,,0,10,,212831,58,4,,0,10,,212832,58,4,,0,51,,212833,58,4,,0,11,,212834,58,4,,0,10,,212835,58,4,,0,10,,212836,58,4,,0,10,,212837,58,4,,0,50,,212838,58,4,,0,10,,212839,58,4,,0,10,,212840,58,4,,0,10,,212841,58,4,,0,10,,212842,58,4,,0,10,,212843,58,4,,0,9,,212844,58,4,,0,463,,212788,58,4,,0,12,,212789,58,4,,0,12,,212790,58,4,,0,13,,212791,58,4,,0,55,,212754,58,4,,0,13,,212736,58,4,,0,14,,212741,58,4,,0,14,,212737,58,4,,0,54,,212760,58,4,,0,17,,212748,58,4,,0,17,,212799,58,4,,0,60,,212742,58,4,,0,18,,212757,58,4,,0,16,,212765,58,4,,0,16,,212800,58,4,,0,56,,212740,58,4,,0,19,,212792,58,4,,0,21,,212749,58,4,,0,61,,212793,58,4,,0,30,,212751,58,4,,0,71,,212756,58,4,,0,40,,212743,58,4,,0,78,,212755,58,4,,0
670500,'2',608,,212954,58,4,,0,5,,212859,58,4,,0,10,,212879,58,4,,0,10,,212896,58,4,,0,9,,212866,58,4,,0,10,,212858,58,4,,0,49,,212903,58,4,,0,9,,212955,58,4,,0,8,,212850,58,4,,0,9,,212865,58,4,,0,8,,212911,58,4,,0,8,,212901,58,4,,0,8,,212956,58,4,,0,49,,212904,58,4,,0,8,,212893,58,4,,0,10,,212864,58,4,,0,10,,212912,58,4,,0,10,,212892,58,4,,0,10,,212857,58,4,,0,10,,212905,58,4,,0,51,,212891,58,4,,0,11,,212856,58,4,,0,12,,212889,58,4,,0,12,,212906,58,4,,0,12,,212855,58,4,,0,52,,212888,58,4,,0,12,,212861,58,4,,0,12,,212877,58,4,,0,12,,212907,58,4,,0,13,,212876,58,4,,0,52,,212860,58,4,,0,12,,212854,58,4,,0,12,,212875,58,4,,0,12,,212908,58,4,,0,12,,212881,58,4,,0,52,,212871,58,4,,0,11,,212880,58,4,,0,12,,212909,58,4,,0,11,,212862,58,4,,0,11,,212867,58,4,,0,51,,212868,58,4,,0,10,,212916,58,4,,0,10,,212917,58,4,,0,10,,212918,58,4,,0,10,,212919,58,4,,0,10,,212920,58,4,,0,50,,212921,58,4,,0,10,,212922,58,4,,0,10,,212923,58,4,,0,10,,212924,58,4,,0,10,,212925,58,4,,0,10,,212926,58,4,,0,51,,212927,58,4,,0,10,,212928,58,4,,0,10,,212929,58,4,,0,10,,212930,58,4,,0,10,,212931,58,4,,0,10,,212932,58,4,,0,50,,212933,58,4,,0,10,,212934,58,4,,0,10,,212935,58,4,,0,10,,212936,58,4,,0,10,,212937,58,4,,0,10,,212938,58,4,,0,50,,212939,58,4,,0,10,,212940,58,4,,0,10,,212941,58,4,,0,10,,212942,58,4,,0,10,,212943,58,4,,0,10,,212944,58,4,,0,50,,212945,58,4,,0,10,,212946,58,4,,0,10,,212947,58,4,,0,9,,212948,58,4,,0,10,,212949,58,4,,0,10,,212950,58,4,,0,48,,212951,58,4,,0,10,,212910,58,4,,0,10,,212952,58,4,,0,10,,212863,58,4,,0,10,,212874,58,4,,0,10,,212913,58,4,,0,52,,212894,58,4,,0,12,,212873,58,4,,0,24,,212887,58,4,,0,12,,212895,58,4,,0,54,,212914,58,4,,0,11,,212872,58,4,,0,10,,212878,58,4,,0,11,,212886,58,4,,0,12,,212870,58,4,,0,53,,212915,58,4,,0,12,,212900,58,4,,0,11,,212897,58,4,,0,12,,212885,58,4,,0,13,,212869,58,4,,0,52,,212953,58,4,,0,15,,212898,58,4,,0,13,,212890,58,4,,0,22,,212899,58,4,,0,62,,212902,58,4,,0,21,,212884,58,4,,0,16,,212882,58,4,,0,56,,212883,58,4,,0,33,,212853,21,4,,0,74,,212852,21,4,,0
670500,'3',628,,212968,58,4,,0,31,,212967,58,4,,0,52,,213032,58,4,,0,12,,213033,58,4,,0,12,,212966,58,4,,0,14,,212965,58,4,,0,52,,212964,58,4,,0,12,,213040,58,4,,0,12,,212991,58,4,,0,12,,212969,58,4,,0,15,,212975,58,4,,0,55,,212963,58,4,,0,15,,212974,58,4,,0,18,,212973,58,4,,0,14,,212983,58,4,,0,53,,213041,58,4,,0,13,,212984,58,4,,0,12,,212972,58,4,,0,13,,212989,58,4,,0,12,,212990,58,4,,0,52,,212988,58,4,,0,15,,212987,58,4,,0,15,,212986,58,4,,0,15,,212985,58,4,,0,55,,212971,58,4,,0,12,,213034,58,4,,0,12,,212970,58,4,,0,12,,212980,58,4,,0,12,,212961,58,4,,0,52,,212960,58,4,,0,12,,213035,58,4,,0,12,,212959,58,4,,0,12,,212958,58,4,,0,12,,212994,58,4,,0,52,,213036,58,4,,0,12,,212995,58,4,,0,12,,212996,58,4,,0,12,,212997,58,4,,0,12,,213027,58,4,,0,50,,212998,58,4,,0,10,,213042,58,4,,0,9,,212999,58,4,,0,10,,213000,58,4,,0,10,,213001,58,4,,0,10,,213043,58,4,,0,50,,213028,58,4,,0,10,,213002,58,4,,0,10,,213003,58,4,,0,10,,213004,58,4,,0,10,,213005,58,4,,0,10,,213029,58,4,,0,50,,213006,58,4,,0,9,,213044,58,4,,0,10,,213007,58,4,,0,10,,213008,58,4,,0,19,,213030,58,4,,0,50,,213010,58,4,,0,10,,213045,58,4,,0,10,,213011,58,4,,0,10,,213012,58,4,,0,20,,213037,58,4,,0,52,,213014,58,4,,0,12,,213015,58,4,,0,12,,213016,58,4,,0,12,,213017,58,4,,0,11,,213038,58,4,,0,52,,213018,58,4,,0,12,,213019,58,4,,0,12,,213039,58,4,,0,13,,213020,58,4,,0,16,,213021,58,4,,0,56,,213022,58,4,,0,14,,213023,58,4,,0,14,,213024,58,4,,0,14,,213026,58,4,,0,54,,212992,58,4,,0,12,,213031,58,4,,0,15,,213025,58,4,,0,15,,212982,58,4,,0,60,,212993,58,4,,0,20,,212981,58,4,,0,19,,212979,58,4,,0,68,,212978,58,4,,0,24,,212977,58,4,,0,76,,212976,58,4,,0,87,,212957,21,4,,0
670501,'1',434,,213070,1,0,76 77 89,0,24,,213063,1,0,76 77 89,0,50,,213047,1,0,76 77 57,0,10,,213071,1,0,76 77 89,0,10,,213153,1,0,76 77 57,0,10,,213050,1,0,76 77 57,0,8,,213069,1,0,76 77 89,0,10,,213072,1,0,76 77 89,0,50,,213049,1,0,76 77 57,0,9,,213154,1,0,76 77 57,0,9,,213157,1,0,76 77 57,0,9,,213100,7,0,76 77 89,0,7,,213052,7,0,76 77 57,0,9,,213061,7,0,76 77 57,0,8,,213073,7,0,76 77 57,0,49,,213156,7,0,76 77 57,0,10,,213074,7,0,76 77 57,0,10,,213106,7,0,76 77 57,0,9,,213107,7,0,76 77 57,0,10,,213075,7,0,76 77 57,0,9,,213109,7,0,76 77 57,0,50,,213076,7,0,76 77 57,0,10,,213108,7,0,76 77 57,0,10,,213077,7,0,76 77 57,0,10,,213078,7,0,76 77 57,0,10,,213110,7,0,76 77 57,0,10,,213116,7,0,76 77 57,0,50,,213079,7,0,76 77 57,0,10,,213117,1,0,76 77 57,0,10,,213118,1,0,76 77 57,0,10,,213119,1,0,76 77 57,0,10,,213120,1,0,76 77 57,0,10,,213121,1,0,76 77 57,0,50,,213122,1,0,76 77 57,0,10,,213123,1,0,76 77 57,0,10,,213124,1,0,76 77 57,0,10,,213125,1,0,76 77 57,0,10,,213126,1,0,76 77 57,0,10,,213127,1,0,76 77 57,0,50,,213128,1,0,76 77 57,0,10,,213129,1,0,76 77 57,0,10,,213130,1,0,76 77 57,0,10,,213131,1,0,76 77 57,0,10,,213132,1,0,76 77 57,0,10,,213133,1,0,76 77 57,0,50,,213134,1,0,76 77 57,0,10,,213135,1,0,76 77 57,0,10,,213136,1,0,76 77 57,0,7,,213137,1,0,76 77 57,0,10,,213138,1,0,76 77 57,0,10,,213139,1,0,76 77 57,0,50,,213140,1,0,76 77 57,0,10,,213141,1,0,76 77 57,0,10,,213142,1,0,76 77 57,0,9,,213143,1,0,76 77 57,0,10,,213144,1,0,76 77 57,0,10,,213145,1,0,76 77 57,0,50,,213146,1,0,76 77 57,0,10,,213147,1,0,76 77 57,0,10,,213148,1,0,76 77 57,0,9,,213149,1,0,76 77 57,0,10,,213101,1,0,76 77 57,0,10,,213080,1,0,76 77 57,0,10,,213111,1,0,76 77 57,0,50,,213081,1,0,76 77 57,0,10,,213082,7,0,76 77 57,0,9,,213083,7,0,76 77 57,0,10,,213102,7,0,76 77 57,0,10,,213084,7,0,76 77 57,0,10,,213112,7,0,76 77 57,0,50,,213085,7,0,76 77 57,0,9,,213086,7,0,76 77 57,0,7,,213158,7,0,76 77 57,0,10,,213103,7,0,76 77 57,0,7,,213087,7,0,76 77 57,0,7,,213159,7,0,76 77 57,0,7,,213088,7,0,76 77 57,0,46,,213113,7,0,76 77 57,0,9,,213089,7,0,76 77 57,0,6,,213160,7,0,76 77 57,0,7,,213090,7,0,76 77 57,0,9,,213161,7,0,76 77 57,0,6,,213091,7,0,76 77 57,0,6,,213104,7,0,76 77 57,0,7,,213162,7,0,76 77 57,0,49,,213092,7,0,76 77 57,0,9,,213093,7,0,76 77 57,0,8,,213163,7,0,76 77 57,0,10,,213094,7,0,76 77 57,0,10,,213095,7,0,76 77 57,0,9,,213096,7,0,76 77 57,0,7,,213164,7,0,76 77 57,0,50,,213054,7,0,76 77 57,0,9,,213150,1,0,76 77 57,0,9,,213098,1,0,76 77 57,0,14,,213059,1,0,76 77 57,0,12,,213055,1,0,76 77 57,0,11,,213060,1,0,76 77 57,0,52,,213099,1,0,76 77 89,0,12,,213056,1,0,76 77 57,0,13,,213062,1,0,76 77 89,0,13,,213151,1,0,76 77 57,0,53,,213057,1,0,76 77 89,0,11,,213105,1,0,76 77 57,0,12,,213051,1,0,76 77 89,0,14,,213152,1,0,76 77 57,0,15,,213058,1,0,76 77 57,0,55,,213048,1,0,76 77 89,0,15,,213155,1,0,76 77 89,0,17,,213046,1,0,76 77 57,0,15,,213114,1,0,76 77 57,0,59,,213097,1,0,76 77 89,0,20,,213115,1,0,76 77 89,0,21,,213053,1,0,76 77 57,0,60,,213064,1,0,76 77 57,0,20,,213065,1,0,76 77 89,0,73,,213066,1,0,76 77 57,0,49,,213067,1,0,76 77 57,0,77,,213068,1,0,78 12,0
670501,'2',539,,213205,1,0,76 77 57,0,70,,213166,1,0,76 77 89,0,10,,213214,1,0,76 77 89,0,10,,213203,1,0,76 77 57,0,10,,213180,1,0,76 77 57,0,11,,213219,1,0,76 77 57,0,51,,213202,1,0,76 77 89,0,11,,213226,1,0,76 77 57,0,11,,213178,1,0,76 77 57,0,11,,213220,1,0,76 77 57,0,10,,213201,1,0,76 77 89,0,11,,213182,1,0,76 77 57,0,52,,213204,1,0,76 77 57,0,12,,213181,1,0,76 77 57,0,12,,213221,1,0,76 77 57,0,11,,213206,1,0,76 77 57,0,12,,213186,1,0,76 77 57,0,52,,213208,1,0,76 77 57,0,12,,213169,1,0,76 77 57,0,12,,213222,1,0,76 77 57,0,12,,213175,1,0,76 77 57,0,12,,213165,1,0,76 77 57,0,52,,213199,1,0,76 77 57,0,11,,213187,1,0,76 77 57,0,12,,213223,1,0,76 77 57,0,11,,213209,1,0,76 77 57,0,12,,213174,1,0,76 77 57,0,52,,213232,1,0,76 77 57,0,9,,213233,1,0,76 77 57,0,10,,213234,1,0,76 77 57,0,10,,213235,1,0,76 77 57,0,10,,213236,1,0,76 77 57,0,10,,213237,1,0,76 77 57,0,50,,213238,1,0,76 77 57,0,9,,213239,1,0,76 77 57,0,9,,213240,1,0,76 77 57,0,9,,213241,1,0,76 77 57,0,8,,213242,1,0,76 77 57,0,10,,213243,1,0,76 77 57,0,10,,213244,1,0,76 77 57,0,50,,213245,1,0,76 77 57,0,10,,213246,1,0,76 77 57,0,10,,213247,1,0,76 77 57,0,9,,213248,1,0,76 77 57,0,10,,213249,1,0,76 77 57,0,10,,213250,1,0,76 77 57,0,50,,213251,1,0,76 77 57,0,10,,213252,1,0,76 77 57,0,10,,213253,1,0,76 77 57,0,9,,213254,1,0,76 77 57,0,10,,213255,1,0,76 77 57,0,10,,213256,1,0,76 77 57,0,49,,213257,1,0,76 77 57,0,10,,213258,1,0,76 77 57,0,10,,213259,1,0,76 77 57,0,10,,213260,1,0,76 77 57,0,10,,213261,1,0,76 77 57,0,11,,213262,1,0,76 77 57,0,51,,213263,1,0,76 77 57,0,10,,213264,1,0,76 77 57,0,10,,213265,1,0,76 77 57,0,10,,213266,1,0,76 77 57,0,10,,213267,1,0,76 77 57,0,10,,213268,1,0,76 77 57,0,51,,213193,1,0,76 77 57,0,10,,213183,1,0,76 77 57,0,10,,213269,1,0,76 77 57,0,12,,213227,1,0,76 77 57,0,10,,213210,1,0,76 77 57,0,51,,213197,1,0,76 77 57,0,10,,213270,1,0,76 77 57,0,10,,213177,1,0,76 77 57,0,10,,213211,1,0,76 77 57,0,10,,213185,1,0,76 77 57,0,10,,213228,1,0,76 77 89,0,50,,213212,1,0,76 77 57,0,10,,213200,1,0,76 77 57,0,10,,213271,1,0,76 77 57,0,10,,213176,1,0,76 77 57,0,11,,213229,1,0,76 77 57,0,10,,213189,1,0,76 77 89,0,51,,213196,1,0,76 77 57,0,13,,213188,1,0,76 77 57,0,13,,213170,1,0,76 77 57,0,13,,213230,1,0,76 77 89,0,12,,213168,1,0,76 77 57,0,52,,213213,1,0,76 77 57,0,12,,213191,1,0,76 77 57,0,13,,213207,1,0,76 77 57,0,14,,213190,1,0,76 77 57,0,13,,213231,1,0,76 77 57,0,53,,213272,1,0,76 77 57,0,13,,213173,1,0,76 77 57,0,13,,213192,1,0,76 77 89,0,16,,213194,1,0,76 77 57,0,60,,213216,1,0,76 77 57,0,22,,213195,1,0,76 77 57,0,23,,213198,1,0,76 77 57,0,63,,213218,1,0,76 77 57,0,23,,213184,1,0,76 77 89,0,71,,213224,1,0,78 12,0,36,,213172,1,0,76 77 57,0,70,,213171,1,0,78 12,0
670501,'3',503,,213311,1,0,76 77 57,0,21,,213289,1,0,76 77 57,0,15,,213312,1,0,76 77 57,0,15,,213351,1,0,76 77 57,0,55,,213281,1,0,76 77 57,0,14,,213287,1,0,76 77 57,0,15,,213313,1,0,76 77 57,0,15,,213291,1,0,76 77 57,0,55,,213279,1,0,76 77 57,0,12,,213286,1,0,76 77 57,0,11,,213280,8,0,76 77 57,0,11,,213285,1,0,76 77 89,0,13,,213284,1,0,76 77 57,0,53,,213359,1,0,76 77 57,0,12,,213283,1,0,76 77 57,0,13,,213277,1,0,76 77 89,0,15,,213276,1,0,76 77 57,0,55,,213290,1,0,76 77 57,0,15,,213301,1,0,76 77 57,0,15,,213300,1,0,76 77 57,0,14,,213299,1,0,76 77 57,0,55,,213298,1,0,76 77 57,0,15,,213310,1,0,76 77 57,0,16,,213309,1,0,76 77 57,0,15,,213308,1,0,76 77 57,0,55,,213307,1,0,76 77 57,0,14,,213306,1,0,76 77 57,0,15,,213305,1,0,76 77 57,0,15,,213304,1,0,76 77 57,0,12,,213303,1,0,76 77 57,0,51,,213352,1,0,76 77 57,0,12,,213302,1,0,76 77 57,0,12,,213294,1,0,76 77 57,0,13,,213293,1,0,76 77 57,0,53,,213346,1,0,76 77 57,0,12,,213292,1,0,76 77 57,0,12,,213314,1,0,76 77 57,0,11,,213315,1,0,76 77 57,0,12,,213316,1,0,76 77 57,0,12,,213347,1,0,76 77 57,0,52,,213317,1,0,76 77 57,0,12,,213318,1,0,76 77 57,0,12,,213319,1,0,76 77 57,0,10,,213320,1,0,76 77 57,0,10,,213348,1,0,76 77 57,0,50,,213321,1,0,76 77 57,0,10,,213322,1,0,76 77 57,0,10,,213360,1,0,76 77 57,0,10,,213323,1,0,76 77 57,0,10,,213324,1,0,76 77 57,0,10,,213349,1,0,76 77 57,0,50,,213361,1,0,76 77 57,0,10,,213325,1,0,76 77 57,0,10,,213326,1,0,76 77 57,0,10,,213327,1,0,76 77 57,0,12,,213328,1,0,76 77 57,0,12,,213353,1,0,76 77 57,0,52,,213329,1,0,76 77 57,0,12,,213330,1,0,76 77 57,0,13,,213331,1,0,76 77 57,0,12,,213332,1,0,76 77 57,0,52,,213354,1,0,76 77 57,0,12,,213333,1,0,76 77 57,0,12,,213334,1,0,76 77 57,0,12,,213335,1,0,76 77 57,0,12,,213355,1,0,76 77 57,0,11,,213336,1,0,76 77 89,0,52,,213337,1,0,76 77 57,0,11,,213338,1,0,76 77 57,0,10,,213339,1,0,76 77 57,0,10,,213362,1,0,76 77 57,0,10,,213340,1,0,76 77 89,0,51,,213341,1,0,76 77 57,0,11,,213342,1,0,76 77 57,0,11,,213357,1,0,76 77 57,0,13,,213343,1,0,76 77 57,0,15,,213344,1,0,76 77 57,0,55,,213345,1,0,76 77 57,0,15,,213297,1,0,76 77 89,0,17,,213282,1,0,76 77 57,0,15,,213296,1,0,76 77 57,0,55,,213350,1,0,76 77 89,0,16,,213295,1,0,76 77 57,0,17,,213356,1,0,76 77 57,0,16,,213275,1,0,76 77 57,0,61,,213358,1,0,76 77 89,0,25,,213274,1,0,76 77 57,0,64,,213273,1,0,76 77 57,0,41,,213278,1,0,76 77 57,0,75,,213288,1,0,78 12,0
670600,'1',452,,213363,34,4,,0,51,,213364,34,4,,0,10,,213365,34,4,,0,12,,213366,34,4,,0,12,,213367,34,4,,0,14,,213368,34,4,,0,54,,213369,35,4,,0,12,,213370,35,4,,0,12,,213371,35,4,,0,9,,213372,34,4,,0,9,,213373,35,4,,0,9,,213374,35,4,,0,50,,213375,34,4,,0,8,,213376,35,4,,0,9,,213377,34,4,,0,8,,213378,35,4,,0,10,,213379,34,4,,0,9,,213380,35,4,,0,8,,213381,35,4,,0,50,,213382,35,4,,0,9,,213383,35,4,,0,8,,213384,35,4,,0,9,,213385,35,4,,0,9,,213386,35,4,,0,9,,213387,35,4,,0,49,,213388,35,4,,0,9,,213389,35,4,,0,9,,213390,35,4,,0,9,,213391,35,4,,0,10,,213392,35,4,,0,9,,213393,35,4,,0,12,,213394,35,4,,0,52,,213395,35,4,,0,12,,213396,35,4,,0,12,,213397,35,4,,0,13,,213398,35,4,,0,52,,213399,35,4,,0,13,,213400,35,4,,0,12,,213401,35,4,,0,12,,213402,35,4,,0,12,,213403,35,4,,0,52,,213404,35,4,,0,13,,213405,35,4,,0,12,,213406,35,4,,0,12,,213407,34,4,,0,13,,213408,35,4,,0,52,,213409,35,4,,0,12,,213410,35,4,,0,12,,213411,35,4,,0,12,,213412,35,4,,0,12,,213413,35,4,,0,50,,213414,35,4,,0,11,,213415,35,4,,0,10,,213416,35,4,,0,10,,213417,35,4,,0,10,,213418,34,4,,0,8,,213419,34,4,,0,8,,213420,35,4,,0,48,,213421,35,4,,0,8,,213422,34,4,,0,8,,213423,35,4,,0,9,,213424,34,4,,0,8,,213425,35,4,,0,10,,213426,35,4,,0,10,,213427,35,4,,0,49,,213428,35,4,,0,9,,213429,35,4,,0,8,,213430,34,4,,0,8,,213431,35,4,,0,8,,213432,35,4,,0,8,,213433,35,4,,0,9,,213434,35,4,,0,48,,213435,35,4,,0,8,,213436,35,4,,0,9,,213437,35,4,,0,9,,213438,35,4,,0,9,,213439,35,4,,0,8,,213440,35,4,,0,9,,213441,35,4,,0,48,,213442,35,4,,0,7,,213443,35,4,,0,8,,213444,35,4,,0,9,,213445,35,4,,0,8,,213446,35,4,,0,6,,213447,35,4,,0,8,,213448,35,4,,0,49,,213449,35,4,,0,8,,213450,35,4,,0,9,,213451,35,4,,0,6,,213479,35,4,,0,11,,213452,35,4,,0,8,,213453,35,4,,0,10,,213454,35,4,,0,50,,213455,35,4,,0,9,,213456,35,4,,0,11,,213457,35,4,,0,11,,213458,35,4,,0,11,,213459,35,4,,0,12,,213460,35,4,,0,52,,213461,35,4,,0,12,,213462,35,4,,0,12,,213463,35,4,,0,10,,213464,35,4,,0,12,,213480,35,4,,0,52,,213465,35,4,,0,12,,213466,35,4,,0,9,,213467,35,4,,0,12,,213468,35,4,,0,12,,213481,35,4,,0,52,,213469,35,4,,0,15,,213470,35,4,,0,13,,213471,35,4,,0,15,,213472,35,4,,0,55,,213473,35,4,,0,20,,213474,35,4,,0,19,,213475,35,4,,0,60,,213476,35,4,,0,20,,213477,35,4,,0,28,,213478,35,4,,0
670600,'2',558,,213565,34,4,,0,46,,213528,34,4,,0,6,,213529,34,4,,0,7,,213519,34,4,,0,10,,213515,34,4,,0,13,,213520,34,4,,0,12,,213500,35,4,,0,51,,213496,35,4,,0,12,,213485,35,4,,0,12,,213516,35,4,,0,14,,213501,34,4,,0,13,,213526,35,4,,0,55,,213495,35,4,,0,12,,213484,35,4,,0,13,,213502,35,4,,0,13,,213494,35,4,,0,53,,213527,35,4,,0,13,,213503,35,4,,0,15,,213483,35,4,,0,16,,213566,35,4,,0,15,,213567,35,4,,0,56,,213568,35,4,,0,15,,213569,35,4,,0,17,,213571,35,4,,0,55,,213570,35,4,,0,16,,213488,35,4,,0,15,,213504,35,4,,0,16,,213497,35,4,,0,54,,213490,35,4,,0,13,,213525,34,4,,0,11,,213498,35,4,,0,14,,213505,35,4,,0,12,,213530,35,4,,0,52,,213531,34,4,,0,12,,213532,35,4,,0,12,,213533,35,4,,0,13,,213534,35,4,,0,12,,213535,35,4,,0,52,,213536,35,4,,0,12,,213537,35,4,,0,12,,213538,35,4,,0,12,,213539,35,4,,0,12,,213540,35,4,,0,52,,213541,35,4,,0,13,,213542,35,4,,0,12,,213543,35,4,,0,12,,213544,35,4,,0,13,,213545,35,4,,0,52,,213546,35,4,,0,12,,213547,35,4,,0,12,,213548,35,4,,0,12,,213549,35,4,,0,12,,213550,35,4,,0,52,,213551,35,4,,0,12,,213552,35,4,,0,12,,213553,35,4,,0,12,,213554,35,4,,0,12,,213555,35,4,,0,52,,213556,35,4,,0,11,,213557,35,4,,0,12,,213558,35,4,,0,11,,213559,35,4,,0,12,,213560,35,4,,0,52,,213561,35,4,,0,10,,213562,35,4,,0,12,,213563,35,4,,0,13,,213564,35,4,,0,12,,213506,35,4,,0,52,,213517,35,4,,0,10,,213521,35,4,,0,12,,213493,35,4,,0,9,,213489,35,4,,0,12,,213507,35,4,,0,11,,213492,35,4,,0,51,,213508,35,4,,0,12,,213487,35,4,,0,11,,213509,35,4,,0,13,,213510,35,4,,0,13,,213522,35,4,,0,55,,213572,35,4,,0,15,,213511,35,4,,0,14,,213486,35,4,,0,15,,213518,35,4,,0,54,,213512,35,4,,0,14,,213482,35,4,,0,14,,213573,35,4,,0,16,,213523,35,4,,0,55,,213514,35,4,,0,15,,213491,35,4,,0,13,,213574,35,4,,0,15,,213524,35,4,,0,55,,213513,35,4,,0,20,,213499,35,4,,0
670600,'3',611,,213585,34,4,,0,15,,213606,34,4,,0,15,,213625,34,4,,0,12,,213584,35,4,,0,55,,213583,35,4,,0,10,,213637,34,4,,0,11,,213607,35,4,,0,10,,213626,35,4,,0,11,,213638,34,4,,0,50,,213581,35,4,,0,15,,213580,35,4,,0,15,,213579,35,4,,0,15,,213627,35,4,,0,56,,213608,35,4,,0,15,,213601,35,4,,0,17,,213628,35,4,,0,15,,213609,35,4,,0,55,,213578,35,4,,0,15,,213610,35,4,,0,16,,213596,35,4,,0,15,,213577,35,4,,0,56,,213593,35,4,,0,15,,213611,35,4,,0,15,,213605,35,4,,0,12,,213576,34,4,,0,12,,213635,35,4,,0,52,,213592,35,4,,0,12,,213612,35,4,,0,13,,213604,35,4,,0,12,,213575,35,4,,0,52,,213636,35,4,,0,13,,213591,35,4,,0,12,,213613,35,4,,0,13,,213603,35,4,,0,12,,213595,35,4,,0,52,,213590,35,4,,0,13,,213614,35,4,,0,12,,213602,35,4,,0,12,,213587,35,4,,0,12,,213589,35,4,,0,52,,213629,35,4,,0,12,,213615,35,4,,0,12,,213597,35,4,,0,12,,213582,34,4,,0,10,,213616,35,4,,0,10,,213662,35,4,,0,50,,213630,35,4,,0,10,,213617,35,4,,0,10,,213588,34,4,,0,10,,213600,35,4,,0,10,,213639,35,4,,0,10,,213640,35,4,,0,50,,213641,35,4,,0,10,,213642,35,4,,0,10,,213643,35,4,,0,10,,213644,35,4,,0,10,,213645,35,4,,0,10,,213646,35,4,,0,49,,213647,35,4,,0,10,,213648,35,4,,0,9,,213649,35,4,,0,10,,213650,35,4,,0,10,,213651,35,4,,0,10,,213652,35,4,,0,49,,213653,35,4,,0,10,,213654,35,4,,0,10,,213655,35,4,,0,9,,213656,35,4,,0,10,,213657,35,4,,0,10,,213658,35,4,,0,50,,213659,35,4,,0,10,,213660,35,4,,0,10,,213661,35,4,,0,11,,213631,35,4,,0,12,,213618,35,4,,0,54,,213619,35,4,,0,14,,213620,35,4,,0,15,,213594,35,4,,0,12,,213621,35,4,,0,15,,213622,35,4,,0,55,,213632,35,4,,0,15,,213599,35,4,,0,13,,213633,35,4,,0,15,,213663,35,4,,0,56,,213623,35,4,,0,14,,213598,35,4,,0,18,,213634,35,4,,0,60,,213624,35,4,,0,25,,213586,35,4,,0
671201,'101',1526,,214934,44,4,,0,120,,214936,44,4,,0
671900,'1',626,,216072,39,4,,0,21,,216073,39,4,,0,61,,216077,39,4,,0,22,,216076,40,4,,0,24,,216074,40,4,,0,63,,216078,40,4,,0,20,,216075,40,4,,0
673700,'1',549,,218653,43,4,,0,74,,218611,43,4,,0,21,,218650,43,4,,0,60,,218662,43,4,,0,20,,218663,43,4,,0,20,,218664,43,4,,0,12,,218651,43,4,,0,52,,218652,43,4,,0,12,,218660,43,4,,0,12,,218661,43,4,,0,76,,218629,43,4,,0,23,,218612,43,4,,0,20,,218636,43,4,,0,59,,218637,43,4,,0,30,,218638,43,4,,0,70,,218639,43,4,,0,29,,218640,43,4,,0,69,,218641,43,4,,0,29,,218642,43,4,,0,70,,218643,43,4,,0,30,,218644,43,4,,0,70,,218645,43,4,,0,20,,218646,43,4,,0,20,,218647,43,4,,0,58,,218648,43,4,,0,15,,218649,43,4,,0,9,,218613,43,4,,0,8,,218665,43,4,,0,9,,218631,43,4,,0,9,,218632,43,4,,0,55,,218633,43,4,,0,22,,218634,43,4,,0,10,,218635,43,4,,0,10,,218626,43,4,,0,51,,218627,43,4,,0,10,,218628,43,4,,0,25,,218614,43,4,,0,15,,218630,43,4,,0,55,,218615,43,4,,0,15,,218654,43,4,,0,16,,218655,43,4,,0,15,,218656,43,4,,0,55,,218657,43,4,,0,15,,218658,43,4,,0,15,,218616,43,4,,0,68,,218617,43,4,,0,30,,218618,43,4,,0,70,,218619,43,4,,0,28,,218659,43,4,,0,71,,218620,43,4,,0,29,,218621,43,4,,0,69,,218622,43,4,,0,28,,218623,43,4,,0,81,,218624,43,4,,0,95,,218625,43,4,,0
673700,'101',846,,218608,43,4,,0,781,,218610,43,4,,0,97,,218609,43,4,,0
673700,'2',651,,218669,43,4,,0,68,,218670,43,4,,0,24,,218671,43,4,,0,64,,218672,43,4,,0,24,,218673,43,4,,0,21,,218674,43,4,,0,60,,218675,43,4,,0,20,,218676,43,4,,0,20,,218677,43,4,,0,60,,218678,43,4,,0,20,,218679,43,4,,0,20,,218680,43,4,,0,60,,218681,43,4,,0,20,,218682,43,4,,0,20,,218683,43,4,,0,60,,218684,43,4,,0,22,,218685,43,4,,0,22,,218686,43,4,,0,62,,218687,43,4,,0,22,,218688,43,4,,0,60,,218689,43,4,,0,20,,218690,43,4,,0,20,,218691,43,4,,0,60,,218692,43,4,,0,20,,218693,43,4,,0,20,,218694,43,4,,0,60,,218695,43,4,,0,20,,218696,43,4,,0,20,,218697,43,4,,0,60,,218698,43,4,,0,15,,218699,43,4,,0,15,,218700,43,4,,0,15,,218717,43,4,,0,55,,218701,43,4,,0,15,,218702,43,4,,0,15,,218703,43,4,,0,16,,218718,43,4,,0,56,,218704,43,4,,0,16,,218705,43,4,,0,21,,218706,43,4,,0,61,,218707,43,4,,0,18,,218708,43,4,,0,18,,218709,43,4,,0,18,,218710,43,4,,0,68,,218711,43,4,,0,30,,218712,43,4,,0,70,,218713,43,4,,0,30,,218714,43,4,,0,70,,218719,43,4,,0,36,,218715,43,4,,0,151,,218716,43,4,,0
673700,'201',846,,218666,43,4,,0,781,,218668,43,4,,0,97,,218667,43,4,,0
673700,'3',633,,218725,43,4,,0,74,,218724,43,4,,0,33,,218723,43,4,,0,73,,218722,43,4,,0,32,,218746,43,4,,0,72,,218726,43,4,,0,30,,218720,43,4,,0,70,,218727,43,4,,0,30,,218744,43,4,,0,70,,218730,43,4,,0,30,,218737,43,4,,0,70,,218736,43,4,,0,30,,218728,43,4,,0,70,,218735,43,4,,0,30,,218739,43,4,,0,70,,218734,43,4,,0,20,,218745,43,4,,0,20,,218760,43,4,,0,60,,218733,43,4,,0,30,,218743,43,4,,0,71,,218732,43,4,,0,29,,218742,43,4,,0,70,,218731,43,4,,0,20,,218741,43,4,,0,20,,218752,43,4,,0,60,,218729,43,4,,0,20,,218753,43,4,,0,20,,218740,43,4,,0,60,,218754,43,4,,0,20,,218757,43,4,,0,20,,218748,43,4,,0,60,,218755,43,4,,0,20,,218758,43,4,,0,20,,218747,43,4,,0,60,,218756,43,4,,0,20,,218759,43,4,,0,20,,218749,43,4,,0,60,,218750,43,4,,0,28,,218738,43,4,,0,70,,218751,43,4,,0,35,,218721,43,4,,0
673901,'1',602,,219420,31,4,,0,21,,219417,31,4,,0,81,,219419,31,4,,0,22,,219416,31,4,,0,21,,219418,31,4,,0,76,,219422,31,4,,0
683400,'1',2656,,224993,88,4,,0,67,,224991,88,4,,0,89,,224992,88,4,,0,15,,224990,88,4,,0,19,,224989,88,4,,0,71,,224987,88,4,,0,25,,224994,88,4,,0
683400,'1201',2711,,224983,88,4,,0,22,,224986,88,4,,0,169,,224985,88,4,,0
683400,'2',553,,225004,88,4,,0,54,,225003,88,4,,0,30,,225007,88,4,,0,21,,225002,88,4,,0,71,,225001,88,4,,0,1904,,225008,88,4,,0,19,,225009,88,4,,0,60,,225006,88,4,,0,20,,225010,88,4,,0,15,,224999,88,4,,0,55,,224996,88,4,,0,15,,224998,88,4,,0,20,,224997,88,4,,0,105,,225005,88,4,,0
683400,'3',557,,225020,88,4,,0,72,,225021,88,4,,0,15,,225022,88,4,,0,15,,225028,88,4,,0,54,,225027,88,4,,0,17,,225023,88,4,,0,24,,225011,88,4,,0,59,,225029,88,4,,0,12,,225024,88,4,,0,1777,,225026,88,4,,0,23,,225025,88,4,,0,22,,225015,88,4,,0,78,,225012,88,4,,0,80,,225013,88,4,,0,22,,225014,88,4,,0,101,,225019,88,4,,0
1770701,'1',542,,228456,18,4,,0,73,,228458,18,4,,0,30,,228460,18,4,,0,57,,228461,18,4,,0,16,,228462,18,4,,0,36,,228463,18,4,,0,59,,228444,18,4,,0,16,,228469,18,4,,0,13,,228470,18,4,,0,14,,228471,18,4,,0,53,,228472,18,4,,0,13,,228473,18,4,,0,26,,228474,18,4,,0,69,,228475,18,4,,0,31,,228476,18,4,,0,70,,228477,18,4,,0,29,,228478,18,4,,0,70,,228479,18,4,,0,30,,228480,18,4,,0,100,,228482,18,4,,0,71,,228483,18,4,,0,33,,228484,18,4,,0,56,,228485,18,4,,0,13,,228486,18,4,,0,10,,228487,18,4,,0,15,,228488,18,4,,0,55,,228489,18,4,,0,15,,228490,18,4,,0,14,,228491,18,4,,0,13,,228492,18,4,,0,17,,228493,18,4,,0,56,,228494,18,4,,0,16,,228495,18,4,,0,15,,228496,18,4,,0,54,,228497,18,4,,0,15,,228498,18,4,,0,16,,228499,18,4,,0,17,,228500,18,4,,0,55,,228501,18,4,,0,14,,228502,18,4,,0,17,,228503,18,4,,0,14,,228504,18,4,,0,54,,228505,18,4,,0,17,,228464,18,4,,0,13,,228506,18,4,,0,14,,228465,18,4,,0,55,,228507,18,4,,0,15,,228466,18,4,,0,14,,228454,18,4,,0,15,,228467,18,4,,0,14,,228455,18,4,,0,62,,228508,18,4,,0,21,,228468,18,4,,0,17,,228509,18,4,,0,80,,228510,18,4,,0
1770701,'101',737,,228443,18,4,,0
1770701,'2',628,,228550,18,4,,0,31,,228557,18,4,,0,71,,228558,18,4,,0,15,,228552,18,4,,0,56,,228559,18,4,,0,15,,228553,18,4,,0,17,,228560,18,4,,0,15,,228554,18,4,,0,55,,228561,18,4,,0,21,,228555,18,4,,0,11,,228529,18,4,,0,12,,228562,18,4,,0,55,,228530,18,4,,0,15,,228556,18,4,,0,16,,228531,18,4,,0,15,,228563,18,4,,0,55,,228532,18,4,,0,15,,228564,18,4,,0,15,,228533,18,4,,0,13,,228565,18,4,,0,57,,228534,18,4,,0,15,,228566,18,4,,0,16,,228551,18,4,,0,15,,228567,18,4,,0,56,,228577,18,4,,0,14,,228568,18,4,,0,13,,228514,18,4,,0,15,,228569,18,4,,0,55,,228515,18,4,,0,15,,228570,18,4,,0,15,,228535,18,4,,0,15,,228571,18,4,,0,55,,228536,18,4,,0,15,,228572,18,4,,0,16,,228537,18,4,,0,15,,228573,18,4,,0,55,,228538,18,4,,0,15,,228574,18,4,,0,15,,228539,18,4,,0,16,,228575,18,4,,0,56,,228540,18,4,,0,16,,228576,18,4,,0,16,,228541,18,4,,0,15,,228516,18,4,,0,57,,228542,18,4,,0,11,,228517,18,4,,0,14,,228543,18,4,,0,15,,228518,18,4,,0,54,,228544,18,4,,0,16,,228519,18,4,,0,15,,228545,18,4,,0,15,,228520,18,4,,0,55,,228546,18,4,,0,15,,228521,18,4,,0,14,,228547,18,4,,0,15,,228522,18,4,,0,55,,228548,18,4,,0,17,,228523,18,4,,0,20,,228549,18,4,,0,60,,228524,18,4,,0,15,,228525,18,4,,0,24,,228526,18,4,,0,64,,228527,18,4,,0,30,,228528,18,4,,0
1770701,'201',737,,228513,18,4,,0
1770701,'3',628,,228597,18,4,,0,72,,228598,18,4,,0,30,,228599,18,4,,0,70,,228600,18,4,,0,30,,228601,18,4,,0,15,,228578,18,4,,0,55,,228602,18,4,,0,15,,228579,18,4,,0,17,,228604,18,4,,0,14,,228580,18,4,,0,55,,228605,18,4,,0,15,,228581,18,4,,0,15,,228627,18,4,,0,15,,228606,18,4,,0,56,,228628,18,4,,0,15,,228607,18,4,,0,15,,228629,18,4,,0,15,,228608,18,4,,0,56,,228630,18,4,,0,15,,228609,18,4,,0,30,,228610,18,4,,0,55,,228632,18,4,,0,15,,228611,18,4,,0,30,,228612,18,4,,0,56,,228634,18,4,,0,15,,228613,18,4,,0,15,,228583,18,4,,0,15,,228614,18,4,,0,56,,228584,18,4,,0,14,,228615,18,4,,0,15,,228585,18,4,,0,15,,228616,18,4,,0,55,,228586,18,4,,0,15,,228617,18,4,,0,15,,228587,18,4,,0,15,,228618,18,4,,0,55,,228588,18,4,,0,15,,228619,18,4,,0,14,,228589,18,4,,0,15,,228620,18,4,,0,54,,228590,18,4,,0,15,,228621,18,4,,0,15,,228591,18,4,,0,15,,228582,18,4,,0,54,,228603,18,4,,0,16,,228622,18,4,,0,15,,228592,18,4,,0,15,,228623,18,4,,0,59,,228593,18,4,,0,18,,228624,18,4,,0,19,,228594,18,4,,0,58,,228625,18,4,,0,20,,228595,18,4,,0,23,,228626,18,4,,0,60,,228596,18,4,,0
