666601,'1',509,,205735,5,,,0,34,,205732,5,,,0,70,,205731,5,,,0,33,,205736,5,,,0,62,,205730,5,,,0,22,,205703,5,,,0,71,,205729,5,,,0,30,,205728,5,,,0,25,,205709,5,,,0,72,,205727,5,,,0,29,,205726,5,,,0,71,,205725,5,,,0,30,,205724,5,,,0,70,,205715,5,,,0,28,,205714,5,,,0,71,,205713,5,,,0,32,,205723,5,,,0,70,,205712,5,,,0,71,,205722,5,,,0,30,,205721,5,,,0,16,,205720,5,,,0,59,,205719,5,,,0,20,,205734,5,,,0,23,,205741,5,,,0,61,,205711,5,,,0,23,,205718,5,,,0,14,,205742,5,,,0,54,,205717,5,,,0,15,,205737,5,,,0,15,,205733,5,,,0,16,,205701,5,,,0,62,,205702,5,,,0,16,,205716,5,,,0,33,,205710,5,,,0,66,,205738,5,,,0,30,,205743,5,,,0,72,,205739,5,,,0,29,,205740,5,,,0,68,,205744,5,,,0,35,,205704,5,,,0,73,,205705,5,,,0,86,,205706,5,,,0,85,,205707,5,,,0,45,,205708,5,,,0
666601,'2',657,,205777,5,,,0,70,,205745,5,,,0,30,,205746,5,,,0,70,,205747,5,,,0,30,,205748,5,,,0,70,,205749,5,,,0,30,,205750,5,,,0,71,,205751,5,,,0,30,,205752,5,,,0,71,,205753,5,,,0,30,,205754,5,,,0,71,,205755,5,,,0,29,,205756,5,,,0,70,,205757,5,,,0,30,,205758,5,,,0,70,,205759,5,,,0,30,,205760,5,,,0,70,,205761,5,,,0,30,,205762,5,,,0,70,,205763,5,,,0,30,,205764,5,,,0,70,,205765,5,,,0,30,,205766,5,,,0,69,,205767,5,,,0,30,,205768,5,,,0,70,,205769,5,,,0,29,,205770,5,,,0,70,,205771,5,,,0,31,,205778,5,,,0,69,,205772,5,,,0,100,,205773,5,,,0,100,,205774,5,,,0,100,,205775,5,,,0,95,,205776,5,,,0
666601,'3',659,,205780,5,,,0,148,,205781,5,,,0,100,,205782,5,,,0,31,,205804,5,,,0,69,,205783,5,,,0,31,,205805,5,,,0,70,,205784,5,,,0,30,,205797,5,,,0,70,,205796,5,,,0,31,,205798,5,,,0,70,,205785,5,,,0,30,,205799,5,,,0,70,,205786,5,,,0,30,,205800,5,,,0,70,,205787,5,,,0,30,,205801,5,,,0,70,,205788,5,,,0,30,,205802,5,,,0,70,,205789,5,,,0,29,,205803,5,,,0,70,,205790,5,,,0,30,,205806,5,,,0,70,,205791,5,,,0,30,,205807,5,,,0,70,,205792,5,,,0,30,,205808,5,,,0,70,,205793,5,,,0,99,,205779,5,,,0,100,,205794,5,,,0,94,,205795,5,,,0
666700,'1',629,,205837,52,,,0,21,,205875,52,,,0,62,,205809,52,,,0,23,,205810,52,,,0,23,,205811,52,,,0,59,,205812,52,,,0,13,,205813,52,,,0,13,,205814,52,,,0,13,,205815,52,,,0,55,,205879,52,,,0,11,,205880,52,,,0,18,,205816,52,,,0,15,,205817,52,,,0,57,,205818,52,,,0,14,,205819,52,,,0,17,,205820,52,,,0,15,,205821,52,,,0,56,,205822,52,,,0,15,,205878,52,,,0,16,,205838,52,,,0,55,,205839,52,,,0,13,,205874,52,,,0,15,,205823,52,,,0,18,,205824,52,,,0,56,,205825,52,,,0,15,,205826,52,,,0,14,,205827,52,,,0,16,,205828,52,,,0,55,,205829,52,,,0,15,,205877,52,,,0,15,,205840,52,,,0,21,,205841,52,,,0,56,,205873,52,,,0,17,,205830,52,,,0,16,,205831,52,,,0,17,,205832,52,,,0,55,,205833,52,,,0,18,,205834,52,,,0,15,,205835,52,,,0,60,,205836,52,,,0,16,,205876,52,,,0,13,,205842,52,,,0,13,,205843,52,,,0,57,,205872,52,,,0,13,,205844,52,,,0,12,,205845,52,,,0,16,,205846,52,,,0,7,,205847,52,,,0,54,,205848,52,,,0,17,,205849,52,,,0,6,,205850,52,,,0,13,,205851,52,,,0,14,,205871,52,,,0,53,,205867,52,,,0,15,,205868,52,,,0,13,,205869,52,,,0,13,,205861,52,,,0,55,,205862,52,,,0,15,,205863,52,,,0,12,,205864,52,,,0,15,,205865,52,,,0,52,,205866,52,,,0,15,,205870,52,,,0,15,,205852,52,,,0,28,,205853,52,,,0,70,,205854,52,,,0,30,,205855,52,,,0,70,,205856,52,,,0,26,,205857,52,,,0,70,,205858,52,,,0,26,,205859,52,,,0,71,,205860,52,,,0
666700,'2',733,,205890,52,,,0,69,,205891,52,,,0,21,,205892,52,,,0,21,,205893,52,,,0,66,,205894,52,,,0,16,,205895,52,,,0,16,,205896,52,,,0,17,,205897,52,,,0,56,,205898,52,,,0,18,,205899,52,,,0,12,,205900,52,,,0,62,,205901,52,,,0,14,,205902,52,,,0,14,,205903,52,,,0,14,,205904,52,,,0,60,,205905,52,,,0,15,,205906,52,,,0,16,,205907,52,,,0,15,,205908,52,,,0,54,,205909,52,,,0,17,,205910,52,,,0,15,,205911,52,,,0,15,,205912,52,,,0,55,,205913,52,,,0,19,,205914,52,,,0,13,,205915,52,,,0,15,,205916,52,,,0,55,,205917,52,,,0,15,,205918,52,,,0,15,,205919,52,,,0,15,,205920,52,,,0,56,,205921,52,,,0,15,,205922,52,,,0,14,,205923,52,,,0,13,,205924,52,,,0,55,,205925,52,,,0,16,,205889,52,,,0,12,,205926,52,,,0,13,,205927,52,,,0,52,,205928,52,,,0,15,,205929,52,,,0,13,,205930,52,,,0,16,,205931,52,,,0,57,,205932,52,,,0,15,,205933,52,,,0,11,,205936,52,,,0,14,,205888,52,,,0,13,,205937,52,,,0,55,,205938,52,,,0,9,,205939,52,,,0,19,,205935,52,,,0,11,,205940,52,,,0,60,,205941,52,,,0,13,,205942,52,,,0,16,,205934,52,,,0,14,,205943,52,,,0,61,,205944,52,,,0,16,,205945,52,,,0,71,,205946,52,,,0,31,,205881,52,,,0,68,,205882,52,,,0,35,,205883,52,,,0,63,,205884,52,,,0,30,,205885,52,,,0,25,,205886,52,,,0,70,,205887,52,,,0
666700,'3',850,,205947,52,,,0,56,,205949,52,,,0,14,,205950,52,,,0,18,,205951,52,,,0,16,,205959,52,,,0,56,,205952,52,,,0,20,,205953,52,,,0,14,,205955,52,,,0,15,,205956,52,,,0,51,,205960,52,,,0,12,,205961,52,,,0,20,,205962,52,,,0,15,,205963,52,,,0,58,,205964,52,,,0,15,,205965,52,,,0,15,,205966,52,,,0,55,,205967,52,,,0,15,,205968,52,,,0,14,,205969,52,,,0,16,,205970,52,,,0,13,,205971,52,,,0,59,,205972,52,,,0,16,,205973,52,,,0,15,,205974,52,,,0,55,,205975,52,,,0,13,,205976,52,,,0,15,,205977,52,,,0,16,,205978,52,,,0,54,,205979,52,,,0,17,,205980,52,,,0,13,,205981,52,,,0,15,,205982,52,,,0,56,,205983,52,,,0,12,,205984,52,,,0,18,,205985,52,,,0,15,,205986,52,,,0,53,,205987,52,,,0,15,,205988,52,,,0,13,,205989,52,,,0,17,,205990,52,,,0,13,,205991,52,,,0,55,,205992,52,,,0,13,,205993,52,,,0,15,,205954,52,,,0,16,,205994,52,,,0,55,,205995,52,,,0,12,,205958,52,,,0,15,,205996,52,,,0,15,,205997,52,,,0,55,,205998,52,,,0,14,,205957,52,,,0,15,,205948,52,,,0,14,,205999,52,,,0,55,,206000,52,,,0,27,,206001,52,,,0,22,,206002,52,,,0,70,,206003,52,,,0,30,,206004,52,,,0,71,,206005,52,,,0,28,,206006,52,,,0,70,,206007,52,,,0
3003901,'1',523,,231213,18,,,0,24,,231202,18,,,0,7,,231214,18,,,0,63,,231212,18,,,0,10,,231215,18,,,0,20,,231211,18,,,0,10,,231216,18,,,0,59,,231210,18,,,0,11,,231217,18,,,0,20,,231209,18,,,0,10,,231218,18,,,0,63,,231203,18,,,0,17,,231219,18,,,0,68,,231220,18,,,0,30,,231221,18,,,0,66,,231222,18,,,0,31,,231223,18,,,0,72,,231224,18,,,0,27,,231225,18,,,0,76,,231226,18,,,0,25,,231181,18,,,0,70,,231182,18,,,0,30,,231183,18,,,0,78,,231184,18,,,0,33,,231185,18,,,0,66,,231186,18,,,0,29,,231187,18,,,0,71,,231188,18,,,0,30,,231189,18,,,0,73,,231190,18,,,0,9,,231208,18,,,0,18,,231191,18,,,0,15,,231207,18,,,0,53,,231192,18,,,0,11,,231206,18,,,0,29,,231193,18,,,0,11,,231205,18,,,0,50,,231194,18,,,0,26,,231195,18,,,0,8,,231204,18,,,0,59,,231196,18,,,0,34,,231197,18,,,0,97,,231198,18,,,0,100,,231199,18,,,0,98,,231200,18,,,0,98,,231201,18,,,0
3003901,'101',1536,,231180,18,,,0
3003901,'2',629,,231241,18,,,0,30,,231230,18,,,0,70,,231242,18,,,0,30,,231227,18,,,0,71,,231243,18,,,0,70,,231228,18,,,0,33,,231244,18,,,0,69,,231231,18,,,0,32,,231245,18,,,0,70,,231232,18,,,0,30,,231246,18,,,0,70,,231233,18,,,0,30,,231247,18,,,0,70,,231234,18,,,0,30,,231248,18,,,0,70,,231235,18,,,0,30,,231249,18,,,0,70,,231236,18,,,0,30,,231250,18,,,0,70,,231237,18,,,0,30,,231251,18,,,0,70,,231238,18,,,0,30,,231252,18,,,0,68,,231239,18,,,0,30,,231255,18,,,0,69,,231240,18,,,0,30,,231253,18,,,0,99,,231254,18,,,0,100,,231256,18,,,0,100,,231257,18,,,0,100,,231258,18,,,0,100,,231229,18,,,0
3003901,'3',628,,231260,18,,,0,100,,231261,18,,,0,101,,231262,18,,,0,101,,231263,18,,,0,101,,231264,18,,,0,101,,231265,18,,,0,70,,231278,18,,,0,30,,231266,18,,,0,70,,231279,18,,,0,30,,231267,18,,,0,70,,231280,18,,,0,30,,231268,18,,,0,70,,231281,18,,,0,30,,231269,18,,,0,70,,231282,18,,,0,33,,231270,18,,,0,67,,231283,18,,,0,30,,231271,18,,,0,69,,231284,18,,,0,30,,231272,18,,,0,101,,231273,18,,,0,97,,231274,18,,,0,100,,231275,18,,,0,99,,231276,18,,,0,100,,231277,18,,,0,100,,231259,18,,,0
3004001,'1',528,,231403,24,,,0,21,,231418,24,,,0,9,,231404,24,,,0,60,,231417,24,,,0,10,,231405,24,,,0,18,,231416,24,,,0,9,,231406,24,,,0,57,,231415,24,,,0,15,,231420,24,,,0,31,,231421,24,,,0,60,,231407,24,,,0,20,,231422,24,,,0,81,,231423,24,,,0,30,,231424,24,,,0,70,,231425,24,,,0,31,,231426,24,,,0,65,,231427,24,,,0,34,,231428,24,,,0,70,,231429,24,,,0,30,,231430,24,,,0,74,,231413,24,,,0,25,,231414,24,,,0,74,,231431,24,,,0,35,,231432,24,,,0,67,,231419,24,,,0,28,,231433,24,,,0,71,,231434,24,,,0,30,,231435,24,,,0,60,,231391,24,,,0,7,,231412,24,,,0,21,,231392,24,,,0,8,,231411,24,,,0,63,,231393,24,,,0,7,,231410,24,,,0,30,,231394,24,,,0,8,,231409,24,,,0,52,,231395,24,,,0,24,,231396,24,,,0,10,,231408,24,,,0,16,,231397,24,,,0,95,,231398,24,,,0,104,,231399,24,,,0,143,,231400,24,,,0,57,,231401,24,,,0,100,,231402,24,,,0
3004001,'101',754,,231390,24,,,0
3004001,'2',715,,231444,24,,,0,30,,231462,24,,,0,71,,231445,24,,,0,30,,231463,24,,,0,69,,231446,24,,,0,31,,231466,24,,,0,71,,231447,24,,,0,30,,231437,24,,,0,72,,231448,24,,,0,28,,231438,24,,,0,72,,231449,24,,,0,30,,231439,24,,,0,70,,231450,24,,,0,30,,231440,24,,,0,70,,231451,24,,,0,30,,231464,24,,,0,70,,231452,24,,,0,30,,231465,24,,,0,70,,231453,24,,,0,30,,231441,24,,,0,69,,231454,24,,,0,30,,231442,24,,,0,70,,231455,24,,,0,30,,231443,24,,,0,70,,231456,24,,,0,86,,231457,24,,,0,55,,231458,24,,,0,100,,231459,24,,,0,141,,231460,24,,,0,102,,231461,24,,,0
3004001,'201',754,,231436,24,,,0
3004001,'3',717,,231468,24,,,0,100,,231469,24,,,0,100,,231470,24,,,0,100,,231471,24,,,0,32,,231485,24,,,0,70,,231472,24,,,0,30,,231486,24,,,0,70,,231473,24,,,0,30,,231487,24,,,0,70,,231474,24,,,0,30,,231488,24,,,0,69,,231475,24,,,0,30,,231489,24,,,0,69,,231476,24,,,0,30,,231490,24,,,0,71,,231477,24,,,0,30,,231491,24,,,0,70,,231478,24,,,0,30,,231492,24,,,0,70,,231479,24,,,0,30,,231493,24,,,0,60,,231481,24,,,0,99,,231467,24,,,0,99,,231480,24,,,0,98,,231482,24,,,0,100,,231483,24,,,0,100,,231484,24,,,0
