683800,'1_merged_15727750',2652,,225146,49,4,,0,59,,225148,49,4,,0,20,,225145,49,4,,0,20,,225147,49,4,,0,73,,225149,49,4,,0,23,,225150,49,4,,0,70,,225151,49,4,,0,38,,225152,49,4,,0
683800,'2_merged_15727752',2659,,225155,49,4,,0,56,,225156,49,4,,0,16,,225154,49,4,,0,70,,225153,49,4,,0,30,,225157,49,4,,0,70,,225158,49,4,,0,29,,225159,49,4,,0,20,,225160,49,4,,0
683800,'3_merged_15727751',2653,,225161,49,4,,0,70,,225162,49,4,,0,30,,225163,49,4,,0,76,,225164,49,4,,0,20,,225165,49,4,,0,71,,225166,49,4,,0,30,,225167,49,4,,0
683801,'1_merged_15727750',2455,,225176,1,,,0,69,,225172,1,,,0,30,,225171,1,,,0,70,,225170,1,,,0,33,,225173,1,,,0,67,,225174,1,,,0,29,,225175,1,,,0,80,,225168,1,,,0,70,,225169,1,,,0
683801,'2_merged_15727752',2524,,225178,1,,,0,77,,225180,1,,,0,21,,225179,1,,,0,20,,225181,1,,,0,62,,225182,1,,,0,21,,225183,1,,,0,20,,225184,1,,,0,67,,225185,1,,,0,30,,225186,1,,,0,69,,225177,1,,,0
683801,'3_merged_15727751',2522,,225188,1,,,0,30,,225187,1,,,0,71,,225189,1,,,0,36,,225190,1,,,0,60,,225191,1,,,0,34,,225192,1,,,0,70,,225193,1,,,0,80,,225194,1,,,0
3780700,'1_merged_15727750',511,,238172,9,4,,0,16,,238230,9,4,,0,17,,238139,9,4,,0,10,,238231,9,4,,0,59,,238133,16,4,,0,14,,238138,9,4,,0,16,,238101,16,4,,0,7,,238198,9,4,,0,5,,238199,9,4,,0,46,,238175,16,4,,0,6,,238201,9,4,,0,6,,238233,9,4,,0,8,,238102,16,4,,0,2,,238208,9,4,,0,11,,238194,16,4,,0,7,,238174,16,4,,0,3,,238218,9,4,,0,8,,238232,9,4,,0,2,,238097,16,4,,0,53,,238100,16,4,,0,8,,238098,16,4,,0,5,,238187,16,4,,0,9,,238163,16,4,,0,8,,238186,16,4,,0,7,,238183,16,4,,0,6,,238206,16,4,,0,8,,238146,16,4,,0,46,,238200,16,4,,0,9,,238126,16,4,,0,8,,238184,16,4,,0,8,,238188,16,4,,0,7,,238145,16,4,,0,7,,238147,16,4,,0,6,,238179,16,4,,0,54,,238207,16,4,,0,6,,238205,16,4,,0,12,,238180,16,4,,0,9,,238214,16,4,,0,7,,238110,16,4,,0,14,,238213,16,4,,0,50,,238161,16,4,,0,15,,238215,16,4,,0,18,,238189,16,4,,0,17,,238195,16,4,,0,3,,238160,16,4,,0,56,,238159,16,4,,0,10,,238217,16,4,,0,20,,238210,16,4,,0,14,,238176,16,4,,0,55,,238137,16,4,,0,14,,238196,16,4,,0,15,,238158,16,4,,0,17,,238171,16,4,,0,53,,238170,16,4,,0,9,,238223,9,4,,0,3,,238157,16,4,,0,19,,238156,16,4,,0,16,,238155,16,4,,0,52,,238225,9,4,,0,10,,238154,16,4,,0,1,,238224,9,4,,0,16,,238169,16,4,,0,12,,238168,16,4,,0,55,,238153,16,4,,0,1,,238197,16,4,,0,8,,238152,16,4,,0,9,,238119,16,4,,0,7,,238226,16,4,,0,9,,238190,16,4,,0,8,,238151,16,4,,0,8,,238118,16,4,,0,8,,238191,16,4,,0,45,,238117,16,4,,0,9,,238124,16,4,,0,8,,238173,16,4,,0,4,,238144,16,4,,0,4,,238116,16,4,,0,10,,238123,16,4,,0,7,,238115,16,4,,0,4,,238122,16,4,,0,8,,238192,16,4,,0,44,,238143,16,4,,0,4,,238228,16,4,,0,5,,238114,16,4,,0,4,,238185,16,4,,0,7,,238142,16,4,,0,7,,238193,16,4,,0,7,,238113,16,4,,0,6,,238121,16,4,,0,7,,238112,16,4,,0,7,,238120,16,4,,0,53,,238111,16,4,,0,8,,238125,16,4,,0,3,,238178,16,4,,0,17,,238162,16,4,,0,11,,238140,16,4,,0,53,,238128,16,4,,0,15,,238136,16,4,,0,16,,238099,16,4,,0,16,,238211,16,4,,0,56,,238150,16,4,,0,11,,238127,16,4,,0,17,,238130,16,4,,0,13,,238182,16,4,,0,55,,238149,16,4,,0,15,,238167,16,4,,0,16,,238177,16,4,,0,11,,238166,16,4,,0,14,,238108,16,4,,0,54,,238148,16,4,,0,15,,238165,16,4,,0,13,,238107,16,4,,0,13,,238164,16,4,,0,55,,238135,16,4,,0,15,,238181,16,4,,0,15,,238106,16,4,,0,13,,238104,16,4,,0,60,,238103,16,4,,0,20,,238105,16,4,,0,18,,238132,16,4,,0,64,,238131,16,4,,0
3780700,'2_merged_15727752',500,,238322,9,4,,0,59,,238241,16,4,,0,67,,238253,16,4,,0,27,,238323,9,4,,0,54,,238239,16,4,,0,21,,238236,16,4,,0,15,,238258,16,4,,0,13,,238259,16,4,,0,53,,238260,16,4,,0,17,,238261,16,4,,0,17,,238324,9,4,,0,1,,238262,16,4,,0,60,,238263,16,4,,0,17,,238264,16,4,,0,14,,238265,16,4,,0,16,,238266,16,4,,0,55,,238267,16,4,,0,16,,238268,16,4,,0,15,,238269,16,4,,0,17,,238270,16,4,,0,55,,238271,16,4,,0,16,,238272,16,4,,0,15,,238273,16,4,,0,6,,238326,9,4,,0,10,,238274,16,4,,0,55,,238244,16,4,,0,19,,238308,16,4,,0,14,,238309,16,4,,0,60,,238310,16,4,,0,14,,238311,16,4,,0,17,,238312,16,4,,0,15,,238313,16,4,,0,51,,238314,16,4,,0,15,,238251,16,4,,0,14,,238250,16,4,,0,15,,238283,16,4,,0,56,,238284,16,4,,0,16,,238285,16,4,,0,19,,238286,16,4,,0,15,,238287,16,4,,0,55,,238288,16,4,,0,12,,238289,16,4,,0,15,,238290,16,4,,0,12,,238291,16,4,,0,12,,238292,16,4,,0,53,,238293,16,4,,0,12,,238294,16,4,,0,10,,238295,16,4,,0,12,,238296,16,4,,0,12,,238297,16,4,,0,52,,238298,16,4,,0,11,,238299,16,4,,0,12,,238300,16,4,,0,11,,238301,16,4,,0,12,,238302,16,4,,0,5,,238303,16,4,,0,50,,238304,16,4,,0,15,,238305,16,4,,0,10,,238306,16,4,,0,12,,238307,16,4,,0,8,,238256,16,4,,0,52,,238257,16,4,,0,11,,238255,16,4,,0,12,,238237,16,4,,0,12,,238238,16,4,,0,12,,238315,16,4,,0,52,,238316,16,4,,0,14,,238317,16,4,,0,12,,238318,16,4,,0,12,,238319,16,4,,0,11,,238320,16,4,,0,52,,238321,16,4,,0,12,,238275,16,4,,0,12,,238276,16,4,,0,12,,238277,16,4,,0,12,,238278,16,4,,0,52,,238279,16,4,,0,11,,238280,16,4,,0,15,,238281,16,4,,0,13,,238282,16,4,,0,56,,238240,16,4,,0,15,,238235,16,4,,0,15,,238243,16,4,,0,13,,238249,16,4,,0,15,,238254,16,4,,0,56,,238246,16,4,,0,15,,238242,16,4,,0,12,,238248,16,4,,0,14,,238252,16,4,,0,55,,238245,16,4,,0,17,,238247,16,4,,0
3780700,'3_merged_15727751',502,,238407,9,4,,0,51,,238344,16,4,,0,73,,238403,16,4,,0,24,,238408,9,4,,0,58,,238341,16,4,,0,15,,238337,16,4,,0,12,,238411,9,4,,0,7,,238394,16,4,,0,14,,238399,16,4,,0,57,,238373,16,4,,0,15,,238392,16,4,,0,15,,238397,16,4,,0,14,,238395,16,4,,0,55,,238393,16,4,,0,15,,238338,16,4,,0,19,,238335,16,4,,0,55,,238367,16,4,,0,16,,238366,16,4,,0,15,,238365,16,4,,0,14,,238357,16,4,,0,55,,238364,16,4,,0,20,,238363,16,4,,0,14,,238362,16,4,,0,11,,238412,9,4,,0,8,,238361,16,4,,0,55,,238360,16,4,,0,15,,238359,16,4,,0,16,,238358,16,4,,0,19,,238384,16,4,,0,55,,238383,16,4,,0,14,,238382,16,4,,0,14,,238381,16,4,,0,16,,238380,16,4,,0,54,,238377,16,4,,0,15,,238376,16,4,,0,15,,238375,16,4,,0,13,,238374,16,4,,0,55,,238343,16,4,,0,16,,238356,16,4,,0,15,,238355,16,4,,0,14,,238354,16,4,,0,56,,238401,16,4,,0,15,,238389,16,4,,0,14,,238388,16,4,,0,12,,238387,16,4,,0,51,,238353,16,4,,0,11,,238386,16,4,,0,12,,238385,16,4,,0,11,,238342,16,4,,0,13,,238331,16,4,,0,50,,238352,16,4,,0,10,,238330,16,4,,0,12,,238329,16,4,,0,14,,238328,16,4,,0,12,,238327,16,4,,0,54,,238351,16,4,,0,11,,238409,16,4,,0,11,,238406,16,4,,0,21,,238410,16,4,,0,12,,238378,16,4,,0,57,,238350,16,4,,0,19,,238405,16,4,,0,12,,238339,16,4,,0,55,,238340,16,4,,0,14,,238349,16,4,,0,15,,238398,16,4,,0,13,,238334,16,4,,0,15,,238391,16,4,,0,56,,238372,16,4,,0,14,,238348,16,4,,0,15,,238333,16,4,,0,15,,238402,16,4,,0,55,,238390,16,4,,0,15,,238347,16,4,,0,13,,238336,16,4,,0,15,,238332,16,4,,0,55,,238400,16,4,,0,15,,238346,16,4,,0,14,,238371,16,4,,0,15,,238404,16,4,,0,55,,238368,16,4,,0,15,,238345,16,4,,0,15,,238370,16,4,,0,20,,238396,16,4,,0,59,,238369,16,4,,0
3780701,'1_merged_15727750',516,,238486,1,,,0,16,,238509,1,,,0,17,,238479,1,,,0,10,,238525,1,,,0,59,,238485,1,,,0,15,,238435,1,,,0,15,,238455,1,,,0,7,,238505,1,,,0,46,,238474,1,,,0,6,,238518,1,,,0,5,,238480,1,,,0,6,,238527,1,,,0,8,,238425,1,,,0,4,,238450,1,,,0,6,,238535,1,,,0,6,,238424,1,,,0,5,,238508,1,,,0,6,,238449,1,,,0,6,,238531,1,,,0,45,,238423,1,,,0,8,,238528,1,,,0,8,,238422,1,,,0,7,,238448,1,,,0,7,,238514,1,,,0,8,,238421,1,,,0,7,,238483,1,,,0,7,,238482,1,,,0,47,,238457,1,,,0,8,,238420,1,,,0,15,,238502,1,,,0,15,,238456,1,,,0,10,,238503,1,,,0,52,,238484,1,,,0,14,,238504,1,,,0,15,,238419,1,,,0,15,,238418,1,,,0,53,,238417,1,,,0,14,,238500,1,,,0,16,,238416,1,,,0,15,,238415,1,,,0,55,,238499,1,,,0,15,,238498,1,,,0,15,,238501,1,,,0,15,,238497,1,,,0,56,,238495,1,,,0,16,,238432,1,,,0,14,,238496,1,,,0,14,,238431,1,,,0,60,,238519,1,,,0,8,,238494,1,,,0,12,,238429,1,,,0,14,,238493,1,,,0,9,,238430,1,,,0,53,,238428,1,,,0,10,,238467,1,,,0,7,,238523,1,,,0,6,,238492,1,,,0,8,,238465,1,,,0,11,,238466,1,,,0,8,,238464,1,,,0,4,,238491,1,,,0,51,,238463,1,,,0,7,,238447,1,,,0,8,,238462,1,,,0,8,,238490,1,,,0,7,,238506,1,,,0,7,,238443,1,,,0,6,,238461,1,,,0,8,,238489,1,,,0,48,,238488,1,,,0,4,,238460,1,,,0,9,,238446,1,,,0,8,,238459,1,,,0,10,,238507,1,,,0,8,,238487,1,,,0,7,,238458,1,,,0,4,,238445,1,,,0,52,,238444,1,,,0,14,,238477,1,,,0,15,,238433,1,,,0,12,,238442,1,,,0,57,,238454,1,,,0,17,,238469,1,,,0,14,,238434,1,,,0,17,,238441,1,,,0,54,,238453,1,,,0,15,,238440,1,,,0,15,,238439,1,,,0,16,,238438,1,,,0,56,,238437,1,,,0,14,,238452,1,,,0,14,,238436,1,,,0,15,,238427,1,,,0,55,,238473,1,,,0,15,,238472,1,,,0,15,,238468,1,,,0,15,,238471,1,,,0,55,,238470,1,,,0,17,,238451,1,,,0,21,,238426,1,,,0,61,,238478,1,,,0,20,,238476,1,,,0,21,,238481,1,,,0
3780701,'2_merged_15727752',506,,238547,1,,,0,98,,238570,1,,,0,27,,238569,1,,,0,69,,238543,1,,,0,17,,238538,1,,,0,16,,238544,1,,,0,15,,238540,1,,,0,53,,238539,1,,,0,16,,238552,1,,,0,18,,238541,1,,,0,13,,238573,1,,,0,55,,238574,1,,,0,15,,238575,1,,,0,12,,238576,1,,,0,15,,238577,1,,,0,14,,238581,1,,,0,57,,238578,1,,,0,17,,238579,1,,,0,13,,238580,1,,,0,55,,238582,1,,,0,15,,238583,1,,,0,15,,238584,1,,,0,15,,238585,1,,,0,54,,238586,1,,,0,14,,238587,1,,,0,15,,238588,1,,,0,15,,238589,1,,,0,15,,238590,1,,,0,55,,238591,1,,,0,16,,238592,1,,,0,15,,238593,1,,,0,56,,238594,1,,,0,15,,238595,1,,,0,17,,238596,1,,,0,8,,238597,1,,,0,59,,238598,1,,,0,20,,238599,1,,,0,13,,238600,1,,,0,15,,238602,1,,,0,54,,238603,1,,,0,12,,238604,1,,,0,12,,238605,1,,,0,12,,238606,1,,,0,12,,238607,1,,,0,52,,238608,1,,,0,13,,238609,1,,,0,14,,238610,1,,,0,10,,238611,1,,,0,12,,238612,1,,,0,52,,238613,1,,,0,12,,238614,1,,,0,12,,238615,1,,,0,13,,238616,1,,,0,12,,238617,1,,,0,52,,238618,1,,,0,12,,238560,1,,,0,13,,238566,1,,,0,10,,238559,1,,,0,12,,238558,1,,,0,52,,238557,1,,,0,12,,238556,1,,,0,12,,238565,1,,,0,14,,238554,1,,,0,12,,238555,1,,,0,52,,238571,1,,,0,12,,238551,1,,,0,12,,238564,1,,,0,12,,238553,1,,,0,12,,238619,1,,,0,54,,238568,1,,,0,11,,238546,1,,,0,15,,238550,1,,,0,15,,238563,1,,,0,57,,238567,1,,,0,17,,238548,1,,,0,17,,238562,1,,,0,17,,238545,1,,,0,60,,238549,1,,,0,15,,238537,1,,,0,17,,238561,1,,,0,57,,238572,1,,,0
3780701,'3_merged_15727751',508,,238670,1,,,0,92,,238701,1,,,0,34,,238700,1,,,0,22,,238657,1,,,0,57,,238639,1,,,0,15,,238659,1,,,0,13,,238653,1,,,0,15,,238649,1,,,0,55,,238674,1,,,0,15,,238654,1,,,0,15,,238661,1,,,0,15,,238663,1,,,0,54,,238703,1,,,0,15,,238634,1,,,0,15,,238676,1,,,0,14,,238675,1,,,0,55,,238636,1,,,0,15,,238648,1,,,0,15,,238633,1,,,0,17,,238650,1,,,0,55,,238635,1,,,0,15,,238652,1,,,0,14,,238642,1,,,0,14,,238640,1,,,0,54,,238664,1,,,0,7,,238669,1,,,0,17,,238665,1,,,0,16,,238645,1,,,0,57,,238655,1,,,0,17,,238647,1,,,0,15,,238658,1,,,0,15,,238644,1,,,0,55,,238668,1,,,0,15,,238646,1,,,0,15,,238643,1,,,0,14,,238641,1,,,0,52,,238637,1,,,0,20,,238666,1,,,0,14,,238632,1,,,0,15,,238631,1,,,0,54,,238630,1,,,0,14,,238629,1,,,0,14,,238628,1,,,0,16,,238626,1,,,0,7,,238625,1,,,0,52,,238627,1,,,0,12,,238698,1,,,0,12,,238691,1,,,0,12,,238690,1,,,0,12,,238689,1,,,0,51,,238688,1,,,0,12,,238693,1,,,0,12,,238687,1,,,0,12,,238686,1,,,0,11,,238685,1,,,0,54,,238660,1,,,0,15,,238684,1,,,0,15,,238697,1,,,0,16,,238683,1,,,0,56,,238682,1,,,0,15,,238681,1,,,0,16,,238680,1,,,0,12,,238696,1,,,0,55,,238678,1,,,0,15,,238679,1,,,0,15,,238702,1,,,0,14,,238673,1,,,0,59,,238695,1,,,0,15,,238677,1,,,0,15,,238699,1,,,0,15,,238662,1,,,0,56,,238672,1,,,0,16,,238694,1,,,0,14,,238667,1,,,0,57,,238651,1,,,0,16,,238671,1,,,0,22,,238638,1,,,0,19,,238692,1,,,0
