661301,'1',525,,187204,3,,,0,20,,187203,3,,,0,59,,187202,3,,,0,20,,187188,3,,,0,15,,187187,3,,,0,15,,187186,3,,,0,54,,187247,3,,,0,15,,187179,3,,,0,16,,187178,3,,,0,15,,187177,3,,,0,55,,187176,3,,,0,15,,187175,3,,,0,15,,187242,3,,,0,15,,187225,3,,,0,54,,187229,3,,,0,15,,187228,3,,,0,14,,187227,3,,,0,15,,187226,3,,,0,54,,187224,3,,,0,15,,187222,3,,,0,15,,187241,3,,,0,15,,187240,3,,,0,55,,187239,3,,,0,15,,187238,3,,,0,16,,187237,3,,,0,15,,187236,3,,,0,55,,187185,3,,,0,15,,187184,3,,,0,15,,187200,3,,,0,14,,187199,3,,,0,56,,187198,3,,,0,15,,187197,3,,,0,15,,187174,3,,,0,15,,187256,3,,,0,55,,187255,3,,,0,13,,187254,3,,,0,13,,187253,3,,,0,13,,187252,3,,,0,12,,187258,3,,,0,52,,187250,3,,,0,12,,187251,3,,,0,12,,187249,3,,,0,12,,187248,3,,,0,12,,187246,3,,,0,52,,187245,3,,,0,13,,187244,3,,,0,13,,187243,3,,,0,12,,187223,3,,,0,52,,187196,3,,,0,12,,187195,3,,,0,12,,187194,3,,,0,12,,187193,3,,,0,13,,187192,3,,,0,52,,187191,3,,,0,12,,187190,3,,,0,13,,187189,3,,,0,12,,187235,3,,,0,12,,187234,3,,,0,55,,187233,3,,,0,15,,187232,3,,,0,15,,187231,3,,,0,15,,187230,3,,,0,55,,187221,3,,,0,16,,187220,3,,,0,15,,187182,3,,,0,15,,187257,3,,,0,55,,187181,3,,,0,15,,187180,3,,,0,15,,187183,3,,,0,15,,187219,3,,,0,55,,187218,3,,,0,14,,187217,3,,,0,16,,187216,3,,,0,16,,187215,3,,,0,56,,187214,3,,,0,14,,187213,3,,,0,15,,187212,3,,,0,15,,187211,3,,,0,54,,187210,3,,,0,14,,187208,3,,,0,21,,187209,3,,,0,63,,187207,3,,,0,20,,187206,3,,,0,20,,187205,3,,,0,60,,187201,3,,,0
661301,'2',534,,187308,3,,,0,20,,187307,3,,,0,61,,187306,3,,,0,20,,187305,3,,,0,20,,187304,3,,,0,55,,187303,3,,,0,15,,187302,3,,,0,16,,187315,3,,,0,16,,187314,3,,,0,55,,187301,3,,,0,15,,187289,3,,,0,15,,187288,3,,,0,14,,187287,3,,,0,56,,187286,3,,,0,16,,187273,3,,,0,16,,187272,3,,,0,56,,187261,3,,,0,15,,187260,3,,,0,15,,187259,3,,,0,15,,187335,3,,,0,55,,187334,3,,,0,16,,187333,3,,,0,16,,187313,3,,,0,14,,187312,3,,,0,56,,187311,3,,,0,15,,187293,3,,,0,16,,187309,3,,,0,15,,187300,3,,,0,56,,187299,3,,,0,15,,187298,3,,,0,15,,187297,3,,,0,14,,187285,3,,,0,56,,187284,3,,,0,15,,187283,3,,,0,15,,187271,3,,,0,15,,187270,3,,,0,54,,187269,3,,,0,15,,187268,3,,,0,15,,187267,3,,,0,15,,187266,3,,,0,55,,187265,3,,,0,13,,187264,3,,,0,12,,187263,3,,,0,12,,187262,3,,,0,12,,187296,3,,,0,52,,187336,3,,,0,12,,187295,3,,,0,12,,187294,3,,,0,12,,187292,3,,,0,12,,187291,3,,,0,52,,187290,3,,,0,14,,187337,3,,,0,15,,187310,3,,,0,15,,187282,3,,,0,55,,187281,3,,,0,15,,187280,3,,,0,15,,187279,3,,,0,15,,187278,3,,,0,53,,187277,3,,,0,15,,187276,3,,,0,15,,187275,3,,,0,15,,187274,3,,,0,13,,187332,3,,,0,55,,187331,3,,,0,15,,187330,3,,,0,15,,187329,3,,,0,15,,187328,3,,,0,55,,187327,3,,,0,15,,187326,3,,,0,15,,187325,3,,,0,13,,187324,3,,,0,54,,187323,3,,,0,14,,187322,3,,,0,14,,187321,3,,,0,14,,187320,3,,,0,54,,187319,3,,,0,28,,187317,3,,,0,69,,187316,3,,,0,30,,187318,3,,,0
661301,'3',532,,187338,3,,,0,20,,187339,3,,,0,60,,187340,3,,,0,20,,187341,3,,,0,20,,187342,3,,,0,62,,187343,3,,,0,20,,187344,3,,,0,22,,187345,3,,,0,59,,187346,3,,,0,19,,187347,3,,,0,18,,187348,3,,,0,59,,187349,3,,,0,19,,187350,3,,,0,16,,187351,3,,,0,55,,187352,3,,,0,15,,187353,3,,,0,15,,187354,3,,,0,15,,187355,3,,,0,56,,187356,3,,,0,15,,187357,3,,,0,16,,187358,3,,,0,16,,187359,3,,,0,56,,187360,3,,,0,15,,187361,3,,,0,16,,187362,3,,,0,14,,187363,3,,,0,55,,187364,3,,,0,15,,187365,3,,,0,15,,187366,3,,,0,14,,187367,3,,,0,54,,187368,3,,,0,15,,187369,3,,,0,15,,187370,3,,,0,15,,187371,3,,,0,54,,187372,3,,,0,15,,187373,3,,,0,15,,187374,3,,,0,15,,187375,3,,,0,54,,187376,3,,,0,14,,187377,3,,,0,16,,187378,3,,,0,15,,187379,3,,,0,56,,187380,3,,,0,16,,187381,3,,,0,15,,187382,3,,,0,15,,187383,3,,,0,54,,187384,3,,,0,14,,187385,3,,,0,14,,187386,3,,,0,15,,187387,3,,,0,14,,187388,3,,,0,56,,187389,3,,,0,15,,187390,3,,,0,15,,187391,3,,,0,55,,187392,3,,,0,15,,187393,3,,,0,15,,187394,3,,,0,15,,187395,3,,,0,56,,187396,3,,,0,15,,187397,3,,,0,15,,187398,3,,,0,15,,187399,3,,,0,55,,187400,3,,,0,15,,187401,3,,,0,16,,187402,3,,,0,16,,187403,3,,,0,55,,187404,3,,,0,14,,187405,3,,,0,15,,187406,3,,,0,15,,187407,3,,,0,56,,187408,3,,,0,30,,187409,3,,,0,72,,187410,3,,,0,30,,187411,3,,,0
661400,'1',515,,187454,6,,,0,14,,187455,6,,,0,23,,187458,6,,,0,55,,187493,28,,,0,19,,187456,6,,,0,4,,187442,28,,,0,16,,187494,28,,,0,56,,187440,28,,,0,15,,187465,28,,,0,15,,187466,28,,,0,14,,187467,33,,,0,56,,187468,33,,,0,15,,187475,33,,,0,15,,187481,33,,,0,15,,187495,33,,,0,55,,187469,33,,,0,15,,187435,33,,,0,15,,187436,33,,,0,15,,187477,33,,,0,55,,187478,33,,,0,15,,187479,33,,,0,15,,187480,33,,,0,14,,187496,33,,,0,55,,187497,33,,,0,15,,187492,33,,,0,15,,187472,33,,,0,16,,187437,33,,,0,55,,187464,33,,,0,14,,187439,33,,,0,14,,187473,33,,,0,14,,187476,33,,,0,14,,187432,33,,,0,54,,187433,33,,,0,14,,187459,33,,,0,12,,187502,33,,,0,14,,187457,33,,,0,52,,187460,33,,,0,12,,187461,33,,,0,12,,187470,33,,,0,12,,187490,33,,,0,11,,187491,33,,,0,52,,187471,33,,,0,12,,187443,33,,,0,12,,187444,33,,,0,12,,187445,33,,,0,12,,187487,33,,,0,52,,187446,33,,,0,12,,187447,33,,,0,10,,187448,33,,,0,11,,187450,33,,,0,10,,187485,33,,,0,10,,187499,33,,,0,50,,187474,33,,,0,10,,187498,33,,,0,10,,187484,33,,,0,10,,187486,33,,,0,10,,187453,33,,,0,8,,187500,33,,,0,48,,187488,33,,,0,9,,187501,33,,,0,6,,187489,33,,,0,9,,187452,33,,,0,12,,187462,33,,,0,12,,187451,33,,,0,52,,187438,33,,,0,15,,187483,33,,,0,20,,187441,33,,,0,21,,187482,33,,,0
661400,'2',558,,187536,28,,,0,57,,187524,6,,,0,18,,187528,28,,,0,15,,187519,28,,,0,60,,187523,28,,,0,20,,187568,28,,,0,20,,187540,28,,,0,60,,187539,28,,,0,16,,187525,6,,,0,4,,187510,28,,,0,19,,187552,28,,,0,55,,187553,28,,,0,16,,187554,28,,,0,15,,187555,33,,,0,14,,187556,33,,,0,54,,187527,33,,,0,14,,187544,33,,,0,14,,187542,33,,,0,13,,187507,33,,,0,14,,187508,33,,,0,53,,187509,33,,,0,12,,187577,33,,,0,12,,187530,33,,,0,12,,187512,33,,,0,12,,187511,33,,,0,52,,187560,33,,,0,13,,187529,33,,,0,11,,187531,33,,,0,12,,187570,33,,,0,11,,187532,33,,,0,51,,187533,33,,,0,11,,187578,33,,,0,11,,187561,33,,,0,11,,187566,33,,,0,11,,187520,33,,,0,51,,187571,33,,,0,12,,187506,33,,,0,13,,187515,33,,,0,12,,187516,33,,,0,12,,187517,33,,,0,52,,187572,33,,,0,12,,187557,33,,,0,12,,187573,33,,,0,12,,187567,33,,,0,12,,187526,33,,,0,53,,187546,33,,,0,12,,187559,33,,,0,12,,187574,33,,,0,12,,187548,33,,,0,13,,187562,33,,,0,52,,187534,33,,,0,12,,187565,33,,,0,12,,187538,33,,,0,11,,187575,33,,,0,12,,187569,33,,,0,52,,187503,33,,,0,12,,187504,33,,,0,13,,187505,33,,,0,12,,187576,33,,,0,11,,187579,33,,,0,53,,187513,33,,,0,13,,187514,33,,,0,16,,187547,33,,,0,21,,187535,33,,,0
661400,'3',608,,187580,6,,,0,38,,187581,6,,,0,70,,187582,6,,,0,16,,187583,28,,,0,69,,187584,28,,,0,30,,187585,28,,,0,22,,187586,6,,,0,48,,187587,28,,,0,26,,187588,28,,,0,21,,187589,28,,,0,57,,187590,28,,,0,14,,187591,33,,,0,16,,187592,33,,,0,15,,187593,33,,,0,55,,187594,33,,,0,15,,187595,33,,,0,16,,187596,33,,,0,16,,187597,33,,,0,54,,187598,33,,,0,15,,187599,33,,,0,15,,187600,33,,,0,14,,187601,33,,,0,52,,187602,33,,,0,12,,187603,33,,,0,12,,187604,33,,,0,12,,187605,33,,,0,12,,187606,33,,,0,52,,187607,33,,,0,13,,187608,33,,,0,12,,187609,33,,,0,12,,187610,33,,,0,12,,187611,33,,,0,52,,187612,33,,,0,13,,187613,33,,,0,13,,187614,33,,,0,13,,187615,33,,,0,12,,187616,33,,,0,52,,187617,33,,,0,12,,187618,33,,,0,13,,187619,33,,,0,14,,187620,33,,,0,55,,187621,33,,,0,15,,187622,33,,,0,15,,187623,33,,,0,15,,187624,33,,,0,14,,187625,33,,,0,55,,187626,33,,,0,15,,187627,33,,,0,15,,187628,33,,,0,15,,187629,33,,,0,59,,187630,33,,,0,19,,187631,33,,,0,19,,187632,33,,,0
661700,'1',551,,189191,38,,,0,68,,189192,38,,,0,19,,189193,38,,,0,15,,189194,38,,,0,52,,189195,38,,,0,13,,189196,38,,,0,13,,189197,38,,,0,12,,189198,38,,,0,12,,189199,38,,,0,50,,189200,38,,,0,11,,189201,38,,,0,10,,189202,38,,,0,12,,189203,38,,,0,12,,189204,38,,,0,52,,189205,38,,,0,12,,189206,38,,,0,15,,189207,38,,,0,15,,189208,38,,,0,14,,189209,38,,,0,54,,189210,38,,,0,15,,189211,38,,,0,15,,189212,38,,,0,15,,189213,38,,,0,55,,189214,38,,,0,16,,189215,38,,,0,15,,189216,38,,,0,15,,189217,38,,,0,55,,189218,38,,,0,16,,189219,38,,,0,15,,189220,38,,,0,56,,189221,38,,,0,15,,189222,38,,,0,16,,189223,38,,,0,15,,189224,38,,,0,55,,189225,38,,,0,15,,189226,38,,,0,15,,189227,38,,,0,15,,189228,38,,,0,12,,189229,38,,,0,52,,189230,38,,,0,12,,189231,38,,,0,12,,189232,38,,,0,12,,189233,38,,,0,12,,189234,38,,,0,52,,189235,38,,,0,12,,189236,38,,,0,13,,189237,38,,,0,12,,189238,38,,,0,12,,189239,38,,,0,52,,189240,38,,,0,12,,189241,38,,,0,15,,189242,38,,,0,14,,189243,38,,,0,60,,189244,38,,,0,20,,189245,38,,,0,19,,189246,38,,,0,60,,189247,38,,,0,20,,189248,38,,,0,20,,189249,38,,,0,61,,189250,38,,,0,21,,189251,38,,,0,20,,189252,38,,,0
661700,'152201',2113,,189167,38,,,0,20,,189168,38,,,0,20,,189169,38,,,0,60,,189170,38,,,0,19,,189171,38,,,0,20,,189172,38,,,0,60,,189173,38,,,0,21,,189174,38,,,0,20,,189175,38,,,0,62,,189176,38,,,0,23,,189177,38,,,0,77,,189178,38,,,0
661700,'152301',2113,,189179,35,,,0,20,,189180,35,,,0,20,,189181,35,,,0,60,,189182,35,,,0,19,,189183,35,,,0,20,,189184,35,,,0,60,,189185,35,,,0,21,,189186,35,,,0,20,,189187,35,,,0,62,,189188,35,,,0,23,,189189,35,,,0,77,,189190,35,,,0
661700,'2',553,,189254,6,,,0,70,,189255,38,,,0,20,,189256,38,,,0,61,,189257,38,,,0,21,,189258,38,,,0,20,,189259,38,,,0,60,,189260,38,,,0,20,,189261,38,,,0,15,,189262,38,,,0,15,,189263,38,,,0,55,,189264,38,,,0,15,,189265,38,,,0,15,,189266,38,,,0,16,,189267,38,,,0,55,,189268,38,,,0,15,,189269,38,,,0,15,,189270,38,,,0,15,,189271,38,,,0,55,,189272,38,,,0,16,,189273,38,,,0,15,,189274,38,,,0,16,,189275,38,,,0,55,,189276,38,,,0,15,,189277,38,,,0,15,,189278,38,,,0,16,,189279,38,,,0,56,,189280,38,,,0,16,,189281,38,,,0,17,,189282,38,,,0,55,,189283,38,,,0,15,,189284,38,,,0,15,,189285,38,,,0,16,,189286,38,,,0,55,,189287,38,,,0,15,,189288,38,,,0,12,,189289,38,,,0,12,,189290,38,,,0,12,,189291,38,,,0,53,,189292,38,,,0,13,,189293,38,,,0,13,,189294,38,,,0,13,,189295,38,,,0,12,,189296,38,,,0,52,,189297,38,,,0,12,,189298,38,,,0,11,,189299,38,,,0,12,,189300,38,,,0,12,,189301,38,,,0,52,,189302,38,,,0,13,,189303,38,,,0,15,,189304,38,,,0,15,,189305,38,,,0,55,,189306,38,,,0,15,,189307,38,,,0,15,,189308,38,,,0,15,,189309,38,,,0,55,,189310,38,,,0,20,,189311,38,,,0,19,,189312,38,,,0,61,,189313,35,,,0,19,,189314,35,,,0,21,,189315,35,,,0,60,,189316,35,,,0,21,,189317,35,,,0,20,,189318,35,,,0,61,,189319,35,,,0,19,,189320,35,,,0,20,,189321,35,,,0,57,,189322,35,,,0,35,,189323,35,,,0,72,,189324,35,,,0
661700,'3',616,,189325,38,,,0,30,,189326,38,,,0,71,,189327,38,,,0,29,,189328,38,,,0,72,,189329,38,,,0,35,,189330,38,,,0,66,,189331,38,,,0,20,,189332,38,,,0,62,,189333,38,,,0,23,,189334,38,,,0,22,,189335,38,,,0,60,,189336,38,,,0,14,,189337,38,,,0,15,,189338,38,,,0,15,,189339,38,,,0,54,,189340,38,,,0,15,,189341,38,,,0,15,,189342,38,,,0,16,,189343,38,,,0,55,,189344,38,,,0,15,,189345,38,,,0,14,,189346,38,,,0,14,,189347,38,,,0,55,,189348,38,,,0,15,,189349,38,,,0,15,,189350,38,,,0,14,,189351,38,,,0,55,,189352,38,,,0,15,,189353,38,,,0,15,,189354,38,,,0,15,,189355,38,,,0,56,,189356,38,,,0,15,,189357,38,,,0,15,,189358,38,,,0,15,,189359,38,,,0,55,,189360,38,,,0,15,,189361,38,,,0,14,,189362,38,,,0,14,,189363,38,,,0,55,,189364,38,,,0,15,,189365,38,,,0,20,,189366,38,,,0,20,,189367,38,,,0,60,,189368,38,,,0,20,,189369,38,,,0,20,,189370,38,,,0,57,,189371,38,,,0,20,,189372,38,,,0,20,,189373,38,,,0,59,,189374,35,,,0,20,,189375,35,,,0,20,,189376,35,,,0,61,,189377,35,,,0,20,,189378,35,,,0,20,,189379,35,,,0,60,,189380,35,,,0,20,,189381,35,,,0,20,,189382,35,,,0,58,,189383,35,,,0,33,,189384,35,,,0,68,,189385,35,,,0
661800,'1',525,,189684,3,,,0,21,,189619,3,,,0,61,,189681,3,,,0,20,,189682,3,,,0,15,,189635,3,,,0,16,,189636,3,,,0,55,,189637,3,,,0,16,,189638,3,,,0,17,,189686,3,,,0,55,,189661,3,,,0,17,,189630,3,,,0,17,,189648,3,,,0,15,,189662,3,,,0,55,,189631,3,,,0,15,,189663,3,,,0,14,,189633,3,,,0,15,,189632,3,,,0,54,,189691,3,,,0,15,,189621,3,,,0,15,,189688,3,,,0,15,,189626,3,,,0,55,,189640,3,,,0,14,,189641,3,,,0,16,,189616,3,,,0,15,,189672,3,,,0,55,,189634,3,,,0,15,,189646,3,,,0,16,,189647,3,,,0,14,,189642,3,,,0,56,,189659,3,,,0,15,,189627,3,,,0,15,,189629,3,,,0,16,,189670,3,,,0,55,,189667,3,,,0,15,,189654,3,,,0,15,,189650,3,,,0,15,,189651,3,,,0,55,,189685,3,,,0,15,,189677,3,,,0,15,,189618,3,,,0,15,,189678,3,,,0,55,,189664,3,,,0,15,,189665,3,,,0,15,,189666,3,,,0,15,,189655,3,,,0,56,,189639,3,,,0,15,,189617,3,,,0,15,,189656,3,,,0,14,,189692,3,,,0,55,,189645,3,,,0,15,,189676,3,,,0,14,,189660,3,,,0,15,,189624,3,,,0,55,,189687,3,,,0,15,,189679,3,,,0,14,,189668,3,,,0,15,,189693,3,,,0,54,,189611,3,,,0,15,,189612,3,,,0,15,,189689,3,,,0,15,,189613,3,,,0,54,,189690,3,,,0,15,,189614,3,,,0,15,,189615,3,,,0,15,,189669,3,,,0,55,,189643,3,,,0,15,,189644,3,,,0,13,,189671,3,,,0,15,,189674,3,,,0,14,,189675,3,,,0,55,,189623,3,,,0,15,,189673,3,,,0,15,,189680,3,,,0,15,,189622,3,,,0,62,,189653,3,,,0,28,,189620,3,,,0,85,,189625,3,,,0,67,,189652,3,,,0
661800,'2',538,,189752,3,,,0,20,,189702,3,,,0,60,,189756,3,,,0,20,,189773,3,,,0,21,,189727,3,,,0,59,,189728,3,,,0,15,,189703,3,,,0,15,,189774,3,,,0,55,,189775,3,,,0,15,,189726,3,,,0,15,,189757,3,,,0,15,,189704,3,,,0,55,,189714,3,,,0,16,,189716,3,,,0,15,,189717,3,,,0,17,,189718,3,,,0,55,,189719,3,,,0,15,,189720,3,,,0,15,,189721,3,,,0,17,,189758,3,,,0,55,,189759,3,,,0,15,,189760,3,,,0,15,,189761,3,,,0,12,,189779,3,,,0,52,,189780,3,,,0,12,,189762,3,,,0,12,,189763,3,,,0,12,,189764,3,,,0,12,,189765,3,,,0,52,,189781,3,,,0,12,,189766,3,,,0,13,,189767,3,,,0,12,,189768,3,,,0,12,,189769,3,,,0,52,,189782,3,,,0,12,,189770,3,,,0,13,,189771,3,,,0,12,,189772,3,,,0,12,,189738,3,,,0,52,,189783,3,,,0,12,,189739,3,,,0,12,,189740,3,,,0,12,,189741,3,,,0,12,,189751,3,,,0,52,,189784,3,,,0,12,,189742,3,,,0,12,,189743,3,,,0,10,,189744,3,,,0,12,,189745,3,,,0,52,,189785,3,,,0,12,,189746,3,,,0,12,,189736,3,,,0,12,,189737,3,,,0,12,,189777,3,,,0,52,,189786,3,,,0,12,,189715,3,,,0,15,,189747,3,,,0,15,,189748,3,,,0,14,,189696,3,,,0,55,,189697,3,,,0,14,,189698,3,,,0,16,,189699,3,,,0,16,,189700,3,,,0,56,,189733,3,,,0,15,,189731,3,,,0,15,,189711,3,,,0,55,,189753,3,,,0,15,,189755,3,,,0,14,,189709,3,,,0,15,,189754,3,,,0,56,,189707,3,,,0,15,,189735,3,,,0,14,,189730,3,,,0,16,,189732,3,,,0,14,,189712,3,,,0,55,,189729,3,,,0,15,,189706,3,,,0,15,,189705,3,,,0,15,,189710,3,,,0,56,,189734,3,,,0,32,,189713,3,,,0,69,,189708,3,,,0,30,,189701,3,,,0
661800,'3',534,,189850,3,,,0,20,,189856,3,,,0,60,,189852,3,,,0,19,,189834,3,,,0,18,,189798,3,,,0,59,,189808,3,,,0,19,,189797,3,,,0,21,,189828,3,,,0,61,,189846,3,,,0,20,,189807,3,,,0,18,,189814,3,,,0,63,,189803,3,,,0,22,,189840,3,,,0,17,,189801,3,,,0,54,,189847,3,,,0,16,,189862,3,,,0,14,,189794,3,,,0,14,,189804,3,,,0,56,,189866,3,,,0,15,,189810,3,,,0,15,,189816,3,,,0,12,,189826,3,,,0,12,,189867,3,,,0,52,,189823,3,,,0,10,,189829,3,,,0,12,,189864,3,,,0,12,,189833,3,,,0,13,,189868,3,,,0,52,,189832,3,,,0,14,,189831,3,,,0,13,,189830,3,,,0,13,,189809,3,,,0,51,,189869,3,,,0,12,,189857,3,,,0,12,,189820,3,,,0,12,,189841,3,,,0,12,,189863,3,,,0,52,,189870,3,,,0,12,,189813,3,,,0,12,,189818,3,,,0,12,,189827,3,,,0,12,,189817,3,,,0,52,,189871,3,,,0,12,,189837,3,,,0,10,,189821,3,,,0,12,,189802,3,,,0,12,,189853,3,,,0,12,,189872,3,,,0,53,,189811,3,,,0,12,,189796,3,,,0,12,,189845,3,,,0,11,,189858,3,,,0,11,,189873,3,,,0,53,,189815,3,,,0,12,,189851,3,,,0,12,,189793,3,,,0,12,,189805,3,,,0,55,,189860,3,,,0,15,,189800,3,,,0,14,,189836,3,,,0,15,,189838,3,,,0,55,,189835,3,,,0,15,,189819,3,,,0,15,,189822,3,,,0,15,,189806,3,,,0,55,,189795,3,,,0,15,,189799,3,,,0,12,,189824,3,,,0,16,,189843,3,,,0,14,,189865,3,,,0,55,,189792,3,,,0,15,,189791,3,,,0,15,,189849,3,,,0,15,,189848,3,,,0,55,,189855,3,,,0,17,,189854,3,,,0,19,,189789,3,,,0,67,,189812,3,,,0,32,,189825,3,,,0,79,,189844,3,,,0,30,,189859,3,,,0
667200,'1',553,,206447,7,,,0,47,,206448,7,,,0,15,,206449,7,,,0,14,,206450,7,,,0,18,,206451,7,,,0,59,,206452,7,,,0,12,,206453,7,,,0,15,,206454,7,,,0,14,,206455,7,0,11 12,0,9,,206456,7,,,0,52,,206457,7,,,0,13,,206458,7,,,0,20,,206493,7,,,0,15,,206466,7,,,0,65,,206467,7,,,0,30,,206468,7,,,0,70,,206469,7,,,0,29,,206470,7,,,0,70,,206471,7,,,0,29,,206472,7,,,0,68,,206473,7,,,0,30,,206474,7,,,0,69,,206475,7,,,0,29,,206476,7,,,0,68,,206477,7,,,0,30,,206478,7,,,0,69,,206479,7,,,0,26,,206491,7,,,0,5,,206459,7,,,0,16,,206460,7,,,0,53,,206461,7,,,0,17,,206462,7,,,0,18,,206463,7,,,0,65,,206464,7,,,0,10,,206465,7,,,0,25,,206492,7,,,0,1,,206480,7,,,0,63,,206481,7,,,0,4,,206482,7,0,11 12,0,21,,206483,7,,,0,5,,206484,7,,,0,16,,206485,7,,,0,55,,206486,7,,,0,16,,206487,7,,,0,74,,206488,7,,,0
667200,'2',655,,206497,7,,,0,70,,206498,7,,,0,28,,206499,7,,,0,71,,206500,7,,,0,29,,206501,7,,,0,70,,206502,7,,,0,29,,206503,7,,,0,70,,206504,7,,,0,30,,206505,7,,,0,70,,206506,7,,,0,30,,206507,7,,,0,68,,206508,7,,,0,28,,206509,7,,,0,70,,206510,7,,,0,20,,206511,7,,,0,64,,206512,7,,,0,25,,206513,7,,,0,21,,206514,7,,,0,53,,206515,7,,,0,23,,206516,7,,,0,18,,206517,7,,,0,65,,206518,7,,,0,24,,206519,7,,,0,22,,206520,7,,,0,54,,206521,7,,,0,25,,206522,7,,,0,19,,206523,7,,,0,63,,206524,7,,,0,23,,206525,7,,,0,20,,206526,7,,,0,73,,206527,7,,,0,78,,206528,7,,,0
667200,'3',726,,206530,7,,,0,30,,206531,7,,,0,70,,206532,7,,,0,30,,206533,7,,,0,69,,206534,7,,,0,31,,206535,7,,,0,69,,206536,7,,,0,29,,206537,7,,,0,70,,206538,7,,,0,30,,206539,7,,,0,70,,206540,7,,,0,29,,206541,7,,,0,71,,206542,7,,,0,30,,206543,7,,,0,70,,206544,7,,,0,32,,206545,7,,,0,69,,206546,7,,,0,30,,206547,7,,,0,70,,206548,7,,,0,30,,206549,7,,,0,71,,206550,7,,,0,31,,206555,7,,,0,73,,206551,7,,,0,26,,206552,7,,,0,68,,206553,7,,,0,30,,206554,7,,,0
667300,'1',722,,206705,7,,,0,88,,206687,7,,,0,199,,206692,7,,,0,30,,206693,7,,,0,70,,206694,7,,,0,25,,206695,7,,,0,71,,206696,7,,,0,30,,206697,7,,,0,66,,206698,7,,,0,26,,206707,7,,,0,74,,206677,7,,,0,26,,206678,7,,,0,28,,206679,7,,,0,70,,206680,7,,,0,3,,206681,7,,,0,16,,206682,7,,,0,74,,206683,7,,,0,20,,206684,7,,,0,69,,206685,7,,,0,13,,206686,7,,,0,19,,206665,7,,,0,15,,206672,7,,,0,71,,206673,7,,,0
667300,'101',1605,,206662,7,,,0,48,,206663,7,,,0
667300,'2',1009,,206717,7,,,0,25,,206718,7,,,0,77,,206719,7,,,0,24,,206720,7,,,0,68,,206721,7,,,0,30,,206722,7,,,0,70,,206723,7,,,0,32,,206724,7,,,0,73,,206725,7,,,0,33,,206726,7,,,0,71,,206727,7,,,0,31,,206728,7,,,0,73,,206729,7,,,0,34,,206730,7,,,0,71,,206731,7,,,0,35,,206732,7,,,0
667300,'201',1605,,206709,7,,,0,48,,206710,7,,,0
667300,'3',1012,,206749,7,,,0,31,,206750,7,,,0,69,,206751,7,,,0,31,,206752,7,,,0,70,,206753,7,,,0,30,,206754,7,,,0,69,,206755,7,,,0,32,,206756,7,,,0,71,,206757,7,,,0,29,,206758,7,,,0,71,,206759,7,,,0,31,,206760,7,,,0,70,,206761,7,,,0,31,,206762,7,,,0,70,,206763,7,,,0,31,,206764,7,,,0
667500,'1',1645,,207101,7,,,0,67,,207103,7,,,0
684000,'1',2615,,225196,6,,,0,20,,225195,6,,,0,19,,225197,6,,,0,61,,225198,6,,,0,30,,225199,6,,,0,70,,225200,6,,,0,30,,225201,6,,,0,70,,225202,6,,,0
684000,'2',2618,,225204,6,,,0,20,,225203,6,,,0,20,,225206,6,,,0,60,,225205,6,,,0,30,,225207,6,,,0,70,,225208,6,,,0,30,,225209,6,,,0,70,,225210,6,,,0
684000,'3',2616,,225213,6,,,0,30,,225212,6,,,0,70,,225211,6,,,0
1671700,'1',2030,,227433,7,,,0,28,,227434,7,,,0,66,,227435,7,,,0,31,,227436,7,,,0,70,,227437,7,,,0,31,,227438,7,,,0,70,,227439,7,,,0,30,,227440,7,,,0,70,,227441,7,,,0,29,,227442,7,,,0
1671700,'2',2026,,227443,7,,,0,26,,227444,7,,,0,71,,227445,7,,,0,30,,227451,7,,,0,70,,227446,7,,,0,29,,227447,7,,,0,70,,227448,7,,,0,34,,227450,7,,,0,100,,227449,7,,,0
1671700,'3',2025,,227452,7,,,0,30,,227453,7,,,0,68,,227454,7,,,0,32,,227461,7,,,0,71,,227455,7,,,0,29,,227456,7,,,0,70,,227457,7,,,0,26,,227460,7,,,0,70,,227458,7,,,0,30,,227459,7,,,0
