662101,'1_merged_15727750',518,,191551,2,,,0,20,,191552,2,,,0,62,,191553,2,,,0,19,,191554,2,,,0,21,,191555,2,,,0,60,,191556,2,,,0,20,,191557,2,,,0,16,,191558,2,,,0,17,,191559,2,,,0,57,,191560,2,,,0,17,,191561,2,,,0,18,,191562,2,,,0,58,,191563,2,,,0,18,,191564,2,,,0,17,,191495,2,,,0,16,,191496,2,,,0,56,,191497,2,,,0,16,,191498,2,,,0,17,,191499,2,,,0,57,,191500,2,,,0,17,,191518,2,,,0,18,,191519,2,,,0,18,,191520,2,,,0,58,,191521,2,,,0,17,,191522,2,,,0,17,,191523,2,,,0,57,,191524,2,,,0,15,,191494,2,,,0,14,,191525,2,,,0,14,,191526,2,,,0,55,,191527,2,,,0,15,,191528,2,,,0,15,,191529,2,,,0,16,,191530,2,,,0,56,,191531,2,,,0,15,,191532,2,,,0,15,,191533,2,,,0,15,,191534,2,,,0,55,,191535,2,,,0,15,,191536,2,,,0,15,,191537,2,,,0,16,,191538,2,,,0,55,,191539,2,,,0,15,,191541,2,,,0,14,,191502,2,,,0,15,,191503,2,,,0,55,,191504,2,,,0,15,,191505,2,,,0,14,,191506,2,,,0,14,,191507,2,,,0,55,,191508,2,,,0,15,,191509,2,,,0,17,,191510,2,,,0,18,,191511,2,,,0,57,,191512,2,,,0,16,,191513,2,,,0,17,,191514,2,,,0,18,,191515,2,,,0,58,,191516,2,,,0,22,,191517,2,,,0,62,,191542,2,,,0,18,,191543,2,,,0,27,,191544,2,,,0,59,,191545,2,,,0,20,,191546,2,,,0,23,,191501,2,,,0,62,,191547,2,,,0,19,,191550,2,,,0,30,,191540,2,,,0,69,,191548,2,,,0,25,,191549,2,,,0
662101,'2_merged_15727752',520,,191565,2,,,0,20,,191566,2,,,0,60,,191567,2,,,0,20,,191568,2,,,0,20,,191569,2,,,0,60,,191570,2,,,0,20,,191571,2,,,0,20,,191572,2,,,0,60,,191573,2,,,0,21,,191574,2,,,0,21,,191575,2,,,0,16,,191576,2,,,0,56,,191577,2,,,0,18,,191578,2,,,0,18,,191579,2,,,0,58,,191580,2,,,0,18,,191581,2,,,0,18,,191582,2,,,0,59,,191583,2,,,0,18,,191584,2,,,0,16,,191585,2,,,0,14,,191586,2,,,0,55,,191587,2,,,0,14,,191588,2,,,0,14,,191589,2,,,0,14,,191590,2,,,0,55,,191591,2,,,0,14,,191592,2,,,0,15,,191593,2,,,0,15,,191594,2,,,0,56,,191595,2,,,0,16,,191596,2,,,0,16,,191597,2,,,0,16,,191598,2,,,0,55,,191599,2,,,0,12,,191600,2,,,0,12,,191601,2,,,0,12,,191602,2,,,0,12,,191603,2,,,0,52,,191604,2,,,0,12,,191605,2,,,0,12,,191606,2,,,0,12,,191607,2,,,0,12,,191608,2,,,0,52,,191609,2,,,0,12,,191610,2,,,0,12,,191611,2,,,0,12,,191612,2,,,0,12,,191613,2,,,0,52,,191614,2,,,0,12,,191615,2,,,0,12,,191616,2,,,0,11,,191617,2,,,0,12,,191618,2,,,0,52,,191619,2,,,0,13,,191620,2,,,0,15,,191621,2,,,0,19,,191622,2,,,0,60,,191623,2,,,0,19,,191624,2,,,0,18,,191625,2,,,0,58,,191626,2,,,0,18,,191627,2,,,0,19,,191628,2,,,0,60,,191629,2,,,0,20,,191630,2,,,0,21,,191631,2,,,0,61,,191632,2,,,0,30,,191633,2,,,0,71,,191634,2,,,0,27,,191635,2,,,0,71,,191636,2,,,0,30,,191637,2,,,0,68,,191638,2,,,0
662101,'3_merged_15727751',454,,191639,2,,,0,70,,191640,2,,,0,33,,191641,2,,,0,70,,191642,2,,,0,31,,191643,2,,,0,62,,191644,2,,,0,20,,191645,2,,,0,60,,191646,2,,,0,21,,191647,2,,,0,20,,191648,2,,,0,59,,191649,2,,,0,20,,191650,2,,,0,20,,191651,2,,,0,60,,191652,2,,,0,17,,191653,2,,,0,17,,191654,2,,,0,18,,191655,2,,,0,58,,191656,2,,,0,17,,191657,2,,,0,16,,191658,2,,,0,16,,191659,2,,,0,57,,191660,2,,,0,15,,191661,2,,,0,15,,191662,2,,,0,55,,191663,2,,,0,15,,191664,2,,,0,15,,191665,2,,,0,15,,191666,2,,,0,55,,191667,2,,,0,15,,191668,2,,,0,15,,191669,2,,,0,15,,191670,2,,,0,55,,191671,2,,,0,15,,191672,2,,,0,15,,191673,2,,,0,15,,191674,2,,,0,55,,191675,2,,,0,15,,191676,2,,,0,15,,191677,2,,,0,15,,191678,2,,,0,55,,191679,2,,,0,15,,191680,2,,,0,15,,191681,2,,,0,15,,191682,2,,,0,56,,191683,2,,,0,20,,191684,2,,,0,20,,191685,2,,,0,59,,191686,2,,,0,20,,191687,2,,,0,21,,191688,2,,,0,60,,191689,2,,,0,20,,191690,2,,,0,19,,191691,2,,,0,60,,191692,2,,,0,20,,191693,2,,,0,20,,191694,2,,,0,60,,191695,2,,,0,16,,191696,2,,,0,20,,191697,2,,,0,63,,191698,2,,,0,30,,191699,2,,,0,72,,191700,2,,,0,29,,191701,2,,,0,70,,191702,2,,,0,31,,191703,2,,,0,26,,191704,2,,,0
662301,'152201_merged_15727756',2113,,192473,10,,,0,20,,192474,10,,,0,20,,192475,10,,,0,60,,192476,10,,,0,20,,192477,10,,,0,20,,192478,10,,,0,60,,192479,10,,,0,23,,192480,10,,,0,20,,192481,10,,,0,59,,192482,10,,,0,25,,192483,10,,,0,73,,192484,10,,,0,28,,192485,10,,,0
662301,'152301_merged_15727764',2113,,192486,10,,,0,20,,192487,10,,,0,20,,192488,10,,,0,60,,192489,10,,,0,20,,192490,10,,,0,20,,192491,10,,,0,60,,192492,10,,,0,23,,192493,10,,,0,20,,192494,10,,,0,59,,192495,10,,,0,25,,192496,10,,,0,73,,192497,10,,,0,28,,192498,10,,,0
662301,'1_merged_15727750',556,,192499,10,,,0,55,,192500,10,,,0,15,,192501,10,,,0,15,,192502,10,,,0,14,,192503,10,,,0,55,,192504,10,,,0,14,,192505,10,,,0,15,,192506,10,,,0,14,,192507,10,,,0,56,,192508,10,,,0,15,,192509,10,,,0,15,,192510,10,,,0,14,,192511,10,,,0,55,,192512,10,,,0,15,,192513,10,,,0,15,,192514,10,,,0,15,,192515,10,,,0,55,,192516,10,,,0,15,,192517,10,,,0,15,,192518,10,,,0,15,,192519,10,,,0,55,,192520,10,,,0,17,,192521,10,,,0,15,,192522,10,,,0,15,,192523,10,,,0,55,,192524,10,,,0,15,,192525,10,,,0,16,,192526,10,,,0,14,,192527,10,,,0,55,,192528,10,,,0,15,,192529,10,,,0,15,,192530,10,,,0,15,,192531,10,,,0,55,,192532,10,,,0,15,,192533,10,,,0,15,,192534,10,,,0,15,,192535,10,,,0,55,,192536,10,,,0,15,,192537,10,,,0,15,,192538,10,,,0,16,,192539,10,,,0,55,,192540,10,,,0,16,,192541,10,,,0,16,,192542,10,,,0,57,,192543,10,,,0,15,,192544,10,,,0,15,,192545,10,,,0,14,,192546,10,,,0,11,,192547,10,,,0,55,,192548,10,,,0,12,,192549,10,,,0,15,,192550,10,,,0,12,,192551,10,,,0,55,,192552,10,,,0,14,,192553,10,,,0,15,,192554,10,,,0,15,,192555,10,,,0,55,,192556,10,,,0,14,,192557,10,,,0,16,,192558,10,,,0,20,,192559,10,,,0
662301,'2_merged_15727752',603,,192560,11,,,0,20,,192561,11,,,0,20,,192562,11,,,0,60,,192563,11,,,0,16,,192564,11,,,0,16,,192565,11,,,0,15,,192566,11,,,0,55,,192567,11,,,0,15,,192568,11,,,0,15,,192569,11,,,0,15,,192570,11,,,0,56,,192571,11,,,0,16,,192572,11,,,0,16,,192573,11,,,0,18,,192574,11,,,0,55,,192575,11,,,0,16,,192576,11,,,0,15,,192577,11,,,0,17,,192578,11,,,0,55,,192579,11,,,0,15,,192580,11,,,0,15,,192581,11,,,0,12,,192582,11,,,0,55,,192583,11,,,0,14,,192584,11,,,0,14,,192585,11,,,0,14,,192586,11,,,0,54,,192587,11,,,0,14,,192588,11,,,0,14,,192589,11,,,0,14,,192590,11,,,0,54,,192591,11,,,0,17,,192592,11,,,0,14,,192593,11,,,0,15,,192594,11,,,0,55,,192595,11,,,0,15,,192596,11,,,0,16,,192597,11,,,0,15,,192598,11,,,0,55,,192599,11,,,0,14,,192600,11,,,0,14,,192601,11,,,0,15,,192602,11,,,0,54,,192603,11,,,0,14,,192604,11,,,0,15,,192605,11,,,0,15,,192606,11,,,0,55,,192607,11,,,0,15,,192608,11,,,0,14,,192609,11,,,0,15,,192610,11,,,0,14,,192611,11,,,0,54,,192612,11,,,0,13,,192613,11,,,0,15,,192614,11,,,0,15,,192615,11,,,0,55,,192616,11,,,0,13,,192617,11,,,0,15,,192618,11,,,0,15,,192619,11,,,0,56,,192620,10,,,0,19,,192621,10,,,0,20,,192622,10,,,0,60,,192623,10,,,0,16,,192624,10,,,0,20,,192625,10,,,0,60,,192626,10,,,0,20,,192627,10,,,0,20,,192628,10,,,0,72,,192629,10,,,0,30,,192630,10,,,0,70,,192631,10,,,0,30,,192632,10,,,0
662301,'3_merged_15727751',603,,192633,11,,,0,20,,192634,11,,,0,20,,192635,11,,,0,60,,192636,11,,,0,20,,192637,11,,,0,20,,192638,11,,,0,60,,192639,11,,,0,15,,192640,11,,,0,15,,192641,11,,,0,15,,192642,11,,,0,55,,192643,11,,,0,16,,192644,11,,,0,15,,192645,11,,,0,15,,192646,11,,,0,55,,192647,11,,,0,14,,192648,11,,,0,15,,192649,11,,,0,17,,192650,11,,,0,55,,192651,11,,,0,15,,192652,11,,,0,15,,192653,11,,,0,15,,192654,11,,,0,55,,192655,11,,,0,15,,192656,11,,,0,15,,192657,11,,,0,17,,192658,11,,,0,55,,192659,11,,,0,15,,192660,11,,,0,15,,192661,11,,,0,16,,192662,11,,,0,55,,192663,11,,,0,14,,192664,11,,,0,15,,192665,11,,,0,15,,192666,11,,,0,55,,192667,11,,,0,15,,192668,11,,,0,15,,192669,11,,,0,15,,192670,11,,,0,56,,192671,11,,,0,15,,192672,11,,,0,15,,192673,11,,,0,15,,192674,11,,,0,55,,192675,11,,,0,15,,192676,11,,,0,15,,192677,11,,,0,16,,192678,11,,,0,55,,192679,11,,,0,13,,192680,11,,,0,15,,192681,11,,,0,15,,192682,11,,,0,55,,192683,11,,,0,15,,192684,11,,,0,15,,192685,11,,,0,15,,192686,11,,,0,55,,192687,11,,,0,15,,192688,11,,,0,15,,192689,11,,,0,14,,192690,11,,,0,55,,192691,11,,,0,15,,192692,10,,,0,15,,192693,10,,,0,15,,192694,10,,,0,55,,192695,10,,,0,19,,192696,10,,,0,20,,192697,10,,,0,60,,192698,10,,,0,18,,192699,10,,,0,20,,192700,10,,,0,60,,192701,10,,,0,18,,192702,10,,,0,28,,192703,10,,,0,70,,192704,10,,,0,31,,192705,10,,,0
683101,'1_merged_15727750',2617,,224955,10,,,0,30,,224954,10,,,0,70,,224953,10,,,0
683101,'2_merged_15727752',2618,,224957,10,,,0,30,,224956,10,,,0,70,,224958,10,,,0
683101,'3_merged_15727751',2617,,224961,10,,,0,30,,224960,10,,,0,70,,224959,10,,,0
