666400,'1_merged_15727750',535,,205205,6,,,0,70,,205198,6,,,0,28,,205199,6,,,0,70,,205170,6,,,0,28,,205171,6,,,0,72,,205172,6,,,0,38,,205173,6,,,0,68,,205174,6,,,0,31,,205202,6,,,0,70,,205175,6,,,0,28,,205176,6,,,0,72,,205177,6,,,0,30,,205178,6,,,0,70,,205179,6,,,0,30,,205180,6,,,0,70,,205181,6,,,0,28,,205182,6,,,0,72,,205184,6,,,0,32,,205185,6,,,0,72,,205186,6,,,0,30,,205200,6,,,0,70,,205187,6,,,0,30,,205188,6,,,0,70,,205189,6,,,0,30,,205190,6,,,0,70,,205191,6,,,0,30,,205169,6,,,0,70,,205183,6,,,0,25,,205192,6,,,0,63,,205193,6,,,0,35,,205201,6,,,0,76,,205204,6,,,0,42,,205194,6,,,0,78,,205195,6,,,0,81,,205196,6,,,0,39,,205203,6,,,0,80,,205197,6,,,0
666400,'2_merged_15727752',609,,205206,6,,,0,30,,205207,6,,,0,70,,205208,6,,,0,30,,205209,6,,,0,70,,205210,6,,,0,30,,205211,6,,,0,70,,205212,6,,,0,32,,205213,6,,,0,70,,205214,6,,,0,30,,205215,6,,,0,70,,205216,6,,,0,30,,205217,6,,,0,69,,205218,6,,,0,30,,205219,6,,,0,70,,205220,6,,,0,30,,205221,6,,,0,71,,205222,6,,,0,30,,205223,6,,,0,70,,205224,6,,,0,30,,205225,6,,,0,70,,205226,6,,,0,30,,205227,6,,,0,70,,205228,6,,,0,30,,205229,6,,,0,70,,205230,6,,,0,30,,205231,6,,,0,70,,205232,6,,,0,30,,205233,6,,,0,98,,205234,6,,,0,100,,205235,6,,,0,100,,205236,6,,,0,100,,205237,6,,,0,97,,205238,6,,,0
666400,'3_merged_15727751',719,,205239,6,,,0,100,,205240,6,,,0,101,,205241,6,,,0,100,,205242,6,,,0,100,,205243,6,,,0,30,,205257,6,,,0,70,,205244,6,,,0,30,,205258,6,,,0,70,,205245,6,,,0,30,,205259,6,,,0,70,,205246,6,,,0,30,,205260,6,,,0,70,,205247,6,,,0,30,,205261,6,,,0,70,,205248,6,,,0,30,,205262,6,,,0,70,,205249,6,,,0,30,,205263,6,,,0,70,,205250,6,,,0,99,,205251,6,,,0,100,,205252,6,,,0,100,,205253,6,,,0,100,,205256,6,,,0,100,,205254,6,,,0,118,,205255,6,,,0
666500,'1_merged_15727750',555,,205387,30,,,0,70,,205397,30,,,0,28,,205396,30,,,0,74,,205395,30,,,0,32,,205394,30,,,0,71,,205393,30,,,0,70,,205380,30,,,0,28,,205392,30,,,0,28,,205379,30,,,0,69,,205378,30,,,0,30,,205377,30,,,0,70,,205391,30,,,0,31,,205376,30,,,0,70,,205390,30,,,0,30,,205389,30,,,0,70,,205369,30,,,0,30,,205386,30,,,0,80,,205375,30,,,0,64,,205374,30,,,0,33,,205385,30,,,0,74,,205388,30,,,0,30,,205384,30,,,0,66,,205383,30,,,0,29,,205382,30,,,0,70,,205373,30,,,0,27,,205381,30,,,0,28,,205372,30,,,0,70,,205371,30,,,0,30,,205370,30,,,0,67,,205368,30,,,0,32,,205367,30,,,0,67,,205366,30,,,0,31,,205365,30,,,0,70,,205364,30,,,0,31,,205363,30,,,0,68,,205362,30,,,0
666500,'2_merged_15727752',604,,205401,30,,,0,31,,205402,30,,,0,72,,205403,30,,,0,30,,205404,30,,,0,70,,205423,30,,,0,30,,205405,30,,,0,71,,205406,30,,,0,31,,205407,30,,,0,70,,205415,30,,,0,31,,205408,30,,,0,70,,205409,30,,,0,32,,205410,30,,,0,70,,205400,30,,,0,30,,205417,30,,,0,71,,205398,30,,,0,31,,205418,30,,,0,70,,205419,30,,,0,18,,205420,30,,,0,20,,205430,30,,,0,60,,205421,30,,,0,20,,205422,30,,,0,19,,205431,30,,,0,60,,205399,30,,,0,20,,205424,30,,,0,20,,205432,30,,,0,59,,205425,30,,,0,20,,205426,30,,,0,20,,205433,30,,,0,60,,205428,30,,,0,20,,205411,30,,,0,25,,205412,30,,,0,73,,205413,30,,,0,28,,205434,30,,,0,66,,205429,30,,,0,28,,205435,30,,,0,70,,205416,30,,,0,99,,205427,30,,,0,97,,205414,30,,,0,105,,205436,30,,,0
666500,'3_merged_15727751',733,,205465,30,,,0,80,,205456,30,,,0,30,,205446,30,,,0,70,,205445,30,,,0,30,,205444,30,,,0,72,,205464,30,,,0,30,,205443,30,,,0,70,,205442,30,,,0,30,,205437,30,,,0,70,,205447,30,,,0,30,,205462,30,,,0,70,,205449,30,,,0,30,,205461,30,,,0,70,,205460,30,,,0,15,,205466,30,,,0,20,,205459,30,,,0,61,,205458,30,,,0,20,,205467,30,,,0,20,,205457,30,,,0,60,,205448,30,,,0,20,,205468,30,,,0,20,,205455,30,,,0,60,,205454,30,,,0,20,,205469,30,,,0,20,,205453,30,,,0,60,,205451,30,,,0,20,,205470,30,,,0,19,,205441,30,,,0,65,,205440,30,,,0,30,,205439,30,,,0,70,,205471,30,,,0,28,,205450,30,,,0,70,,205472,30,,,0,25,,205463,30,,,0,100,,205452,30,,,0,104,,205438,30,,,0
684100,'1_merged_15727750',420,,225242,6,,,0,127,,225231,56,,,0,70,,225232,56,,,0,9,,225239,56,,,0,1991,,225241,6,,,0,11,,225240,56,,,0,30,,225234,56,,,0,60,,225236,56,,,0,20,,225233,56,,,0,62,,225235,56,,,0,30,,225237,56,,,0,75,,225238,56,,,0
684100,'2_merged_15727752',541,,225243,56,,,0,72,,225250,56,,,0,31,,225251,56,,,0,75,,225252,56,,,0,29,,225248,56,,,0,1804,,225244,6,,,0,77,,225254,56,,,0,74,,225245,56,,,0,17,,225249,56,,,0,20,,225253,56,,,0,60,,225246,56,,,0,30,,225247,56,,,0,80,,225255,56,,,0
684100,'3_merged_15727751',539,,225266,56,,,0,74,,225267,56,,,0,30,,225268,56,,,0,70,,225269,56,,,0,16,,225270,56,,,0,14,,225262,56,,,0,16,,225271,56,,,0,53,,225263,56,,,0,1704,,225264,6,,,0,41,,225256,56,,,0,70,,225257,56,,,0,32,,225260,56,,,0,70,,225259,56,,,0,30,,225258,56,,,0,75,,225261,56,,,0,75,,225265,56,,,0
3004300,'1_merged_15727750',513,,231604,6,,,0,20,,231603,6,,,0,18,,231548,6,,,0,53,,231547,6,,,0,13,,231546,6,,,0,17,,231545,6,,,0,17,,231562,6,,,0,53,,231544,6,,,0,15,,231543,6,,,0,14,,231609,6,,,0,15,,231586,6,,,0,58,,231608,6,,,0,16,,231607,6,,,0,17,,231606,6,,,0,15,,231605,6,,,0,55,,231585,6,,,0,15,,231559,6,,,0,15,,231584,6,,,0,15,,231558,6,,,0,55,,231583,6,,,0,15,,231557,6,,,0,15,,231582,6,,,0,15,,231556,6,,,0,55,,231581,6,,,0,15,,231555,6,,,0,15,,231580,6,,,0,15,,231554,6,,,0,55,,231579,6,,,0,15,,231553,6,,,0,15,,231578,6,,,0,15,,231552,6,,,0,55,,231577,6,,,0,15,,231551,6,,,0,15,,231576,6,,,0,15,,231550,6,,,0,56,,231602,6,,,0,15,,231549,6,,,0,16,,231601,6,,,0,15,,231600,6,,,0,56,,231599,6,,,0,15,,231598,6,,,0,17,,231610,6,,,0,58,,231597,6,,,0,13,,231596,6,,,0,13,,231595,6,,,0,16,,231594,6,,,0,14,,231593,6,,,0,61,,231592,6,,,0,11,,231591,6,,,0,15,,231590,6,,,0,57,,231589,6,,,0,13,,231588,6,,,0,19,,231587,6,,,0,11,,231575,6,,,0,60,,231574,6,,,0,20,,231560,6,,,0,27,,231573,6,,,0,59,,231572,6,,,0,18,,231561,6,,,0,20,,231571,6,,,0,65,,231570,6,,,0,29,,231569,6,,,0,70,,231568,6,,,0,30,,231567,6,,,0,70,,231566,6,,,0,30,,231565,6,,,0,70,,231564,6,,,0,30,,231563,6,,,0
3004300,'2_merged_15727752',603,,231644,6,,,0,33,,231643,6,,,0,72,,231642,6,,,0,30,,231641,6,,,0,71,,231640,6,,,0,30,,231639,6,,,0,70,,231638,6,,,0,30,,231637,6,,,0,72,,231636,6,,,0,31,,231635,6,,,0,68,,231634,6,,,0,19,,231646,6,,,0,20,,231633,6,,,0,60,,231632,6,,,0,20,,231647,6,,,0,20,,231631,6,,,0,60,,231630,6,,,0,20,,231648,6,,,0,20,,231629,6,,,0,61,,231628,6,,,0,20,,231649,6,,,0,20,,231627,6,,,0,60,,231626,6,,,0,20,,231650,6,,,0,19,,231625,6,,,0,60,,231624,6,,,0,19,,231651,6,,,0,21,,231623,6,,,0,60,,231622,6,,,0,20,,231652,6,,,0,20,,231621,6,,,0,58,,231620,6,,,0,25,,231619,6,,,0,76,,231618,6,,,0,26,,231617,6,,,0,75,,231616,6,,,0,25,,231615,6,,,0,75,,231614,6,,,0,30,,231613,6,,,0,74,,231645,6,,,0,25,,231612,6,,,0,75,,231653,6,,,0,25,,231611,6,,,0
3004300,'3_merged_15727751',638,,231671,6,,,0,70,,231670,6,,,0,30,,231669,6,,,0,70,,231668,6,,,0,30,,231667,6,,,0,70,,231666,6,,,0,30,,231665,6,,,0,72,,231664,6,,,0,29,,231663,6,,,0,69,,231662,6,,,0,20,,231672,6,,,0,20,,231661,6,,,0,61,,231660,6,,,0,20,,231673,6,,,0,20,,231659,6,,,0,60,,231658,6,,,0,20,,231674,6,,,0,20,,231657,6,,,0,60,,231656,6,,,0,20,,231675,6,,,0,20,,231655,6,,,0,60,,231654,6,,,0,20,,231676,6,,,0,20,,231695,6,,,0,57,,231694,6,,,0,24,,231677,6,,,0,20,,231693,6,,,0,59,,231692,6,,,0,20,,231678,6,,,0,20,,231691,6,,,0,55,,231690,6,,,0,30,,231689,6,,,0,70,,231688,6,,,0,30,,231687,6,,,0,70,,231686,6,,,0,30,,231685,6,,,0,69,,231679,6,,,0,30,,231684,6,,,0,70,,231680,6,,,0,30,,231683,6,,,0,70,,231681,6,,,0,35,,231682,6,,,0
