672700,'1',456,,217549,47,,,0,63,,217550,47,,,0,81,,217538,47,,,0,21,,217551,47,,,0,20,,217552,47,,,0,59,,217553,47,,,0,19,,217554,47,,,0,27,,217555,47,,,0,63,,217556,47,,,0,25,,217557,47,,,0,69,,217558,47,,,0,21,,217559,47,,,0,18,,217560,47,,,0,64,,217561,47,,,0,30,,217562,47,,,0,69,,217563,47,,,0,29,,217564,47,,,0,70,,217565,47,,,0,23,,217566,47,,,0,31,,217567,47,,,0,70,,217568,47,,,0,28,,217569,47,,,0,68,,217570,47,,,0,19,,217571,47,,,0,67,,217572,47,,,0,30,,217573,47,,,0,64,,217574,47,,,0,45,,217575,47,,,0,61,,217576,47,,,0,10,,217577,47,,,0,25,,217578,47,,,0,55,,217579,47,,,0,19,,217580,47,,,0,29,,217581,47,,,0,70,,217582,47,,,0,27,,217539,47,,,0,69,,217548,47,,,0,27,,217540,47,,,0,71,,217541,47,,,0,30,,217546,47,,,0,79,,217547,47,,,0,30,,217542,47,,,0,74,,217543,47,,,0,94,,217544,47,,,0,104,,217545,47,,,0
672700,'101',1631,,217537,47,,,0
672700,'2',719,,217602,47,,,0,31,,217587,47,,,0,75,,217594,47,,,0,31,,217618,47,,,0,69,,217584,47,,,0,31,,217595,47,,,0,70,,217586,47,,,0,74,,217607,47,,,0,33,,217585,47,,,0,68,,217614,47,,,0,36,,217589,47,,,0,70,,217591,47,,,0,31,,217592,47,,,0,70,,217590,47,,,0,31,,217597,47,,,0,69,,217598,47,,,0,30,,217616,47,,,0,71,,217599,47,,,0,29,,217608,47,,,0,69,,217609,47,,,0,29,,217610,47,,,0,69,,217611,47,,,0,30,,217605,47,,,0,66,,217613,47,,,0,31,,217604,47,,,0,68,,217606,47,,,0,28,,217600,47,,,0,30,,217601,47,,,0,67,,217617,47,,,0,30,,217596,47,,,0,70,,217612,47,,,0,30,,217593,47,,,0,71,,217588,47,,,0,106,,217603,47,,,0,92,,217615,47,,,0
672700,'201',1631,,217583,47,,,0
672700,'3',808,,217619,47,,,0,101,,217628,47,,,0,92,,217631,47,,,0,43,,217639,47,,,0,69,,217633,47,,,0,29,,217646,47,,,0,70,,217622,47,,,0,30,,217649,47,,,0,71,,217635,47,,,0,32,,217636,47,,,0,69,,217637,47,,,0,31,,217623,47,,,0,68,,217621,47,,,0,32,,217645,47,,,0,69,,217647,47,,,0,29,,217650,47,,,0,69,,217638,47,,,0,28,,217643,47,,,0,69,,217644,47,,,0,27,,217641,47,,,0,70,,217620,47,,,0,29,,217632,47,,,0,69,,217629,47,,,0,30,,217630,47,,,0,67,,217626,47,,,0,29,,217627,47,,,0,70,,217648,47,,,0,29,,217634,47,,,0,29,,217640,47,,,0,68,,217624,47,,,0,98,,217625,47,,,0,96,,217642,47,,,0
673000,'1',512,,218302,9,,,0,15,,218303,9,,,0,16,,218304,9,,,0,15,,218305,9,,,0,51,,218349,9,,,0,10,,218306,9,,,0,12,,218307,9,,,0,10,,218308,9,,,0,10,,218309,9,,,0,50,,218310,9,,,0,10,,218311,9,,,0,14,,218312,9,,,0,10,,218348,9,,,0,10,,218313,9,,,0,10,,218314,9,,,0,51,,218315,9,,,0,12,,218316,9,,,0,12,,218317,9,,,0,14,,218318,9,,,0,12,,218319,9,,,0,52,,218320,9,,,0,12,,218321,9,,,0,11,,218347,9,,,0,12,,218322,9,,,0,12,,218323,9,,,0,55,,218324,9,,,0,15,,218325,9,,,0,15,,218326,9,,,0,61,,218327,9,,,0,20,,218328,9,,,0,20,,218329,9,,,0,60,,218330,9,,,0,20,,218331,9,,,0,20,,218332,9,,,0,60,,218333,9,,,0,20,,218334,9,,,0,20,,218335,9,,,0,16,,218336,9,,,0,55,,218337,9,,,0,16,,218338,9,,,0,15,,218339,9,,,0,13,,218340,9,,,0,55,,218341,9,,,0,12,,218342,9,,,0,15,,218343,9,,,0,12,,218344,9,,,0,52,,218345,9,,,0,20,,218346,9,,,0,12,,218283,9,,,0,12,,218284,9,,,0,12,,218285,9,,,0,52,,218286,9,,,0,11,,218287,9,,,0,12,,218288,9,,,0,12,,218289,9,,,0,11,,218290,9,,,0,55,,218291,9,,,0,15,,218292,9,,,0,15,,218293,9,,,0,15,,218294,9,,,0,67,,218295,9,,,0,29,,218296,9,,,0,67,,218297,9,,,0,33,,218298,9,,,0,70,,218299,9,,,0,100,,218300,9,,,0,100,,218301,9,,,0
673000,'101',1611,,218282,9,,,0
673000,'2',705,,218378,9,,,0,20,,218366,9,,,0,20,,218368,9,,,0,60,,218388,9,,,0,21,,218365,9,,,0,22,,218377,9,,,0,60,,218389,9,,,0,21,,218364,9,,,0,23,,218376,9,,,0,60,,218390,9,,,0,22,,218363,9,,,0,21,,218380,9,,,0,60,,218375,9,,,0,21,,218362,9,,,0,16,,218395,9,,,0,56,,218381,9,,,0,18,,218351,9,,,0,18,,218382,9,,,0,14,,218396,9,,,0,54,,218361,9,,,0,16,,218374,9,,,0,15,,218360,9,,,0,16,,218397,9,,,0,55,,218383,9,,,0,15,,218373,9,,,0,15,,218359,9,,,0,15,,218384,9,,,0,55,,218391,9,,,0,15,,218372,9,,,0,15,,218358,9,,,0,15,,218385,9,,,0,55,,218371,9,,,0,15,,218392,9,,,0,15,,218357,9,,,0,14,,218387,9,,,0,55,,218370,9,,,0,15,,218393,9,,,0,15,,218386,9,,,0,13,,218398,9,,,0,55,,218356,9,,,0,14,,218369,9,,,0,16,,218355,9,,,0,60,,218394,9,,,0,19,,218367,9,,,0,24,,218354,9,,,0,70,,218379,9,,,0,28,,218353,9,,,0,70,,218352,9,,,0,100,,218399,9,,,0,94,,218400,9,,,0
673000,'201',1611,,218350,9,,,0
673000,'3',808,,218434,9,,,0,18,,218414,9,,,0,20,,218424,9,,,0,62,,218435,9,,,0,22,,218413,9,,,0,23,,218423,9,,,0,62,,218436,9,,,0,22,,218412,9,,,0,21,,218426,9,,,0,61,,218422,9,,,0,20,,218411,9,,,0,20,,218427,9,,,0,60,,218401,9,,,0,20,,218428,9,,,0,63,,218410,9,,,0,20,,218421,9,,,0,20,,218409,9,,,0,60,,218429,9,,,0,19,,218420,9,,,0,15,,218439,9,,,0,15,,218408,9,,,0,55,,218430,9,,,0,15,,218419,9,,,0,15,,218440,9,,,0,15,,218407,9,,,0,55,,218431,9,,,0,12,,218418,9,,,0,17,,218441,9,,,0,15,,218406,9,,,0,55,,218433,9,,,0,14,,218417,9,,,0,15,,218442,9,,,0,15,,218432,9,,,0,55,,218405,9,,,0,13,,218416,9,,,0,18,,218404,9,,,0,20,,218437,9,,,0,60,,218415,9,,,0,20,,218403,9,,,0,19,,218438,9,,,0,60,,218425,9,,,0,20,,218443,9,,,0,20,,218402,9,,,0,99,,218444,9,,,0,98,,218445,9,,,0
