662200,'1',605,,191732,51,0,24 14 8,0,14,,191733,24,0,24 14 8,0,15,,191734,51,0,24 14 8,0,12,,191735,24,0,24 14 8,0,12,,191736,51,0,24 14 8,0,52,,191737,51,0,24 14 8,0,12,,191738,51,0,24 14 8,0,11,,191739,51,0,24 14 8,0,10,,191740,51,0,24 14 8,0,8,,191741,51,0,24 14 8,0,8,,191742,51,0,24 14 8,0,48,,191743,51,0,24 14 8,0,7,,191744,51,0,24 14 8,0,7,,191745,51,0,24 14 8,0,6,,191746,51,0,24 14 8,0,7,,191811,51,0,24 14 8,0,6,,191747,51,0,24 14 8,0,8,,191748,51,0,24 14 8,0,6,,191749,51,0,24 14 8,0,47,,191750,51,0,24 14 8,0,7,,191751,51,0,24 14 8,0,7,,191752,51,0,24 14 8,0,8,,191753,51,0,24 14 8,0,7,,191754,51,0,24 14 8,0,8,,191755,51,0,24 14 8,0,9,,191756,51,0,24 14 8,0,10,,191757,51,0,24 14 8,0,51,,191758,51,0,24 14 8,0,12,,191759,51,0,24 14 8,0,12,,191815,51,0,24 14 8,0,12,,191760,51,0,24 14 8,0,10,,191761,51,0,24 14 8,0,51,,191762,51,0,24 14 8,0,11,,191763,51,0,24 14 8,0,11,,191816,51,0,24 14 8,0,12,,191764,51,0,24 14 8,0,12,,191765,51,0,24 14 8,0,52,,191766,51,0,24 14 8,0,12,,191767,51,0,24 14 8,0,12,,191817,51,0,24 14 8,0,12,,191768,51,0,24 14 8,0,12,,191769,51,0,24 14 8,0,52,,191770,51,0,24 14 8,0,12,,191771,51,0,24 14 8,0,12,,191818,51,0,24 14 8,0,12,,191772,51,0,24 14 8,0,12,,191773,51,0,24 14 8,0,52,,191774,51,0,24 14 8,0,11,,191819,51,0,24 14 8,0,12,,191775,51,0,24 14 8,0,12,,191776,51,0,24 14 8,0,13,,191777,51,0,24 14 8,0,53,,191778,51,0,24 14 8,0,13,,191807,51,0,24 14 8,0,9,,191808,51,0,24 14 8,0,8,,191812,51,0,24 14 8,0,8,,191809,51,0,24 14 8,0,8,,191810,51,0,24 14 8,0,8,,191779,51,0,24 14 8,0,48,,191813,51,0,24 14 8,0,8,,191814,51,0,24 14 8,0,8,,191780,51,0,24 14 8,0,8,,191781,51,0,24 14 8,0,8,,191782,51,0,24 14 8,0,8,,191783,51,0,24 14 8,0,8,,191784,51,0,24 14 8,0,48,,191785,51,0,24 14 8,0,8,,191786,51,0,24 14 8,0,8,,191787,51,0,24 14 8,0,10,,191788,51,0,24 14 8,0,9,,191789,51,0,24 14 8,0,10,,191790,51,0,24 14 8,0,9,,191791,51,0,24 14 8,0,50,,191792,51,0,24 14 8,0,10,,191793,51,0,24 14 8,0,10,,191794,51,0,24 14 8,0,10,,191795,51,0,24 14 8,0,9,,191796,51,0,24 14 8,0,10,,191797,51,0,24 14 8,0,52,,191798,51,0,24 14 8,0,12,,191799,51,0,24 14 8,0,12,,191800,51,0,24 14 8,0,12,,191820,51,0,24 14 8,0,14,,191801,51,0,24 14 8,0,53,,191802,51,0,24 14 8,0,15,,191803,51,0,24 14 8,0,15,,191804,51,0,24 14 8,0,15,,191805,51,0,24 14 8,0,55,,191806,51,0,24 14 8,0
662200,'152201',2125,,191707,51,0,24 14 8,0,18,,191708,51,0,24 14 8,0,62,,191709,51,0,24 14 8,0,17,,191710,51,0,24 14 8,0,21,,191711,51,0,24 14 8,0,63,,191712,51,0,24 14 8,0,19,,191713,51,0,24 14 8,0,16,,191714,51,0,24 14 8,0,60,,191715,51,0,24 14 8,0,31,,191716,51,0,24 14 8,0,69,,191717,51,,,0,33,,191718,51,,,0
662200,'152301',2125,,191719,49,0,24 14 8,0,18,,191720,49,0,24 14 8,0,62,,191721,49,0,24 14 8,0,17,,191722,49,0,24 14 8,0,21,,191723,49,0,24 14 8,0,63,,191724,49,0,24 14 8,0,19,,191725,49,0,24 14 8,0,16,,191726,49,0,24 14 8,0,60,,191727,49,0,24 14 8,0,31,,191728,49,0,24 14 8,0,69,,191729,49,,,0,33,,191730,49,,,0
662200,'2',624,,191899,24,0,24 14 8,0,24,,191822,51,0,24 14 8,0,60,,191896,51,0,24 14 8,0,20,,191831,51,0,24 14 8,0,20,,191898,51,0,24 14 8,0,55,,191833,51,0,24 14 8,0,13,,191825,51,0,24 14 8,0,15,,191893,51,0,24 14 8,0,15,,191895,51,0,24 14 8,0,55,,191894,51,0,24 14 8,0,15,,191824,51,0,24 14 8,0,15,,191891,51,0,24 14 8,0,15,,191892,51,0,24 14 8,0,12,,191844,51,0,24 14 8,0,52,,191845,51,0,24 14 8,0,12,,191905,51,0,24 14 8,0,12,,191846,51,0,24 14 8,0,10,,191847,51,0,24 14 8,0,12,,191848,51,0,24 14 8,0,52,,191849,51,0,24 14 8,0,12,,191906,51,0,24 14 8,0,12,,191850,51,0,24 14 8,0,8,,191851,51,0,24 14 8,0,12,,191852,51,0,24 14 8,0,52,,191853,51,0,24 14 8,0,12,,191854,51,0,24 14 8,0,12,,191855,51,0,24 14 8,0,14,,191856,51,0,24 14 8,0,12,,191857,51,0,24 14 8,0,50,,191858,51,0,24 14 8,0,10,,191859,51,0,24 14 8,0,10,,191860,51,0,24 14 8,0,10,,191861,51,0,24 14 8,0,9,,191900,51,0,24 14 8,0,10,,191862,51,0,24 14 8,0,50,,191863,51,0,24 14 8,0,10,,191864,51,0,24 14 8,0,10,,191865,51,0,24 14 8,0,10,,191866,51,0,24 14 8,0,10,,191901,51,0,24 14 8,0,10,,191867,51,0,24 14 8,0,50,,191868,51,0,24 14 8,0,10,,191837,51,0,24 14 8,0,10,,191869,51,0,24 14 8,0,10,,191870,51,0,24 14 8,0,10,,191902,51,0,24 14 8,0,10,,191871,51,0,24 14 8,0,50,,191872,51,0,24 14 8,0,12,,191873,51,0,24 14 8,0,11,,191874,51,0,24 14 8,0,11,,191875,51,0,24 14 8,0,10,,191903,51,0,24 14 8,0,10,,191876,51,0,24 14 8,0,50,,191877,51,0,24 14 8,0,10,,191878,51,0,24 14 8,0,10,,191879,51,0,24 14 8,0,10,,191904,51,0,24 14 8,0,10,,191880,51,0,24 14 8,0,10,,191881,51,0,24 14 8,0,50,,191882,51,0,24 14 8,0,10,,191883,51,0,24 14 8,0,12,,191897,51,0,24 14 8,0,16,,191885,51,0,24 14 8,0,55,,191843,51,0,24 14 8,0,15,,191829,51,0,24 14 8,0,15,,191834,51,0,24 14 8,0,15,,191835,51,0,24 14 8,0,55,,191836,51,0,24 14 8,0,15,,191838,51,0,24 14 8,0,15,,191839,51,0,24 14 8,0,15,,191840,51,0,24 14 8,0,55,,191841,51,0,24 14 8,0,14,,191842,49,0,24 14 8,0,15,,191884,49,0,24 14 8,0,15,,191827,49,0,24 14 8,0,56,,191821,49,0,24 14 8,0,17,,191823,49,0,24 14 8,0,22,,191832,49,0,24 14 8,0,64,,191889,49,0,24 14 8,0,22,,191830,49,0,24 14 8,0,22,,191887,49,0,24 14 8,0,60,,191886,49,0,24 14 8,0,25,,191826,49,0,24 14 8,0,70,,191888,49,,,0,30,,191890,49,,,0
662200,'3',640,,191907,51,,,0,72,,191908,51,,,0,25,,191909,51,0,24 14 8,0,20,,191910,51,0,24 14 8,0,61,,191911,51,0,24 14 8,0,19,,191912,51,0,24 14 8,0,13,,191913,51,0,24 14 8,0,55,,191914,51,0,24 14 8,0,13,,191915,51,0,24 14 8,0,15,,191916,51,0,24 14 8,0,17,,191917,51,0,24 14 8,0,55,,191918,51,0,24 14 8,0,13,,191919,51,0,24 14 8,0,14,,191920,51,0,24 14 8,0,15,,191921,51,0,24 14 8,0,55,,191922,51,0,24 14 8,0,16,,191923,51,0,24 14 8,0,15,,191924,51,0,24 14 8,0,11,,191925,51,0,24 14 8,0,12,,191926,51,0,24 14 8,0,52,,191927,51,0,24 14 8,0,11,,191928,51,0,24 14 8,0,12,,191929,51,0,24 14 8,0,12,,191930,51,0,24 14 8,0,12,,191931,51,0,24 14 8,0,53,,191932,51,0,24 14 8,0,12,,191933,51,0,24 14 8,0,12,,191934,51,0,24 14 8,0,11,,191935,51,0,24 14 8,0,12,,191936,51,0,24 14 8,0,52,,191937,51,0,24 14 8,0,12,,191938,51,0,24 14 8,0,12,,191939,51,0,24 14 8,0,13,,191940,51,0,24 14 8,0,12,,191941,51,0,24 14 8,0,53,,191942,51,0,24 14 8,0,12,,191943,51,0,24 14 8,0,12,,191944,51,0,24 14 8,0,12,,191945,51,0,24 14 8,0,12,,191946,51,0,24 14 8,0,53,,191947,51,0,24 14 8,0,12,,191948,51,0,24 14 8,0,13,,191949,51,0,24 14 8,0,13,,191950,51,0,24 14 8,0,52,,191951,51,0,24 14 8,0,12,,191952,51,0,24 14 8,0,13,,191953,51,0,24 14 8,0,12,,191954,51,0,24 14 8,0,14,,191955,51,0,24 14 8,0,55,,191956,51,0,24 14 8,0,16,,191957,51,0,24 14 8,0,15,,191958,51,0,24 14 8,0,17,,191959,51,0,24 14 8,0,55,,191960,51,0,24 14 8,0,15,,191961,51,0,24 14 8,0,15,,191962,51,0,24 14 8,0,15,,191963,51,0,24 14 8,0,55,,191964,51,0,24 14 8,0,15,,191965,51,0,24 14 8,0,16,,191966,51,0,24 14 8,0,17,,191967,51,0,24 14 8,0,56,,191968,51,0,24 14 8,0,17,,191969,49,0,24 14 8,0,16,,191970,49,0,24 14 8,0,57,,191971,49,0,24 14 8,0,18,,191972,49,0,24 14 8,0,19,,191973,49,0,24 14 8,0,60,,191974,49,0,24 14 8,0,20,,191975,49,0,24 14 8,0,20,,191976,49,0,24 14 8,0,64,,191977,49,0,24 14 8,0,28,,191978,49,,,0,70,,191979,49,,,0,29,,191980,49,,,0
683800,'1',2626,,225146,18,,,0,19,,225148,18,,,0,60,,225145,18,,,0,20,,225147,18,,,0,33,,225149,18,,,0,63,,225150,18,,,0,30,,225151,18,,,0,78,,225152,18,,,0
683800,'2',2630,,225155,18,,,0,16,,225156,18,,,0,56,,225154,18,,,0,30,,225153,18,,,0,70,,225157,18,,,0,30,,225158,18,,,0,70,,225159,18,,,0,20,,225160,18,,,0
683800,'3',2625,,225161,18,,,0,30,,225162,18,,,0,70,,225163,18,,,0,76,,225164,18,,,0,20,,225165,18,,,0,31,,225166,18,,,0,70,,225167,18,,,0
1671800,'1',513,,227576,23,,,0,7,,227575,52,,,0,16,,227609,23,,,0,23,,227577,52,,,0,44,,227571,48,,,0,13,,227572,52,,,0,13,,227578,48,,,0,13,,227579,52,,,0,15,,227580,52,,,0,56,,227581,52,,,0,15,,227582,52,,,0,15,,227569,52,,,0,14,,227570,52,,,0,54,,227586,52,,,0,14,,227587,52,,,0,14,,227588,52,,,0,15,,227589,52,,,0,55,,227590,52,,,0,13,,227591,52,,,0,13,,227592,52,,,0,14,,227593,52,,,0,53,,227594,52,,,0,14,,227595,52,,,0,15,,227596,52,,,0,15,,227597,52,,,0,55,,227598,52,,,0,15,,227599,52,,,0,16,,227600,52,,,0,15,,227601,52,,,0,55,,227602,52,,,0,16,,227603,52,,,0,16,,227604,52,,,0,15,,227605,52,,,0,55,,227583,52,,,0,15,,227584,52,,,0,12,,227573,23,,,0,5,,227585,52,,,0,15,,227562,52,,,0,56,,227563,52,,,0,15,,227564,52,,,0,16,,227534,52,,,0,15,,227535,52,,,0,56,,227536,52,,,0,8,,227537,52,,,0,8,,227574,52,,,0,14,,227538,52,,,0,12,,227539,52,,,0,50,,227610,23,,,0,5,,227540,52,,,0,13,,227541,52,,,0,12,,227542,52,,,0,10,,227612,52,,,0,10,,227543,52,,,0,50,,227544,52,,,0,9,,227545,52,,,0,10,,227546,52,,,0,10,,227547,52,,,0,10,,227548,52,,,0,9,,227549,52,,,0,9,,227550,52,,,0,49,,227611,52,,,0,9,,227551,52,,,0,9,,227552,52,,,0,10,,227553,52,,,0,10,,227554,52,,,0,12,,227555,52,,,0,52,,227556,52,,,0,12,,227557,52,,,0,12,,227558,52,,,0
1671800,'2',521,,227641,52,,,0,17,,227637,23,,,0,14,,227638,23,,,0,50,,227672,52,,,0,21,,227673,52,,,0,15,,227650,52,,,0,12,,227639,23,,,0,5,,227651,52,,,0,60,,227652,52,,,0,20,,227653,52,,,0,15,,227654,52,,,0,54,,227655,52,,,0,14,,227656,52,,,0,13,,227658,52,,,0,14,,227659,52,,,0,56,,227660,52,,,0,15,,227661,52,,,0,15,,227662,52,,,0,15,,227663,52,,,0,9,,227707,23,,,0,46,,227664,52,,,0,15,,227665,52,,,0,9,,227649,23,,,0,6,,227666,52,,,0,15,,227667,52,,,0,56,,227668,52,,,0,8,,227640,23,,,0,7,,227669,52,,,0,15,,227670,52,,,0,12,,227671,52,,,0,12,,227657,52,,,0,54,,227642,52,,,0,5,,227708,23,,,0,7,,227674,52,,,0,13,,227675,52,,,0,12,,227676,52,,,0,53,,227677,52,,,0,6,,227709,23,,,0,5,,227643,52,,,0,10,,227678,52,,,0,10,,227679,52,,,0,10,,227680,52,,,0,10,,227681,52,,,0,50,,227682,52,,,0,9,,227644,52,,,0,10,,227683,52,,,0,10,,227684,52,,,0,10,,227685,52,,,0,10,,227686,52,,,0,51,,227687,52,,,0,11,,227645,52,,,0,11,,227688,52,,,0,10,,227689,52,,,0,10,,227690,52,,,0,10,,227691,52,,,0,50,,227692,52,,,0,10,,227646,52,,,0,10,,227693,52,,,0,10,,227694,52,,,0,10,,227696,52,,,0,10,,227697,52,,,0,50,,227698,52,,,0,10,,227647,52,,,0,9,,227699,52,,,0,10,,227700,52,,,0,10,,227695,52,,,0,9,,227701,52,,,0,50,,227702,52,,,0,10,,227648,52,,,0,10,,227703,52,,,0,10,,227704,52,,,0,12,,227705,52,,,0,12,,227613,52,,,0,52,,227614,52,,,0,12,,227615,52,,,0,13,,227616,52,,,0
1671800,'3',552,,227790,52,,,0,62,,227731,52,,,0,20,,227737,52,,,0,24,,227738,52,,,0,51,,227713,23,,,0,15,,227791,52,,,0,20,,227739,52,,,0,14,,227741,52,,,0,56,,227714,52,,,0,16,,227740,52,,,0,13,,227742,52,,,0,13,,227743,52,,,0,54,,227744,52,,,0,15,,227745,52,,,0,11,,227712,23,,,0,4,,227746,52,,,0,16,,227747,52,,,0,56,,227748,52,,,0,18,,227749,52,,,0,16,,227750,52,,,0,56,,227751,52,,,0,16,,227752,52,,,0,15,,227753,52,,,0,14,,227754,52,,,0,53,,227755,52,,,0,8,,227776,23,,,0,6,,227775,52,,,0,13,,227756,52,,,0,13,,227757,52,,,0,13,,227758,52,,,0,52,,227715,52,,,0,11,,227759,52,,,0,12,,227760,52,,,0,12,,227761,52,,,0,12,,227762,52,,,0,52,,227716,52,,,0,13,,227763,52,,,0,12,,227764,52,,,0,13,,227765,52,,,0,12,,227766,52,,,0,52,,227727,52,,,0,13,,227767,52,,,0,12,,227768,52,,,0,13,,227769,52,,,0,12,,227770,52,,,0,52,,227728,52,,,0,12,,227771,52,,,0,13,,227772,52,,,0,12,,227773,52,,,0,12,,227736,52,,,0,50,,227729,52,,,0,11,,227774,52,,,0,12,,227732,52,,,0,12,,227733,52,,,0,12,,227734,52,,,0,52,,227730,52,,,0,12,,227717,52,,,0,13,,227718,52,,,0,14,,227719,52,,,0,14,,227720,52,,,0,55,,227721,52,,,0,15,,227722,52,,,0
