661300,'1',448,,186978,1,,,0,60,,186977,1,,,0,19,,186976,1,,,0,19,,186975,1,,,0,55,,186974,1,,,0,11,,186973,1,,,0,14,,186972,1,,,0,14,,186971,1,,,0,12,,186968,1,,,0,54,,186967,1,,,0,14,,186966,1,,,0,13,,186965,1,,,0,14,,186964,1,,,0,10,,186956,1,,,0,54,,186955,1,,,0,15,,186954,1,,,0,15,,186953,1,,,0,15,,186952,1,,,0,56,,186951,1,,,0,15,,187013,1,,,0,15,,187012,1,,,0,15,,187011,1,,,0,55,,186970,1,,,0,15,,186969,1,,,0,15,,186963,1,,,0,15,,186962,1,,,0,55,,186961,1,,,0,15,,186960,1,,,0,14,,186959,1,,,0,14,,186958,1,,,0,55,,186939,1,,,0,15,,186957,1,,,0,15,,186950,1,,,0,15,,186949,1,,,0,55,,186948,1,,,0,13,,186947,1,,,0,13,,186946,1,,,0,13,,186945,1,,,0,51,,187020,1,,,0,12,,186944,1,,,0,12,,187018,1,,,0,12,,186943,1,,,0,12,,186942,1,,,0,52,,186941,1,,,0,12,,186940,1,,,0,13,,186938,1,,,0,13,,186937,1,,,0,12,,187017,1,,,0,52,,187016,1,,,0,12,,187015,1,,,0,12,,187014,1,,,0,12,,187002,1,,,0,13,,187001,1,,,0,53,,187000,1,,,0,13,,186999,1,,,0,13,,186998,1,,,0,12,,186997,1,,,0,12,,186996,1,,,0,55,,186995,1,,,0,16,,186994,1,,,0,18,,186993,1,,,0,58,,186992,1,,,0,15,,186991,1,,,0,16,,186990,1,,,0,15,,186989,1,,,0,56,,187019,1,,,0,15,,186988,1,,,0,15,,186987,1,,,0,15,,186986,1,,,0,55,,186985,1,,,0,15,,186984,1,,,0,16,,186983,1,,,0,16,,186982,1,,,0,56,,187010,1,,,0,16,,187009,1,,,0,20,,187008,1,,,0,15,,187007,1,,,0,55,,187006,1,,,0,14,,187005,1,,,0,16,,186981,1,,,0,61,,187004,1,,,0,23,,187003,1,,,0,24,,186979,1,,,0,60,,186980,1,,,0,20,,186936,1,,,0
661300,'2',459,,187068,1,,,0,60,,187067,1,,,0,20,,187065,1,,,0,20,,187064,1,,,0,60,,187066,1,,,0,15,,187063,1,,,0,13,,187059,1,,,0,54,,187058,1,,,0,16,,187057,1,,,0,14,,187056,1,,,0,15,,187055,1,,,0,55,,187053,1,,,0,13,,187052,1,,,0,16,,187051,1,,,0,13,,187024,1,,,0,16,,187050,1,,,0,51,,187049,1,,,0,15,,187048,1,,,0,15,,187047,1,,,0,15,,187046,1,,,0,54,,187022,1,,,0,15,,187045,1,,,0,15,,187076,1,,,0,14,,187077,1,,,0,55,,187078,1,,,0,15,,187079,1,,,0,15,,187080,1,,,0,15,,187081,1,,,0,55,,187082,1,,,0,15,,187083,1,,,0,15,,187084,1,,,0,14,,187085,1,,,0,56,,187086,1,,,0,15,,187087,1,,,0,15,,187088,1,,,0,15,,187089,1,,,0,51,,187090,1,,,0,15,,187091,1,,,0,15,,187092,1,,,0,15,,187093,1,,,0,55,,187095,1,,,0,13,,187094,1,,,0,14,,187096,1,,,0,12,,187097,1,,,0,12,,187075,1,,,0,52,,187098,1,,,0,12,,187074,1,,,0,13,,187073,1,,,0,12,,187072,1,,,0,12,,187054,1,,,0,52,,187071,1,,,0,15,,187099,1,,,0,15,,187044,1,,,0,15,,187043,1,,,0,57,,187042,1,,,0,15,,187041,1,,,0,16,,187040,1,,,0,15,,187039,1,,,0,56,,187038,1,,,0,15,,187037,1,,,0,15,,187036,1,,,0,15,,187035,1,,,0,56,,187021,1,,,0,15,,187034,1,,,0,15,,187033,1,,,0,15,,187032,1,,,0,55,,187031,1,,,0,15,,187030,1,,,0,16,,187029,1,,,0,15,,187028,1,,,0,54,,187027,1,,,0,14,,187026,1,,,0,17,,187025,1,,,0,14,,187023,1,,,0,54,,187062,1,,,0,14,,187061,1,,,0,31,,187060,1,,,0,69,,187070,1,,,0,30,,187069,1,,,0
661300,'3',457,,187100,1,,,0,60,,187101,1,,,0,20,,187102,1,,,0,20,,187103,1,,,0,60,,187104,1,,,0,22,,187105,1,,,0,19,,187106,1,,,0,60,,187107,1,,,0,19,,187108,1,,,0,17,,187109,1,,,0,58,,187110,1,,,0,18,,187111,1,,,0,16,,187112,1,,,0,56,,187113,1,,,0,15,,187114,1,,,0,15,,187115,1,,,0,12,,187116,1,,,0,15,,187117,1,,,0,54,,187118,1,,,0,15,,187119,1,,,0,16,,187120,1,,,0,56,,187121,1,,,0,13,,187122,1,,,0,14,,187123,1,,,0,16,,187124,1,,,0,15,,187125,1,,,0,56,,187126,1,,,0,15,,187127,1,,,0,14,,187128,1,,,0,13,,187129,1,,,0,55,,187130,1,,,0,15,,187131,1,,,0,15,,187132,1,,,0,15,,187133,1,,,0,55,,187134,1,,,0,15,,187135,1,,,0,15,,187136,1,,,0,15,,187137,1,,,0,54,,187138,1,,,0,14,,187139,1,,,0,16,,187140,1,,,0,16,,187141,1,,,0,56,,187142,1,,,0,16,,187143,1,,,0,15,,187144,1,,,0,15,,187145,1,,,0,54,,187146,1,,,0,15,,187147,1,,,0,14,,187148,1,,,0,15,,187149,1,,,0,54,,187150,1,,,0,16,,187151,1,,,0,15,,187152,1,,,0,15,,187153,1,,,0,59,,187154,1,,,0,15,,187155,1,,,0,15,,187156,1,,,0,55,,187157,1,,,0,18,,187158,1,,,0,15,,187159,1,,,0,17,,187160,1,,,0,55,,187161,1,,,0,15,,187162,1,,,0,15,,187163,1,,,0,16,,187164,1,,,0,56,,187165,1,,,0,15,,187166,1,,,0,17,,187167,1,,,0,15,,187168,1,,,0,55,,187169,1,,,0,16,,187170,1,,,0,30,,187171,1,,,0,72,,187172,1,,,0,30,,187173,1,,,0
662000,'1',400,,190826,1,,,0,20,,190827,1,,,0,20,,190829,1,,,0,60,,190830,1,,,0,17,,190828,1,,,0,13,,190831,1,,,0,15,,190839,1,,,0,10,,190856,1,,,0,52,,190857,1,,,0,12,,190858,1,,,0,12,,190859,1,,,0,10,,190860,1,,,0,12,,190870,1,,,0,51,,190871,1,,,0,10,,190883,1,,,0,8,,190819,1,,,0,10,,190821,1,,,0,10,,190822,1,,,0,7,,190866,1,,,0,8,,190867,1,,,0,50,,190868,1,,,0,10,,190869,1,,,0,12,,190861,1,,,0,14,,190862,1,,,0,15,,190872,1,,,0,55,,190823,1,,,0,16,,190840,1,,,0,14,,190841,1,,,0,15,,190842,1,,,0,55,,190843,1,,,0,15,,190820,1,,,0,15,,190844,1,,,0,15,,190845,1,,,0,54,,190846,1,,,0,15,,190847,1,,,0,14,,190848,1,,,0,15,,190849,1,,,0,55,,190850,1,,,0,15,,190851,1,,,0,15,,190852,1,,,0,15,,190853,1,,,0,55,,190854,1,,,0,15,,190855,1,,,0,14,,190863,1,,,0,15,,190864,1,,,0,54,,190865,1,,,0,13,,190873,1,,,0,15,,190874,1,,,0,15,,190875,1,,,0,52,,190876,1,,,0,12,,190877,1,,,0,12,,190878,1,,,0,10,,190879,1,,,0,11,,190880,1,,,0,52,,190881,1,,,0,12,,190882,1,,,0,12,,190814,1,,,0,12,,190815,1,,,0,12,,190816,1,,,0,53,,190817,1,,,0,13,,190818,1,,,0,14,,190813,1,,,0,21,,190838,1,,,0,55,,190825,1,,,0,16,,190812,1,,,0,15,,190810,1,,,0,16,,190824,1,,,0,55,,190884,1,,,0,17,,190886,1,,,0,15,,190887,1,,,0,15,,190811,1,,,0,55,,190885,1,,,0
662000,'152201',2028,,190795,1,,,0,15,,190786,1,,,0,15,,190796,1,,,0,57,,190785,1,,,0,20,,190787,1,,,0,20,,190789,1,,,0,61,,190794,1,,,0,20,,190788,1,,,0,20,,190793,1,,,0,65,,190791,1,,,0,30,,190790,1,,,0,70,,190792,1,,,0,30,,190784,1,,,0
662000,'152301',2028,,190799,1,,,0,15,,190800,1,,,0,15,,190801,1,,,0,57,,190802,1,,,0,20,,190803,1,,,0,20,,190805,1,,,0,61,,190807,1,,,0,20,,190804,1,,,0,20,,190806,1,,,0,65,,190808,1,,,0,30,,190809,1,,,0,70,,190797,1,,,0,30,,190798,1,,,0
662000,'2',432,,190892,1,,,0,20,,190893,1,,,0,59,,190894,1,,,0,21,,190895,1,,,0,20,,190896,1,,,0,58,,190897,1,,,0,15,,190898,1,,,0,15,,190899,1,,,0,13,,190900,1,,,0,54,,190901,1,,,0,14,,190902,1,,,0,13,,190903,1,,,0,15,,190904,1,,,0,55,,190905,1,,,0,15,,190906,1,,,0,15,,190907,1,,,0,14,,190908,1,,,0,55,,190909,1,,,0,15,,190910,1,,,0,15,,190911,1,,,0,14,,190912,1,,,0,55,,190913,1,,,0,13,,190914,1,,,0,15,,190915,1,,,0,13,,190916,1,,,0,15,,190917,1,,,0,55,,190918,1,,,0,15,,190919,1,,,0,11,,190920,1,,,0,15,,190921,1,,,0,54,,190922,1,,,0,15,,190923,1,,,0,15,,190924,1,,,0,15,,190925,1,,,0,55,,190926,1,,,0,15,,190927,1,,,0,15,,190928,1,,,0,15,,190929,1,,,0,55,,190930,1,,,0,15,,190931,1,,,0,16,,190932,1,,,0,15,,190933,1,,,0,55,,190934,1,,,0,15,,190935,1,,,0,15,,190936,1,,,0,15,,190937,1,,,0,54,,190938,1,,,0,15,,190939,1,,,0,15,,190940,1,,,0,15,,190941,1,,,0,57,,190942,1,,,0,15,,190943,1,,,0,16,,190944,1,,,0,15,,190945,1,,,0,56,,190946,1,,,0,15,,190947,1,,,0,15,,190948,1,,,0,15,,190949,1,,,0,56,,190950,1,,,0,15,,190951,1,,,0,15,,190952,1,,,0,15,,190953,1,,,0,56,,190954,1,,,0,16,,190955,1,,,0,20,,190956,1,,,0,60,,190957,1,,,0,20,,190958,1,,,0,20,,190959,1,,,0,60,,190960,1,,,0,26,,190961,1,,,0,20,,190962,1,,,0,67,,190963,1,,,0,30,,190964,1,,,0,70,,190965,1,,,0,30,,190966,1,,,0
662000,'3',519,,190967,1,,,0,20,,190968,1,,,0,20,,190969,1,,,0,57,,190970,1,,,0,20,,190971,1,,,0,20,,190972,1,,,0,60,,190973,1,,,0,15,,190974,1,,,0,14,,190975,1,,,0,55,,190976,1,,,0,15,,190977,1,,,0,14,,190978,1,,,0,15,,190979,1,,,0,12,,190980,1,,,0,55,,190981,1,,,0,14,,190982,1,,,0,13,,190983,1,,,0,12,,190984,1,,,0,55,,190985,1,,,0,14,,190986,1,,,0,15,,190987,1,,,0,15,,190988,1,,,0,55,,190989,1,,,0,16,,190990,1,,,0,15,,190991,1,,,0,13,,190992,1,,,0,55,,190993,1,,,0,15,,190994,1,,,0,15,,190995,1,,,0,13,,190996,1,,,0,55,,190997,1,,,0,15,,190998,1,,,0,15,,190999,1,,,0,15,,191000,1,,,0,55,,191001,1,,,0,15,,191002,1,,,0,15,,191003,1,,,0,16,,191004,1,,,0,55,,191005,1,,,0,16,,191006,1,,,0,15,,191007,1,,,0,15,,191008,1,,,0,54,,191009,1,,,0,16,,191010,1,,,0,15,,191011,1,,,0,15,,191012,1,,,0,55,,191013,1,,,0,15,,191014,1,,,0,15,,191015,1,,,0,16,,191016,1,,,0,55,,191017,1,,,0,16,,191018,1,,,0,15,,191019,1,,,0,15,,191020,1,,,0,56,,191021,1,,,0,17,,191022,1,,,0,15,,191023,1,,,0,15,,191024,1,,,0,55,,191025,1,,,0,20,,191026,1,,,0,20,,191027,1,,,0,60,,191028,1,,,0,20,,191029,1,,,0,20,,191030,1,,,0,60,,191031,1,,,0,21,,191032,1,,,0,20,,191033,1,,,0,60,,191034,1,,,0,16,,191035,1,,,0,30,,191036,1,,,0,70,,191037,1,,,0,30,,191038,1,,,0
662100,'1',443,,191347,1,,,0,60,,191348,1,,,0,20,,191349,1,,,0,19,,191350,1,,,0,60,,191351,1,,,0,16,,191352,1,,,0,20,,191346,1,,,0,16,,191353,1,,,0,57,,191354,1,,,0,16,,191286,1,,,0,14,,191287,1,,,0,16,,191288,1,,,0,54,,191289,1,,,0,15,,191290,1,,,0,16,,191291,1,,,0,17,,191292,1,,,0,57,,191293,1,,,0,19,,191294,1,,,0,17,,191296,1,,,0,57,,191297,1,,,0,17,,191298,1,,,0,17,,191299,1,,,0,57,,191300,1,,,0,17,,191301,1,,,0,15,,191302,1,,,0,17,,191303,1,,,0,57,,191304,1,,,0,17,,191305,1,,,0,17,,191306,1,,,0,17,,191307,1,,,0,56,,191308,1,,,0,15,,191309,1,,,0,15,,191310,1,,,0,15,,191311,1,,,0,55,,191312,1,,,0,14,,191313,1,,,0,12,,191314,1,,,0,14,,191315,1,,,0,54,,191316,1,,,0,15,,191317,1,,,0,15,,191343,1,,,0,15,,191318,1,,,0,55,,191319,1,,,0,15,,191320,1,,,0,15,,191321,1,,,0,16,,191322,1,,,0,54,,191323,1,,,0,16,,191285,1,,,0,16,,191295,1,,,0,15,,191324,1,,,0,57,,191325,1,,,0,15,,191326,1,,,0,22,,191327,1,,,0,58,,191328,1,,,0,18,,191329,1,,,0,17,,191330,1,,,0,18,,191331,1,,,0,58,,191332,1,,,0,17,,191333,1,,,0,18,,191334,1,,,0,62,,191335,1,,,0,25,,191339,1,,,0,20,,191336,1,,,0,63,,191337,1,,,0,30,,191338,1,,,0,59,,191340,1,,,0,31,,191341,1,,,0,70,,191342,1,,,0,28,,191344,1,,,0,82,,191345,1,,,0
662100,'2',447,,191355,1,,,0,60,,191356,1,,,0,20,,191357,1,,,0,20,,191358,1,,,0,60,,191359,1,,,0,19,,191360,1,,,0,20,,191361,1,,,0,60,,191362,1,,,0,20,,191363,1,,,0,20,,191364,1,,,0,59,,191365,1,,,0,18,,191366,1,,,0,19,,191367,1,,,0,17,,191368,1,,,0,52,,191369,1,,,0,17,,191370,1,,,0,17,,191371,1,,,0,57,,191372,1,,,0,14,,191373,1,,,0,15,,191374,1,,,0,15,,191375,1,,,0,55,,191376,1,,,0,15,,191377,1,,,0,15,,191378,1,,,0,15,,191379,1,,,0,13,,191380,1,,,0,55,,191381,1,,,0,13,,191382,1,,,0,15,,191383,1,,,0,15,,191384,1,,,0,55,,191385,1,,,0,12,,191386,1,,,0,12,,191387,1,,,0,12,,191388,1,,,0,52,,191389,1,,,0,12,,191390,1,,,0,12,,191391,1,,,0,12,,191392,1,,,0,12,,191393,1,,,0,52,,191394,1,,,0,12,,191395,1,,,0,12,,191396,1,,,0,12,,191397,1,,,0,13,,191398,1,,,0,52,,191399,1,,,0,12,,191400,1,,,0,12,,191401,1,,,0,13,,191402,1,,,0,12,,191403,1,,,0,52,,191404,1,,,0,12,,191405,1,,,0,12,,191406,1,,,0,14,,191407,1,,,0,12,,191408,1,,,0,52,,191409,1,,,0,13,,191410,1,,,0,17,,191411,1,,,0,15,,191412,1,,,0,58,,191413,1,,,0,15,,191414,1,,,0,16,,191415,1,,,0,16,,191416,1,,,0,59,,191417,1,,,0,20,,191418,1,,,0,24,,191419,1,,,0,60,,191420,1,,,0,21,,191421,1,,,0,20,,191422,1,,,0,60,,191423,1,,,0,26,,191424,1,,,0,71,,191425,1,,,0,31,,191426,1,,,0,70,,191427,1,,,0,33,,191428,1,,,0,59,,191429,1,,,0
662100,'3',447,,191430,1,,,0,70,,191431,1,,,0,30,,191432,1,,,0,72,,191433,1,,,0,23,,191434,1,,,0,60,,191435,1,,,0,20,,191436,1,,,0,20,,191437,1,,,0,60,,191438,1,,,0,20,,191439,1,,,0,21,,191440,1,,,0,59,,191441,1,,,0,17,,191442,1,,,0,20,,191443,1,,,0,17,,191444,1,,,0,57,,191445,1,,,0,17,,191446,1,,,0,16,,191447,1,,,0,57,,191448,1,,,0,15,,191449,1,,,0,17,,191450,1,,,0,17,,191451,1,,,0,56,,191452,1,,,0,17,,191453,1,,,0,16,,191454,1,,,0,16,,191455,1,,,0,55,,191456,1,,,0,15,,191457,1,,,0,16,,191458,1,,,0,15,,191459,1,,,0,55,,191460,1,,,0,15,,191461,1,,,0,15,,191462,1,,,0,15,,191463,1,,,0,55,,191464,1,,,0,15,,191465,1,,,0,15,,191466,1,,,0,16,,191467,1,,,0,57,,191468,1,,,0,15,,191469,1,,,0,15,,191470,1,,,0,55,,191471,1,,,0,15,,191472,1,,,0,15,,191473,1,,,0,15,,191474,1,,,0,63,,191475,1,,,0,20,,191476,1,,,0,20,,191477,1,,,0,60,,191478,1,,,0,20,,191479,1,,,0,21,,191480,1,,,0,64,,191481,1,,,0,23,,191482,1,,,0,20,,191483,1,,,0,60,,191484,1,,,0,25,,191485,1,,,0,62,,191486,1,,,0,14,,191487,1,,,0,23,,191488,1,,,0,66,,191489,1,,,0,30,,191490,1,,,0,71,,191491,1,,,0,28,,191492,1,,,0,71,,191493,1,,,0
662300,'1',510,,192253,1,,,0,15,,192254,1,,,0,14,,192255,1,,,0,14,,192256,1,,,0,53,,192257,1,,,0,14,,192258,1,,,0,13,,192259,1,,,0,15,,192260,1,,,0,52,,192261,1,,,0,13,,192262,1,,,0,12,,192263,1,,,0,15,,192264,1,,,0,10,,192265,1,,,0,55,,192266,1,,,0,15,,192267,1,,,0,15,,192268,1,,,0,17,,192269,1,,,0,55,,192270,1,,,0,17,,192271,1,,,0,15,,192272,1,,,0,15,,192273,1,,,0,55,,192274,1,,,0,15,,192275,1,,,0,15,,192276,1,,,0,15,,192277,1,,,0,55,,192278,1,,,0,15,,192279,1,,,0,16,,192280,1,,,0,12,,192281,1,,,0,55,,192282,1,,,0,14,,192283,1,,,0,15,,192284,1,,,0,15,,192285,1,,,0,55,,192286,1,,,0,15,,192287,1,,,0,15,,192288,1,,,0,15,,192289,1,,,0,55,,192290,1,,,0,15,,192291,1,,,0,15,,192292,1,,,0,12,,192293,1,,,0,55,,192294,1,,,0,15,,192295,1,,,0,13,,192296,1,,,0,14,,192297,1,,,0,14,,192298,1,,,0,54,,192299,1,,,0,16,,192300,1,,,0,15,,192301,1,,,0,15,,192302,1,,,0,54,,192303,1,,,0,15,,192304,1,,,0,15,,192305,1,,,0,15,,192306,1,,,0,59,,192307,1,,,0,15,,192308,1,,,0,16,,192309,1,,,0,55,,192310,1,,,0,20,,192311,1,,,0,16,,192312,1,,,0,20,,192313,1,,,0,60,,192314,1,,,0,23,,192315,1,,,0,60,,192316,1,,,0,20,,192317,1,,,0,20,,192318,1,,,0,60,,192319,1,,,0,20,,192320,1,,,0,28,,192321,1,,,0,60,,192322,1,,,0,20,,192323,1,,,0,25,,192324,1,,,0,73,,192325,1,,,0,30,,192326,1,,,0
662300,'2',519,,192327,1,,,0,20,,192328,1,,,0,20,,192329,1,,,0,60,,192330,1,,,0,17,,192331,1,,,0,15,,192332,1,,,0,55,,192333,1,,,0,15,,192334,1,,,0,15,,192335,1,,,0,15,,192336,1,,,0,53,,192337,1,,,0,15,,192338,1,,,0,15,,192339,1,,,0,16,,192340,1,,,0,55,,192341,1,,,0,15,,192342,1,,,0,11,,192343,1,,,0,15,,192344,1,,,0,13,,192345,1,,,0,55,,192346,1,,,0,15,,192347,1,,,0,15,,192348,1,,,0,13,,192349,1,,,0,55,,192350,1,,,0,14,,192351,1,,,0,14,,192352,1,,,0,13,,192353,1,,,0,54,,192354,1,,,0,11,,192355,1,,,0,14,,192356,1,,,0,15,,192357,1,,,0,54,,192358,1,,,0,15,,192359,1,,,0,14,,192360,1,,,0,15,,192361,1,,,0,55,,192362,1,,,0,15,,192363,1,,,0,15,,192364,1,,,0,15,,192365,1,,,0,55,,192366,1,,,0,15,,192367,1,,,0,14,,192368,1,,,0,15,,192369,1,,,0,15,,192370,1,,,0,55,,192371,1,,,0,15,,192372,1,,,0,15,,192373,1,,,0,15,,192374,1,,,0,55,,192375,1,,,0,15,,192376,1,,,0,15,,192377,1,,,0,15,,192378,1,,,0,54,,192379,1,,,0,16,,192380,1,,,0,15,,192381,1,,,0,57,,192382,1,,,0,15,,192383,1,,,0,17,,192384,1,,,0,15,,192385,1,,,0,55,,192386,1,,,0,16,,192387,1,,,0,21,,192388,1,,,0,60,,192389,1,,,0,20,,192390,1,,,0,19,,192391,1,,,0,20,,192392,1,,,0,60,,192393,1,,,0,20,,192394,1,,,0,20,,192395,1,,,0,72,,192396,1,,,0,70,,192397,1,,,0,30,,192398,1,,,0,72,,192399,1,,,0
662300,'3',522,,192400,1,,,0,20,,192401,1,,,0,58,,192402,1,,,0,20,,192403,1,,,0,19,,192404,1,,,0,20,,192405,1,,,0,60,,192406,1,,,0,15,,192407,1,,,0,15,,192408,1,,,0,55,,192409,1,,,0,15,,192410,1,,,0,14,,192411,1,,,0,15,,192412,1,,,0,53,,192413,1,,,0,15,,192414,1,,,0,12,,192415,1,,,0,15,,192416,1,,,0,14,,192417,1,,,0,55,,192418,1,,,0,14,,192419,1,,,0,15,,192420,1,,,0,14,,192421,1,,,0,55,,192422,1,,,0,14,,192423,1,,,0,15,,192424,1,,,0,14,,192425,1,,,0,55,,192426,1,,,0,15,,192427,1,,,0,15,,192428,1,,,0,15,,192429,1,,,0,55,,192430,1,,,0,14,,192431,1,,,0,15,,192432,1,,,0,15,,192433,1,,,0,55,,192434,1,,,0,15,,192435,1,,,0,15,,192436,1,,,0,15,,192437,1,,,0,55,,192438,1,,,0,17,,192439,1,,,0,15,,192440,1,,,0,15,,192441,1,,,0,55,,192442,1,,,0,15,,192443,1,,,0,15,,192444,1,,,0,17,,192445,1,,,0,55,,192446,1,,,0,15,,192447,1,,,0,15,,192448,1,,,0,18,,192449,1,,,0,55,,192450,1,,,0,15,,192451,1,,,0,15,,192452,1,,,0,57,,192453,1,,,0,15,,192454,1,,,0,15,,192455,1,,,0,15,,192456,1,,,0,56,,192457,1,,,0,15,,192458,1,,,0,15,,192459,1,,,0,15,,192460,1,,,0,55,,192461,1,,,0,15,,192462,1,,,0,20,,192463,1,,,0,20,,192464,1,,,0,60,,192465,1,,,0,21,,192466,1,,,0,20,,192467,1,,,0,60,,192468,1,,,0,20,,192469,1,,,0,68,,192470,1,,,0,30,,192471,1,,,0,72,,192472,1,,,0
683100,'1',2546,,224946,1,,,0,70,,224945,1,,,0,30,,224944,1,,,0
683100,'2',2538,,224949,1,,,0,70,,224948,1,,,0,30,,224947,1,,,0
683100,'3',2542,,224952,1,,,0,70,,224951,1,,,0,28,,224950,1,,,0
683500,'1',2516,,225041,1,,,0,15,,225040,1,,,0,15,,225043,1,,,0,70,,225044,1,,,0,30,,225042,1,,,0,70,,225045,1,,,0,30,,225046,1,,,0,70,,225047,1,,,0
683500,'2',2520,,225051,1,,,0,15,,225048,1,,,0,15,,225050,1,,,0,68,,225049,1,,,0,30,,225052,1,,,0,70,,225053,1,,,0,30,,225054,1,,,0,70,,225055,1,,,0
683500,'3',2516,,225058,1,,,0,30,,225057,1,,,0,70,,225056,1,,,0
684001,'1',2529,,225215,1,,,0,30,,225217,1,,,0,70,,225216,1,,,0,30,,225218,1,,,0,70,,225219,1,,,0,30,,225220,1,,,0,70,,225214,1,,,0
684001,'2',2531,,225223,1,,,0,75,,225222,1,,,0,25,,225224,1,,,0,70,,225225,1,,,0,30,,225226,1,,,0,70,,225221,1,,,0,30,,225227,1,,,0
684001,'3',2530,,225230,1,,,0,70,,225229,1,,,0,30,,225228,1,,,0
4559600,'1',530,,242284,1,,,0,70,,242285,1,,,0,30,,242286,1,,,0,70,,242287,1,,,0,30,,242288,1,,,0,70,,242289,1,,,0,30,,242290,1,,,0,70,,242298,1,,,0,30,,242299,1,,,0,70,,242300,1,,,0,30,,242301,1,,,0,70,,242302,1,,,0,30,,242303,1,,,0,70,,242304,1,,,0,30,,242305,1,,,0,70,,242306,1,,,0,30,,242307,1,,,0,70,,242308,1,,,0,31,,242309,1,,,0,69,,242291,1,,,0,30,,242292,1,,,0,70,,242293,1,,,0,30,,242294,1,,,0,70,,242295,1,,,0,30,,242296,1,,,0,70,,242297,1,,,0
