670401,'1',446,,212546,16,,,0,55,,212545,16,,,0,14,,212544,16,,,0,15,,212543,54,,,0,18,,212542,16,,,0,56,,212541,54,,,0,17,,212540,16,,,0,15,,212539,54,,,0,15,,212595,16,,,0,53,,212530,54,,,0,18,,212599,16,,,0,15,,212533,54,,,0,17,,212598,16,,,0,58,,212575,54,,,0,16,,212596,16,,,0,15,,212574,54,,,0,15,,212573,16,,,0,54,,212572,54,,,0,13,,212597,16,,,0,17,,212571,54,,,0,16,,212570,16,,,0,54,,212569,54,,,0,16,,212568,16,,,0,15,,212567,54,,,0,15,,212566,16,,,0,54,,212565,54,,,0,16,,212564,16,,,0,15,,212563,54,,,0,15,,212555,16,,,0,55,,212554,54,,,0,15,,212553,16,,,0,15,,212552,54,,,0,16,,212561,16,,,0,56,,212551,54,,,0,13,,212550,16,,,0,15,,212549,54,,,0,15,,212548,16,,,0,55,,212547,54,,,0,15,,212538,16,,,0,15,,212537,54,,,0,16,,212536,16,,,0,55,,212535,54,,,0,15,,212534,16,,,0,15,,212601,54,,,0,15,,212532,16,,,0,54,,212603,54,,,0,13,,212531,54,,,0,12,,212600,54,,,0,15,,212562,54,,,0,53,,212528,54,,,0,12,,212560,54,,,0,13,,212559,54,,,0,13,,212558,54,,,0,13,,212529,54,,,0,51,,212557,54,,,0,11,,212556,54,,,0,12,,212602,54,,,0,12,,212594,54,,,0,13,,212527,54,,,0,51,,212593,54,,,0,10,,212592,16,,,0,12,,212591,54,,,0,12,,212590,16,,,0,12,,212589,54,,,0,52,,212588,16,,,0,12,,212587,54,,,0,17,,212586,16,,,0,16,,212585,16,,,0,57,,212584,54,,,0,26,,212583,16,,,0,68,,212582,54,,,0,27,,212581,16,,,0,30,,212580,54,,,0,70,,212579,16,,,0,74,,212578,54,,,0,29,,212577,16,,,0,76,,212576,54,,,0
670401,'2',553,,212671,16,,,0,4,,212670,54,,,0,57,,212631,16,,,0,17,,212672,54,,,0,17,,212633,16,,,0,60,,212627,54,,,0,21,,212632,16,,,0,22,,212654,16,,,0,64,,212657,16,,,0,22,,212661,54,,,0,22,,212658,16,,,0,62,,212662,54,,,0,15,,212659,16,,,0,15,,212663,54,,,0,52,,212660,16,,,0,13,,212664,54,,,0,12,,212665,16,,,0,12,,212625,54,,,0,12,,212666,16,,,0,52,,212626,54,,,0,13,,212628,16,,,0,15,,212667,54,,,0,15,,212668,16,,,0,55,,212669,54,,,0,16,,212604,16,,,0,15,,212605,54,,,0,15,,212606,16,,,0,55,,212607,54,,,0,15,,212608,16,,,0,15,,212609,54,,,0,17,,212610,16,,,0,56,,212611,54,,,0,16,,212612,16,,,0,16,,212613,54,,,0,16,,212634,16,,,0,55,,212635,54,,,0,15,,212636,16,,,0,15,,212637,54,,,0,15,,212638,16,,,0,55,,212639,54,,,0,15,,212640,16,,,0,15,,212641,54,,,0,15,,212642,16,,,0,55,,212643,54,,,0,14,,212644,16,,,0,15,,212645,54,,,0,15,,212646,16,,,0,55,,212647,54,,,0,15,,212623,16,,,0,15,,212648,54,,,0,15,,212624,16,,,0,54,,212649,54,,,0,15,,212621,16,,,0,15,,212650,54,,,0,14,,212651,16,,,0,55,,212622,54,,,0,15,,212652,16,,,0,15,,212630,54,,,0,14,,212653,54,,,0,57,,212655,16,,,0,19,,212629,16,,,0,20,,212656,54,,,0,60,,212614,16,,,0,29,,212615,54,,,0,70,,212616,16,,,0,33,,212617,54,,,0,73,,212618,16,,,0,33,,212619,54,,,0,96,,212620,54,,,0
670401,'3',624,,212695,16,,,0,24,,212732,54,,,0,66,,212694,16,,,0,21,,212693,16,,,0,21,,212718,54,,,0,55,,212692,16,,,0,15,,212691,16,,,0,17,,212703,54,,,0,15,,212690,16,,,0,55,,212716,54,,,0,15,,212689,16,,,0,15,,212696,54,,,0,15,,212688,16,,,0,57,,212721,54,,,0,15,,212687,16,,,0,14,,212682,54,,,0,15,,212713,16,,,0,56,,212727,54,,,0,15,,212735,16,,,0,15,,212683,54,,,0,55,,212712,16,,,0,15,,212681,54,,,0,15,,212676,16,,,0,15,,212698,54,,,0,56,,212711,16,,,0,16,,212674,54,,,0,15,,212719,16,,,0,14,,212731,54,,,0,56,,212710,16,,,0,15,,212704,54,,,0,15,,212717,16,,,0,16,,212725,54,,,0,55,,212709,16,,,0,15,,212724,54,,,0,15,,212699,16,,,0,14,,212730,54,,,0,54,,212708,16,,,0,14,,212726,54,,,0,15,,212733,16,,,0,14,,212675,54,,,0,15,,212707,16,,,0,55,,212677,54,,,0,16,,212715,16,,,0,15,,212723,54,,,0,14,,212686,16,,,0,55,,212705,54,,,0,15,,212680,16,,,0,15,,212700,54,,,0,15,,212685,16,,,0,55,,212722,54,,,0,15,,212684,16,,,0,15,,212714,54,,,0,56,,212734,16,,,0,14,,212706,54,,,0,15,,212697,16,,,0,14,,212702,54,,,0,60,,212720,16,,,0,30,,212701,16,,,0,70,,212728,54,,,0,29,,212729,16,,,0,70,,212678,54,,,0,30,,212679,16,,,0,72,,212673,54,,,0
673700,'1',543,,218653,39,,,0,74,,218611,39,,,0,21,,218650,39,,,0,20,,218662,39,,,0,59,,218663,39,,,0,20,,218664,39,,,0,12,,218651,39,,,0,52,,218652,39,,,0,12,,218660,39,,,0,12,,218661,39,,,0,76,,218629,39,,,0,23,,218612,39,,,0,20,,218636,39,,,0,60,,218637,39,,,0,30,,218638,39,,,0,70,,218639,39,,,0,29,,218640,39,,,0,68,,218641,39,,,0,29,,218642,39,,,0,70,,218643,39,,,0,30,,218644,39,,,0,70,,218645,39,,,0,20,,218646,39,,,0,20,,218647,39,,,0,18,,218648,39,,,0,55,,218649,39,,,0,9,,218613,39,,,0,7,,218665,39,,,0,9,,218631,39,,,0,9,,218632,39,,,0,55,,218633,39,,,0,22,,218634,39,,,0,10,,218635,39,,,0,10,,218626,39,,,0,11,,218627,39,,,0,50,,218628,39,,,0,25,,218614,39,,,0,15,,218630,39,,,0,56,,218615,39,,,0,15,,218654,39,,,0,16,,218655,39,,,0,15,,218656,39,,,0,56,,218657,39,,,0,15,,218658,39,,,0,15,,218616,39,,,0,68,,218617,39,,,0,30,,218618,39,,,0,70,,218619,39,,,0,28,,218659,39,,,0,71,,218620,39,,,0,29,,218621,39,,,0,29,,218622,39,,,0,68,,218623,39,,,0,81,,218624,39,,,0,95,,218625,39,,,0
673700,'101',839,,218608,39,,,0,780,,218610,39,,,0,97,,218609,39,,,0
673700,'2',645,,218669,39,,,0,68,,218670,39,,,0,24,,218671,39,,,0,64,,218672,39,,,0,24,,218673,39,,,0,21,,218674,39,,,0,60,,218675,39,,,0,20,,218676,39,,,0,20,,218677,39,,,0,60,,218678,39,,,0,20,,218679,39,,,0,20,,218680,39,,,0,60,,218681,39,,,0,20,,218682,39,,,0,20,,218683,39,,,0,60,,218684,39,,,0,22,,218685,39,,,0,22,,218686,39,,,0,62,,218687,39,,,0,22,,218688,39,,,0,19,,218689,39,,,0,60,,218690,39,,,0,20,,218691,39,,,0,20,,218692,39,,,0,60,,218693,39,,,0,20,,218694,39,,,0,20,,218695,39,,,0,60,,218696,39,,,0,20,,218697,39,,,0,20,,218698,39,,,0,55,,218699,39,,,0,15,,218700,39,,,0,15,,218717,39,,,0,16,,218701,39,,,0,55,,218702,39,,,0,15,,218703,39,,,0,16,,218718,39,,,0,16,,218704,39,,,0,56,,218705,39,,,0,21,,218706,39,,,0,21,,218707,39,,,0,58,,218708,39,,,0,18,,218709,39,,,0,18,,218710,39,,,0,68,,218711,39,,,0,30,,218712,39,,,0,70,,218713,39,,,0,30,,218714,39,,,0,70,,218719,39,,,0,36,,218715,39,,,0,151,,218716,39,,,0
673700,'201',839,,218666,39,,,0,780,,218668,39,,,0,97,,218667,39,,,0
673700,'3',628,,218725,39,,,0,73,,218724,39,,,0,33,,218723,39,,,0,73,,218722,39,,,0,32,,218746,39,,,0,72,,218726,39,,,0,30,,218720,39,,,0,70,,218727,39,,,0,30,,218744,39,,,0,70,,218730,39,,,0,30,,218737,39,,,0,70,,218736,39,,,0,30,,218728,39,,,0,70,,218735,39,,,0,30,,218739,39,,,0,70,,218734,39,,,0,20,,218745,39,,,0,20,,218760,39,,,0,60,,218733,39,,,0,30,,218743,39,,,0,71,,218732,39,,,0,29,,218742,39,,,0,70,,218731,39,,,0,20,,218741,39,,,0,20,,218752,39,,,0,60,,218729,39,,,0,20,,218753,39,,,0,20,,218740,39,,,0,60,,218754,39,,,0,20,,218757,39,,,0,20,,218748,39,,,0,60,,218755,39,,,0,20,,218758,39,,,0,20,,218747,39,,,0,60,,218756,39,,,0,20,,218759,39,,,0,20,,218749,39,,,0,60,,218750,39,,,0,28,,218738,39,,,0,70,,218751,39,,,0,35,,218721,39,,,0
3780801,'1',500,,239011,3,,,0,14,,239012,3,,,0,14,,239013,3,,,0,13,,239015,3,,,0,15,,239036,3,,,0,51,,239037,3,,,0,12,,239016,3,,,0,8,,239038,2,,,0,10,,239033,3,,,0,11,,239039,3,,,0,11,,239017,3,,,0,50,,239018,3,,,0,9,,239010,3,,,0,10,,239019,3,,,0,9,,239020,3,,,0,9,,239040,3,,,0,9,,239024,3,,,0,50,,239021,3,,,0,10,,239034,3,,,0,9,,239116,3,,,0,10,,239111,3,,,0,10,,239032,3,,,0,10,,239041,3,,,0,51,,239022,3,,,0,10,,239035,3,,,0,12,,239023,3,,,0,12,,239014,3,,,0,12,,239089,3,,,0,50,,239090,3,,,0,12,,239091,3,,,0,12,,239092,3,,,0,12,,239093,3,,,0,12,,239094,3,,,0,52,,239095,3,,,0,12,,239096,3,,,0,12,,239097,3,,,0,12,,239098,3,,,0,12,,239099,3,,,0,52,,239100,3,,,0,10,,239101,3,,,0,12,,239102,3,,,0,12,,239103,3,,,0,12,,239104,3,,,0,12,,239105,3,,,0,52,,239106,3,,,0,12,,239107,3,,,0,9,,239044,3,,,0,6,,239045,2,,,0,14,,239046,3,,,0,50,,239047,3,,,0,10,,239048,3,,,0,10,,239049,3,,,0,6,,239050,2,,,0,14,,239051,3,,,0,8,,239052,3,,,0,5,,239054,2,,,0,53,,239053,3,,,0,9,,239055,3,,,0,10,,239056,3,,,0,9,,239057,3,,,0,10,,239108,3,,,0,9,,239058,3,,,0,49,,239059,3,,,0,9,,239060,3,,,0,9,,239061,3,,,0,9,,239062,3,,,0,9,,239063,3,,,0,9,,239064,3,,,0,7,,239065,3,,,0,50,,239066,3,,,0,9,,239067,3,,,0,13,,239109,3,,,0,9,,239068,3,,,0,9,,239069,3,,,0,9,,239070,3,,,0,49,,239071,3,,,0,10,,239113,3,,,0,9,,239072,3,,,0,9,,239073,3,,,0,9,,239110,3,,,0,9,,239114,3,,,0,9,,239074,3,,,0,49,,239115,3,,,0,13,,239025,3,,,0,15,,239026,3,,,0,11,,239042,3,,,0,12,,239027,3,,,0,52,,239043,3,,,0,12,,239112,3,,,0,13,,239075,3,,,0,12,,239076,3,,,0,54,,239077,3,,,0,15,,239078,3,,,0,17,,239079,3,,,0,15,,239080,3,,,0,56,,239081,3,,,0,14,,239082,3,,,0,17,,239083,3,,,0,15,,239084,3,,,0,55,,239085,3,,,0,15,,239086,3,,,0,16,,239087,3,,,0,14,,239088,3,,,0,56,,239028,3,,,0,15,,239029,3,,,0,16,,239030,3,,,0,20,,239031,3,,,0
3780801,'2',457,,239128,3,,,0,61,,239129,3,,,0,16,,239130,3,,,0,15,,239122,3,,,0,55,,239123,3,,,0,15,,239124,3,,,0,15,,239125,3,,,0,15,,239126,3,,,0,54,,239143,3,,,0,15,,239144,3,,,0,14,,239145,3,,,0,15,,239146,3,,,0,55,,239147,3,,,0,15,,239148,3,,,0,14,,239149,3,,,0,14,,239150,3,,,0,57,,239151,3,,,0,16,,239152,3,,,0,14,,239153,3,,,0,15,,239154,3,,,0,55,,239155,3,,,0,16,,239156,2,,,0,15,,239157,3,,,0,15,,239158,3,,,0,53,,239159,3,,,0,14,,239160,3,,,0,15,,239161,3,,,0,15,,239162,3,,,0,55,,239163,3,,,0,12,,239164,3,,,0,12,,239165,3,,,0,12,,239166,3,,,0,12,,239167,3,,,0,52,,239168,3,,,0,12,,239169,3,,,0,12,,239170,3,,,0,12,,239171,3,,,0,12,,239172,3,,,0,10,,239173,3,,,0,52,,239174,3,,,0,12,,239175,3,,,0,11,,239176,3,,,0,12,,239177,3,,,0,12,,239178,3,,,0,52,,239179,3,,,0,13,,239180,3,,,0,13,,239181,3,,,0,12,,239182,3,,,0,12,,239183,3,,,0,51,,239184,3,,,0,10,,239185,3,,,0,12,,239186,3,,,0,10,,239205,3,,,0,10,,239187,3,,,0,50,,239188,3,,,0,10,,239189,3,,,0,10,,239190,3,,,0,12,,239191,3,,,0,10,,239206,3,,,0,10,,239192,3,,,0,50,,239193,3,,,0,10,,239194,3,,,0,10,,239195,3,,,0,10,,239196,3,,,0,10,,239197,3,,,0,10,,239207,3,,,0,51,,239208,3,,,0,10,,239198,3,,,0,10,,239199,3,,,0,12,,239200,3,,,0,11,,239201,3,,,0,11,,239202,3,,,0,51,,239203,3,,,0,12,,239204,3,,,0,13,,239131,3,,,0,13,,239117,3,,,0,54,,239127,3,,,0,17,,239132,3,,,0,17,,239133,3,,,0,18,,239134,3,,,0,53,,239135,3,,,0,14,,239136,3,,,0,16,,239137,3,,,0,15,,239138,3,,,0,58,,239139,3,,,0,12,,239140,3,,,0,17,,239141,3,,,0,16,,239142,3,,,0,55,,239118,3,,,0,15,,239119,3,,,0,19,,239120,3,,,0,56,,239121,3,,,0
3780801,'3',504,,239220,3,,,0,26,,239221,3,,,0,14,,239222,3,,,0,15,,239215,3,,,0,52,,239216,3,,,0,15,,239217,3,,,0,15,,239218,3,,,0,15,,239232,3,,,0,55,,239233,3,,,0,15,,239234,3,,,0,16,,239235,3,,,0,15,,239236,3,,,0,55,,239237,3,,,0,15,,239238,3,,,0,17,,239239,3,,,0,56,,239240,3,,,0,13,,239241,3,,,0,15,,239242,3,,,0,16,,239243,3,,,0,11,,239244,2,,,0,55,,239245,3,,,0,14,,239223,3,,,0,13,,239224,3,,,0,15,,239225,3,,,0,55,,239226,3,,,0,15,,239227,3,,,0,15,,239228,3,,,0,15,,239229,3,,,0,54,,239230,3,,,0,15,,239257,3,,,0,15,,239258,3,,,0,15,,239259,3,,,0,50,,239260,3,,,0,12,,239261,2,,,0,12,,239262,3,,,0,12,,239263,3,,,0,12,,239264,3,,,0,52,,239265,3,,,0,12,,239266,3,,,0,12,,239267,3,,,0,12,,239268,3,,,0,12,,239269,3,,,0,52,,239270,3,,,0,12,,239271,3,,,0,12,,239272,3,,,0,11,,239273,3,,,0,12,,239274,3,,,0,52,,239275,3,,,0,10,,239276,3,,,0,10,,239277,3,,,0,10,,239278,3,,,0,10,,239279,3,,,0,11,,239280,3,,,0,50,,239296,3,,,0,10,,239281,3,,,0,11,,239282,3,,,0,10,,239283,3,,,0,10,,239284,3,,,0,10,,239285,3,,,0,50,,239297,3,,,0,10,,239286,3,,,0,10,,239287,3,,,0,10,,239288,3,,,0,11,,239289,3,,,0,10,,239290,3,,,0,51,,239298,3,,,0,10,,239291,3,,,0,12,,239292,3,,,0,12,,239293,3,,,0,15,,239294,3,,,0,54,,239295,3,,,0,15,,239246,3,,,0,16,,239247,3,,,0,15,,239209,3,,,0,55,,239256,3,,,0,15,,239248,3,,,0,19,,239249,3,,,0,15,,239250,3,,,0,55,,239251,3,,,0,15,,239252,3,,,0,13,,239253,3,,,0,15,,239254,3,,,0,55,,239255,3,,,0,15,,239219,3,,,0,18,,239231,3,,,0,58,,239210,3,,,0,20,,239211,3,,,0,15,,239212,3,,,0,15,,239213,3,,,0,56,,239214,3,,,0
